 26.337349159429606971 17.588205916709455323 16.650760794712507362 
 10.98068333902497784 98.905715272648450309 16.650760794712507362 
 38.284759344707893547 61.400159323302872849 16.650760794712507362 
 31.206018825101409675 142.21684836255565187 16.650760794712507362 
 1.4630097381942732682 223.58311961300535131 16.650760794712507362 
 82.669556834205849327 64.961789843647849807 16.650760794712507362 
 115.75620438177335814 32.106528484689704328 16.650760794712507362 
 78.68878637589449454 145.60874913500757089 16.650760794712507362 
 101.07647789165518759 105.8062321989552288 16.650760794712507362 
 157.3009131420807023 52.152707314792053239 16.650760794712507362 
 107.38838131419814204 183.61862604016602063 16.650760794712507362 
 87.848334637597417895 227.76373803258778139 16.650760794712507362 
 145.55351390153782631  96.3358404132053181 16.650760794712507362 
 197.68881010741165483 30.721700388242595636 16.650760794712507362 
 154.55453206859255033 172.56301326955326658 16.650760794712507362 
 173.81327724474715524 128.62080900455146093 16.650760794712507362 
 244.67983725958242758 43.70217200900987109 16.650760794712507362 
 195.12940377741938391 195.85899411860629016 16.650760794712507362 
 221.26714713636962983 121.1105483708741275 16.650760794712507362 
 230.82369600869984083 164.55882950323160685 16.650760794712507362 
 208.73558467294671459 239.0861008078283021 16.650760794712507362 
