 96.165439999999989595                    1 16.650760794712507362 
 255.12576000000012755 6.0122879999999980782 16.650760794712507362 
 183.67840000000001055 39.473279999999988377 16.650760794712507362 
 228.46112000000016451 44.584319999999991069 16.650760794712507362 
 92.890880000000151995 48.670816000000002077 16.650760794712507362 
 48.109120000000075379 58.00889599999999291 16.650760794712507362 
 165.53760000000011132 88.080543999999974858 16.650760794712507362 
 119.50016000000005079 90.495551999999975124 16.650760794712507362 
 185.4070400000000518 135.41475200000002133 16.650760794712507362 
 101.12576000000012755 135.08419199999997318 16.650760794712507362 
 57.003200000000106229 138.87651199999999108 16.650760794712507362 
 228.50847999999996318 152.00003199999997605 16.650760794712507362 
 161.27104000000008455 177.40515199999998686 16.650760794712507362 
 117.04832000000010339 179.07715200000001232 16.650760794712507362 
 243.47872000000006665 194.54179199999998673 16.650760794712507362 
 54.56384000000002743 222.55011200000001281 16.650760794712507362 
 173.66848000000004504 221.73507200000000239 16.650760794712507362 
 97.725760000000036598 224.52643199999999979 16.650760794712507362 
 216.9958400000000438 228.22915199999999913 16.650760794712507362 
