 11.15039999999997633 1.0000000000000142109 16.650760794712507362 
 56.924160000000028958 13.456607999999988579 16.650760794712507362 
 164.09792000000015832 29.517120000000005575 16.650760794712507362 
 243.98528000000010252 30.907615999999990208 16.650760794712507362 
 206.03616000000010899 48.24982399999998961 16.650760794712507362 
 60.779840000000149303 59.628127999999975373 16.650760794712507362 
 141.43040000000019063 65.522816000000005943 16.650760794712507362 
 101.03328000000010434 77.679711999999966565 16.650760794712507362 
 208.9494400000000951 91.776447999999987815 16.650760794712507362 
 34.115200000000186265 98.200159999999954152 16.650760794712507362 
 167.26208000000019638 101.51689600000000269 16.650760794712507362 
 243.64960000000019136 118.02934399999995208 16.650760794712507362 
 103.46176000000014028 122.30828799999997614 16.650760794712507362 
 62.654080000000021755 137.5479999999999734 16.650760794712507362 
 146.0947200000000521 138.75651199999995811 16.650760794712507362 
 223.84896000000003369 159.80627199999995014 16.650760794712507362 
 178.35040000000003602 170.04745599999998262 16.650760794712507362 
 72.290880000000015571 182.02035199999997417 16.650760794712507362 
 34.162559999999984939 205.61587199999993913 16.650760794712507362 
 158.17888000000016291 210.44275199999995607 16.650760794712507362 
 111.5056000000001859 210.32979199999996922 16.650760794712507362 
 235.81760000000008404 232.77747199999996042 16.650760794712507362 
 49.132800000000102614 248.15763199999994981 16.650760794712507362 
 187.25536000000010972 245.53331199999993828 16.650760794712507362 
