 58.263021842913417458 55.368741920989279492 15.656568683321587798 
 58.263021842913417458 140.70207525432260809 15.656568683321587798 
 95.212716248179063427  76.7020752543226223 15.656568683321587798 
 95.212716248179063427 119.3687419209892937 15.656568683321587798 
 58.263021842913417458 183.36874192098926528 15.656568683321587798 
 58.263021842913417458 12.702075254322647169 15.656568683321587798 
 95.212716248179063427 204.70207525432260809 15.656568683321587798 
 95.212716248179063427 247.36874192098932213 15.656568683321587798 
 132.16241065344468097 55.368741920989279492 15.656568683321587798 
 132.16241065344468097 140.70207525432260809 15.656568683321587798 
 169.11210505871031273  76.7020752543226223 15.656568683321587798 
 169.11210505871031273 119.3687419209892937 15.656568683321587798 
 132.16241065344468097 183.36874192098926528 15.656568683321587798 
 132.16241065344468097 12.702075254322647169 15.656568683321587798 
 169.11210505871031273 204.70207525432260809 15.656568683321587798 
 169.11210505871031273 247.36874192098932213 15.656568683321587798 
 206.06179946397594449 55.368741920989279492 15.656568683321587798 
 206.06179946397594449 140.70207525432260809 15.656568683321587798 
 21.313327437647746621  76.7020752543226223 15.656568683321587798 
 21.313327437647746621 119.3687419209892937 15.656568683321587798 
 206.06179946397594449 183.36874192098926528 15.656568683321587798 
 206.06179946397594449 12.702075254322647169 15.656568683321587798 
 21.313327437647746621 204.70207525432260809 15.656568683321587798 
 21.313327437647746621 247.36874192098932213 15.656568683321587798 
