 72.775764506865073145 80.925918837883060064 15.656568683321587798 
 72.775764506865073145 166.25925217121638866 15.656568683321587798 
 109.7254589121307049 102.25925217121638866 15.656568683321587798 
 109.7254589121307049 144.92591883788307427 15.656568683321587798 
 72.775764506865073145 208.92591883788304585 15.656568683321587798 
 72.775764506865073145 38.259252171216395766 15.656568683321587798 
 109.7254589121307049 230.25925217121638866 15.656568683321587798 
 109.7254589121307049 16.925918837883070722 15.656568683321587798 
 146.67515331739636508 80.925918837883060064 15.656568683321587798 
 146.67515331739636508 166.25925217121638866 15.656568683321587798 
 183.62484772266199684 102.25925217121638866 15.656568683321587798 
 183.62484772266199684 144.92591883788307427 15.656568683321587798 
 146.67515331739636508 208.92591883788304585 15.656568683321587798 
 146.67515331739636508 38.259252171216395766 15.656568683321587798 
 183.62484772266199684 230.25925217121638866 15.656568683321587798 
 183.62484772266199684 16.925918837883070722 15.656568683321587798 
 220.5745421279276286 80.925918837883060064 15.656568683321587798 
 220.5745421279276286 166.25925217121638866 15.656568683321587798 
 35.826070101599427176 102.25925217121638866 15.656568683321587798 
 35.826070101599427176 144.92591883788307427 15.656568683321587798 
 220.5745421279276286 208.92591883788304585 15.656568683321587798 
 220.5745421279276286 38.259252171216395766 15.656568683321587798 
 35.826070101599427176 230.25925217121638866 15.656568683321587798 
 35.826070101599427176 16.925918837883070722 15.656568683321587798 
