 96.447218291380693245 72.190019429716784316 15.656568683321587798 
 14.02154778138020319 94.275911278465230225 15.656568683321587798 
 85.404085286681365119 113.40215649143867438 15.656568683321587798 
 44.191250031681128974 124.44510241581288312 15.656568683321587798 
 220.08572405638139458 39.061181656594150979 15.656568683321587798 
 137.66005354638096492 61.147073505342575572 15.656568683321587798 
 209.04259105168210908 80.273318718316033937 15.656568683321587798 
 167.82975579668189425 91.316264642690242681 15.656568683321587798 
 115.57378753698229445 143.57134762878632728 15.656568683321587798 
 33.148117026981815059 165.65723947753477319 15.656568683321587798 
 104.53065453228296633 184.78348469050823155 15.656568683321587798 
 63.317819277282744395 195.82643061488246872 15.656568683321587798 
   239.21229330198301 110.44250985566368684 15.656568683321587798 
 156.78662279198255192 132.52840170441211853 15.656568683321587798 
 228.1691602972837245 151.6546469173855769 15.656568683321587798 
 186.95632504228348125 162.69759284175981406 15.656568683321587798 
 134.70035678258392409 214.95267582785592708 15.656568683321587798 
 52.27468627258343048 237.03856767660434457 15.656568683321587798 
 66.277516041079735487 42.020828292369124313 15.656568683321587798 
 25.064680786079520658 53.063774216743347267 15.656568683321587798 
 175.91319203758416734 203.90972990348168992 15.656568683321587798 
 189.91602180608049366 8.8919905192464749888 15.656568683321587798 
 148.70318655108025041 19.934936443620681956 15.656568683321587798 
