 117.7741364928932768 69.567530810245898465 15.656568683321587798 
 32.440803159559955304 69.567530810245912676 15.656568683321587798 
 96.44080315955996241 106.51722521551154443 15.656568683321587798 
 53.774136492893283901 106.51722521551154443 15.656568683321587798 
 245.77413649289329101 69.567530810245898465 15.656568683321587798 
 160.44080315955991978 69.567530810245898465 15.656568683321587798 
 224.4408031595599482 106.51722521551153022 15.656568683321587798 
 181.77413649289326258 106.51722521551154443 15.656568683321587798 
 117.7741364928932768 143.4669196207771904 15.656568683321587798 
 32.440803159559955304 143.4669196207771904 15.656568683321587798 
 96.44080315955996241 180.41661402604282216 15.656568683321587798 
 53.774136492893283901 180.41661402604282216 15.656568683321587798 
 245.77413649289329101 143.4669196207771904 15.656568683321587798 
 160.44080315955991978 143.4669196207771904 15.656568683321587798 
 224.4408031595599482 180.41661402604282216 15.656568683321587798 
 181.77413649289326258 180.41661402604282216 15.656568683321587798 
 117.7741364928932768 217.36630843130845392 15.656568683321587798 
 32.440803159559955304 217.36630843130845392 15.656568683321587798 
 96.44080315955996241 32.617836404980245391 15.656568683321587798 
 53.774136492893283901 32.617836404980245391 15.656568683321587798 
 245.77413649289329101 217.36630843130845392 15.656568683321587798 
 160.44080315955991978 217.36630843130845392 15.656568683321587798 
 224.4408031595599482 32.617836404980245391 15.656568683321587798 
 181.77413649289326258 32.617836404980245391 15.656568683321587798 
