 140.9187049495946269 1.8767146260612386222 14.231419482660262688 
  55.5853716162612983 51.143937596909324839 14.231419482660262688 
 140.91870494959465532 51.143937596909324839 14.231419482660262688 
 98.252038282927969703 75.777549082333351294 14.231419482660262688 
 183.58537161626131251 75.777549082333351294 14.231419482660262688 
 98.252038282927983914 125.04477205318141841 14.231419482660262688 
 183.58537161626131251 125.04477205318138999 14.231419482660262688 
 140.91870494959465532 149.67838353860545908 14.231419482660262688 
 226.25203828292802655 149.67838353860545908 14.231419482660262688 
 140.91870494959465532 198.94560650945354041 14.231419482660262688 
 226.25203828292802655 198.94560650945354041 14.231419482660262688 
 183.58537161626134093 223.57921799487758108 14.231419482660262688 
