 46.461297692148200156 36.779104659395507326 14.231419482660262688 
 94.049780749232411381 24.027809055227631774 14.231419482660262688 
 176.47545125923289788 46.113700903976081236 14.231419482660262688 
 128.88696820214869376 58.864996508143960341 14.231419482660262688 
 68.54718954089663896 119.20477516939601514 14.231419482660262688 
 116.13567259798085729 106.45347956522813604 14.231419482660262688 
 198.56134310798134379 128.53937141397656774 14.231419482660262688 
 150.97286005089713967 141.29066701814446105 14.231419482660262688 
 90.633081389645070658 201.63044567939650165 14.231419482660262688 
 138.2215644467293032 188.87915007522863675 14.231419482660262688 
 220.6472349567297897 210.96504192397711108 14.231419482660262688 
 173.05875189964555716 223.71633752814497598 14.231419482660262688 
