 113.04740817250471707 30.009700225255947714 14.231419482660262688 
 162.31463114335278419 30.009700225255947714 14.231419482660262688 
 88.413796687080676406 72.676366891922597802 14.231419482660262688 
 186.94824262877682486 72.676366891922597802 14.231419482660262688 
 113.04740817250471707 115.34303355858928342 14.231419482660262688 
 162.31463114335278419 115.34303355858928342 14.231419482660262688 
 88.413796687080690617 158.00970022525595482 14.231419482660262688 
 186.94824262877682486 158.00970022525595482 14.231419482660262688 
 113.04740817250473128 200.67636689192264043 14.231419482660262688 
 162.31463114335278419 200.67636689192264043 14.231419482660262688 
 88.413796687080704828 243.34303355858932605 14.231419482660262688 
 186.94824262877685328 243.34303355858932605 14.231419482660262688 
