 157.90507498752558035 176.09111165315047742 9.471422522589595161 
 172.76429546534126303 218.75863165315047354 9.471422522589595161 
 96.042179205955591215 5.4261516531504518923 9.471422522589595161 
 125.76245180663818246 90.763751653150464449 9.471422522589595161 
 110.90231550629690105 48.096231653150454122 9.471422522589595161 
 140.6225881069794923 133.43127165315047478 9.471422522589595161 
 66.322822427798612921 176.09111165315047742 9.471422522589595161 
 81.182042905614309802 218.75863165315047354 9.471422522589595161 
 187.62443176568254444 5.4261516531504518923 9.471422522589595161 
 217.34470436636513568 90.763751653150464449 9.471422522589595161 
 202.48456806602385427 48.096231653150454122 9.471422522589595161 
 49.040335547252539072 133.43127165315047478 9.471422522589595161 
