 199.29881120827641894 96.379314241463305279 16.99057223950255846 
 154.04397721233735297 174.7629860105250259 16.99057223950255846 
 215.86323009483771784 158.19856712396369858 16.99057223950255846 
 137.47955832577602564 112.94373312802463261 16.99057223950255846 
 75.660305443275674975 129.50815201458595993 16.99057223950255846 
 30.405471447336605451 207.89182378364768056 16.99057223950255846 
 92.224724329837002301 191.32740489708635323 16.99057223950255846 
 13.841052560775276348 146.07257090114731568 16.99057223950255846 
 232.42764898139907359 220.01782000646403503 16.99057223950255846 
 120.91513943921471252 51.124480245524289046 16.99057223950255846 
 182.73439232171509161 34.560061358962961719 16.99057223950255846 
 170.60839609889868029 236.58223889302536236 16.99057223950255846 
 108.78914321639832963 253.14665777958668968 16.99057223950255846 
 59.095886556714354754 67.688899132085623478 16.99057223950255846 
