 31.056822488022515216 26.612038447501284111 16.018865129056219843 
 56.652573848220058039 95.938734933344875344 16.018865129056219843 
 25.418406058614628762 212.50623605628365453 16.018865129056219843 
 113.48249299802299106 48.697930296249715809 16.018865129056219843 
 139.07824435822055875 118.02462678209330704 16.018865129056219843 
 82.248325208417568888 165.26543141918847368 16.018865129056219843 
 107.84407656861512237 234.59212790503207202 16.018865129056219843 
 195.90816350802350598 70.783822144998154613 16.018865129056219843 
 221.50391486822104525 140.11051863084173874 16.018865129056219843 
 164.6739957184180696 187.35132326793691959 16.018865129056219843 
 190.26974707861560887 256.67801975378051793 16.018865129056219843 
