 49.943565627937068996 118.36447653869062435 15.933742387284697273 
 113.9435656279370761 118.36447653869062435 15.933742387284697273 
 113.9435656279370761 182.36447653869061014 15.933742387284697273 
 49.943565627937068996 182.36447653869061014 15.933742387284697273 
 49.943565627937068996 246.36447653869061014 15.933742387284697273 
 113.9435656279370761 246.36447653869061014 15.933742387284697273 
 113.9435656279370761 54.36447653869059593 15.933742387284697273 
 49.943565627937068996 54.36447653869059593 15.933742387284697273 
 177.94356562793706189 118.36447653869062435 15.933742387284697273 
 241.94356562793706189 118.36447653869062435 15.933742387284697273 
 241.94356562793706189 182.36447653869061014 15.933742387284697273 
 177.94356562793706189 182.36447653869061014 15.933742387284697273 
 177.94356562793706189 246.36447653869061014 15.933742387284697273 
 241.94356562793706189 246.36447653869061014 15.933742387284697273 
 241.94356562793706189 54.36447653869059593 15.933742387284697273 
 177.94356562793706189 54.36447653869059593 15.933742387284697273 
