 142.74350911167189793 45.908509159183637394 15.933742387284697273 
 198.16913495387598232 77.908509159183637394 15.933742387284697273 
 166.16913495387601074 133.33413500138772179 15.933742387284697273 
 110.74350911167191214 101.33413500138770758 15.933742387284697273 
 78.743509111671912137 156.75976084359177776 15.933742387284697273 
 134.16913495387601074 188.75976084359177776 15.933742387284697273 
 102.16913495387601074 244.18538668579589057 15.933742387284697273 
 46.743509111671905032 212.18538668579589057 15.933742387284697273 
 253.59476079608006671 109.90850915918362318 15.933742387284697273 
 87.317883269467827745 13.908509159183649828 15.933742387284697273 
 55.31788326946783485 69.334135001387721786 15.933742387284697273 
 221.59476079608006671 165.33413500138772179 15.933742387284697273 
 189.59476079608006671 220.75976084359177776 15.933742387284697273 
 23.31788326946783485 124.75976084359179197 15.933742387284697273 
