 188.23770697556716414 34.394654312686171238 15.933742387284697273 
 204.80212586212849146 96.213907195186550325 15.933742387284697273 
 142.98287297962812659 112.77832608174787765 15.933742387284697273 
 126.41845409306678505 50.959073199247491459 15.933742387284697273 
 64.599201210566405962 67.523492085808825891 15.933742387284697273 
 81.163620097127733288 129.34274496830920498 15.933742387284697273 
 19.344367214627371965 145.9071638548705323 15.933742387284697273 
 2.779948328066023322 84.087910972370153218 15.933742387284697273 
 221.36654474868981879 158.03316007768694362 15.933742387284697273 
 237.93096363525114612 219.8524129601873085 15.933742387284697273 
 176.11171075275078124 236.41683184674863583 15.933742387284697273 
 159.54729186618945391 174.59757896424827095 15.933742387284697273 
 97.728038983689074826 191.16199785080956985 15.933742387284697273 
 114.29245787025040215 252.98125073330993473 15.933742387284697273 
 35.908786101188695739 207.72641673737089718 15.933742387284697273 
