 145.74994431975127895 108.82883092405781156 13.002058209633974073 
 76.422598741699914626 83.232370051919218668 13.002058209633974073 
 215.06821641971512804 134.4263978738115668 13.002058209633974073 
 198.50379753315382914 72.607144991311216131 13.002058209633974073 
 129.18552543318995163 47.009578041557453787 13.002058209633974073 
 92.987017628261256164 145.05162293441958354 13.002058209633974073 
 178.87878209287393361 232.46733668905858394 13.002058209633974073 
 109.55143651482256928 206.87087581691997684 13.002058209633974073 
 181.93937864659247339 10.787892108810812175 13.002058209633974073 
 231.63263530627648379 196.24565075631196009 13.002058209633974073 
 162.31436320631257786 170.64808380655819064 13.002058209633974073 
 59.858179855138594405 21.413117169418857344 13.002058209633974073 
