 122.39184018731315007 168.77328080050077119 13.002058209633974073 
 62.051618186337037741 126.10576080050076087 13.002058209633974073 
 182.72301160751811722 211.43952080050075892 13.002058209633974073 
 182.72301160751811722 147.43952080050075892 13.002058209633974073 
 122.39184018731315007 104.77328080050077119 13.002058209633974073 
 62.051618186337037741 190.1057608005008035 13.002058209633974073 
 122.39184018731315007 40.773280800500799614 13.002058209633974073 
 62.051618186337051952 254.10576080050077508 13.002058209633974073 
 182.72301160751811722 83.439520800500773134 13.002058209633974073 
 182.72301160751808879 19.439520800500790898 13.002058209633974073 
 122.39184018731315007 232.77328080050077119 13.002058209633974073 
 62.051618186337037741 62.105760800500810603 13.002058209633974073 
