 171.18664740149276327 131.12692749829304262 13.002058209633974073 
 110.84642540051663673 88.45940749829303229 13.002058209633974073 
 50.506203399540559928 173.79316749829303035 13.002058209633974073 
 50.506203399540559928 109.79316749829304456 13.002058209633974073 
 171.18664740149273484 67.126927498293042618 13.002058209633974073 
 110.84642540051663673 152.4594074982930465 13.002058209633974073 
 171.18664740149273484 3.1269274982930812534 13.002058209633974073 
 110.84642540051663673 216.4594074982930465 13.002058209633974073 
 50.506203399540559928 45.79316749829305877 13.002058209633974073 
 50.506203399540567034 237.79316749829305877 13.002058209633974073 
 171.18664740149276327 195.12692749829304262 13.002058209633974073 
 110.84642540051663673 24.459407498293092686 13.002058209633974073 
