 29.472916799908038143 193.06640120944510386 15.005754912436639614 
 53.719244021006083756 102.57787612336693428 15.005754912436639614 
 94.932079276006334112 113.62082204774115723 15.005754912436639614 
 70.685752054908306263 204.1093471338193126 15.005754912436639614 
 111.89858730990854951 215.15229305819354977 15.005754912436639614 
 136.14491453100657736 124.66376797211536598 15.005754912436639614 
 177.35774978600682061 135.70671389648958893 15.005754912436639614 
 153.11142256490882119 226.19523898256775851 15.005754912436639614 
 194.32425781990903602 237.23818490694196726 15.005754912436639614 
 218.57058504100706386 146.74965982086379768 15.005754912436639614 
 12.506408766005840505 91.534930198992711325 15.005754912436639614 
