 76.985250860842370457 17.252828984593627126 15.005754912436639614 
 88.028196785216593412 58.465664239593877483 15.005754912436639614 
 178.51672187129474878 34.219337018495849634 15.005754912436639614 
 189.55966779566898595 75.432172273496092885 15.005754912436639614 
 99.071142709590816366 99.678499494594120733 15.005754912436639614 
 110.11408863396502511 140.89133474959436398 15.005754912436639614 
 200.60261372004319469 116.64500752849635035 15.005754912436639614 
 211.64555964441740343 157.85784278349657939 15.005754912436639614 
 121.15703455833924806 182.10417000459463566 15.005754912436639614 
 132.19998048271347102 223.31700525959485049 15.005754912436639614 
 222.6885055687916406 199.07067803849679422 15.005754912436639614 
