 174.28344807392593907 8.057344735826907467 15.198710995956819403 
 100.38261361765384549 50.724011402493580647 15.198710995956819403 
 174.28308666249071734 50.723385419525364171 15.198710995956819403 
 137.33266943435467056 72.056718752858699872 15.198710995956819403 
 63.432196389517805812 72.057344735826916349 15.198710995956819403 
 63.431834978082591192 114.72338541952537128 15.198710995956819403 
 26.481417749946519535 136.05671875285872829 15.198710995956819403 
 211.23314247919157083 72.056092769890469185 15.198710995956819403 
 137.33230802291947725 114.72275943655714059 15.198710995956819403 
 211.2327810677563491 114.72213345358893832 15.198710995956819403 
 174.28236383962033074 136.05546678692226692 15.198710995956819403 
 100.38189079478344468 136.0560927698904834 15.198710995956819403 
 26.481056338511329784 178.72275943655716901 15.198710995956819403 
 100.38152938334823716 178.72213345358892411 15.198710995956819403 
 63.431112155212161952 200.05546678692229534 15.198710995956819403 
 248.18283688445720259 136.05484080395402202 15.198710995956819403 
 174.28200242818510901 178.72150747062070764 15.198710995956819403 
 248.18247547302200928 178.72088148765249116 15.198710995956819403 
 211.23205824488596249 200.05421482098583397 15.198710995956819403 
 137.33158520004909064 200.05484080395402202 15.198710995956819403 
 63.430750743776975753 242.72150747062073606 15.198710995956819403 
 137.33122378861386892 242.72088148765249116 15.198710995956819403 
