 103.87570758627597911 84.569675329778561945 15.198710995956819403 
 21.45003707627546774 106.65556717852700785 15.198710995956819403 
 92.832574581576636774 125.78181239150046622 15.198710995956819403 
 51.619739326576386418 136.82475831587467496 15.198710995956819403 
 227.51421335127673728 51.440837556655921503 15.198710995956819403 
 145.08854284127619394 73.526729405404353201 15.198710995956819403 
 216.47108034657739495 92.652974618377783145 15.198710995956819403 
 175.25824509157712328 103.69592054275202031 15.198710995956819403 
 123.00227683187759453 155.95100352884813333 15.198710995956819403 
 40.576606321877079608 178.03689537759655082 15.198710995956819403 
 111.95914382717823798 197.16314059056998076 15.198710995956819403 
 70.746308572177994733 208.20608651494421792 15.198710995956819403 
 246.64078259687835271 122.82216575572547868 15.198710995956819403 
 164.21511208687783778 144.90805760447392458 15.198710995956819403 
 235.59764959217901037 164.03430281744735453 15.198710995956819403 
 194.3848143371787387 175.07724874182156327 15.198710995956819403 
 142.12884607747920995 227.33233172791767629 15.198710995956819403 
 59.703175567478680819 249.41822357666609378 15.198710995956819403 
 73.706005335975021353 54.400484192430894836 15.198710995956819403 
 32.493170080974770997 65.443430116805117791 15.198710995956819403 
 183.34168133247942478 216.28938580354343912 15.198710995956819403 
 197.34451110097580795 21.271646419308229525 15.198710995956819403 
 156.13167584597550785 32.314592343682448927 15.198710995956819403 
