  109.397083594282023 65.573118921258398473 15.198710995956819403 
 26.971413084281508077 87.659010770006844382 15.198710995956819403 
 98.353950589582680664 106.78525598298030275 15.198710995956819403 
 57.141115334582423202 117.8282019073545257 15.198710995956819403 
 233.03558935928273854 32.444281148135758031 15.198710995956819403 
 150.60991884928225204 54.530172996884196834 15.198710995956819403 
 221.99245635458345305 73.656418209857633883 15.198710995956819403 
 180.77962109958318138 84.699364134231856838 15.198710995956819403 
 128.52365283988362421 136.95444712032798407 15.198710995956819403 
 46.097982329883116392 159.04033896907640155 15.198710995956819403 
 117.48051983518429608 178.1665841820498315 15.198710995956819403 
 76.267684580184038623 189.20953010642406866 15.198710995956819403 
 252.16215860488438238 103.8256093472053152 15.198710995956819403 
 169.73648809488386746 125.91150119595373269 15.198710995956819403 
 241.11902560018504005 145.03774640892720527 15.198710995956819403 
 199.9061903451847968 156.08069233330141401 15.198710995956819403 
 147.65022208548523963 208.33577531939747018 15.198710995956819403 
 65.224551575484724708 230.42166716814594452 15.198710995956819403 
 79.227381343981065243 35.403927783910717153 15.198710995956819403 
 38.014546088980807781 46.446873708284940108 15.198710995956819403 
 188.86305734048548288 197.29282939502328986 15.198710995956819403 
 202.86588710898183763 2.2750900107880540624 15.198710995956819403 
 161.65305185398156596 13.318035935162289007 15.198710995956819403 
