 198.86077581943510495 24.714535249777838999 15.198710995956819403 
 116.43510530943461845 46.800427098526270697 15.198710995956819403 
 187.81764281473579103 65.926672311499729062 15.198710995956819403 
 146.60480755973554778 76.969618235873937806 15.198710995956819403 
 75.222270054434360986 57.843373022900486546 15.198710995956819403 
 64.179137049735032861 99.055510084622383715 15.198710995956819403 
 22.966301794734764741 110.09845600899660667 15.198710995956819403 
 217.98734506503672037 96.09586344884738196 15.198710995956819403 
 135.56167455503620545 118.18175529759581366 15.198710995956819403 
 206.94421206033740646 137.30800051056925781 15.198710995956819403 
 165.73137680533713478 148.35094643494349498 15.198710995956819403 
 94.348839300035962196 129.22470122197003661 15.198710995956819403 
 11.923168790035475695 151.31059307071848252 15.198710995956819403 
 83.30570629533661986 170.43683828369194089 15.198710995956819403 
 42.092871040336376609 181.47978420806614963 15.198710995956819403 
 237.11391431063830737 167.47719164791692492 15.198710995956819403 
 154.68824380063784929 189.56308349666537083 15.198710995956819403 
 226.07078130593896503 208.68932870963880077 15.198710995956819403 
 184.8579460509387502 219.73227463401303794 15.198710995956819403 
 113.47540854563757762 200.60602942103957957 15.198710995956819403 
 31.049738035637087563 222.69192126978802548 15.198710995956819403 
 102.43227554093823528 241.81816648276148385 15.198710995956819403 
 61.219440285937977819 252.86111240713566417 15.198710995956819403 
