 70.521215241768913984 88.993714103037603991 13.815238584786390774 
 70.521215241768913984 187.52816004473373823 13.815238584786390774 
 113.18788190843558539 113.62732558846163045 13.815238584786390774 
 113.18788190843558539 162.89454855930969757 13.815238584786390774 
 155.85454857510222837 88.993714103037603991 13.815238584786390774 
 155.85454857510222837 187.52816004473373823 13.815238584786390774 
 198.52121524176891398 113.62732558846163045 13.815238584786390774 
 198.52121524176891398 162.89454855930969757 13.815238584786390774 
 241.1878819084355996 88.993714103037603991 13.815238584786390774 
 241.1878819084355996 187.52816004473373823 13.815238584786390774 
 27.854548575102285213 113.62732558846163045 13.815238584786390774 
 27.854548575102285213 162.89454855930969757 13.815238584786390774 
