 19.368937577254570215 64.592273010304722902 13.815238584786390774 
 62.035604243921241618 39.958661524880696447 13.815238584786390774 
 147.36893757725459864 39.958661524880668026 13.815238584786390774 
 104.70227091058794144 64.592273010304694481 13.815238584786390774 
 62.035604243921255829 138.49310746657681648 13.815238584786390774 
 104.70227091058791302 113.85949598115277581 13.815238584786390774 
 190.03560424392128425 113.85949598115277581 13.815238584786390774 
 147.36893757725462706 138.49310746657681648 13.815238584786390774 
 104.70227091058794144 212.39394192284893847 13.815238584786390774 
 147.36893757725459864 187.76033043742489781 13.815238584786390774 
 232.70227091058794144 187.76033043742486939 13.815238584786390774 
 190.03560424392131267 212.39394192284891005 13.815238584786390774 
