 64.682317080022812661 40.613249358157922586 13.815238584786390774 
 99.519504532939123465 5.7760619052415975716 13.815238584786390774 
 77.433612684190705977 88.20173241524210539 13.815238584786390774 
 42.596425231274388068 123.03891986815841619 13.815238584786390774 
 125.02209574127488168 100.95302801940997028 13.815238584786390774 
 159.85928319419119248 66.11584056649365948 13.815238584786390774 
 137.77339134544277499 148.5415110764941744 13.815238584786390774 
 102.93620389252643577 183.37869852941048521 13.815238584786390774 
 185.36187440252695069 161.2928066806620393 13.815238584786390774 
 220.19906185544328991 126.45561922774570007 13.815238584786390774 
 198.11317000669481558  208.881289737746215 13.815238584786390774 
 163.27598255377847636 243.71847719066255422 13.815238584786390774 
