 87.750079695873580476 209.29929865431790859 9.1944420615472566283 
 207.28478211009590382 31.977561760890068854 9.1944420615472566283 
 119.50772039736480679 30.567659867677789975 9.1944420615472566283 
 102.5774314769545299 119.33232566601404301 9.1944420615472566283 
 111.04193593715964994 74.951101279362774221 9.1944420615472566283 
 94.112927016749409859 163.7135500526653118 9.1944420615472566283 
 8.4375224433476194719 163.50817237445443197 9.1944420615472566283 
 198.8202776498908122 76.358786147541266587 9.1944420615472566283 
 181.88998872948050689 165.1234519458774912 9.1944420615472566283 
 190.35449318968565535 120.74222755922623662 9.1944420615472566283 
 173.42548426927535843 209.50467633252875999 9.1944420615472566283 
