 169.10286767602812574 173.46450636722326522 9.1944420615472566283 
  139.581321678455339 207.66672878144558467 9.1944420615472566283 
 64.269107312281875011 162.55718706871448376 9.1944420615472566283 
  226.927217483444565 102.96449814830418745 9.1944420615472566283 
 34.745802200938257442 196.7614826085093398 9.1944420615472566283 
 197.40612939713457763 137.16751368809906353 9.1944420615472566283 
 123.31174139616462071 94.151949114697288223 9.1944420615472566283 
 93.790195398591848175 128.35417152891960768 9.1944420615472566283 
 110.06023359214535162 241.86974432124048917 9.1944420615472566283 
 181.13609120358105997 23.651940895778217566 9.1944420615472566283 
 151.61500311727110102 57.854956435573079432 9.1944420615472566283 
