 65.402208923430251275 101.97052660021945769 9.1944420615472566283 
 22.734688923430248053 116.82974707803515457 9.1944420615472566283 
 236.06716892343027325 40.107630818649496973 9.1944420615472566283 
 150.72956892343026425 69.827903419332074009 9.1944420615472566283 
 193.39708892343026037 54.967767118990778386 9.1944420615472566283 
 108.06204892343025392 84.688039719673369632 9.1944420615472566283 
 65.402208923430251275 193.55277915994642512 9.1944420615472566283 
 22.734688923430248053 208.41199963776213622 9.1944420615472566283 
 236.06716892343027325 131.68988337837643599 9.1944420615472566283 
 150.72956892343026425 161.41015597905902723 9.1944420615472566283 
 193.39708892343026037 146.55001967871774582 9.1944420615472566283 
 108.06204892343025392 176.27029227940033707 9.1944420615472566283 
