 229.88248413083297805 110.25787292848357879 9.1944420615472566283 
 192.51467387416369093 135.6539445298218709 9.1944420615472566283 
 131.44386949395956776 72.589237770621494406 9.1944420615472566283 
 56.706250275128851968 123.38381278331307556 9.1944420615472566283 
 94.07382349948656497 97.986856565345007652 9.1944420615472566283 
 19.338677050771138966 148.78076900128110083 9.1944420615472566283 
 206.17925297498652526 21.796209951315187681 9.1944420615472566283 
 168.81144271831726655 47.19228155265347624 9.1944420615472566283 
 155.14710064980599213 161.05090074778991038 9.1944420615472566283 
 80.409481430975262128 211.84547576048146311 9.1944420615472566283 
 117.77705465533298934 186.44851954251342363 9.1944420615472566283 
 43.041908206617542021 237.24243197844953102 9.1944420615472566283 
