 212.26965831113307104 109.93798325031262664 9.1944420615472566283 
 169.6021383111330465 124.79720372812835194 9.1944420615472566283 
 126.93461831113305038 48.075087468742665919 9.1944420615472566283 
 41.597018311133034274 77.795360069425285587 9.1944420615472566283 
 84.264538311133037496 62.935223769083968648 9.1944420615472566283 
 254.92949831113301684   92.655496369766567 9.1944420615472566283 
 212.26965831113307104 201.52023581003959407 9.1944420615472566283 
 169.6021383111330465 216.37945628785530516 9.1944420615472566283 
 126.93461831113305038 139.65734002846963335 9.1944420615472566283 
 41.597018311133034274 169.37761262915225302 9.1944420615472566283 
 84.264538311133037496 154.51747632881091477 9.1944420615472566283 
 254.92949831113301684 184.23774892949353443 9.1944420615472566283 
