 133.19806558158430221 85.042948833178996892 16.493703208367424651 
 69.198065581584287997 149.04294883317899689 16.493703208367424651 
 133.19806558158430221 149.04294883317899689 16.493703208367424651 
 69.198065581584287997 85.042948833178996892 16.493703208367424651 
 5.1980655815842915501 85.042948833178996892 16.493703208367424651 
 197.19806558158430221 149.04294883317899689 16.493703208367424651 
 5.1980655815842915501 149.04294883317899689 16.493703208367424651 
 197.19806558158430221 85.042948833178996892 16.493703208367424651 
 133.19806558158430221 213.04294883317899689 16.493703208367424651 
 69.198065581584287997 21.042948833179021761 16.493703208367424651 
 133.19806558158430221 21.042948833179021761 16.493703208367424651 
 69.198065581584287997 213.04294883317899689 16.493703208367424651 
 5.1980655815842915501 213.04294883317899689 16.493703208367424651 
 197.19806558158430221 21.042948833179021761 16.493703208367424651 
 5.1980655815842915501 21.042948833179035972 16.493703208367424651 
 197.19806558158430221 213.04294883317899689 16.493703208367424651 
