 89.108420323760540782 16.936037363394387256 15.550412514019894772 
 114.70417168395808005 86.262733849237989148 15.550412514019894772 
 57.87425253415511861 133.50353848633315579 15.550412514019894772 
 83.47000389435264367 202.83023497217672571 15.550412514019894772 
 171.53409083376104149 39.021929212142815402 15.550412514019894772 
 197.12984219395858076 108.34862569798642085 15.550412514019894772 
 140.29992304415560511 155.58943033508157328 15.550412514019894772 
 165.89567440435314438 224.91612682092520004 15.550412514019894772 
 253.95976134376149957 61.107821060891261311 15.550412514019894772 
 32.278501173957565129 64.176842000489543238 15.550412514019894772 
 222.72559355415612004 177.67532218383001918 15.550412514019894772 
 1.0443333843521380722 180.74434312342830822 15.550412514019894772 
