 20.677852153554031389 101.95709057876406689 15.550412514019894772 
 63.344518820220685029 162.29686924001612169 15.550412514019894772 
 20.677852153554031389 222.63664790126816229 15.550412514019894772 
 63.344518820220685029 41.617311917512012087 15.550412514019894772 
 106.01118548688735643 101.95709057876406689 15.550412514019894772 
 148.67785215355402784 162.29686924001612169 15.550412514019894772 
 106.01118548688735643 222.63664790126816229 15.550412514019894772 
 148.67785215355402784 41.617311917512012087 15.550412514019894772 
 191.34451882022068503 101.95709057876406689 15.550412514019894772 
 234.01118548688734222 162.29686924001612169 15.550412514019894772 
 191.34451882022068503 222.63664790126816229 15.550412514019894772 
 234.01118548688734222 41.617311917512012087 15.550412514019894772 
