 108.64341174864652828 39.409999316029924898 15.550412514019894772 
 96.146634412605891384 112.2465553133226166 15.550412514019894772 
 23.310078415313221001 124.74333264936323928 15.550412514019894772 
 181.47996774593920577 26.913221979989291555 15.550412514019894772 
 168.98319040989858308 99.749777977281979702 15.550412514019894772 
 156.48641307385793198 172.5863339745746714 15.550412514019894772 
 83.649857076565268699 185.08311131061532251 15.550412514019894772 
 241.81974640719124636 87.253000641241342805 15.550412514019894772 
 229.3229690711506521 160.08955663853402029 15.550412514019894772 
 35.806855751353808159 51.90677665207055469 15.550412514019894772 
 143.98963573781733771 245.42288997186733468 15.550412514019894772 
