 131.02863548352351586 9.4381162350043386056 15.550412514019894772 
 70.688856822271461056 52.104782901671008233 15.550412514019894772 
 10.349078161019392041 9.4381162350043528164 15.550412514019894772 
 191.36841414477552803 52.104782901671008233 15.550412514019894772 
 131.02863548352351586 94.771449568337672531 15.550412514019894772 
 70.688856822271461056 137.43811623500434393 15.550412514019894772 
 10.349078161019406252 94.771449568337686742 15.550412514019894772 
 191.36841414477552803 137.43811623500434393 15.550412514019894772 
 131.02863548352351586 180.10478290167100113 15.550412514019894772 
 70.688856822271461056 222.77144956833765832 15.550412514019894772 
 10.349078161019406252 180.10478290167100113 15.550412514019894772 
 191.36841414477552803 222.77144956833765832 15.550412514019894772 
