 113.70925995327667124 79.55270119997811662 15.467779085358925428 
 177.70925995327667124 79.55270119997811662 15.467779085358925428 
 177.70925995327667124 143.55270119997811662 15.467779085358925428 
 113.70925995327667124 143.55270119997811662 15.467779085358925428 
 113.70925995327667124 207.55270119997811662 15.467779085358925428 
 177.70925995327667124 207.55270119997811662 15.467779085358925428 
 177.70925995327667124 15.552701199978145041 15.467779085358925428 
 113.70925995327667124 15.552701199978145041 15.467779085358925428 
 241.70925995327667124 79.55270119997811662 15.467779085358925428 
 49.709259953276678345 79.55270119997811662 15.467779085358925428 
 49.709259953276678345 143.55270119997811662 15.467779085358925428 
 241.70925995327667124 143.55270119997811662 15.467779085358925428 
 241.70925995327667124 207.55270119997811662 15.467779085358925428 
 49.709259953276678345 207.55270119997811662 15.467779085358925428 
 49.709259953276678345 15.552701199978145041 15.467779085358925428 
 241.70925995327667124 15.552701199978145041 15.467779085358925428 
