 96.637810545035975451 5.0796157941680410985 15.467779085358925428 
 128.63781054503596124 60.505241636372126379 15.467779085358925428 
 73.212184702831919481 92.505241636372133485 15.467779085358925428 
 41.212184702831912375 37.079615794168041987 15.467779085358925428 
 17.786558860627852852 124.50524163637213348 15.467779085358925428 
 184.06343638724007405 28.505241636372112168 15.467779085358925428 
 160.63781054503598966 115.93086747857618946 15.467779085358925428 
 192.63781054503601808 171.35649332078023122 15.467779085358925428 
 137.21218470283193369 203.35649332078023122 15.467779085358925428 
 105.21218470283191948 147.93086747857617524 15.467779085358925428 
 49.786558860627849299 179.93086747857617524 15.467779085358925428 
 81.78655886062786351 235.35649332078025964 15.467779085358925428 
 248.06343638724004563 139.35649332078023122 15.467779085358925428 
 216.06343638724007405 83.930867478576175245 15.467779085358925428 
