 232.42502306363266484 74.444915645440076446 15.467779085358925428 
 248.98944195019396375 136.26416852794042711 15.467779085358925428 
 187.17018906769359887 152.82858741450175444 15.467779085358925428 
 170.60577018113229997 91.009334532001389562 15.467779085358925428 
 108.78651729863189246 107.5737534185627311 15.467779085358925428 
 125.35093618519321979 169.39300630106311019 15.467779085358925428 
 63.531683302692854909 185.95742518762443751 15.467779085358925428 
 46.967264416131520477 124.13817230512405843 15.467779085358925428 
 215.86060417707133752 12.625662762939706241 15.467779085358925428 
 154.04135129457094422 29.190081649501028238 15.467779085358925428 
 203.7346079542549262 214.64784029700214774 15.467779085358925428 
 141.91535507175456132 231.21225918356347506 15.467779085358925428 
 92.222098412070579343 45.754500536062352012 15.467779085358925428 
 30.402845529570196703 62.318919422623686444 15.467779085358925428 
 80.096102189254182235 247.77667807012483081 15.467779085358925428 
