 94.87094927750548834 216.24486355809941074 12.621828516700889011 
 52.203429277505492223 95.573470136918345474 12.621828516700889011 
 137.53718927750549028 155.91369213789442938 12.621828516700889011 
 73.537189277505490281 155.91369213789442938 12.621828516700889011 
 30.87094927750548834 216.24486355809941074 12.621828516700889011 
 116.20342927750550643 95.573470136918345474 12.621828516700889011 
 222.87094927750550255 216.24486355809941074 12.621828516700889011 
 180.20342927750547801 95.573470136918345474 12.621828516700889011 
 9.5371892775054902813 155.91369213789442938 12.621828516700889011 
 201.53718927750549028 155.91369213789442938 12.621828516700889011 
 158.87094927750550255 216.24486355809941074 12.621828516700889011 
 244.20342927750553486 95.573470136918345474 12.621828516700889011 
