 208.37934014242634362 95.106458540169725779 12.621828516700889011 
 134.78941501958834692 88.325413304177189389 12.621828516700889011 
 125.20012989675039705 192.39672826510960135 12.621828516700889011 
 93.200129896750382841 136.97110242290554538 12.621828516700889011 
 176.37934014242634362 39.680832697965662703 12.621828516700889011 
 166.78941501958837534 143.75103914638125957 12.621828516700889011 
 198.78941501958837534 199.17666498858531554 12.621828516700889011 
 61.20012989675036863 81.545476580701460989 12.621828516700889011 
 157.20012989675038284 247.82235410731365732 12.621828516700889011 
 240.37934014242637204 150.53208438237382438 12.621828516700889011 
 102.78941501958836113 32.899787461973147629 12.621828516700889011 
