 220.84294780307672568 136.23547974955351947 12.621828516700889011 
 148.00547491947219214 148.73196717633277331 12.621828516700889011 
 165.67857512442563461 251.73902769167003157 12.621828516700889011 
 120.42374112848661127 206.4841936957309656 12.621828516700889011 
 175.58811380713771655 90.980645753614467708 12.621828516700889011 
 193.26030891541128653 193.98680117227181086 12.621828516700889011 
  130.333279811198679 45.725811757675437264 12.621828516700889011 
 57.495806927594117042 58.222299184454691101 12.621828516700889011 
 75.168907132547573724 161.22935969979195647 12.621828516700889011 
 29.914073136608536174 115.97452570385293313 12.621828516700889011 
 102.75064092353318301 103.47713318039376418 12.621828516700889011 
