 215.09242407642287276 179.9373488038844755 12.621828516700889011 
 145.76507849837153685 154.34088793174589682 12.621828516700889011 
 109.56690198182056406 252.38416920966565726 12.621828516700889011 
 93.002483095259236734 190.56491632716529239 12.621828516700889011 
 198.52800518986157385 118.11809592138412484 12.621828516700889011 
 162.32949738493283576 216.1601408142462617 12.621828516700889011 
 181.96358630330024653 56.298843038883767065 12.621828516700889011 
 112.63624072524886799 30.702382166745156411 12.621828516700889011 
 76.438064208697909407 128.74566344466489909 12.621828516700889011 
 59.873645322136596292 66.926410562164591056 12.621828516700889011 
 129.20065961181020953 92.521635049245546156 12.621828516700889011 
