 133.80954219708519304 125.71943311932912479 12.621828516700889011 
 73.469320196109109133 83.051913119329128676 12.621828516700889011 
 194.14071361729014598 168.38567311932914095 12.621828516700889011 
 194.14071361729014598 104.38567311932912673 12.621828516700889011 
 133.80954219708519304 61.719433119329131898 12.621828516700889011 
 73.469320196109109133 147.0519131193291571 12.621828516700889011 
 133.80954219708519304 253.71943311932915321 12.621828516700889011 
 73.469320196109109133 211.05191311932912868 12.621828516700889011 
 194.14071361729014598 40.38567311932913384 12.621828516700889011 
 194.1407136172901744 232.38567311932914095 12.621828516700889011 
 133.80954219708519304 189.71943311932915321 12.621828516700889011 
 73.469320196109094923 19.051913119329164203 12.621828516700889011 
