 7.6219518540183921473 170.00183577288112247 14.073860813408858306 
 48.844415937605695888 106.00183577288115089 14.073860813408858306 
 7.6219518540183921473 42.001835772881136677 14.073860813408858306 
 48.844415937605695888 234.00183577288112247 14.073860813408858306 
 90.066880021192972094 170.00183577288112247 14.073860813408858306 
 131.28934410478026962 106.00183577288115089 14.073860813408858306 
 90.066880021192972094 42.001835772881136677 14.073860813408858306 
 131.28934410478026962 234.00183577288112247 14.073860813408858306 
 172.51180818836752451 170.00183577288112247 14.073860813408858306 
 213.73427227195480782 106.00183577288115089 14.073860813408858306 
 172.51180818836752451 42.001835772881136677 14.073860813408858306 
 213.73427227195480782 234.00183577288112247 14.073860813408858306 
