 34.74238561585500662 251.29138943091200531 14.073860813408858306 
 75.964849699442282827 187.29138943091203373 14.073860813408858306 
 34.74238561585500662 123.29138943091203373 14.073860813408858306 
 75.964849699442282827 59.29138943091201952 14.073860813408858306 
 117.18731378302956614 251.29138943091200531 14.073860813408858306 
 158.40977786661687787 187.29138943091203373 14.073860813408858306 
 117.18731378302956614 123.29138943091203373 14.073860813408858306 
 158.40977786661687787 59.29138943091201952 14.073860813408858306 
 199.63224195020416118 251.29138943091200531 14.073860813408858306 
 240.85470603379141608 187.29138943091203373 14.073860813408858306 
 199.63224195020416118 123.29138943091203373 14.073860813408858306 
 240.85470603379141608 59.29138943091201952 14.073860813408858306 
