 63.52973528043705187 41.234697881367800676 14.073860813408858306 
 136.01814695382444143 64.488121676416966466 14.073860813408858306 
 187.16824104543778162 8.1058601082451566811 14.073860813408858306 
 12.379641188823677922 97.616959449539621119 14.073860813408858306 
 84.868052862211087017 120.8703832445887798 14.073860813408858306 
 157.35646453559846236 144.12380703963796691 14.073860813408858306 
 208.50655862721183098 87.74154547146612515 14.073860813408858306 
 33.717958770597725504 177.25264481276062156 14.073860813408858306 
 106.20637044398513638 200.50606860780976604 14.073860813408858306 
 178.69478211737251172 223.75949240285893893 14.073860813408858306 
 229.84487620898585192 167.3772308346871398 14.073860813408858306 
 55.056276352371767757 256.88833017598165043 14.073860813408858306 
