 51.48708935270216358 137.54413088410339583 20.450194304779071075 
 51.48708935270216358 88.276907913255328708 20.450194304779071075 
 94.15375601936884209 162.17774236952743649 20.450194304779071075 
 94.15375601936884209 63.643296427831295148 20.450194304779071075 
 136.82042268603549928 137.54413088410339583 20.450194304779071075 
 136.82042268603549928 88.276907913255328708 20.450194304779071075 
 179.48708935270215648 162.17774236952743649 20.450194304779071075 
 179.48708935270215648 63.643296427831295148 20.450194304779071075 
 222.15375601936884209 137.54413088410339583 20.450194304779071075 
 222.15375601936884209 88.276907913255328708 20.450194304779071075 
 8.8204226860355312567 162.17774236952743649 20.450194304779071075 
 8.8204226860355312567 63.643296427831295148 20.450194304779071075 
