 113.10083925677567152 55.548018038082240366 20.450194304779071075 
 160.68932231385986142 42.796722433914375472 20.450194304779071075 
 100.34954365260780662 103.13650109516642317 20.450194304779071075 
 52.761060595523602501 115.88779669933431649 20.450194304779071075 
 135.18673110552410321 137.97368854808274818 20.450194304779071075 
 182.77521416260830733 125.2223929439148975 20.450194304779071075 
 122.43543550135623832 185.56217160516692388 20.450194304779071075 
 74.846952444272034199 198.31346720933478878 20.450194304779071075 
 157.27262295427254912 220.39935905808320626 20.450194304779071075 
 204.86110601135672482 207.64806345391536979 20.450194304779071075 
 78.263651803859374922 20.710830585165950879 20.450194304779071075 
 30.675168746775177908 33.462126189333829984 20.450194304779071075 
