 173.2278555224830825 117.72039234230473426 13.610197574852964664 
 176.53759355723596514 162.7799011090461363 13.610197574852964664 
 91.386553231450164958 184.1364157522527023 13.610197574852964664 
 164.26481150370531736 26.98136859047253111 13.610197574852964664 
 94.696513306077349625 229.19863432142105353 13.610197574852964664 
 167.57543415508794737 72.041114389525489514 13.610197574852964664 
 84.766192545314694939 94.017161186458324096 13.610197574852964664 
 88.075930580067549158 139.07666995319974035 13.610197574852964664 
 179.84821620861859515 207.8396469080991551 13.610197574852964664 
 75.803148526536887175 3.2781374346261102914 13.610197574852964664 
 183.15817628324575139 252.90186547726742106 13.610197574852964664 
 79.113771177919531397 48.337883233679065142 13.610197574852964664 
