 142.41229892822067882 159.58019531020420345 13.610197574852964664 
 99.744778928220682701 174.43941578801991454 13.610197574852964664 
 57.077258928220700795 97.717299528634228523 13.610197574852964664 
 227.73965892822064916 127.43757212931681977 13.610197574852964664 
 14.407178928220664815 112.57743582897552415 13.610197574852964664 
 185.07213892822065304 142.29770842965811539 13.610197574852964664 
 142.41229892822067882 67.997942750477236018 13.610197574852964664 
 99.744778928220682701 82.85716322829294711 13.610197574852964664 
 57.077258928220700795 189.29955208836119596 13.610197574852964664 
 227.73965892822064916 219.0198246890437872 13.610197574852964664 
 14.407178928220664815 204.15968838870250579 13.610197574852964664 
 185.07213892822065304 50.715455869931140853 13.610197574852964664 
