 37.209993126367223226 70.122231146126708268 24.415027894481134751 
 60.635618968571307619 157.54785698833077845 24.415027894481134751 
 92.635618968571307619 102.12223114612669406 24.415027894481134751 
 5.2099931263672258908 125.54785698833079266 24.415027894481134751 
 124.63561896857130762 46.696605303922630981 24.415027894481134751 
 28.63561896857132183 212.97348283053486284 24.415027894481134751 
 69.209993126367223226 14.696605303922629204 24.415027894481134751 
 148.06124481077540622 134.12223114612672248 24.415027894481134751 
 171.48687065297946219 221.54785698833077845 24.415027894481134751 
 203.48687065297949061 166.12223114612669406 24.415027894481134751 
 116.06124481077540622 189.54785698833077845 24.415027894481134751 
 84.061244810775406222 244.97348283053486284 24.415027894481134751 
 235.48687065297946219 110.69660530392260966 24.415027894481134751 
 180.0612448107753778 78.696605303922623875 24.415027894481134751 
