 164.17333863095245761 7.770143821165239828 24.415027894481134751 
 140.74771278874840164 95.195769663369318891 24.415027894481134751 
 196.17333863095248603 63.195769663369318891 24.415027894481134751 
 108.74771278874840164 39.770143821165255815 24.415027894481134751 
 53.322086946544338559 71.77014382116524871 24.415027894481134751 
 29.89646110434025772 159.1957696633693331 24.415027894481134751 
 85.322086946544331454 127.1957696633693331 24.415027894481134751 
 228.17333863095248603 118.62139550557340328 24.415027894481134751 
 204.74771278874840164 206.04702134777744504 24.415027894481134751 
 172.74771278874843006 150.62139550557341749 24.415027894481134751 
 117.32208694654435988 182.62139550557338907 24.415027894481134751 
 149.32208694654434566 238.04702134777744504 24.415027894481134751 
 61.896461104340275483 214.62139550557341749 24.415027894481134751 
