 132.76932987347782955 21.432003398845239417 24.415027894481134751 
 109.34370403127377358 108.8576292410493096 24.415027894481134751 
 164.76932987347782955 76.857629241049309599 24.415027894481134751 
 77.34370403127377358 53.432003398845239417 24.415027894481134751 
 21.91807818906967853 85.432003398845267839 24.415027894481134751 
 220.19495571568191394 44.857629241049288282 24.415027894481134751 
 53.918078189069682082 140.85762924104932381 24.415027894481134751 
 196.76932987347785797 132.28325508325337978 24.415027894481134751 
  173.343704031273802 219.70888092545746417 24.415027894481134751 
 228.76932987347785797 187.70888092545746417 24.415027894481134751 
 141.34370403127377358 164.28325508325337978 24.415027894481134751 
 85.918078189069689188 196.2832550832534082 24.415027894481134751 
 117.9180781890697034 251.70888092545749259 24.415027894481134751 
 252.19495571568191394 100.28325508325335136 24.415027894481134751 
