 185.36883713553018538 46.575790607141620114 24.415027894481134751 
 121.36883713553022801 110.57579060714162722 24.415027894481134751 
 185.36883713553018538 110.57579060714162722 24.415027894481134751 
 121.36883713553022801 46.575790607141620114 24.415027894481134751 
 57.368837135530192484 46.575790607141620114 24.415027894481134751 
 249.3688371355302138 110.57579060714162722 24.415027894481134751 
 57.368837135530192484 110.57579060714162722 24.415027894481134751 
 249.3688371355302138 46.575790607141605904 24.415027894481134751 
 185.36883713553018538 174.57579060714161301 24.415027894481134751 
 121.36883713553022801 238.57579060714161301 24.415027894481134751 
 185.3688371355302138 238.57579060714161301 24.415027894481134751 
 121.36883713553022801 174.57579060714161301 24.415027894481134751 
 57.368837135530192484 174.57579060714161301 24.415027894481134751 
 249.3688371355302138 238.57579060714158459 24.415027894481134751 
 57.368837135530192484 238.57579060714161301 24.415027894481134751 
 249.3688371355302138 174.57579060714161301 24.415027894481134751 
