 196.13697570688577798 31.043185547107896127 23.018709049395098987 
 165.21452786084469722 98.163492105869977422 23.018709049395098987 
 91.625413348136873992 91.382964208359979352 23.018709049395098987 
 60.702965502095750594 158.50327076712204644 23.018709049395098987 
 238.8036423735524636 104.9440200033799897 23.018709049395098987 
 207.88119452751135441  172.064326562142071 23.018709049395098987 
 134.29208001480353118 165.28379866463205872 23.018709049395098987 
  103.369632168762422 232.40410522339414001 23.018709049395098987 
 122.54786119417799739 24.262657649597866083 23.018709049395098987 
 176.9587466814702168 239.18463312090415229 23.018709049395098987 
 18.036298835429050769 84.60243631084993865 23.018709049395098987 
