 229.54819250469356007 65.761208206625070716 23.018709049395098987 
 169.20841384344151948 108.42787487329174212 23.018709049395098987 
 108.86863518218945046 65.761208206625070716 23.018709049395098987 
 48.528856520937402763 108.42787487329174212 23.018709049395098987 
 229.54819250469356007 151.09454153995841352 23.018709049395098987 
 169.20841384344151948 193.76120820662507072 23.018709049395098987 
 108.86863518218945046 151.09454153995841352 23.018709049395098987 
 48.528856520937402763 193.76120820662507072 23.018709049395098987 
 229.54819250469356007 236.42787487329172791 23.018709049395098987 
 169.20841384344151948 23.09454153995837089 23.018709049395098987 
 108.86863518218945046 236.42787487329172791 23.018709049395098987 
 48.528856520937402763 23.09454153995837089 23.018709049395098987 
