 141.28296709469674397 67.07476266243571672 22.896389795781352916 
 186.53780109063578152 112.32959665837475427 22.896389795781352916 
 141.28296709469674397 157.58443065431379182 22.896389795781352916 
 96.028133098757706421 112.32959665837475427 22.896389795781352916 
 50.773299102818661765 157.58443065431379182 22.896389795781352916 
 96.028133098757706421 202.83926465025285779 22.896389795781352916 
 231.79263508657479065 67.07476266243571672 22.896389795781352916 
 186.5378010906357531 21.819928666496675618 22.896389795781352916 
 231.79263508657481907 157.58443065431379182 22.896389795781352916 
 96.028133098757706421 21.819928666496704039 22.896389795781352916 
 50.773299102818668871 67.074762662435745142 22.896389795781352916 
 186.53780109063578152 202.83926465025285779 22.896389795781352916 
 141.28296709469674397 248.09409864619189534 22.896389795781352916 
 5.5184651068796437556 112.32959665837478269 22.896389795781352916 
