 185.08010042080283597 58.773386552192832255 18.683632864102694526 
 142.41258042080281143 119.11360855316891616 18.683632864102694526 
 227.7463404208028237 179.4538305541450427 18.683632864102694526 
 163.7463404208028237 179.4538305541450427 18.683632864102694526 
 121.08010042080283597 58.773386552192832255 18.683632864102694526 
 206.41258042080286828 119.11360855316891616 18.683632864102694526 
 57.080100420802864392 58.773386552192832255 18.683632864102694526 
 14.412580420802843406 119.11360855316891616 18.683632864102694526 
 99.746340420802837912 179.4538305541450427 18.683632864102694526 
 35.746340420802852123 179.4538305541450427 18.683632864102694526 
 249.08010042080283597 58.773386552192832255 18.683632864102694526 
 78.412580420802882486 119.11360855316891616 18.683632864102694526 
