 173.63453517021275729 119.03911632303724843 18.683632864102694526 
 106.51326793324410858 149.96152144587526323 18.683632864102694526 
 150.24436089320042242 244.88456656871323958 18.683632864102694526 
 94.818735050996380664  212.884566568713268 18.683632864102694526 
 118.20890932800868711 87.039116323037262646 18.683632864102694526 
 161.93889377544817876 181.96152144587526323 18.683632864102694526 
 62.783283485804609825 55.03911632303725554 18.683632864102694526 
 217.36451961765223473 213.9615214458752348 18.683632864102694526 
 39.393109208792303377  180.884566568713268 18.683632864102694526 
 229.06016101241684169 151.03911632303726265 18.683632864102694526 
 51.087642091040031289 117.96152144587529165 18.683632864102694526 
