 145.8088850772820706 168.42517109325194724 18.683632864102694526 
 72.21895995444405969 161.64412585725938243 18.683632864102694526 
 219.39033216725323427 175.2096331071132056 18.683632864102694526 
 187.39033216725323427 119.78400726490913542 18.683632864102694526 
 113.80888507728204218 112.99954525104787706 18.683632864102694526 
 104.21895995444408811 217.06975169946346682 18.683632864102694526 
 81.808885077282042175 57.573919408843821088 18.683632864102694526 
 155.39033216725323427 64.358381422705079444 18.683632864102694526 
 123.39033216725323427 8.9327555805010092627 18.683632864102694526 
 177.80888507728204218 223.85079693545600321 18.683632864102694526 
 40.218959954444073901 106.21850001505534067 18.683632864102694526 
