 57.288277022055318355 240.7209150254036274 20.833023366644763286 
 98.510741105642594562 176.7209150254036274 20.833023366644763286 
 57.288277022055318355 112.72091502540359897 20.833023366644763286 
 98.510741105642594562 48.720915025403591869 20.833023366644763286 
 139.73320518922986366 240.7209150254036274 20.833023366644763286 
 180.9556692728171754 176.7209150254036274 20.833023366644763286 
 139.73320518922986366 112.72091502540359897 20.833023366644763286 
 180.9556692728171754 48.720915025403591869 20.833023366644763286 
 222.17813335640445871 240.7209150254036274 20.833023366644763286 
 16.065812938468013726 176.7209150254036274 20.833023366644763286 
 222.17813335640445871 112.72091502540359897 20.833023366644763286 
 16.065812938468013726 48.720915025403591869 20.833023366644763286 
