 126.0082377143074126 27.864477283412824704 20.833023366644763286 
 190.00823771430739839 69.086941367000108016 20.833023366644763286 
 254.00823771430742681 27.864477283412814046 20.833023366644763286 
 62.008237714307426813 69.086941367000108016 20.833023366644763286 
 126.0082377143074126 110.30940545058739133 20.833023366644763286 
 190.00823771430739839 151.53186953417468885 20.833023366644763286 
 254.00823771430742681 110.30940545058739133 20.833023366644763286 
 62.008237714307426813 151.53186953417468885 20.833023366644763286 
 126.0082377143074126 192.75433361776197216 20.833023366644763286 
 190.00823771430742681 233.9767977013492839 20.833023366644763286 
 254.00823771430742681 192.75433361776194374 20.833023366644763286 
 62.008237714307441024 233.9767977013492839 20.833023366644763286 
