 86.983155513010927962 203.56466695513526588 18.501472609233061917 
 206.51785792723327972 26.242930061707433254 18.501472609233061917 
 118.74079621450214006 24.833028168495232535 18.501472609233061917 
 101.81050729409187738 113.59769396683142872 18.501472609233061917 
 110.27501175429702585 69.216469580180159937 18.501472609233061917 
 93.346002833886757344 157.97891835348269751 18.501472609233061917 
 7.6705982604849562989 157.77354067527181769 18.501472609233061917 
 198.05335346702810284 70.624154448358709146 18.501472609233061917 
 181.12306454661785438 159.38882024669490534 18.501472609233061917 
 189.58756900682297442 115.00759586004363655 18.501472609233061917 
 172.65856008641273434 203.77004463334617412 18.501472609233061917 
