 17.001192699692463606 168.71924047648153078 18.501472609233061917 
 230.33367269969249946 183.57846095429724187 18.501472609233061917 
 187.66615269969247493 106.85634469491157006 18.501472609233061917 
 102.3285526996924375 136.57661729559416131 18.501472609233061917 
 144.99607269969243362 121.71648099525286568 18.501472609233061917 
 59.661032699692427173 151.43675359593547114 18.501472609233061917 
 17.001192699692463606 77.136987916754577554 18.501472609233061917 
 230.33367269969249946 91.996208394570302858 18.501472609233061917 
 187.66615269969247493 198.4385972546385517 18.501472609233061917 
 102.3285526996924375 44.994364735867193872 18.501472609233061917 
 144.99607269969243362 213.29873355497983312 18.501472609233061917 
 59.661032699692420067 59.854501036208510811 18.501472609233061917 
