 26.560892641011989213 60.614229578913715102 31.291244130369616272 
 69.227559307678660616 120.9540082401657628 31.291244130369616272 
 26.560892641011989213 181.29378690141780339 31.291244130369616272 
 69.227559307678660616 241.63356556266987241 31.291244130369616272 
 111.89422597434531781 60.614229578913715102 31.291244130369616272 
 154.56089264101200342 120.9540082401657628 31.291244130369616272 
 111.89422597434531781 181.29378690141780339 31.291244130369616272 
 154.56089264101200342 241.63356556266987241 31.291244130369616272 
 197.22755930767866062 60.614229578913715102 31.291244130369616272 
 239.89422597434531781 120.9540082401657628 31.291244130369616272 
 197.22755930767866062 181.29378690141780339 31.291244130369616272 
 239.89422597434531781 241.63356556266987241 31.291244130369616272 
