 69.454352572209643313 59.081035800251136436 31.291244130369616272 
 12.624433422406664107 106.32184043734629597 31.291244130369616272 
 38.22018478260420693 175.64853692318990852 31.291244130369616272 
 126.28427172201260476 11.84023116315596269 31.291244130369616272 
 151.88002308221012981 81.166927648999561029 31.291244130369616272 
 95.050103932407168372 128.40773228609475609 31.291244130369616272 
 120.64585529260470764 197.73442877193832601 31.291244130369616272 
 208.70994223201307705 33.926123011904394389 31.291244130369616272 
 234.30569359221061632 103.25281949774799273 31.291244130369616272 
 177.47577444240766908 150.49362413484317358 31.291244130369616272 
 203.07152580260515151 219.82032062068677192 31.291244130369616272 
