 142.92944464398746618 53.523470229655565333 31.291244130369616272 
 95.688640006892299539 110.35338937945853388 31.291244130369616272 
  26.3619435210487012  84.7576380192609804 31.291244130369616272 
 212.25614112983106452 79.119221589853111709 31.291244130369616272 
 165.01533649273591209 135.94914073965605894 31.291244130369616272 
 117.77453185564073124 192.77905988945900617 31.291244130369616272 
 48.447835369797147109 167.18330852926149532 31.291244130369616272 
 234.34203297857951043 161.54489209985359821 31.291244130369616272 
 187.10122834148432958 218.37481124965654544 31.291244130369616272 
 73.60274815814385363 27.927718869458011852 31.291244130369616272 
 70.533727218545578808 249.6089790392619534 31.291244130369616272 
