 130.21259420755069414 94.055079596808056408 25.398214814666058459 
 73.381736056278612068 141.29609160827399705 25.398214814666058459 
 140.19062005506492596 221.6662726812402866 25.398214814666058459 
 78.371367172564561088 205.10185379467901612 25.398214814666058459 
 68.393341325050357682 77.490660710246743292 25.398214814666058459 
 135.20098893877900537 157.86051049483532438 25.398214814666058459 
 253.85109997255148073 127.18391736993071106 25.398214814666058459 
 197.02024182127937024 174.42492938139665171 25.398214814666058459 
 16.55211429006416779 188.53743490811766037 25.398214814666058459 
 202.00987293756529084 238.23069156780164235 25.398214814666058459 
 192.03184709005108743 110.61949848336939795 25.398214814666058459 
 11.562483173778279166 124.73167272171269815 25.398214814666058459 
