 118.49839392101020508 180.54954770876088332 25.398214814666058459 
 108.51678922576554953 52.946765525660651974 25.398214814666058459 
 175.32567322455184922 133.31694659862696994 25.398214814666058459 
 113.50642034205151276 116.75252771206565683 25.398214814666058459 
 56.679141038509847306 163.98512882219958442 25.398214814666058459 
 170.33604210826592862 69.511184412221979301 25.398214814666058459 
 232.15529499076629349 86.075603298783306627 25.398214814666058459 
 51.687167459551083937 100.18810882550431529 25.398214814666058459 
 237.14492610705227094 149.88136548518829727 25.398214814666058459 
 180.31764680351059837 197.11396659532223907 25.398214814666058459 
 46.697536343265241499 36.382346639099345964 25.398214814666058459 
