 158.60156275836399686 66.628113890019420751 25.398214814666058459 
 85.764089874759463328 79.124601316798688799 25.398214814666058459 
 103.43719007971293422 182.13166183213596128 25.398214814666058459 
 58.182356083773896671 136.87682783619692373 25.398214814666058459 
 113.34672876242497352 21.373279894080411623 25.398214814666058459 
 131.0189238706985293 124.37943531273772635 25.398214814666058459 
 249.11123075024210038 157.13778188189752427 25.398214814666058459 
 176.27375786663756685 169.63426930867677811 25.398214814666058459 
 12.927522087834862674 91.621993840257886177 25.398214814666058459 
 148.69202407565200019 227.38649582807502725 25.398214814666058459 
 203.85639675430303441 111.8829478859584583 25.398214814666058459 
 221.52859186257663282 214.88910330461584408 25.398214814666058459 
