 195.21694917256832014 165.87548598323536453 25.398214814666058459 
 125.8896035945169416 140.27902511109675743 25.398214814666058459 
 89.691427077965983017 238.32230638901654629 25.398214814666058459 
 73.127008191404641479 176.50305350651618141 25.398214814666058459 
 178.65253028600696439 104.05623310073499965 25.398214814666058459 
 142.45402248107828314 202.09827799359717915 25.398214814666058459 
 162.08811139944566548 42.236980218234648987 25.398214814666058459 
 92.760765821394286945 16.640519346096013464 25.398214814666058459 
 56.562589304843328364 114.68380062401581654 25.398214814666058459 
 39.998170418282001037 52.864547741515451662 25.398214814666058459 
 211.78136805912961904 227.69473886573575783 25.398214814666058459 
 109.32518470795561427 78.459772228596435184 25.398214814666058459 
