 69.33589047311596687 113.0058345282059804 25.398214814666058459 
 190.00728389429704634 70.338314528205984288 25.398214814666058459 
 129.66706189332094823 155.67207452820599656 25.398214814666058459 
 129.66706189332094823 91.672074528205982347 25.398214814666058459 
 69.33589047311596687 49.00583452820598751 25.398214814666058459 
 190.00728389429704634 134.33831452820598429 25.398214814666058459 
 69.335890473115981081 241.00583452820603725 25.398214814666058459 
 190.00728389429704634 198.33831452820598429 25.398214814666058459 
 129.66706189332094823 27.67207452820596103 25.398214814666058459 
 129.66706189332094823 219.67207452820602498 25.398214814666058459 
 69.33589047311596687 177.00583452820600883 25.398214814666058459 
 190.00728389429701792 6.3383145282060393555 25.398214814666058459 
