 47.45071913001536501 204.0948703566623692 28.32005994517345826 
 103.83298069818718545 152.94477626504905743 28.32005994517345826 
 80.579556903138026769 80.456364591661639452 28.32005994517345826 
 136.96181847130984011 29.306270500048274386 28.32005994517345826 
 127.08640449323632993 225.43318793843639014 28.32005994517345826 
 183.46866606140815747 174.28309384682307837 28.32005994517345826 
  160.215242266359013 101.7946821734356746 28.32005994517345826 
 216.59750383453081213 50.644588081822313086 28.32005994517345826 
 206.72208985645730195 246.7715055202104395 28.32005994517345826 
 24.197295334966167246 131.60645868327500807 28.32005994517345826 
 239.85092762957998502 123.13299975520969554 28.32005994517345826 
 57.326133108088825452 7.9679529182742356852 28.32005994517345826 
