 59.03862498301527495 125.51446822087294208 28.32005994517345826 
 115.42088655118708118 74.364374129259587676 28.32005994517345826 
 92.167462756137936708 1.8759624558722278742 28.32005994517345826 
 82.292048778064426529 198.00287989426033164 28.32005994517345826 
 138.67431034623623987 146.85278580264696302 28.32005994517345826 
 195.05657191440806741 95.702691711033622823 28.32005994517345826 
 171.80314811935889452 23.214280037646254584 28.32005994517345826 
 161.92773414128544118 219.34119747603435258 28.32005994517345826 
 218.30999570945724031 168.19110338442101238 28.32005994517345826 
 35.785201187966066527 53.026056547485538317 28.32005994517345826 
 251.43883348257986654 44.552597619420289732 28.32005994517345826 
 2.6563634148434220883 176.66456231248628228 28.32005994517345826 
