 97.138937041879003687 94.710515053040310818 28.32005994517345826 
 173.17579492587671552 98.410216156018506695 28.32005994517345826 
 207.99018872628712984 30.710515053040317923 28.32005994517345826 
 62.324543241468582266 162.41021615601852091 28.32005994517345826 
 138.36140112546627279 166.10991725899671678 28.32005994517345826 
 214.39825900946399884 169.80961836197491266 28.32005994517345826 
 249.21265280987441315 102.10991725899670257 28.32005994517345826 
 103.54700732505588689 233.80961836197491266 28.32005994517345826 
 179.58386520905358452 237.50931946495308011 28.32005994517345826 
 131.95333084228943221 27.010813950062111388 28.32005994517345826 
 21.102079157881281191 91.010813950062129152 28.32005994517345826 
