 62.09320978105578348 35.794362625364676944 28.32005994517345826 
 138.13006766505350242 39.49406372834285861 28.32005994517345826 
 27.278815980645379824 103.49406372834286572 28.32005994517345826 
 103.3156738646430739 107.19376483132106159 28.32005994517345826 
 179.35253174864078574 110.89346593429927168 28.32005994517345826 
 214.16692554905122847 43.193764831321054487 28.32005994517345826 
 68.501280064232673794 174.89346593429925747 28.32005994517345826 
 144.53813794823037142 178.59316703727745335 28.32005994517345826 
 220.57499583222806905 182.29286814025564922 28.32005994517345826 
 255.38938963263851178 114.59316703727745335 28.32005994517345826 
 109.72374414781997132 246.29286814025564922 28.32005994517345826 
