 78.788636758198052235 30.632625807696577169 28.32005994517345826 
  151.277048431585456 53.88604960274575717 28.32005994517345826 
 27.638542666584708485 87.014887375868397612 28.32005994517345826 
 100.12695433997210159 110.2683111709175563 28.32005994517345826 
 172.61536601335947694 133.5217349659667434 28.32005994517345826 
 223.76546010497284556 77.139473397794901643 28.32005994517345826 
 48.976860248358761396 166.65057273908939806 28.32005994517345826 
 121.46527192174613674 189.90399653413854253 28.32005994517345826 
 193.9536835951335263 213.15742032918771542 28.32005994517345826 
 245.10377768674689491 156.77515876101588788 28.32005994517345826 
 70.315177830132782333 246.28625810231037008 28.32005994517345826 
