 36.002278518328509449 39.717098594394599331 15.244190031929596429 
 12.063965420869379841 112.91195312668544659 15.244190031929596429 
 51.696378443548923087 86.658920144849972189 15.244190031929596429 
 19.802283563781941211 198.16991293802905716 15.244190031929596429 
 135.48705559149104261 29.556090124013621789 15.244190031929596429 
 95.091273245650398849 106.3300375585039319 15.244190031929596429 
 131.80598676057704211 74.928368365315122901 15.244190031929596429 
 180.35880038603926323 10.850348315591830328 15.244190031929596429 
 75.440053886769874225 199.81014791876583558 15.244190031929596429 
 103.40395914145301504 156.36148323961251094 15.244190031929596429 
 177.73740371660051096 84.152980533851618361 15.244190031929596429 
 212.43785480536621435 49.889396202550599924 15.244190031929596429 
 150.73049618629960378 162.42087653164750805 15.244190031929596429 
 103.26949409584423734 243.22670353044867397 15.244190031929596429 
 183.12633595255027785 127.30227610264103077 15.244190031929596429 
 180.52306063975154871 197.7831212104983365 15.244190031929596429 
 226.4529033952409236  139.962139974341369 15.244190031929596429 
 186.04621994381795957 242.5034486775586231 15.244190031929596429 
 223.54131353337155019 184.04644154590147309 15.244190031929596429 
