 35.666322355485604589 75.39275173755436299 15.244190031929596429 
 105.37136330589174804 14.089839267781712806 15.244190031929596429 
 80.653265317468665785 90.958520850196748597 15.244190031929596429 
 17.436476995352407471 178.09417011542896603 15.244190031929596429 
 112.57976416960055133 58.306602730514725863 15.244190031929596429 
 180.77495232340748998 21.033232016401967712 15.244190031929596429 
 98.537265227353714181 135.10124436371856405 15.244190031929596429 
  68.2374337637087649 172.68481191952554354 15.244190031929596429 
 157.99239968706964987 60.670410708651303366 15.244190031929596429 
 85.756748122302397519 215.83806933667057137 15.244190031929596429 
 146.95767150798010903 136.62984056254637721 15.244190031929596429 
 176.93327020311554065 99.169460635276607263 15.244190031929596429 
 180.12054447182310923 169.63357966421807532 15.244190031929596429 
 224.71398717447434024 104.1970712188145427 15.244190031929596429 
 133.32872038770716472 234.09571635673199808 15.244190031929596429 
 222.69966190642915649 148.63830492603872813 15.244190031929596429 
 182.07510752012467492 214.90929715796309551 15.244190031929596429 
