 24.490047466630244344 41.537180315591839985 15.244190031929596429 
 105.58104068724641422 3.2707086099224937925 15.244190031929596429 
 71.930679115724416306 36.359692674983051575 15.244190031929596429 
 153.81928610517300626 9.1985685417478748604 15.244190031929596429 
 15.087369545030924201 90.846656428175720066 15.244190031929596429 
 88.352587107092830365 77.18131967325456344 15.244190031929596429 
 167.48995008853228228 53.833781134128074086 15.244190031929596429 
 58.578683104194197995 112.39681320055575497 15.244190031929596429 
 132.60349493684748268 84.949020315436996498 15.244190031929596429 
 212.93461376233790361 68.752775550039160635 15.244190031929596429 
 89.036351398631097709 150.51334616660017218 15.244190031929596429 
 133.08560138093329783 130.42526917125002228 15.244190031929596429 
 31.397531261246399481 208.96138920032569786 15.244190031929596429 
 213.96757775085239928 116.78979366053522426 15.244190031929596429 
 77.435172584488810799 195.92645903281402298 15.244190031929596429 
 175.48507772672746796 145.56194041648029724 15.244190031929596429 
 254.75001382281348583  138.922148993601553 15.244190031929596429 
 177.15144167896107774 190.75869544565020419 15.244190031929596429 
 108.6980172011106589 234.8680622979342445 15.244190031929596429 
 152.37236595413943974 229.3609093256624476 15.244190031929596429 
