 133.13101609908341061 35.577298348738665368 14.333982164484812216 
 47.797682765750082012 35.577298348738665368 14.333982164484812216 
 111.79768276575008201 72.526992754004311337 14.333982164484812216 
 69.131016099083410609 72.526992754004325548 14.333982164484812216 
 5.131016099083431925 35.577298348738679579 14.333982164484812216 
 175.7976827657500678 35.577298348738665368 14.333982164484812216 
 239.7976827657500678 72.526992754004297126 14.333982164484812216 
 197.13101609908341061 72.526992754004297126 14.333982164484812216 
 133.13101609908341061 109.47668715926992888 14.333982164484812216 
 47.797682765750082012 109.47668715926992888 14.333982164484812216 
 111.79768276575008201 146.42638156453557485 14.333982164484812216 
 69.131016099083410609 146.42638156453557485 14.333982164484812216 
 5.131016099083431925 109.47668715926994309 14.333982164484812216 
 175.7976827657500678 109.47668715926992888 14.333982164484812216 
 239.7976827657500678 146.42638156453557485 14.333982164484812216 
 197.13101609908341061 146.42638156453557485 14.333982164484812216 
 133.13101609908341061 183.37607596980120661 14.333982164484812216 
 47.797682765750082012 183.37607596980120661 14.333982164484812216 
 111.79768276575008201 220.32577037506683837 14.333982164484812216 
 69.131016099083410609 220.32577037506683837 14.333982164484812216 
 5.131016099083431925 183.37607596980120661 14.333982164484812216 
 175.7976827657500678 183.37607596980120661 14.333982164484812216 
 239.7976827657500678 220.32577037506680995 14.333982164484812216 
 197.13101609908341061 220.32577037506683837 14.333982164484812216 
