 41.389552165326762179 160.48151681364453225 13.029222249512477205 
 41.389552165326762179 111.21429384279643671 13.029222249512477205 
 84.056218831993419371 185.11512829906854449 13.029222249512477205 
 84.056218831993419371 86.580682357372424462 13.029222249512477205 
 126.72288549866010499 160.48151681364453225 13.029222249512477205 
 126.72288549866010499 111.21429384279643671 13.029222249512477205 
 169.38955216532676218 185.11512829906854449 13.029222249512477205 
 169.38955216532676218 86.580682357372424462 13.029222249512477205 
 212.05621883199344779 160.48151681364453225 13.029222249512477205 
 212.05621883199344779 111.21429384279643671 13.029222249512477205 
 254.72288549866013341 185.11512829906854449 13.029222249512477205 
 254.72288549866013341 86.580682357372424462 13.029222249512477205 
