 155.49421349693491834 184.86986475241741346 11.327048159668372307 
 112.82754683026824694 215.03975408304341954 11.327048159668372307 
 155.49421349693491834 245.20964341366945405 11.327048159668372307 
 198.16088016360157553 215.03975408304341954 11.327048159668372307 
 70.160880163601589743 124.53008609116535865 11.327048159668372307 
 70.160880163601589743 184.86986475241741346 11.327048159668372307 
 155.49421349693491834 124.53008609116535865 11.327048159668372307 
 112.82754683026824694 94.360196760539309935 11.327048159668372307 
 112.82754683026824694 154.69997542179137895 11.327048159668372307 
 198.16088016360157553 94.360196760539309935 11.327048159668372307 
 198.16088016360157553 154.69997542179137895 11.327048159668372307 
 240.82754683026826115 124.53008609116535865 11.327048159668372307 
 240.82754683026826115 184.86986475241741346 11.327048159668372307 
 155.49421349693491834 64.190307429913289639 11.327048159668372307 
