 127.40906581462841984 161.03799235333147521 11.327048159668372307 
 78.387688612226810392 179.13692170969193285 11.327048159668372307 
 111.79198191982568744 219.32174291480086481 11.327048159668372307 
 160.81335912222732532 201.22281355844040718 11.327048159668372307 
 60.600479199430630217 80.668349943113668132 11.327048159668372307 
 44.983395304627919131 138.95210050458302931 11.327048159668372307 
 143.02614970943113804 102.75424179186211404 11.327048159668372307 
 109.62185640183223256 62.569420586753196289 11.327048159668372307 
 94.004772507029528583 120.85317114822255746 11.327048159668372307 
 192.04752691183273328 84.655312435501627988 11.327048159668372307 
 176.43044301703000087 142.93906299697098916 11.327048159668372307 
 225.45182021943165296 124.84013364061054574 11.327048159668372307 
 209.83473632462892056 183.12388420207992112 11.327048159668372307 
 158.64323360423384202 44.47049123039270313 11.327048159668372307 
