 124.45402593864700691 203.77330079948555408 11.327048159668372307 
 72.41866404519795708 208.5678580558394799 11.327048159668372307 
 94.284136608020986614 256.02908197886006292 11.327048159668372307 
 146.31949850147003644 251.2345247225061371 11.327048159668372307 
 80.72308081300091942 108.8508529534444591 11.327048159668372307 
 50.553191482374899124 161.10663413281892531 11.327048159668372307 
 154.62391526927302721 151.51751962011110209 11.327048159668372307 
 132.75844270644998346 104.05629569709053328 11.327048159668372307 
 102.58855337582396317 156.31207687646499949 11.327048159668372307 
 206.65927716272210546 146.72296236375720468 11.327048159668372307 
 176.48938783209607095 198.9787435431316851 11.327048159668372307 
 228.5247497255451492 194.1841862867777877 11.327048159668372307 
 198.35486039491914312 246.43996746615223969 11.327048159668372307 
 184.79380459989906171 99.26173844073663588 11.327048159668372307 
