 162.36432120440849758 111.61829678413275246 11.327048159668372307 
 110.10854002503403137 141.78818611475875855 11.327048159668372307 
 140.27842935566005167 194.04396729413321054 11.327048159668372307 
 192.53421053503450366 163.87407796350720446 11.327048159668372307 
 79.938650694407996866 89.532404935384306555 11.327048159668372307 
 68.895704770033773912 130.74524019038454981 11.327048159668372307 
 57.852758845659565168 171.95807544538476463 11.327048159668372307 
 173.40726712878270632 70.405461529132495002 11.327048159668372307 
 132.19443187378246307 59.362515604758279153 11.327048159668372307 
 121.15148594940824012 100.57535085975852951 11.327048159668372307 
 151.32137528003426041 152.83113203913299571 11.327048159668372307 
 99.065594100659808419 183.0010213697590018 11.327048159668372307 
 129.23548343128584293 235.25680254913351064 11.327048159668372307 
 88.022648176285585464 224.21385662475927347 11.327048159668372307 
 214.62010238378294957 81.448407453506703746 11.327048159668372307 
 203.57715645940871241 122.66124270850696121 11.327048159668372307 
 244.78999171440898408 133.70418863288119837 11.327048159668372307 
 233.74704579003474691 174.91702388788144162 11.327048159668372307 
 181.4912646106602665 205.08691321850744771 11.327048159668372307 
 222.70409986566053817 216.12985914288165645 11.327048159668372307 
 170.44831868628608618 246.29974847350771938 11.327048159668372307 
