 173.92204702855377718 144.70387536805850459 11.327048159668372307 
 115.63829646708437338 129.08679147325580061 11.327048159668372307 
 100.02121257228168361 187.37054203472516178 11.327048159668372307 
 158.30496313375104478 202.98762592952789419 11.327048159668372307 
 131.25538036188709157 70.803040911786411016 11.327048159668372307 
 94.304963133751044779 92.136374245119753823 11.327048159668372307 
 57.354545905615012202 113.46970757845306821 11.327048159668372307 
 210.87246425668979555 123.37054203472517599 11.327048159668372307 
 189.53913092335645274 86.420124806589114996 11.327048159668372307 
 152.58871369522043437 107.7534581399224578 11.327048159668372307 
 136.97162980041770197 166.0372087013918474 11.327048159668372307 
 78.687879238948340799  150.420124806589115 11.327048159668372307 
 63.070795344145622607 208.70387536805850459 11.327048159668372307 
  41.7374620108122798 171.7534581399224578 11.327048159668372307 
 232.2057975900231952 160.32095926286123699 11.327048159668372307 
 195.25538036188711999 181.6542925961945798 11.327048159668372307 
 216.5887136952204628 218.60470982433062659 11.327048159668372307 
 179.63829646708441601 239.9380431576639694 11.327048159668372307 
 121.35454590561504062 224.32095926286123699 11.327048159668372307 
 84.404128677478965415 245.6542925961945798 11.327048159668372307 
