                    1 80.03436800000000062 13.320608635770005534 
 4.6956160000000632948 243.36774399999995921 13.320608635770005534 
 11.919167999999990215 176.45702400000010357 13.320608635770005534 
 25.254719999999998947 32.069183999999950174 13.320608635770005534 
 35.61043200000013087 72.178496000000080812 13.320608635770005534 
 52.769088000000103023 13.474367999999959267 13.320608635770005534 
 51.938624000000075398  189.411391999999978 13.320608635770005534 
 60.114240000000151554 230.10438400000003867 13.320608635770005534 
 71.125312000000036505 93.534272000000058256 13.320608635770005534 
 83.067200000000141813 31.118656000000008532 13.320608635770005534 
 84.083264000000141891 167.96576000000004569 13.320608635770005534 
 92.318016000000085342 128.75705600000000572 13.320608635770005534 
 92.586048000000204183 247.84313600000004385 13.320608635770005534 
 94.876992000000157645 65.423935999999955015 13.320608635770005534 
 107.75481600000011895 6.2113919999999778199 13.320608635770005534 
 118.2369920000001855 186.81401600000009466 13.320608635770005534 
 122.27846400000007066  224.182848000000007 13.320608635770005534 
 131.83929600000018922 62.570816000000014867 13.320608635770005534 
 131.99622400000015432 127.13760000000002037 13.320608635770005534 
 138.29894400000020482 25.401920000000064448 13.320608635770005534 
 151.60659200000017677 93.953856000000087079 13.320608635770005534 
 149.05120000000016489 163.41100800000003801 13.320608635770005534 
 156.03436800000008589 239.90534399999995685 13.320608635770005534 
 163.44070400000009613                    1 13.320608635770005534 
 189.01740800000015952 218.92076799999995274 13.320608635770005534 
 186.56800000000012574 177.65996799999993527 13.320608635770005534 
 188.75577600000005418 87.819839999999928182 13.320608635770005534 
 196.03206400000007648 15.986751999999977869 13.320608635770005534 
 203.64012800000008951 51.397440000000095495 13.320608635770005534 
 220.5614720000000375 242.87315199999994775 13.320608635770005534 
 217.40243200000014667 112.79571200000009412 13.320608635770005534 
 220.46009600000007822 152.52665600000000268 13.320608635770005534 
 240.3413120000001868 52.392000000000010118 13.320608635770005534 
 247.18393600000007382 88.405312000000051853 13.320608635770005534 
