 161.75981651938653272 138.10464076333116168 11.327048159668372307 
 119.09314985271987553 95.437974096664476065 11.327048159668372307 
 76.426483186053204122 138.10464076333116168 11.327048159668372307 
 119.09314985271987553 180.77130742999781887 11.327048159668372307 
 161.75981651938653272 52.771307429997825977 11.327048159668372307 
 119.09314985271987553 52.771307429997825977 11.327048159668372307 
 76.426483186053204122 52.771307429997825977 11.327048159668372307 
 204.42648318605321833 138.10464076333116168 11.327048159668372307 
 204.42648318605321833 95.437974096664476065 11.327048159668372307 
 161.75981651938653272 95.437974096664476065 11.327048159668372307 
 119.09314985271987553 138.10464076333116168 11.327048159668372307 
 76.426483186053204122 95.437974096664476065 11.327048159668372307 
 33.759816519386518507 138.10464076333116168 11.327048159668372307 
 33.759816519386518507 95.437974096664476065 11.327048159668372307 
 204.42648318605321833 180.77130742999781887 11.327048159668372307 
 161.75981651938653272 180.77130742999781887 11.327048159668372307 
 161.75981651938653272 223.43797409666450449 11.327048159668372307 
 119.09314985271987553 223.43797409666450449 11.327048159668372307 
 76.426483186053204122 180.77130742999781887 11.327048159668372307 
 76.426483186053218333 223.43797409666450449 11.327048159668372307 
 33.759816519386518507 180.77130742999781887 11.327048159668372307 
