 23.604782761786189837 39.951322407000226633 13.320608635770005534 
 13.027938242027243376 122.86132338385716878 13.320608635770005534 
 14.683431981101353614 161.65273395486630648 13.320608635770005534 
 58.815398895536631585 47.648702312218311761 13.320608635770005534 
 46.591467826068935665 112.33804815283937728 13.320608635770005534 
 80.99007018834988969 17.711061177154828528 13.320608635770005534 
 65.871428952855467287 82.054386534708754652 13.320608635770005534 
 51.205850763697881689 173.27130884820121537 13.320608635770005534 
 68.329206740825526367 141.54472640989487786 13.320608635770005534 
 118.56485246756535901 12.94038976001086283 13.320608635770005534 
 99.707702826848844779 91.733539777575401786 13.320608635770005534 
 61.792753935513175634 238.18355206920188039 13.320608635770005534 
 73.613717661581489438 203.39539283204399567 13.320608635770005534 
 101.17225644833607134 129.26922355684345689 13.320608635770005534 
 131.48658283697602656 75.057761800674185793 13.320608635770005534 
 145.59673066268851471 39.346339583073607571 13.320608635770005534 
 113.75456396648920077 205.53548211631647291 13.320608635770005534 
 134.28075726426541792 142.42113048406650933 13.320608635770005534 
 149.58217315311918583 107.8255898727216362 13.320608635770005534 
 185.12162192355995671 32.852593153103690327 13.320608635770005534 
 141.2436314139999638 179.66604045486278096 13.320608635770005534 
 121.97705564952249802 243.45820500953769283 13.320608635770005534 
 182.23331232661135459 102.19996605180827487 13.320608635770005534 
 197.30418881117924457 67.979158159760089575 13.320608635770005534 
 176.78665509588986993 193.81614088432647236 13.320608635770005534 
 202.48675813828126024 132.80371708575714251 13.320608635770005534 
 230.60939749295729939 79.138795902722847586 13.320608635770005534 
 188.46497615306907392 229.10946359771833158 13.320608635770005534 
 205.32244405942455501 169.33102028239221681 13.320608635770005534 
 232.30630387749789634 115.59763645921914588 13.320608635770005534 
 223.60259224692217117 233.34638959473090836 13.320608635770005534 
 241.71008096532378318 178.88785082391186165 13.320608635770005534 
