 15.735171908860525747 46.591810075591887141 13.320608635770005534 
  54.2477298538361552 43.541408365730056573 13.320608635770005534 
 131.74239691961184917 10.277853039288128656 13.320608635770005534 
 76.684401061017751999 72.95236684928630666 13.320608635770005534 
 194.38119635103245741 16.875658899625136655 13.320608635770005534 
 17.24443071076407108 113.01510060225923837 13.320608635770005534 
  139.933565871255297 48.95069863691524148 13.320608635770005534 
 113.7996292125078952 72.836880542177965481 13.320608635770005534 
 72.46071018492973792 109.80091805643678526 13.320608635770005534 
 47.011458253174268407 133.01245189601593211 13.320608635770005534 
 200.21733474717387935 52.08151160174556793 13.320608635770005534 
 172.12629622782105798 72.213964048852076871 13.320608635770005534 
 127.14025249436197385 106.49046187098547023 13.320608635770005534 
 101.39362578198820586 129.09092748164405862 13.320608635770005534 
 230.56963627126097549 70.873359008114746871 13.320608635770005534 
 54.550668538439573751 170.38557595904117647 13.320608635770005534 
 25.813930507625947541 190.64754164587515106 13.320608635770005534 
 155.94329460084446737 127.23887741195883905 13.320608635770005534 
 185.49909297550522069 110.01461225513291708 13.320608635770005534 
 111.97211853508986223 163.2041087975152891 13.320608635770005534 
 241.59184202490064308 106.34583474489663502 13.320608635770005534 
 87.054290538543710909 189.28005749323517648 13.320608635770005534 
 148.32884893495219103 162.36422904716079074 13.320608635770005534 
 217.78917344995664962 132.58996821737056848 13.320608635770005534 
 102.76008792245627887 223.41178293555398682 13.320608635770005534 
 167.63288249894918636 192.79860557101852692 13.320608635770005534 
 233.14351529667857221 169.59952121267380676 13.320608635770005534 
 140.71259324173161076 219.26979282306697883 13.320608635770005534 
 206.22347883329047136 197.54089351647880335 13.320608635770005534 
 153.85011963482634201 251.9270944216841599 13.320608635770005534 
