 97.375498275115390356 18.353780248450128454 13.320608635770005534 
 38.644099758630275687 49.838126018322462585 13.320608635770005534 
 35.500282889379299434 87.213995471087784495 13.320608635770005534 
 6.278211358032331546 109.37607487638288717 13.320608635770005534 
 112.5025793763093418 53.49212528593299254 13.320608635770005534 
 173.81759511937318052 28.52254381980509379 13.320608635770005534 
 95.804251567469833617 86.706093119582618556 13.320608635770005534 
 149.9940240747311293 56.35638035275847102 13.320608635770005534 
 63.986828403045798552 107.12028363288141009 13.320608635770005534 
 207.06973441214319109 37.441610535240080537 13.320608635770005534 
 117.65433907828976601 114.54809883814891691 13.320608635770005534 
 67.123063757826258779 146.02184261185499281 13.320608635770005534 
 15.657071798185892675 180.69094567582652644 13.320608635770005534 
 168.96626919968710467 88.844024842832922673 13.320608635770005534 
 221.56529483998210139 68.576433680442022478 13.320608635770005534 
 51.705857774460795895 180.24287453791095004 13.320608635770005534 
 151.97639338354412075 119.24338471498785452 13.320608635770005534 
 102.22265464843246718 145.93112535926661621 13.320608635770005534 
 203.88908263556851352 98.664080057028584747 13.320608635770005534 
 127.15780362043014406 169.81869427306529019 13.320608635770005534 
 160.32573163479244727 154.41270277572806435 13.320608635770005534 
 61.062644415042655055 218.01832839498041494 13.320608635770005534 
 225.01862226112962162 129.85684422904051871 13.320608635770005534 
 120.42086544510019053 203.79477506594346892 13.320608635770005534 
 94.648353617888872691 229.78331514254358581 13.320608635770005534 
 190.00874119455593814 174.70479945479092976 13.320608635770005534 
 225.02693572150337786 167.43002756479455684 13.320608635770005534 
 151.36831702678065881 218.76642157019205115 13.320608635770005534 
 184.55941058209472772 208.9552419667678862 13.320608635770005534 
 148.02449439432294298 252.86364687927658679 13.320608635770005534 
 251.60979731948378912 196.68185446306810604 13.320608635770005534 
