 175.58646967787279891 149.29765978666847559 11.631078214353077982 
 120.16084383566875715 181.29765978666844717 11.631078214353077982 
 131.36552421570701199 72.704735487464915877 11.631078214353077982 
 75.939898373502941809 104.70473548746493009 11.631078214353077982 
 246.39389727391622387 159.47892193627023971 11.631078214353077982 
 160.20466792403348677 107.11639763706671147 11.631078214353077982 
 104.77904208182941659 139.11639763706671147 11.631078214353077982 
 190.9682714317121679 191.47892193627026813 11.631078214353077982 
 64.73521799346468697 213.29765978666847559 11.631078214353077982 
 231.01209552007691173 117.29765978666847559 11.631078214353077982 
 20.514272531298871627 136.70473548746491588 11.631078214353077982 
 186.79115005791109638 40.704735487464908772 11.631078214353077982 
 135.5426455895080835 223.47892193627023971 11.631078214353077982 
 49.353416239625332196 171.11639763706673989 11.631078214353077982 
 215.63029376623754274 75.116397637066697257 11.631078214353077982 
 80.117019747303999111 255.47892193627029656 11.631078214353077982 
