 140.58346696867130277 149.13342719063118125 11.631078214353077982 
 76.583466968671274344 149.13342719063118125 11.631078214353077982 
 140.58346696867130277 60.691536266299564772 11.631078214353077982 
 76.583466968671274344 60.691536266299564772 11.631078214353077982 
 196.81386696867127739 193.35437265279696817 11.631078214353077982 
 148.35306696867129972 104.91248172846538012 11.631078214353077982 
 84.353066968671285508 104.91248172846538012 11.631078214353077982 
 132.81386696867130581 193.35437265279696817 11.631078214353077982 
 12.583466968671329411 149.13342719063118125 11.631078214353077982 
 204.58346696867130277 149.13342719063118125 11.631078214353077982 
 12.583466968671329411 60.691536266299571878 11.631078214353077982 
 204.58346696867130277 60.691536266299564772 11.631078214353077982 
 68.813866968671305813 193.35437265279696817 11.631078214353077982 
 20.353066968671285508 104.91248172846538012 11.631078214353077982 
 212.3530669686712713 104.91248172846538012 11.631078214353077982 
 4.8138669686712916018 193.35437265279696817 11.631078214353077982 
