 84.252519260606462126 23.993553448724078692 13.559251461492269897 
 20.251267270178651358 60.944693513870660695 13.559251461492269897 
 84.252206262999507658 60.944151386112771718 13.559251461492269897 
 52.251580267785605827 79.419721418686052061 13.559251461492269897 
 116.25314525582034264 5.5179834161507983481 13.559251461492269897 
 180.25408424864124868 5.5174412883928853901 13.559251461492269897 
 148.2534582534272829 23.993011320966211031 13.559251461492269897 
 116.25251926060649055 79.41917929092817019 13.559251461492269897 
 52.251267270178665569 116.37031935607474509 13.559251461492269897 
 116.25220626299952187 116.36977722831683479 13.559251461492269897 
 84.251580267785627143 134.84534726089015066 13.559251461492269897 
 20.250641274964749527 134.84588938864806096 13.559251461492269897 
 148.25314525582035685 60.943609258354882741 13.559251461492269897 
 212.2540842486412771 60.943067130596972447 13.559251461492269897 
 180.25345825342731132 79.418637163170274107 13.559251461492269897 
 148.25251926060647634 134.84480513313224037 13.559251461492269897 
 84.251267270178658464 171.79594519827878685 13.559251461492269897 
 148.25220626299952187 171.79540307052090498 13.559251461492269897 
 116.25158026778561293 190.27097310309420664 13.559251461492269897 
 52.250641274964756633 190.27151523085211693 13.559251461492269897 
 180.25314525582038527 116.36923510055895292 13.559251461492269897 
 244.25408424864122026 116.36869297280104263 13.559251461492269897 
 212.25345825342731132 134.84426300537433008 13.559251461492269897 
 180.25251926060650476 190.27043097533629634 13.559251461492269897 
 116.25126727017868689 227.22157104048289966 13.559251461492269897 
 180.25220626299952187 227.22102891272498937 13.559251461492269897 
 148.25158026778564135 245.69659894529826261 13.559251461492269897 
 84.250641274964777949 245.6971410730561729 13.559251461492269897 
 212.25314525582035685 171.7948609427630231 13.559251461492269897 
 244.25345825342733974 190.26988884757841447 13.559251461492269897 
