 156.85381364119811565 47.789360022404899553 13.559251461492269897 
 85.46969264169851499 66.916677596626371383 13.559251461492269897 
 147.28999283460387915 83.48081585721045883 13.559251461492269897 
 111.59793233485407882 93.044474644321212509 13.559251461492269897 
 49.777632141948721767 76.480336383737096639 13.559251461492269897 
 192.5458741409479444 38.225701235294181402 13.559251461492269897 
 40.213811335354471055 112.17179221854266302 13.559251461492269897 
 218.6741138341034798 64.353498282989008317 13.559251461492269897 
 173.4182325277594714 109.60861290490528575 13.559251461492269897 
 102.03411152825982811 128.73593047912675047 13.559251461492269897 
 163.85441172116520647 145.3000687397108095 13.559251461492269897 
 128.16235122141540614 154.86372752682157738 13.559251461492269897 
 66.342051028510041988 138.29958926623746152 13.559251461492269897 
 209.1102930275092433 100.04495411779454628 13.559251461492269897 
 56.778230221915798381 173.9910451010430279 13.559251461492269897 
 235.23853272066480713 126.17275116548937319 13.559251461492269897 
 189.9826514143207703 171.42786578740563641 13.559251461492269897 
 118.59853041482114122 190.55518336162711535 13.559251461492269897 
 180.4188306077265338 207.11932162221117437 13.559251461492269897 
 144.72677010797670505 216.68298040932191384 13.559251461492269897 
 82.906469915071383525 200.11884214873782639 13.559251461492269897 
 225.67471191407057063 161.86420700029492536 13.559251461492269897 
 73.342649108477118602 235.81029798354336435 13.559251461492269897 
 251.80295160722616288 187.99200404798972386 13.559251461492269897 
 206.54707030088212605 233.24711866990602971 13.559251461492269897 
 135.16294930138249697 252.37443624412750864 13.559251461492269897 
 130.72557394804255182 21.661562974710108165 13.559251461492269897 
 95.033513448292751491 31.22522176182084408 13.559251461492269897 
 242.23913080063189796 223.68345988279531866 13.559251461492269897 
 23.649392448793150834 50.352539336042305251 13.559251461492269897 
 202.10969494754215248 2.5342454004886389995 13.559251461492269897 
