 182.97702476301273578 42.235952863531352364 13.559251461492269897 
 111.59290376351313512 61.363270437752809983 13.559251461492269897 
 173.41320395641849927 77.927408698336904536 13.559251461492269897 
 137.72114345666869895 87.491067485447644003 13.559251461492269897 
   75.900843263763349 70.926929224863542345 13.559251461492269897 
 4.516722264263707487 90.05424679908502128 13.559251461492269897 
 66.337022457169084078 106.61838505966910873 13.559251461492269897 
 30.644961957419273091 116.18204384677983398 13.559251461492269897 
 199.5414436495740631 104.05520574603173145 13.559251461492269897 
 128.15732265007449087 123.18252332025319618 13.559251461492269897 
 189.9776228429798266 139.74666158083726941 13.559251461492269897 
 154.28556234323002627 149.31032036794800888 13.559251461492269897 
 92.465262150324676327 132.74618210736392143 13.559251461492269897 
 21.081141150825047248 151.87349968158540037 13.559251461492269897 
 82.901441343730425615 168.43763794216945939 13.559251461492269897 
 47.20938084398060397 178.00129672928019886 13.559251461492269897 
 216.10586253613541885 165.87445862853209633 13.559251461492269897 
 144.72174153663578977 185.00177620275354684 13.559251461492269897 
 206.54204172954118235 201.56591446333766271 13.559251461492269897 
 170.8499812297913536 211.12957325044834533 13.559251461492269897 
 109.02968103688598944 194.56543498986431473 13.559251461492269897 
 37.64556003738638168 213.69275256408576524 13.559251461492269897 
 99.465860230291752941 230.25689082466985269 13.559251461492269897 
 63.773799730541931297 239.82054961178059216 13.559251461492269897 
 232.67028142269674618 227.69371151103248962 13.559251461492269897 
 161.2861604231971171 246.82102908525399698 13.559251461492269897 
 156.84878506985717195 16.108155815836511238 13.559251461492269897 
 121.15672457010735741 25.671814602947247153 13.559251461492269897 
 125.59409992344733098 256.38468787236467961 13.559251461492269897 
 49.772603570607770962 44.79913217716871543 13.559251461492269897 
 14.080543070857954646 54.362790964279454897 13.559251461492269897 
