 105.76374260424039164 49.38514705168316965 12.324770803896580418 
 83.677850755491945733 131.81081756168367747 12.324770803896580418 
 135.93363193486641194 79.555036382309197052 12.324770803896580418 
 124.89068601049218898 120.7678716373094403 12.324770803896580418 
 72.63490483111773699 173.02365281668392072 12.324770803896580418 
 116.8066885286146146 8.1723117966829015302 12.324770803896580418 
 102.80479416174375729 203.19354214730995523 12.324770803896580418 
 91.761848237369548542 244.40637740231017005 12.324770803896580418 
 177.14646718986668361 68.512090457934974097 12.324770803896580418 
 155.0605753411182377 150.93776096793547481 12.324770803896580418 
 207.31635652049266128 98.681979788560994393 12.324770803896580418 
 196.27341059611845253 139.89481504356123764 12.324770803896580418 
 144.01762941674402896 192.15059622293568964 12.324770803896580418 
 188.18941311424089236 27.29925520293470953 12.324770803896580418 
 174.18751874737000662 222.32048555356175257 12.324770803896580418 
 248.52919177549290453 87.63903386418678565 12.324770803896580418 
 226.44329992674448704 170.06470437418727215 12.324770803896580418 
 64.550907349240162603 60.428092976057392605 12.324770803896580418 
 53.507961424865939648 101.64092823105762875 12.324770803896580418 
 215.40035400237024987 211.27753962918754382 12.324770803896580418 
 31.422069576117490186 184.06659874105812946 12.324770803896580418 
 20.37912365174327789 225.27943399605831587 12.324770803896580418 
