 60.731089090354366533 97.179090231480358852 12.324770803896580418 
 60.731089090354366533 182.51242356481367324 12.324770803896580418 
 97.681506318490406215 118.51242356481368745 12.324770803896580418 
 97.681506318490406215 161.17909023148035885 12.324770803896580418 
 60.731089090354366533 225.17909023148033043 12.324770803896580418 
 60.731089090354366533 54.51242356481370166 12.324770803896580418 
 97.681506318490406215 246.51242356481370166 12.324770803896580418 
 97.681506318490406215 33.179090231480351747 12.324770803896580418 
 134.63192354662646721 97.179090231480358852 12.324770803896580418 
 134.63192354662646721 182.51242356481367324 12.324770803896580418 
  171.582340774762514 118.51242356481368745 12.324770803896580418 
  171.582340774762514 161.17909023148035885 12.324770803896580418 
 134.63192354662646721 225.17909023148033043 12.324770803896580418 
 134.63192354662646721 54.51242356481370166 12.324770803896580418 
  171.582340774762514 246.51242356481370166 12.324770803896580418 
  171.582340774762514 33.179090231480351747 12.324770803896580418 
 208.53275800289856079 97.179090231480358852 12.324770803896580418 
 208.53275800289856079 182.51242356481367324 12.324770803896580418 
 23.780671862218330403 118.51242356481368745 12.324770803896580418 
 23.780671862218330403 161.17909023148035885 12.324770803896580418 
 208.53275800289856079 225.17909023148033043 12.324770803896580418 
 208.53275800289856079 54.51242356481370166 12.324770803896580418 
 23.780671862218330403 246.51242356481370166 12.324770803896580418 
 23.780671862218330403 33.179090231480351747 12.324770803896580418 
