 52.466646504027174558 61.698015672787526853 12.324770803896580418 
 116.46664650402716745 24.747598444651455196 12.324770803896580418 
 95.133313170693838856 61.698015672787512642 12.324770803896580418 
 31.133313170693853067 98.648432900923566535 12.324770803896580418 
 52.466646504027181663 135.59885012905959911 12.324770803896580418 
 31.133313170693853067 172.5492673571956459 12.324770803896580418 
 159.13331317069383886 24.747598444651455196 12.324770803896580418 
 116.46664650402716745 98.648432900923566535 12.324770803896580418 
 180.46664650402718166 61.698015672787491326 12.324770803896580418 
 159.13331317069383886 98.648432900923552324 12.324770803896580418 
 95.133313170693838856 135.59885012905959911 12.324770803896580418 
 52.466646504027181663 209.49968458533172111 12.324770803896580418 
 116.46664650402716745 172.5492673571956459 12.324770803896580418 
 95.133313170693838856 209.49968458533172111 12.324770803896580418 
 223.13331317069383886 61.698015672787491326 12.324770803896580418 
 180.46664650402718166 135.59885012905959911 12.324770803896580418 
 244.46664650402723851 98.648432900923552324 12.324770803896580418 
 223.1333131706938957 135.59885012905959911 12.324770803896580418 
 159.13331317069386728 172.5492673571956459 12.324770803896580418 
 116.46664650402719587 246.4501018134677679 12.324770803896580418 
 180.46664650402723851 209.49968458533172111 12.324770803896580418 
 159.1333131706938957 246.4501018134677679 12.324770803896580418 
