 98.461215816240937215 21.222669880988789259 12.324770803896580418 
 55.794549149574280023 95.123504337260911257 12.324770803896580418 
 119.79454914957426581 58.173087109124843153 12.324770803896580418 
 98.461215816240937215 95.123504337260911257 12.324770803896580418 
 34.461215816240951426 132.07392156539697226 12.324770803896580418 
 55.794549149574294233 169.02433879353299062 12.324770803896580418 
 34.461215816240972742 205.97475602166900899 12.324770803896580418 
  162.461215816240923 58.173087109124836047 12.324770803896580418 
 119.79454914957426581 132.07392156539694383 12.324770803896580418 
 183.79454914957429423 95.123504337260897046 12.324770803896580418 
 162.46121581624095143 132.07392156539694383 12.324770803896580418 
 98.461215816240937215 169.02433879353299062 12.324770803896580418 
 183.79454914957426581 21.222669880988789259 12.324770803896580418 
 119.79454914957429423 205.97475602166900899 12.324770803896580418 
 98.461215816240965637 242.9251732498050842 12.324770803896580418 
 226.46121581624095143 95.123504337260882835 12.324770803896580418 
 183.79454914957429423 169.02433879353299062 12.324770803896580418 
 247.79454914957429423 132.07392156539694383 12.324770803896580418 
 226.46121581624095143 169.02433879353299062 12.324770803896580418 
 162.46121581624097985 205.97475602166906583 12.324770803896580418 
 247.79454914957429423 58.173087109124843153 12.324770803896580418 
 183.79454914957432266 242.92517324980511262 12.324770803896580418 
