 109.68850389335226225 13.430214643422278442 12.324770803896580418 
 67.021837226685590849 87.331049099694382676 12.324770803896580418 
 131.02183722668559085 50.380631871558314572 12.324770803896580418 
 109.68850389335226225 87.331049099694382676 12.324770803896580418 
 45.688503893352255147 124.28146632783045789 12.324770803896580418 
 3.0218372266856081687 198.18230078410252304 12.324770803896580418 
 67.021837226685590849 161.23188355596647625 12.324770803896580418 
 45.688503893352269358 198.18230078410249462 12.324770803896580418 
 173.68850389335227646 50.380631871558328783 12.324770803896580418 
 131.02183722668561927 124.28146632783041525 12.324770803896580418 
 195.02183722668559085 87.331049099694368465 12.324770803896580418 
 173.68850389335227646 124.28146632783041525 12.324770803896580418 
 109.68850389335226225 161.23188355596650467 12.324770803896580418 
 67.02183722668560506 235.13271801223859825 12.324770803896580418 
 131.02183722668561927 198.18230078410249462 12.324770803896580418 
 109.68850389335227646 235.13271801223854141 12.324770803896580418 
 237.68850389335227646 87.331049099694382676 12.324770803896580418 
 195.02183722668561927 161.23188355596647625 12.324770803896580418 
 237.68850389335227646 161.23188355596647625 12.324770803896580418 
 173.68850389335227646 198.18230078410252304 12.324770803896580418 
 195.02183722668564769 235.13271801223859825 12.324770803896580418 
