 125.66244181833778271 6.6725856484154029147 12.324770803896580418 
 51.761607362065696236 49.339252315082084976 12.324770803896580418 
 125.66244181833778271 49.339252315082070766 12.324770803896580418 
 88.712024590201735919 70.672585648415406467 12.324770803896580418 
 14.811190133929654777 70.672585648415406467 12.324770803896580418 
 14.811190133929633461 113.33925231508209208 12.324770803896580418 
 199.56327627460987628 6.6725856484154029147 12.324770803896580418 
 162.61285904647385792 70.672585648415406467 12.324770803896580418 
 88.712024590201750129 113.33925231508207787 12.324770803896580418 
 162.61285904647385792 113.33925231508204945 12.324770803896580418 
 125.66244181833778271 134.67258564841540647 12.324770803896580418 
 51.761607362065710447 134.67258564841540647 12.324770803896580418 
 199.56327627460987628 49.339252315082084976 12.324770803896580418 
 51.761607362065696236 177.33925231508209208 12.324770803896580418 
 236.51369350274592307 70.672585648415392257 12.324770803896580418 
 199.56327627460987628 134.67258564841540647 12.324770803896580418 
 125.66244181833781113 177.33925231508206366 12.324770803896580418 
 199.5632762746099047 177.33925231508206366 12.324770803896580418 
 162.61285904647385792 198.67258564841540647 12.324770803896580418 
 88.712024590201778551 198.67258564841540647 12.324770803896580418 
 236.51369350274592307 113.33925231508207787 12.324770803896580418 
 88.71202459020176434 241.3392523150821205 12.324770803896580418 
