 206.51965861006007685 86.155559135701452078 12.324770803896580418 
 121.18632527672676247 86.155559135701452078 12.324770803896580418 
 185.18632527672676247 123.10597636383749887 12.324770803896580418 
 142.51965861006007685 123.10597636383749887 12.324770803896580418 
 78.519658610060105275 86.155559135701452078 12.324770803896580418 
 249.18632527672673405 86.155559135701452078 12.324770803896580418 
 57.186325276726748257 123.10597636383749887 12.324770803896580418 
 14.519658610060087511 123.10597636383749887 12.324770803896580418 
 206.51965861006007685 160.05639359197354565 12.324770803896580418 
 121.18632527672676247 160.05639359197354565 12.324770803896580418 
 185.18632527672676247 197.00681082010956402 12.324770803896580418 
 142.51965861006007685 197.00681082010956402 12.324770803896580418 
 78.519658610060105275 160.05639359197354565 12.324770803896580418 
 249.18632527672673405 160.05639359197354565 12.324770803896580418 
 57.186325276726748257 197.00681082010956402 12.324770803896580418 
 14.519658610060087511 197.00681082010959244 12.324770803896580418 
 206.51965861006007685 233.95722804824566765 12.324770803896580418 
 121.18632527672676247 233.95722804824566765 12.324770803896580418 
 185.18632527672676247 49.205141907565426607 12.324770803896580418 
 142.51965861006007685 49.205141907565426607 12.324770803896580418 
 78.519658610060105275 233.95722804824566765 12.324770803896580418 
 249.18632527672673405 233.95722804824566765 12.324770803896580418 
 57.186325276726748257 49.205141907565426607 12.324770803896580418 
 14.519658610060087511 49.205141907565440818 12.324770803896580418 
