 127.43937735169120629 153.81229079523214409 9.471422522589595161 
 118.97407976591355805 198.19305727062061351 9.471422522589595161 
 31.197018053182404174 196.78315537740837726 9.471422522589595161 
 142.26672913277215571 63.845317806928271409 9.471422522589595161 
 150.73123359297727575 19.464093420276984858 9.471422522589595161 
 133.80222467256700725 108.22654219357953309 9.471422522589595161 
 48.126820099165229294 108.02116451536865327 9.471422522589595161 
 39.661522513387559741 152.40193099075710848 9.471422522589595161 
 110.50957530570840959 242.5742816572718823 9.471422522589595161 
 221.5792863852981327 109.63644408679174092 9.471422522589595161 
 230.04379084550325274 65.255219700140457917 9.471422522589595161 
 213.11478192509298424 154.01766847344299549 9.471422522589595161 
