 48.746004796798878544 169.58249123939430092 9.471422522589595161 
 197.5844016899269775 65.656180535286907229 9.471422522589595161 
 122.84678247109621907 116.45075554797848838 9.471422522589595161 
 160.2143556954539747 91.053799330010448898 9.471422522589595161 
 85.479209246738520278 141.84771176594654207 9.471422522589595161 
 25.042773640952471936 81.120828262225884941 9.471422522589595161 
 234.95197491428470471 40.259224317318889064 9.471422522589595161 
 221.28763284577343029 154.11784351245532321 9.471422522589595161 
 146.55001362694264344 204.91241852514687594 9.471422522589595161 
 183.91758685130037065 179.51546230717883645 9.471422522589595161 
 61.775978090892095906 53.386048788778147411 9.471422522589595161 
