 232.50042152496368431 76.499634698671499677 9.471422522589595161 
 195.13261126829439718 101.89570630000977758 9.471422522589595161 
 134.06180688809024559 38.830999540809422399 9.471422522589595161 
 59.32418766925955822 89.625574553500996444 9.471422522589595161 
 96.691760893617271222 64.22861833553292854 9.471422522589595161 
 21.956614444901838112 115.02253077146903593 9.471422522589595161 
 256.20365268081008026 164.96129767583991566 9.471422522589595161 
 218.83584242414082155 190.35736927717820777 9.471422522589595161 
 157.76503804393666996 127.29266251797783127 9.471422522589595161 
 83.027418825105968381 178.08723753066939821 9.471422522589595161 
 120.39499204946368138 152.69028131270135873 9.471422522589595161 
 45.659845600748241168 203.48419374863743769 9.471422522589595161 
