 193.90109242445666382 154.24977732575811729 9.471422522589595161 
 156.53328216778734827 179.6458489270964094 9.471422522589595161 
 95.46247778758325353 116.58114216789601869 9.471422522589595161 
 20.724858568752527077 167.37571718058759984 9.471422522589595161 
 58.092431793110250737 141.97876096261953194 9.471422522589595161 
 230.63429687439631266 126.51499785231034423 9.471422522589595161 
 170.19786126861021103 65.788114348589701308 9.471422522589595161 
 132.83005101194095232 91.18418594992799342 9.471422522589595161 
 119.1657089434296779 205.04280514506444888 9.471422522589595161 
 81.795662948956675109 230.44042393978790528 9.471422522589595161 
 206.93106571854985987 38.053334875141949567 9.471422522589595161 
