 16.564132023273060668 133.94589515148928172 9.471422522589595161 
 229.89661202327309297 148.80511562930499281 9.471422522589595161 
 187.22909202327306843 72.082999369919320998 9.471422522589595161 
 101.89149202327303101 101.80327197060192645 9.471422522589595161 
 144.55901202327302713 86.943135670260630832 9.471422522589595161 
 59.223972023273020682 116.66340827094322208 9.471422522589595161 
 16.564132023273060668 42.363642591762328493 9.471422522589595161 
 229.89661202327309297 57.222863069578018269 9.471422522589595161 
 187.22909202327306843 163.66525192964627422 9.471422522589595161 
 101.89149202327303101 193.38552453032886547 9.471422522589595161 
 144.55901202327302713 178.52538822998758405 9.471422522589595161 
 59.223972023273027787 208.2456608306701753 9.471422522589595161 
