 9.392820179003392056 17.038049751471227466 11.327048159668372307 
 52.059486845670058131 59.704716418137884659 11.327048159668372307 
 52.059486845670058131 17.038049751471227466 11.327048159668372307 
 9.392820179003392056 59.704716418137884659 11.327048159668372307 
 9.392820179003392056 102.37138308480456317 11.327048159668372307 
 52.059486845670058131 145.03804975147122036 11.327048159668372307 
 52.059486845670058131 102.37138308480456317 11.327048159668372307 
 9.392820179003392056 145.03804975147122036 11.327048159668372307 
 9.392820179003392056 187.70471641813790598 11.327048159668372307 
 52.059486845670058131 230.37138308480459159 11.327048159668372307 
 52.059486845670058131 187.70471641813790598 11.327048159668372307 
 9.392820179003392056 230.37138308480459159 11.327048159668372307 
 94.726153512336722429 17.038049751471227466 11.327048159668372307 
 137.39282017900339383 59.704716418137884659 11.327048159668372307 
 137.39282017900339383 17.038049751471227466 11.327048159668372307 
 94.726153512336722429 59.704716418137884659 11.327048159668372307 
 94.726153512336722429 102.37138308480456317 11.327048159668372307 
 137.39282017900339383 145.03804975147122036 11.327048159668372307 
 137.39282017900339383 102.37138308480456317 11.327048159668372307 
 94.726153512336722429 145.03804975147122036 11.327048159668372307 
 94.726153512336722429 187.70471641813790598 11.327048159668372307 
 137.39282017900339383 230.37138308480459159 11.327048159668372307 
 137.39282017900339383 187.70471641813790598 11.327048159668372307 
 94.726153512336722429 230.37138308480459159 11.327048159668372307 
 180.05948684567005103 17.038049751471227466 11.327048159668372307 
 222.72615351233673664 59.704716418137884659 11.327048159668372307 
 222.72615351233673664 17.038049751471227466 11.327048159668372307 
 180.05948684567005103 59.704716418137884659 11.327048159668372307 
 180.05948684567005103 102.37138308480456317 11.327048159668372307 
 222.72615351233673664 145.03804975147122036 11.327048159668372307 
 222.72615351233673664 102.37138308480456317 11.327048159668372307 
 180.05948684567005103 145.03804975147122036 11.327048159668372307 
 180.05948684567005103 187.70471641813790598 11.327048159668372307 
 222.72615351233673664 230.37138308480459159 11.327048159668372307 
 222.72615351233673664 187.70471641813790598 11.327048159668372307 
 180.05948684567005103 230.37138308480459159 11.327048159668372307 
