 95.075310921611119852  44.2446609330171583 11.327048159668372307 
 116.40864425494446266 7.2942437048811026301 11.327048159668372307 
 58.12489369347508017 22.91132759968381194 11.327048159668372307 
 36.791560360141744468 59.861744827819869386 11.327048159668372307 
 52.408644254944462659 118.14549538928926609 11.327048159668372307 
 73.741977588277805467 81.195078161153205087 11.327048159668372307 
 15.458227026808421201 96.81216205595593749 11.327048159668372307 
 9.7419775882778090192 192.04632984556138808 11.327048159668372307 
 31.075310921611151826 155.09591261742528445 11.327048159668372307 
 153.35906148308049524 28.627577038214443661 11.327048159668372307 
 168.97614537788322764 86.911327599683815492 11.327048159668372307 
 190.30947871121657045 49.960910371547768705 11.327048159668372307 
 132.02572814974720927 65.577994266350472685 11.327048159668372307 
 110.69239481641385225 102.52841149448653368 11.327048159668372307 
 126.30947871121658466 160.81216205595592328 11.327048159668372307 
 147.64281204454991325 123.86174482781986228 11.327048159668372307 
 89.359061483080509447 139.47882872262258047 11.327048159668372307 
 68.025728149747209272 176.42924595075862726 11.327048159668372307 
 83.642812044549913253 234.71299651222804528 11.327048159668372307 
 104.97614537788324185 197.76257928409197007 11.327048159668372307 
 46.69239481641385936 213.37966317889470247 11.327048159668372307 
 227.25989593935261723 71.294243704881097301 11.327048159668372307 
 242.87697983415537806 129.57799426635045847 11.327048159668372307 
 205.92656260601930285 108.24466093301714409 11.327048159668372307 
 184.59322927268596004 145.19507816115319088 11.327048159668372307 
 200.21031316748869244 203.47882872262260889 11.327048159668372307 
 221.54364650082203525 166.52841149448653368 11.327048159668372307 
 163.25989593935261723 182.14549538928926609 11.327048159668372307 
 141.92656260601930285 219.09591261742531287 11.327048159668372307 
 178.87697983415534964 240.42924595075865568 11.327048159668372307 
 120.59322927268597425 256.04632984556133124 11.327048159668372307 
