 175.71716127101149141 40.622512824793190589 11.327048159668372307 
 212.66757849914756662 19.289179491459847782 11.327048159668372307 
 154.38382793767820544 3.6720955966571375839 11.327048159668372307 
 117.43341070954214445 25.005428929990461739 11.327048159668372307 
 101.81632681473942625 83.289179491459861993 11.327048159668372307 
 138.76674404287547304 61.955846158126526291 11.327048159668372307 
 80.482993481406097658 46.338762263323800994 11.327048159668372307 
 43.53257625327005087 67.672095596657143801 11.327048159668372307 
 27.91549235846732202 125.95584615812654761 11.327048159668372307 
 64.865909586603393677 104.6225128247932048 11.327048159668372307 
 6.5821590251339969768 89.005428929990486608 11.327048159668372307 
 234.00091183248090942 56.239596719595894569 11.327048159668372307 
 218.38382793767817702 114.52334728106528416 11.327048159668372307 
 255.33424516581425223 93.190013947731941357 11.327048159668372307 
 197.05049460434483422 77.572930052929223166 11.327048159668372307 
 160.10007737620881585 98.906263386262565973 11.327048159668372307 
 144.48299348140611187 157.19001394773195557 11.327048159668372307 
 181.43341070954215866 135.85668061439861276 11.327048159668372307 
 123.14966014807276906 120.23959671959589457 11.327048159668372307 
 86.199242919936722274 141.57293005292922317 11.327048159668372307 
 70.582159025134004082 199.85668061439861276 11.327048159668372307 
 107.53257625327006508 178.52334728106526995 11.327048159668372307 
 49.248825691800661275 162.90626338626256597 11.327048159668372307 
 239.71716127101151983 151.47376450920134516 11.327048159668372307 
 202.76674404287550146 172.80709784253468797 11.327048159668372307 
 187.14966014807279748 231.09084840400407757 11.327048159668372307 
 224.10007737620884427 209.75751507067073476 11.327048159668372307 
 165.81632681473945468 194.14043117586800236 11.327048159668372307 
 128.86590958660343631 215.47376450920134516 11.327048159668372307 
 150.19924291993677912 252.42418173733742037 11.327048159668372307 
 91.915492358467346889 236.80709784253471639 11.327048159668372307 
