 172.76708104277835787 49.276285342387915023 11.327048159668372307 
 142.59719171215232336 101.53206652176237412 11.327048159668372307 
 183.81002696715256661 90.48912059738817959 11.327048159668372307 
 131.5542457877780862 60.319231266762145083 11.327048159668372307 
 90.341410532777871367 71.362177191136353827 11.327048159668372307 
 60.171521202151815544 123.61795837051083424 11.327048159668372307 
 101.3843564571520659 112.57501244613659708 11.327048159668372307 
 49.128575277777592589 82.405123115510576781 11.327048159668372307 
 7.9157400227773715429 93.448069039884785525 11.327048159668372307 
 225.02286222215280986 79.446174673013942424 11.327048159668372307 
 18.958685947151590057 134.66090429488502878 11.327048159668372307 
 213.9799162977785727 38.233339418013699174 11.327048159668372307 
 194.85297289152680378 131.70195585238840863 11.327048159668372307 
 164.68308356090074085 183.95773703176288905 11.327048159668372307 
 205.8959188159009841 172.9147911073886803 11.327048159668372307 
 153.64013763652653211 142.7449017767626458 11.327048159668372307 
 112.42730238152631728 153.78784770113682612 11.327048159668372307 
 82.257413050900254348 206.04362888051133496 11.327048159668372307 
 123.47024830590052602 195.00068295613709779 11.327048159668372307 
 71.214467126526031393 164.83079362551106328 11.327048159668372307 
 30.001631871525809458 175.87373954988527203 11.327048159668372307 
 247.10875407090125577 161.87184518301447156 11.327048159668372307 
 41.044577795900025308 217.08657480488557212 11.327048159668372307 
 236.06580814652704703 120.65900992801419989 11.327048159668372307 
 216.93886474027522127 214.12762636238892355 11.327048159668372307 
 120.51129986340387745 19.10639601176191249 11.327048159668372307 
 161.72413511840414913 8.0634500873876930882 11.327048159668372307 
 175.72602948527497801 225.17057228676316072 11.327048159668372307 
 134.51319423027473476 236.21351821113736946 11.327048159668372307 
 38.085629353403398056 41.192287860510347741 11.327048159668372307 
 79.298464608403648413 30.149341936136128339 11.327048159668372307 
 93.300358975274463091 247.25646413551154978 11.327048159668372307 
