 44.565102230586710164 22.988993165604682645 11.327048159668372307 
 62.664031586947182006 72.010370368006306308 11.327048159668372307 
 22.479210381838264254 105.41466367560518336 11.327048159668372307 
 40.578139738198750308 154.43604087800676439 11.327048159668372307 
 102.84885279205607844 38.606077060407393731 11.327048159668372307 
 120.9477821484165645 87.627454262809010288 11.327048159668372307 
 80.762960943307646744 121.03174757040790155 11.327048159668372307 
 98.861890299668132798 170.05312477280949679 11.327048159668372307 
 58.677069094559215046 203.45741808040838805 11.327048159668372307 
 143.03367399716501041 5.2017837528085379972 11.327048159668372307 
 161.13260335352546804 54.223160955210111922 11.327048159668372307 
 179.23153270988595409 103.24453815761171427 11.327048159668372307 
 139.04671150477702213 136.64883146521063395 11.327048159668372307 
 157.14564086113750818 185.67020866761220077 11.327048159668372307 
 116.96081965602860464 219.07450197521112045 11.327048159668372307 
 201.31742455863437158 20.818867647611249083 11.327048159668372307 
 219.41635391499485763 69.840244850012837219 11.327048159668372307 
 237.51528327135531526 118.86162205241444667 11.327048159668372307 
 197.33046206624644014 152.26591536001333793 11.327048159668372307 
 215.4293914226069262 201.28729256241493317 11.327048159668372307 
 175.24457021749799424 234.69158587001385285 11.327048159668372307 
