 152.81747048110949549 47.366928271018849728 11.327048159668372307 
 101.31424781715013239 56.203484268311548533 11.327048159668372307 
 92.477691819857440692 107.70670693227091874 11.327048159668372307 
 40.974469155898070483 116.54326292956362465 11.327048159668372307 
 32.137913158605371677 168.04648559352298776 11.327048159668372307 
 204.32069314506884439 38.530372273726150922 11.327048159668372307 
 195.48413714777618111 90.03359493768550692 11.327048159668372307 
 143.98091448381680379 98.87015093497819862 11.327048159668372307 
 135.1443584865241121 150.37337359893757593 11.327048159668372307 
 83.641135822564734781 159.20992959623026763 11.327048159668372307 
 74.804579825272043081 210.71315226018964495 11.327048159668372307 
   246.98735981173553 81.197038940392815221 11.327048159668372307 
 238.15080381444280988 132.70026160435216411 11.327048159668372307 
 186.64758115048348941 141.53681760164488423 11.327048159668372307 
 177.81102515319076929 193.04004026560420471 11.327048159668372307 
 126.30780248923140618 201.87659626289692483 11.327048159668372307 
 117.47124649193868606 253.37981892685633056 11.327048159668372307 
 110.1508038144428383 4.7002616043521996403 11.327048159668372307 
 229.31424781715017502 184.20348426831156985 11.327048159668372307 
 49.811025153190783499 65.040040265604247338 11.327048159668372307 
 168.97446915589807759 244.54326292956361044 11.327048159668372307 
