 164.92313214753443162 23.142813445797880689 11.327048159668372307 
 143.0576595847114163 70.604037368818453047 11.327048159668372307 
 91.022297691262338049 65.809480112464569856 11.327048159668372307 
 69.156825128439336936 113.27070403548512445 11.327048159668372307 
 17.121463234990237368 108.47614677913124126 11.327048159668372307 
 216.95849404098350988 27.937370702151806512 11.327048159668372307 
 195.09302147816049455 75.398594625172350447 11.327048159668372307 
 173.22754891533745081 122.85981854819291925 11.327048159668372307 
 121.19218702188837256 118.06526129183902185 11.327048159668372307 
 99.326714459065371443 165.52648521485957644 11.327048159668372307 
 47.29135256561627898 160.73192795850570747 11.327048159668372307 
 247.12838337160951596 80.193151881526262059 11.327048159668372307 
 225.26291080878647222 127.65437580454680244 11.327048159668372307 
 203.39743824596348531 175.11559972756734282 11.327048159668372307 
 151.36207635251440706 170.32104247121347385 11.327048159668372307 
 129.49660378969139174 217.78226639423402844 11.327048159668372307 
 77.461241896242299276 212.98770913788015946 11.327048159668372307 
 255.43280013941253515 179.91015698392132549 11.327048159668372307 
 112.88777025408538179 18.348256189443993946 11.327048159668372307 
 181.53196568314046999 222.57682365058801111 11.327048159668372307 
 38.986935797813302429 61.014922856110679561 11.327048159668372307 
