 113.30897909074396068 48.297057145805879941 11.327048159668372307 
 61.273617197294896641 43.502499889451996751 11.327048159668372307 
 39.408144634471874213 90.963723812472537134 11.327048159668372307 
 187.20981354701601163 5.6303904791392289653 11.327048159668372307 
 165.34434098419302472 53.091614402159770236 11.327048159668372307 
 143.4788684213700094 100.55283832518036036 11.327048159668372307 
 91.443506527920931148 95.758281068826448745 11.327048159668372307 
 69.578033965097915825 143.21950499184703176 11.327048159668372307 
 17.542672071648830467 138.42494773549313436 11.327048159668372307 
 217.37970287764204613 57.886171658513688953 11.327048159668372307 
 195.51423031481905923 105.34739558153424355 11.327048159668372307 
 173.64875775199601549 152.80861950455482656 11.327048159668372307 
 121.61339585854696566 148.01406224820092916 11.327048159668372307 
 99.747923295723936121 195.47528617122145533 11.327048159668372307 
 47.712561402274864975 190.68072891486758635 11.327048159668372307 
 247.54959220826808064 110.14195283788815516 11.327048159668372307 
 225.68411964544509374 157.60317676090869554 11.327048159668372307 
 203.81864708262207841 205.06440068392927856 11.327048159668372307 
 151.78328518917297174 200.26984342757538116 11.327048159668372307 
 129.91781262634998484 247.73106735059593575 11.327048159668372307 
 77.882450732900892376 242.93651009424203835 11.327048159668372307 
