 111.40185729069997933 72.876953519662890812 15.933742387284697273 
 166.82748313290406372 104.87695351966289081 15.933742387284697273 
 134.82748313290406372 160.3025793618669752 15.933742387284697273 
 79.401857290699993541 128.30257936186694678 15.933742387284697273 
 47.401857290700007752 183.72820520407103118 15.933742387284697273 
 102.82748313290407793 215.72820520407103118 15.933742387284697273 
 198.82748313290406372 49.45132767745880642 15.933742387284697273 
 143.40185729069997933 17.45132767745880642 15.933742387284697273 
 222.25310897510811969 136.87695351966289081 15.933742387284697273 
 55.976231448495909149 40.876953519662905023 15.933742387284697273 
 23.976231448495919807 96.302579361866960994 15.933742387284697273 
 190.25310897510814812 192.3025793618669752 15.933742387284697273 
 158.25310897510814812 247.72820520407103118 15.933742387284697273 
 254.25310897510811969 81.451327677458792209 15.933742387284697273 
