 148.4078986377474223 11.123679699342831739 15.933742387284697273 
 193.66273263368648827 56.378513695281874618 15.933742387284697273 
 148.4078986377474223 101.63334769122090506 15.933742387284697273 
 103.15306464180838475 56.378513695281874618 15.933742387284697273 
 57.898230645869340094 101.63334769122093348 15.933742387284697273 
 103.15306464180838475 146.88818168715997103 15.933742387284697273 
 57.898230645869354305 192.14301568309900858 15.933742387284697273 
 12.643396649930300768 146.88818168715997103 15.933742387284697273 
 238.91756662962552582 101.63334769122090506 15.933742387284697273 
 238.91756662962552582 192.14301568309898016 15.933742387284697273 
 193.66273263368648827 146.88818168715994261 15.933742387284697273 
 148.4078986377474223 192.14301568309900858 15.933742387284697273 
 193.66273263368645985 237.39784967903804613 15.933742387284697273 
 103.15306464180839896 237.39784967903804613 15.933742387284697273 
