 189.49043800590700926 79.644417070337269138 15.933742387284697273 
 189.49043800590700926 143.64441707033728335 15.933742387284697273 
 125.49043800590699504 143.64441707033728335 15.933742387284697273 
 125.49043800590699504 79.644417070337269138 15.933742387284697273 
 61.490438005906995045 79.644417070337269138 15.933742387284697273 
 61.490438005906995045 143.64441707033728335 15.933742387284697273 
 253.49043800590700926 143.64441707033728335 15.933742387284697273 
 253.49043800590700926 79.644417070337269138 15.933742387284697273 
 189.49043800590700926 207.64441707033728335 15.933742387284697273 
 189.49043800590700926 15.644417070337295783 15.933742387284697273 
 125.49043800590699504 15.644417070337295783 15.933742387284697273 
 125.49043800590699504 207.64441707033728335 15.933742387284697273 
 61.490438005906995045 207.64441707033728335 15.933742387284697273 
 61.490438005906987939 15.644417070337295783 15.933742387284697273 
 253.49043800590700926 15.644417070337283349 15.933742387284697273 
 253.49043800590700926 207.64441707033725493 15.933742387284697273 
