 202.5865454385886153 46.755163322763742428 15.933742387284697273 
 219.15096432514994262 108.5744162052641002 15.933742387284697273 
 157.33171144264957775 125.13883509182542753 15.933742387284697273 
 140.76729255608825042 63.31958220932507686 15.933742387284697273 
 78.948039673587871334 79.884001095886404187 15.933742387284697273 
 95.512458560149198661 141.70325397838678327 15.933742387284697273 
 33.693205677648819574 158.2676728649481106 15.933742387284697273 
 17.128786791087499353 96.448419982447731513 15.933742387284697273 
 235.71538321171126995 170.39366908776446508 15.933742387284697273 
 124.20287366952690888 1.5003293268246984393 15.933742387284697273 
 173.89613032921090507 186.95808797432582082 15.933742387284697273 
 112.07687744671052599 203.52250686088714815 15.933742387284697273 
 62.383620787026544008 18.064748213386021547 15.933742387284697273 
 50.257624564210154006 220.08692574744844705 15.933742387284697273 
