 188.50783124011704217 147.94195405652777708 13.002058209633974073 
 131.67697308884493168 195.18296606799373194 13.002058209633974073 
 245.33511054365865789 100.70935294639383528 13.002058209633974073 
 183.51585766115829301 84.144934059832522166 13.002058209633974073 
 126.68857835761666308 131.37753516996647818 13.002058209633974073 
 193.49622597134529656 211.74738495455505927 13.002058209633974073 
 64.869325475116312418 114.81311628340515085 13.002058209633974073 
 8.0384673238442161392 162.05412829487107729 13.002058209633974073 
 121.6966047786578855 67.580515173271180629 13.002058209633974073 
 59.877351896157584576 51.016096286709867513 13.002058209633974073 
 250.32708412261740705 164.50637294308913283 13.002058209633974073 
 69.857720206344609437 178.61854718143243304 13.002058209633974073 
