 139.43993772488994409 30.557443175224992871 13.002058209633974073 
 72.318670487921309586 61.479848298062982792 13.002058209633974073 
 116.04976344787762343 156.40289342090099467 13.002058209633974073 
 60.624137605673560358 124.40289342090102309 13.002058209633974073 
 127.74429633012539398 93.479848298062989898 13.002058209633974073 
 250.2911894092981413 94.557443175224989318 13.002058209633974073 
 183.16992217232944995 125.47984829806297569 13.002058209633974073 
 5.1985117634694644195 92.402893420901008881 13.002058209633974073 
 171.47538929008172204 188.40289342090102309 13.002058209633974073 
 194.86556356709402849 62.557443175224996423 13.002058209633974073 
 238.59554801453356276 157.4798482980629899 13.002058209633974073 
