 232.13144064037985004 154.5052262053669665 13.002058209633974073 
 158.54151551754185334 147.72418096937440168 13.002058209633974073 
 148.95223039470386084 251.79549593030679944 13.002058209633974073 
 116.95223039470387505 196.36987008810274347 13.002058209633974073 
 200.13144064037985004 99.079600363162910526 13.002058209633974073 
 190.54151551754185334 203.14980681157848608 13.002058209633974073 
 168.13144064037982162 43.653974520958847449 13.002058209633974073 
 94.541515517541839131 36.872929284966268426 13.002058209633974073 
 84.952230394703860838 140.9442442458986875 13.002058209633974073 
 52.952230394703860838 85.518618403694631525 13.002058209633974073 
 126.54151551754186755 92.298555127170374135 13.002058209633974073 
