 70.645730341353797144 160.75717883478085923 13.002058209633974073 
 176.16217895786863323 88.311464506614868242 13.002058209633974073 
 139.96400244131768886 186.3547457845346571 13.002058209633974073 
 123.39958355475634733 124.53549290203426381 13.002058209633974073 
 54.081311454792476923 98.937925952280508568 13.002058209633974073 
 192.72659784442996056 150.1307173891152047 13.002058209633974073 
 37.516892568231149596 37.118673069780136586 13.002058209633974073 
 209.29101673099128789 211.94997027161559799 13.002058209633974073 
   106.83516466819502 62.71624001953388472 13.002058209633974073 
 156.52842132787898777 248.17399866703499356 13.002058209633974073 
 87.21014922791512447 222.57643171728128095 13.002058209633974073 
 159.59776007130733433 26.492211624114506918 13.002058209633974073 
