 16.923723699109714858 188.48627050500894597 14.497832646680457458 
 58.14618778269699817 124.4862705050089744 14.497832646680457458 
 16.923723699109714858 60.486270505008960185 14.497832646680457458 
 58.14618778269699817 252.48627050500894597 14.497832646680457458 
 99.368651866284281482 188.48627050500894597 14.497832646680457458 
 140.59111594987157901 124.4862705050089744 14.497832646680457458 
 99.368651866284281482 60.486270505008960185 14.497832646680457458 
 140.59111594987157901 252.48627050500894597 14.497832646680457458 
 181.81358003345886232 188.48627050500894597 14.497832646680457458 
 223.03604411704614563 124.4862705050089744 14.497832646680457458 
 181.81358003345886232 60.486270505008960185 14.497832646680457458 
 223.03604411704614563 252.48627050500894597 14.497832646680457458 
