 12.922542886687887531 216.33185685102108664 14.497832646680457458 
 69.304804454859691987 165.18176275940774644 14.497832646680457458 
 46.051380659810540408 92.693351086020342677 14.497832646680457458 
 102.43364222798236085 41.543256994406966953 14.497832646680457458 
 92.558228249908850671  237.670174432795136 14.497832646680457458 
 148.94048981808069243 186.5200803411817958 14.497832646680457458 
 125.68706602303151953 114.03166866779437782 14.497832646680457458 
 182.06932759120334708 62.881574576181002101 14.497832646680457458 
 228.57617518130166445 207.85839792295581674 14.497832646680457458 
 205.32275138625249156 135.36998624956842718 14.497832646680457458 
