 39.435790576482666836 50.557241485451264396 14.497832646680457458 
 115.47264846048038578 54.256942588429460272 14.497832646680457458 
 4.6213967760722711731 118.25694258842946738 14.497832646680457458 
 80.658254660069957254 121.95664369140767747 14.497832646680457458 
 156.6951125440676833 125.65634479438584492 14.497832646680457458 
 191.50950634447809762 57.956643691407641938 14.497832646680457458 
 45.843860859659578466 189.65634479438585913 14.497832646680457458 
 121.88071874365725478 193.35604589736408343 14.497832646680457458 
 197.91757662765496661 197.05574700034225089 14.497832646680457458 
 232.73197042806538093 129.35604589736405501 14.497832646680457458 
