 3.3206215574495434595 26.12717593667476379 14.497832646680457458 
 67.320621557449555894 67.349640020262043549 14.497832646680457458 
 131.32062155744952747 26.127175936674749579 14.497832646680457458 
 195.32062155744952747 67.349640020262043549 14.497832646680457458 
 3.3206215574495434595 108.57210410384932686 14.497832646680457458 
 67.320621557449555894 149.79456818743662438 14.497832646680457458 
 131.32062155744952747 108.57210410384932686 14.497832646680457458 
 195.32062155744952747 149.79456818743662438 14.497832646680457458 
 3.3206215574495434595 191.0170322710239077 14.497832646680457458 
 67.320621557449570105 232.23949635461119101 14.497832646680457458 
 131.32062155744952747 191.0170322710239077 14.497832646680457458 
 195.32062155744952747 232.23949635461119101 14.497832646680457458 
