 87.23480869383440961 74.085998723081658568 10.251515943511192219 
 70.670389807273096494 135.90525160558203766 10.251515943511192219 
 98.825856837044170788 143.44948625873027481 10.251515943511192219 
 115.3902757236054839 81.630233376229924147 10.251515943511192219 
 54.105970920711769168 197.72450448808240253 10.251515943511192219 
 103.79922758039575115 12.266745840581290139 10.251515943511192219 
 131.95469461016679702 19.810980493729548613 10.251515943511192219 
 82.261437950482829251 205.26873914123066811 10.251515943511192219 
 143.54574275337657241 89.174468029378175515 10.251515943511192219 
 126.98132386681524508 150.99372091187854039 10.251515943511192219 
 155.1367908965863478 158.53795556502680597 10.251515943511192219 
 171.7012097831476467 96.718702682526441095 10.251515943511192219 
 110.41690498025390355 212.81297379437890527 10.251515943511192219 
 160.11016163993789974 27.355215146877810639 10.251515943511192219 
 188.26562866970900245 34.899449800026069113 10.251515943511192219 
 138.57237201002499205 220.35720844752717085 10.251515943511192219 
 199.85667681291874942 104.26293733567469246 10.251515943511192219 
 183.29225792635739367 166.08219021817507155 10.251515943511192219 
  42.5149227775020222 128.36101695243377208 10.251515943511192219 
 59.079341664063342421 66.541764069933392989 10.251515943511192219 
 166.72783903979606634 227.90144310067543643 10.251515943511192219 
 216.42109569948004832 42.443684453174327587 10.251515943511192219 
 75.643760550624662642 4.7225111874330298889 10.251515943511192219 
 25.950503890940687768 190.18026983493413695 10.251515943511192219 
