 213.45560315814512364 82.989017215031907426 10.251515943511192219 
 149.45560315814512364 82.989017215031907426 10.251515943511192219 
 149.45560315814512364 112.13770157927532978 10.251515943511192219 
 213.45560315814512364 112.13770157927532978 10.251515943511192219 
 85.455603158145152065 82.989017215031907426 10.251515943511192219 
 21.455603158145137854 82.989017215031907426 10.251515943511192219 
 21.455603158145137854 112.13770157927532978 10.251515943511192219 
 85.455603158145152065 112.13770157927532978 10.251515943511192219 
 213.45560315814512364 141.28638594351875213 10.251515943511192219 
 149.45560315814512364 141.28638594351875213 10.251515943511192219 
 149.45560315814512364 170.43507030776217448 10.251515943511192219 
 213.45560315814512364 170.43507030776217448 10.251515943511192219 
 85.455603158145152065 141.28638594351875213 10.251515943511192219 
 21.455603158145137854 141.28638594351875213 10.251515943511192219 
 21.455603158145137854 170.4350703077622029 10.251515943511192219 
 85.455603158145152065 170.43507030776217448 10.251515943511192219 
 213.45560315814512364 199.58375467200562525 10.251515943511192219 
 149.45560315814512364 199.58375467200562525 10.251515943511192219 
 149.45560315814512364 53.840332850788456653 10.251515943511192219 
 213.45560315814512364 53.840332850788449548 10.251515943511192219 
 85.455603158145152065 199.58375467200562525 10.251515943511192219 
 21.455603158145137854 199.58375467200562525 10.251515943511192219 
 21.455603158145137854 53.840332850788463759 10.251515943511192219 
 85.455603158145152065 53.840332850788456653 10.251515943511192219 
