 5.4593370059726966659 47.483303695116063636 11.564263592246849299 
 48.126003672639356523 137.99297168699416716 11.564263592246849299 
 5.4593370059726966659 77.653193025742098143 11.564263592246849299 
 48.126003672639356523 107.82308235636813265 11.564263592246849299 
 5.4593370059726966659 168.16286101762020166 11.564263592246849299 
 48.126003672639356523 17.31341436449004334 11.564263592246849299 
 5.4593370059726966659 198.33275034824626459 11.564263592246849299 
 48.126003672639356523 228.50263967887224226 11.564263592246849299 
 90.792670339306027927 47.483303695116063636 11.564263592246849299 
 133.45933700597268512 137.99297168699416716 11.564263592246849299 
 90.792670339306027927 77.653193025742098143 11.564263592246849299 
 133.45933700597268512 107.82308235636813265 11.564263592246849299 
 90.792670339306027927 168.16286101762020166 11.564263592246849299 
 133.45933700597268512 17.31341436449004334 11.564263592246849299 
 90.792670339306027927 198.33275034824626459 11.564263592246849299 
 133.45933700597268512 228.50263967887224226 11.564263592246849299 
 176.12600367263937073 47.483303695116063636 11.564263592246849299 
 218.79267033930599951 137.99297168699416716 11.564263592246849299 
 176.12600367263937073 77.653193025742098143 11.564263592246849299 
 218.79267033930599951 107.82308235636813265 11.564263592246849299 
 176.12600367263937073 168.16286101762020166 11.564263592246849299 
 218.79267033930599951 17.31341436449004334 11.564263592246849299 
 176.12600367263937073 198.33275034824626459 11.564263592246849299 
 218.79267033930599951 228.50263967887224226 11.564263592246849299 
