 120.37345488145462014 92.41800825011591769 11.564263592246849299 
 113.59292698394457943 18.828893737408101572 11.564263592246849299 
 135.45839954676762318 66.290117660428663271 11.564263592246849299 
 68.338092988005527673 97.212565506469815091 11.564263592246849299 
 60.033676220202572438 196.9295706088648501 11.564263592246849299 
 53.253148322692517525 123.3404560961570553 11.564263592246849299 
 75.118620885515582586 170.80168001917760989 11.564263592246849299 
 202.57870610552973289 35.367669814387518556 11.564263592246849299 
 194.27428933772674213 135.08467491678257488 11.564263592246849299 
 187.49376144021667301 61.49556040407476587 11.564263592246849299 
 209.35923400303971675 108.95678432709533467 11.564263592246849299 
 142.23892744427766388 139.87923217313650071 11.564263592246849299 
 133.93451067647467312 239.59623727553150729 11.564263592246849299 
 127.15398277896464663 166.00712276282371249 11.564263592246849299 
 149.01945534178770458 213.46834668584429551 11.564263592246849299 
 46.472620425182491033 49.751341583449239181 11.564263592246849299 
 61.557565090495508286 23.623450993762002526 11.564263592246849299 
 216.13976190054972903 182.54589883980312948 11.564263592246849299 
 201.05481723523669757 208.67378942949036968 11.564263592246849299 
 1.2177864292434565918 128.1350133525109527 11.564263592246849299 
