 125.66221905221873101 34.201134086953942415 11.564263592246849299 
 49.279539134388862465 98.839595184158270058 11.564263592246849299 
 96.52034377148403621 42.009676034355308616 11.564263592246849299 
 78.421414415123564368 91.031053236756918068 11.564263592246849299 
 9.0947179292799447126 65.435301876559378798 11.564263592246849299 
 165.84704025732764876 67.605427394552847886 11.564263592246849299 
 213.08784489442280119 10.775508244749879339 11.564263592246849299 
 194.98891553806237198 59.796885447151481685 11.564263592246849299 
 147.74811090096716271 116.62680459695447155 11.564263592246849299 
 71.365430983137301268 181.26526569415878498 11.564263592246849299 
 118.60623562023248212 124.43534654435582354 11.564263592246849299 
 100.50730626387198186 173.45672374675740457 11.564263592246849299 
 31.180609778028390622 147.86097238655989372 11.564263592246849299 
 187.93293210607606625 150.0310979045533486 11.564263592246849299 
 235.1737367431712471 93.201178754750387156 11.564263592246849299 
 217.07480738681076105 142.22255595715196819 11.564263592246849299 
 169.83400274971560862 199.05247510695497226 11.564263592246849299 
 140.69212746898091382 206.86101705435632425 11.564263592246849299 
 122.59319811262042776 255.88239425675791949 11.564263592246849299 
 53.26650162677682232 230.28664289656040864 11.564263592246849299 
 210.01882395482451216 232.4567684145538351 11.564263592246849299 
 239.16069923555920695 224.64822646715251153 11.564263592246849299 
