 223.96353924229725862 32.026123777491001476 11.564263592246849299 
 147.5808593244674114 96.664584874695307803 11.564263592246849299 
 194.82166396156256383 39.834665724892339256 11.564263592246849299 
 176.7227346052021062 88.856042927293955813 11.564263592246849299 
 107.39603811935850786 63.260291567096423648 11.564263592246849299 
 31.013358201528617997 127.8987526643007584 11.564263592246849299 
 78.254162838623798848 71.068833514497782744 11.564263592246849299 
 60.155233482263327005 120.0902107168993922 11.564263592246849299 
 246.04943109104570453 114.45179428749149508 11.564263592246849299 
 169.66675117321585731 179.09025538469580852 11.564263592246849299 
 216.90755581031100974 122.26033623489284707 11.564263592246849299 
 198.8086264539505521 171.28171343729445653 11.564263592246849299 
 129.48192996810692534 145.68596207709691726 11.564263592246849299 
 53.099250050277063906 210.3244231743012449 11.564263592246849299 
 100.34005468737223055 153.49450402449829767 11.564263592246849299 
 82.241125331011758703 202.51588122689986449 11.564263592246849299 
 125.4949674757189797 14.238914364694826631 11.564263592246849299 
 238.99344765905945565 204.68600674489334779 11.564263592246849299 
 154.63684275645368871 6.4303724172934675352 11.564263592246849299 
 151.56782181685537125 228.11163258709740376 11.564263592246849299 
 8.9274663527801951801 45.47308215430026479 11.564263592246849299 
 122.42594653612067646 235.92017453449878417 11.564263592246849299 
 38.069341633514888201 37.664540206898905694 11.564263592246849299 
