 204.10451872825066744 19.835356708919295698 11.564263592246849299 
 113.59485073637257813 62.502023375585970655 11.564263592246849299 
 173.93462939762463293 19.835356708919295698 11.564263592246849299 
 143.76474006699862684 62.502023375585970655 11.564263592246849299 
 83.424961405746543619 19.835356708919295698 11.564263592246849299 
 234.27440805887673037 62.502023375585963549 11.564263592246849299 
 53.255072075120509112 19.835356708919295698 11.564263592246849299 
 23.085182744494485263 62.50202337558597776 11.564263592246849299 
 204.10451872825066744 105.16869004225262074 11.564263592246849299 
 113.59485073637257813 147.83535670891930636 11.564263592246849299 
 173.93462939762463293 105.16869004225262074 11.564263592246849299 
 143.76474006699862684 147.83535670891930636 11.564263592246849299 
 83.424961405746543619 105.16869004225262074 11.564263592246849299 
 234.27440805887673037 147.83535670891930636 11.564263592246849299 
 53.255072075120516217 105.16869004225262074 11.564263592246849299 
 23.085182744494485263 147.83535670891930636 11.564263592246849299 
 204.10451872825066744 190.50202337558596355 11.564263592246849299 
 113.59485073637257813 233.16869004225259232 11.564263592246849299 
 173.93462939762463293 190.50202337558596355 11.564263592246849299 
 143.76474006699862684 233.16869004225259232 11.564263592246849299 
 83.424961405746543619 190.50202337558596355 11.564263592246849299 
 234.27440805887673037 233.16869004225259232 11.564263592246849299 
 53.255072075120516217 190.50202337558596355 11.564263592246849299 
 23.085182744494485263 233.16869004225259232 11.564263592246849299 
