 61.746307544924341926 74.290659931140837102 11.370557947733679782 
 104.41297421159100622 116.9573265978074943 11.370557947733679782 
 61.746307544924341926 159.6239932644741657 11.370557947733679782 
 104.41297421159100622 202.29065993114085131 11.370557947733679782 
 61.746307544924341926 244.95732659780750851 11.370557947733679782 
 104.41297421159100622 31.623993264474137277 11.370557947733679782 
 147.07964087825766342 74.290659931140837102 11.370557947733679782 
 189.74630754492434903 116.9573265978074943 11.370557947733679782 
 147.07964087825766342 159.6239932644741657 11.370557947733679782 
 189.74630754492434903 202.29065993114085131 11.370557947733679782 
 147.07964087825766342 244.95732659780750851 11.370557947733679782 
 189.74630754492434903 31.623993264474137277 11.370557947733679782 
 232.4129742115909778 74.290659931140837102 11.370557947733679782 
 19.079640878257670522 116.9573265978074943 11.370557947733679782 
 232.4129742115909778 159.6239932644741657 11.370557947733679782 
 19.079640878257670522 202.29065993114085131 11.370557947733679782 
 232.4129742115909778 244.95732659780750851 11.370557947733679782 
 19.079640878257670522 31.623993264474137277 11.370557947733679782 
