 18.395066595786001784 21.672754226874815231 11.370557947733679782 
 61.061733262452669635 64.339420893541500845 11.370557947733679782 
 18.395066595786001784 107.00608756020815804 11.370557947733679782 
 61.061733262452669635 149.67275422687481523 11.370557947733679782 
 18.395066595786001784 192.33942089354150085 11.370557947733679782 
 61.061733262452669635 235.00608756020812962 11.370557947733679782 
 103.72839992911933393 21.672754226874815231 11.370557947733679782 
 146.39506659578600534 64.339420893541500845 11.370557947733679782 
 103.72839992911933393 107.00608756020815804 11.370557947733679782 
 146.39506659578600534 149.67275422687481523 11.370557947733679782 
 103.72839992911933393 192.33942089354150085 11.370557947733679782 
 146.39506659578600534 235.00608756020812962 11.370557947733679782 
 189.06173326245266253 21.672754226874815231 11.370557947733679782 
 231.72839992911934814 64.339420893541500845 11.370557947733679782 
 189.06173326245266253 107.00608756020815804 11.370557947733679782 
 231.72839992911934814 149.67275422687481523 11.370557947733679782 
 189.06173326245266253 192.33942089354150085 11.370557947733679782 
 231.72839992911934814 235.00608756020812962 11.370557947733679782 
