 82.156821333071334834 41.223119480082196731 11.370557947733679782 
 29.90104015369684376 71.393008810708209921 11.370557947733679782 
 60.070929484322888925 123.64878999008270455 11.370557947733679782 
 7.8151483049484209431 153.81867932070872484 11.370557947733679782 
 37.985037635574464332 206.07446050008317684 11.370557947733679782 
 134.41260251244580104 11.053230149456174658 11.370557947733679782 
 164.58249184307180712 63.30901132883064264 11.370557947733679782 
 112.32671066369735513 93.478900659456655831 11.370557947733679782 
 142.49659999432336122 145.73468183883113625 11.370557947733679782 
 90.240818814948923432 175.90457116945717075 11.370557947733679782 
 120.41070814557494373 228.16035234883162275 11.370557947733679782 
 216.83827302244625912 33.139121998204615238 11.370557947733679782 
 247.00816235307235047 85.394903177579081444 11.370557947733679782 
 194.75238117369781321 115.56479250820508753 11.370557947733679782 
 224.92227050432390456 167.82057368757958216 11.370557947733679782 
 172.66648932494939572 197.99046301820561666 11.370557947733679782 
 202.83637865557545865 250.24624419758006866 11.370557947733679782 
