 100.71464349467500199 54.176448131449042478 11.370557947733679782 
 40.374864833422932975 54.176448131449042478 11.370557947733679782 
 40.374864833422932975 114.51622679270110439 11.370557947733679782 
 161.05442215592702837 54.176448131449035372 11.370557947733679782 
 161.05442215592702837 114.51622679270109018 11.370557947733679782 
 100.71464349467500199 114.51622679270109018 11.370557947733679782 
 100.71464349467500199 174.8560054539531734 11.370557947733679782 
 40.374864833422911659 174.8560054539531734 11.370557947733679782 
 221.39420081717912581 54.176448131449021162 11.370557947733679782 
 221.39420081717912581 114.51622679270109018 11.370557947733679782 
 221.39420081717906896 174.85600545395311656 11.370557947733679782 
 161.05442215592705679 174.85600545395311656 11.370557947733679782 
 161.05442215592702837 235.19578411520515715 11.370557947733679782 
 100.71464349467497357 235.19578411520521399 11.370557947733679782 
