 166.75494410192180794 30.549511506403600691 11.370557947733679782 
 136.58505477129577343 82.805292685778070449 11.370557947733679782 
 84.329273591921293018 52.635403355152035942 11.370557947733679782 
 54.159384261295244301 104.89118453452650215 11.370557947733679782 
 1.9036030819208049625 74.721295203900467641 11.370557947733679782 
 219.01072528129628836 60.71940083702962454 11.370557947733679782 
 188.84083595067022543 112.97518201640410496 11.370557947733679782 
 158.67094662004419092 165.23096319577857116 11.370557947733679782 
 106.41516544066973893 135.06107386515253665 11.370557947733679782 
 76.245276110043675999 187.31685504452701707 11.370557947733679782 
 23.98949493066923111 157.14696571390098256 11.370557947733679782 
 241.09661713004473427 143.14507134703012525 11.370557947733679782 
 210.92672779941867134 195.40085252640457725 11.370557947733679782 
 128.50105728941815642 217.48674437515302316 11.370557947733679782 
 32.073492412546805497 22.465514024526004988 11.370557947733679782 
 46.075386779417677019 239.57263622390146907 11.370557947733679782 
