 71.431443205255362727 47.514126200401484823 11.370557947733679782 
 145.02055771796315753 40.733598302891465437 11.370557947733679782 
 123.68722438462982893 77.684015531027498014 11.370557947733679782 
 92.764776538588677113 10.563708972265422048 11.370557947733679782 
 28.764776538588701982 121.4149606566735855 11.370557947733679782 
 102.35389105129651455 114.6344327591635448 11.370557947733679782 
 81.02055771796317174 151.5848499872996058 11.370557947733679782 
 50.098109871922034131 84.464543428537524505 11.370557947733679782 
 59.687224384629850249 188.53526721543565259 11.370557947733679782 
 166.35389105129650034 3.7831810747553924479 11.370557947733679782 
 7.4314432052553822672 158.36537788480961808 11.370557947733679782 
 175.94300556400432356 107.85390486165353252 11.370557947733679782 
 249.53212007671208994 101.07337696414347761 11.370557947733679782 
 228.19878674337877555 138.0237941922795244 11.370557947733679782 
 197.27633889733763795 70.903487633517485733 11.370557947733679782 
 133.27633889733763795 181.75473931792564031 11.370557947733679782 
 206.86545341004543275 174.97421142041557118 11.370557947733679782 
 185.53212007671208994 211.92462864855164639 11.370557947733679782 
 154.60967223067098075 144.80432208978959352 11.370557947733679782 
 218.60967223067098075 33.953070405381410524 11.370557947733679782 
 164.19878674337877555 248.87504587668766476 11.370557947733679782 
 111.94300556400433777 218.70515654606165867 11.370557947733679782 
