 206.39125864270855004 46.714866576249832519 11.370557947733679782 
 165.17842338770830679 57.757812500624055474 11.370557947733679782 
 67.135668982905102098 21.559953787903108235 11.370557947733679782 
 123.96558813270807775 68.800758424998264218 11.370557947733679782 
 82.752752877707806078 79.843704349372487172 11.370557947733679782 
 108.34850423790535956 10.517007863528887057 11.370557947733679782 
 41.539917622707562828 90.886650273746724338 11.370557947733679782 
 25.922833727904837531 32.602899712277306321 11.370557947733679782 
 180.79550728251103919 116.04156306209344507 11.370557947733679782 
 237.62542643231398642 163.28236769918862592 11.370557947733679782 
 196.41259117731374317 174.32531362356283466 11.370557947733679782 
 222.00834253751125402 104.99861713771922211 11.370557947733679782 
 98.36983677251052427 138.12745491084186256 11.370557947733679782 
 155.19975592231349992 185.36825954793704341 11.370557947733679782 
 113.98692066731324246 196.41120547231128057 11.370557947733679782 
 139.58267202751076752 127.08450898646765381 11.370557947733679782 
 15.944166262510032439 160.21334675959030847 11.370557947733679782 
   72.774085412312985 207.45415139668548932 11.370557947733679782 
 31.561250157312763065 218.49709732105972648 11.370557947733679782 
 57.157001517510273914 149.17040083521609972 11.370557947733679782 
