 142.89598886475013728 176.31418761792423311 10.995802138911615842 
 90.860626971301087451 181.10874487427815893 10.995802138911615842 
 112.7260995341241312 228.56996879729871353 10.995802138911615842 
 164.76146142757320945 223.77541154094484455 10.995802138911615842 
 99.165043739104064002  81.3917397718830955 10.995802138911615842 
 68.995154408478057917 133.64752095125757592 10.995802138911615842 
 173.06587819537617179 124.0584064385497669 10.995802138911615842 
 151.20040563255312804 76.597182515529198099 10.995802138911615842 
 121.03051630192710775 128.85296369490367852 10.995802138911615842 
 225.10124008882525004 119.26384918219585529 10.995802138911615842 
 194.93135075819924396 171.51963036157033571 10.995802138911615842 
 246.96671265164832221 166.72507310521646673 10.995802138911615842 
 216.7968233210222877 218.98085428459091872 10.995802138911615842 
 203.23576752600217787 71.802625259175286487 10.995802138911615842 
