 83.334594939202645492 159.78975132598975506 10.995802138911615842 
 35.873371016182076687 137.92427876316673974 10.995802138911615842 
 31.078813759828207708 189.95964065661578957 10.995802138911615842 
 78.540037682848762302 211.82511321943886173 10.995802138911615842 
 92.923709451910426083 55.719027539091634083 10.995802138911615842 
 40.667928272535981193 85.888916869717661484 10.995802138911615842 
 135.59037611857709749 129.61986199536372055 10.995802138911615842 
 140.38493337493099489 77.584500101914656511 10.995802138911615842 
 88.129152195556528682 107.75438943254069102 10.995802138911615842 
 183.0516000415976805 151.4853345581867643 10.995802138911615842 
 130.79581886222322851 181.6552238888127988 10.995802138911615842 
 178.2570427852437831 203.52069645163587097 10.995802138911615842 
 126.00126160586933111 233.69058578226184864 10.995802138911615842 
 187.8461572979515779 99.449972664737686046 10.995802138911615842 
