 149.08738958742279124 112.58793488210022815 10.995802138911615842 
 96.831608408048325032 142.75782421272623424 10.995802138911615842 
 127.00149773867435954 195.01360539210071465 10.995802138911615842 
 179.25727891804885417 164.84371606147468015 10.995802138911615842 
 66.661719077422290525 90.502043033351796453 10.995802138911615842 
 55.618773153048081781 131.71487828835202549 10.995802138911615842 
 44.575827228673851721 172.92771354335226874 10.995802138911615842 
 160.13033551179699998 71.375099627099970689 10.995802138911615842 
 118.91750025679677094 60.33215370272575484 10.995802138911615842 
 107.87455433242254799 101.54498895772601941 10.995802138911615842 
 138.04444366304858249 153.80077013710044298 10.995802138911615842 
 85.788662483674116288 183.97065946772650591 10.995802138911615842 
 115.95855181430013658 236.22644064710098633 10.995802138911615842 
 74.745716559299879123 225.18349472272677758 10.995802138911615842 
 201.34317076679724323 82.418045551474193644 10.995802138911615842 
 190.30022484242306291 123.63088080647445111 10.995802138911615842 
 231.51306009742330616 134.67382673084867406 10.995802138911615842 
 220.47011417304912584 175.88666198584888889 10.995802138911615842 
  168.214332993674617 206.05655131647495182 10.995802138911615842 
 209.42716824867486025 217.09949724084918898 10.995802138911615842 
 157.17138706930037984 247.26938657147516665 10.995802138911615842 
