 148.3168782242379109 129.17189111389566847 10.995802138911615842 
 105.6502115575712395 86.505224447228997064 10.995802138911615842 
 62.983544890904575198 129.17189111389566847 10.995802138911615842 
 105.6502115575712395 171.83855778056232566 10.995802138911615842 
 148.3168782242379109 43.838557780562325661 10.995802138911615842 
 105.6502115575712395 43.838557780562325661 10.995802138911615842 
 62.983544890904560987 43.838557780562325661 10.995802138911615842 
 190.98354489090456809 129.17189111389566847 10.995802138911615842 
 190.98354489090456809 86.505224447228997064 10.995802138911615842 
 148.3168782242379109 86.505224447228997064 10.995802138911615842 
 105.6502115575712395 129.17189111389566847 10.995802138911615842 
 62.983544890904575198 86.505224447228997064 10.995802138911615842 
 20.316878224237889583 129.17189111389566847 10.995802138911615842 
 20.316878224237889583 86.505224447228997064 10.995802138911615842 
 190.98354489090456809 171.83855778056232566 10.995802138911615842 
 148.3168782242379109 171.83855778056232566 10.995802138911615842 
 148.3168782242379109 214.5052244472290397 10.995802138911615842 
 105.6502115575712395 214.5052244472290397 10.995802138911615842 
 62.983544890904575198 171.83855778056232566 10.995802138911615842 
 62.983544890904582303 214.5052244472290397 10.995802138911615842 
 20.316878224237889583 171.83855778056232566 10.995802138911615842 
