 48.361683666560750794 14.336732926328044968 12.931063315360059818 
 14.027276315591894473 72.13859890597242952 12.931063315360059818 
 2.2554234347546526784 136.09566219480871041 12.931063315360059818 
 43.309310746944525761 91.53800352188839895 12.931063315360059818 
 86.819470692344708596 28.395587851006961699 12.931063315360059818 
 35.512154150189665813 127.19373090203865218 12.931063315360059818 
 118.38018495737856028 7.5520112208045020452 12.931063315360059818 
 77.924789309770716272 89.005083922762111115 12.931063315360059818 
 101.92919978591545771 63.560321372340901291 12.931063315360059818 
 28.214792457782504442 190.7612601144947746 12.931063315360059818 
 153.00632969055510557 20.252073272709345986 12.931063315360059818 
 63.633089295391570772 146.90949847419977914 12.931063315360059818 
 88.309447163424380278 122.48764090101481372 12.931063315360059818 
 136.16095569865507287 79.536764899179544841 12.931063315360059818 
 63.368863671978132857 181.80427067861336354 12.931063315360059818 
 162.12768681979187591 55.631403290890624191 12.931063315360059818 
 118.37571498779652757 136.0482014352289184 12.931063315360059818 
 147.18463982399339329 115.58814390750305279 12.931063315360059818 
 197.20573825398005852 62.763075976362301844 12.931063315360059818 
 119.86008036069733862 171.53365319236894493 12.931063315360059818 
 97.263963843990012492 198.25322705305219984 12.931063315360059818 
 169.51545205947221007 144.61487454137304098 12.931063315360059818 
 116.05775517974402078 230.78840159267846843 12.931063315360059818 
  153.427852915939269 178.40171762977371372 12.931063315360059818 
 223.50061897446326498 91.383742589522128696 12.931063315360059818 
 250.39511511481859429 65.752660830461721275 12.931063315360059818 
 202.13909528239804558 154.6659949512653327 12.931063315360059818 
 229.18636650218167006 131.34309899250470721 12.931063315360059818 
 171.72880328672530936 209.89560576077565202 12.931063315360059818 
 153.70510207801763158 242.82979599469808818 12.931063315360059818 
 205.06220267182590078 194.35080043679630535 12.931063315360059818 
