 28.33602084902822682 59.390044781537270069 12.931063315360059818 
 16.287413958815591286 95.804700075810004023 12.931063315360059818 
 62.755608337154320964 50.744757676540828584 12.931063315360059818 
 88.706262901590662295 22.049321481267860179 12.931063315360059818 
 1.7587990573849539011 166.42220884869013275 12.931063315360059818 
 41.315824877617195909 125.03354873173398687 12.931063315360059818 
 79.65715424157514235 82.403234243626300781 12.931063315360059818 
 38.387974676498444637 161.31901883702241207 12.931063315360059818 
 76.623895893693301673 118.03338861464007437 12.931063315360059818 
 120.69728874171849498 42.155808939917633893 12.931063315360059818 
 113.00426761606385639 75.518656393252200587 12.931063315360059818 
  30.1703288951923696 217.71892684884863911 12.931063315360059818 
 166.90889819589597209 11.764105465751981683 12.931063315360059818 
 61.707835031865499786 194.88495587611541282 12.931063315360059818 
 156.47496643547515305 44.590509397507425149 12.931063315360059818 
 111.33336758807988076 133.81267613608866895 12.931063315360059818 
 131.6491418294129403 103.76673895500084654 12.931063315360059818 
 181.69067609850043254 73.186979112242141809 12.931063315360059818 
 166.93491378533440184 105.1027251430557925 12.931063315360059818 
 111.81546773491766089 210.7678621874293583 12.931063315360059818 
 140.89361048805403698 157.08016154925635988 12.931063315360059818 
 145.65133278223993329 192.79064880742316745 12.931063315360059818 
 174.50603836283556802 139.86371270439033765 12.931063315360059818 
 227.82837693697447889 38.256921115591829619 12.931063315360059818 
 122.46413877040424723 247.49131092087955608 12.931063315360059818 
 219.28687923269438897 73.298269112138044079 12.931063315360059818 
 185.54551850492097742 196.67083620915084907 12.931063315360059818 
 202.36535313508670697 163.0037560547972646 12.931063315360059818 
 249.95436147501322921 95.00431172822550252 12.931063315360059818 
 240.6400308908828265 163.7032215384320466 12.931063315360059818 
