 105.49122494923381055 5.1240272977005592026 12.931063315360059818 
 32.932549228986474077 23.986708745836086365 12.931063315360059818 
 143.68315974129777146 3.5838012751544967571 12.931063315360059818 
 221.84613009664317929 13.755230988343054577 12.931063315360059818 
 102.34053802409768252 41.981153189193761932 12.931063315360059818 
 46.403195029549770823 62.188768689454285266 12.931063315360059818 
 161.03086698264573329 35.254509464627062698 12.931063315360059818 
 196.25616470133917346 43.280382538938830805 12.931063315360059818 
 80.167271295007751064 70.403161354249988335 12.931063315360059818 
 134.44597616625793535 58.545312384435945319 12.931063315360059818 
 21.869774905952112931 91.49681243257354879 12.931063315360059818 
 133.85632049595602666 94.109821772806185436 12.931063315360059818 
 198.49732534278237495 82.072438743518176807 12.931063315360059818 
 97.154773209139804635 104.14990058487899205 12.931063315360059818 
 16.354463138583742676 129.56848494013473783 12.931063315360059818 
 232.56315453022162387 96.991558024597210874 12.931063315360059818 
 168.17647636123496113 106.9306592472074442 12.931063315360059818 
 81.181238367102835696 136.90569008093413572 12.931063315360059818 
 45.86062455785279468 149.68111362039346091 12.931063315360059818 
 231.97141636054760738 136.1753546246260953 12.931063315360059818 
 167.66729238238400512 144.22969974351752853 12.931063315360059818 
 101.49675071265957627 167.88003374135593049 12.931063315360059818 
 43.554235991767086489 186.69418472095873085 12.931063315360059818 
 137.47242346054508744 169.83998002392385729 12.931063315360059818 
 200.04275023930867405 161.15668778723573951 12.931063315360059818 
 78.654403059653219543 197.79110332984473075 12.931063315360059818 
