 116.96676565823361216 131.27581352292696693 11.290941197073205871 
 116.96676565823361216 195.27581352292696693 11.290941197073205871 
 205.40865658256521442 131.27581352292696693 11.290941197073205871 
 205.40865658256521442 195.27581352292696693 11.290941197073205871 
 161.18771112039939908 75.045413522926963878 11.290941197073205871 
 72.745820196067811025 123.50621352292696997 11.290941197073205871 
 72.745820196067811025 187.50621352292696997 11.290941197073205871 
 161.18771112039939908 139.04541352292696388 11.290941197073205871 
 116.96676565823361216 3.2758135229269513822 11.290941197073205871 
 116.96676565823361216 67.275813522926966925 11.290941197073205871 
 205.40865658256521442 3.2758135229269513822 11.290941197073205871 
 205.40865658256521442 67.275813522926966925 11.290941197073205871 
 161.18771112039939908 203.04541352292696388 11.290941197073205871 
 72.745820196067811025 251.50621352292699839 11.290941197073205871 
 72.745820196067811025 59.506213522926977078 11.290941197073205871 
 161.18771112039939908 11.045413522926988747 11.290941197073205871 
