 186.88150261351680115 122.09448692718922302 11.290941197073205871 
 154.88150261351680115 177.52011276939330742 11.290941197073205871 
 110.28857831431325565 77.873541465023421893 11.290941197073205871 
 78.288578314313241435 133.2991673072275205 11.290941197073205871 
 100.1073161647114631 7.0661138689800528923 11.290941197073205871 
 152.46984046391503398 93.255343218862762456 11.290941197073205871 
 120.46984046391501977 148.68096906106686106 11.290941197073205871 
 68.107316164711491524 62.491739711184102646 11.290941197073205871 
 122.88150261351681536 232.94573861159739181 11.290941197073205871 
 218.88150261351677273 66.668861084985167054 11.290941197073205871 
 46.288578314313248541 188.72479314943157647 11.290941197073205871 
 142.28857831431321301 22.447915622819369474 11.290941197073205871 
 36.107316164711477313 117.91736555338819414 11.290941197073205871 
 88.469840463915019768 204.10659490327097387 11.290941197073205871 
 184.46984046391503398 37.829717376658685168 11.290941197073205871 
 4.1073161647114684314 173.34299139559229275 11.290941197073205871 
