 113.29969361211357182 136.7260112495585247 11.290941197073205871 
 49.299693612113600238 136.7260112495585247 11.290941197073205871 
 113.29969361211357182 48.284120325226922432 11.290941197073205871 
 49.299693612113600238 48.284120325226922432 11.290941197073205871 
 169.53009361211360329 180.94695671172431162 11.290941197073205871 
 121.06929361211356877 92.505065787392737775 11.290941197073205871 
 57.069293612113597192 92.505065787392737775 11.290941197073205871 
 105.53009361211357486 180.94695671172431162 11.290941197073205871 
 241.29969361211362866 136.7260112495585247 11.290941197073205871 
 177.29969361211360024 136.7260112495585247 11.290941197073205871 
 241.29969361211362866 48.284120325226915327 11.290941197073205871 
 177.29969361211360024 48.284120325226922432 11.290941197073205871 
 41.53009361211359618 180.94695671172431162 11.290941197073205871 
 249.06929361211356877 92.505065787392737775 11.290941197073205871 
 185.06929361211359719 92.505065787392737775 11.290941197073205871 
 233.53009361211357486 180.94695671172431162 11.290941197073205871 
