 8.6453491340150723232 90.574711900371653428 13.162727316123840282 
 34.773146181709876146 116.70295159352723147 13.162727316123840282 
 25.209487394599154442 152.39501209327701758 13.162727316123840282 
 18.209007921125795804 54.882651400621845994 13.162727316123840282 
 63.464122543042080338 9.6267700942778304807 13.162727316123840282 
 53.900463755931362186 45.318830594027609493 13.162727316123840282 
 70.464602016515428318 107.13913078693298075 13.162727316123840282 
 51.337284442293970699 178.52325178643258141 13.162727316123840282 
 96.592399064210255233  133.267370480088573 13.162727316123840282 
 87.028740277099515765 168.95943097983834491 13.162727316123840282 
 41.773625655183224126 214.21531228618241016 13.162727316123840282 
 80.028260803626167785 71.447070287183166215 13.162727316123840282 
 125.28337542554245942 26.19118898083916136 13.162727316123840282 
 115.71971663843171996 61.883249480588936819 13.162727316123840282 
 132.28385489901577898 123.70354967349429387 13.162727316123840282 
 113.15653732479434268 195.08767067299393716 13.162727316123840282 
 158.4116519467106059 149.83178936664990033 13.162727316123840282 
 148.84799315959986643 185.52384986639967224 13.162727316123840282 
  103.592878537683589 230.77973117274376591 13.162727316123840282 
 141.84751368612651845 88.011489173744493542 13.162727316123840282 
 187.10262830804279588 42.755607867400478028 13.162727316123840282 
 177.53896952093208483 78.447668367150257041 13.162727316123840282 
 194.1031077815162007 140.26796856005563541 13.162727316123840282 
 174.97579020729472177 211.65208955955526449 13.162727316123840282 
 220.23090482921097077 166.39620825321122766 13.162727316123840282 
 210.66724604210028815 202.08826875296099956 13.162727316123840282 
 165.4121314201839823 247.34415005930506481 13.162727316123840282 
 203.66676656862691175 104.57590806030582087 13.162727316123840282 
 248.92188119054316076 59.320026753961805355 13.162727316123840282 
 239.35822240343242129 95.012087253711584367 13.162727316123840282 
