 44.590942564991948416 141.00169901260406391 13.162727316123840282 
 44.590942564991948416 214.90397914289724213 13.162727316123840282 
 76.590942564991948416 159.47726904517736557 13.162727316123840282 
 76.590942564991948416 196.42840911032394047 13.162727316123840282 
 44.590942564991948416 30.148278817164325005 13.162727316123840282 
 44.590942564991948416 104.05055894745748901 13.162727316123840282 
 76.590942564991948416 48.623848849737605349 13.162727316123840282 
 76.590942564991948416 85.574988914884215774 13.162727316123840282 
 108.5909425649919342 141.00169901260406391 13.162727316123840282 
 108.5909425649919342 214.90397914289724213 13.162727316123840282 
 140.59094256499196263 159.47726904517736557 13.162727316123840282 
 140.59094256499196263 196.42840911032394047 13.162727316123840282 
 108.5909425649919342 30.148278817164325005 13.162727316123840282 
 108.5909425649919342 104.05055894745748901 13.162727316123840282 
 140.59094256499196263 48.623848849737605349 13.162727316123840282 
 140.59094256499196263 85.574988914884215774 13.162727316123840282 
 172.5909425649919342 141.00169901260406391 13.162727316123840282 
 172.5909425649919342 214.90397914289724213 13.162727316123840282 
 204.5909425649919342 159.47726904517736557 13.162727316123840282 
 204.5909425649919342 196.42840911032394047 13.162727316123840282 
 172.5909425649919342 30.148278817164325005 13.162727316123840282 
 172.5909425649919342 104.05055894745748901 13.162727316123840282 
 204.5909425649919342 48.623848849737605349 13.162727316123840282 
 204.5909425649919342 85.574988914884215774 13.162727316123840282 
 236.59094256499196263 141.00169901260406391 13.162727316123840282 
 236.59094256499196263 214.90397914289724213 13.162727316123840282 
 12.590942564991953745 159.47726904517736557 13.162727316123840282 
 12.590942564991953745 196.42840911032394047 13.162727316123840282 
 236.59094256499196263 30.148278817164325005 13.162727316123840282 
 236.59094256499196263 104.05055894745748901 13.162727316123840282 
 12.590942564991953745 48.623848849737605349 13.162727316123840282 
 12.590942564991953745 85.574988914884215774 13.162727316123840282 
