 103.10839926141252931 27.709543840689672578 13.162727316123840282 
 39.107147270984718546 64.660683905836265239 13.162727316123840282 
 103.10808626380558906 64.660141778078354946 13.162727316123840282 
 71.107460268591665908 83.135711810651642395 13.162727316123840282 
 7.1065212757708424718 83.136253938409538478 13.162727316123840282 
 135.10902525662643825 9.2339738081163709182 13.162727316123840282 
 7.1062082781638329365 120.0868518757982315 13.162727316123840282 
 167.10933825423342114 27.709001712931762285 13.162727316123840282 
 135.10839926141255773 83.135169682893732102 13.162727316123840282 
 71.107147270984725651 120.08630974804032121 13.162727316123840282 
 135.10808626380560327 120.08576762028243934 13.162727316123840282 
 103.10746026859169433 138.56133765285571258 13.162727316123840282 
 39.106521275770838031 138.56187978061359445 13.162727316123840282 
 167.10902525662643825 64.659599650320444653 13.162727316123840282 
 39.106208278163848036 175.5124777180023159 13.162727316123840282 
 199.10933825423342114 83.13462755513585023 13.162727316123840282 
 167.10839926141255773 138.56079552509780228 13.162727316123840282 
 103.10714727098473986 175.5119355902444056 13.162727316123840282 
 167.10808626380560327 175.51139346248649531 13.162727316123840282 
 135.10746026859169433 193.98696349505976855 13.162727316123840282 
 71.106521275770845136 193.98750562281767884 13.162727316123840282 
 199.10902525662646667 120.08522549252451483 13.162727316123840282 
 71.106208278163848036 230.93810356020637187 13.162727316123840282 
 231.10933825423342114 138.56025339733989199 13.162727316123840282 
 199.10839926141255773 193.98642136730185825 13.162727316123840282 
 135.10714727098473986 230.93756143244843315 13.162727316123840282 
 199.10808626380563169 230.93701930469060812 13.162727316123840282 
 167.10746026859169433 249.41258933726388136 13.162727316123840282 
 103.10652127577084514 249.41313146502170639 13.162727316123840282 
 231.10902525662646667 175.51085133472858502 13.162727316123840282 
