 75.072687726838310596 108.7211543946312986 11.96434757376798963 
 75.072687726838310596 194.05448772796464141 11.96434757376798963 
 112.02310495497437159 130.05448772796464141 11.96434757376798963 
 112.02310495497437159 172.7211543946312986 11.96434757376798963 
 75.072687726838310596 236.7211543946312986 11.96434757376798963 
 75.072687726838310596 66.05448772796466983 11.96434757376798963 
 112.02310495497437159 2.0544877279646138746 11.96434757376798963 
 112.02310495497437159 44.721154394631312812 11.96434757376798963 
 148.97352218311041838 108.7211543946312986 11.96434757376798963 
 148.97352218311041838 194.05448772796464141 11.96434757376798963 
 185.92393941124643675 130.05448772796464141 11.96434757376798963 
 185.92393941124643675 172.7211543946312986 11.96434757376798963 
 148.97352218311041838 236.7211543946312986 11.96434757376798963 
 148.97352218311041838 66.05448772796466983 11.96434757376798963 
 185.92393941124643675 2.0544877279646138746 11.96434757376798963 
 185.92393941124643675 44.721154394631312812 11.96434757376798963 
 222.87435663938251196 108.7211543946312986 11.96434757376798963 
 222.87435663938251196 194.05448772796464141 11.96434757376798963 
 38.122270498702320651 130.05448772796464141 11.96434757376798963 
 38.122270498702320651 172.7211543946312986 11.96434757376798963 
 222.87435663938251196 236.7211543946312986 11.96434757376798963 
 222.87435663938251196 66.05448772796466983 11.96434757376798963 
 38.122270498702320651 2.0544877279646138746 11.96434757376798963 
 38.122270498702320651 44.721154394631312812 11.96434757376798963 
