 191.35715806477645629 7.0210308304643493926 11.96434757376798963 
 108.93148755477595557 29.106922679212789973 11.96434757376798963 
 180.31421214040221912 48.233866085464597973 11.96434757376798963 
 139.10137688540200429 59.276812009838806716 11.96434757376798963 
 67.718652299775712322 40.149868603587002269 11.96434757376798963 
 56.675706375401489368 81.362703858587252626 11.96434757376798963 
 15.462871120401265657 92.405649782961461369 11.96434757376798963 
 210.48410147102825363 78.403755416090618269 11.96434757376798963 
 128.0584309610277387 100.48964726483904997 11.96434757376798963 
 199.44115554665404488 119.6165906710908331 11.96434757376798963 
 158.22832029165380163 130.65953659546505605 11.96434757376798963 
 86.845595706027523875 111.53259318921325871 11.96434757376798963 
 4.4199251960270338202 133.61848503796170462 11.96434757376798963 
 75.80264978165330092 152.74542844421350196 11.96434757376798963 
 34.589814526653078985 163.78837436858771071 11.96434757376798963 
 229.61104487728010781 149.78648000171688182 11.96434757376798963 
 147.18537436727956447 171.87237185046532773 11.96434757376798963 
 218.56809895290584222 190.99931525671718191 11.96434757376798963 
 177.3552636979056274 202.04226118109139065 11.96434757376798963 
 105.97253911227933543 182.91531777483953647 11.96434757376798963 
 23.546868602278820504 205.00120962358798238 11.96434757376798963 
 94.929593187905112472 224.12815302983980814 11.96434757376798963 
 53.716757932904897643 235.17109895421401689 11.96434757376798963 
