 154.30593236301817228 215.08639260401741922 9.1944420615472566283 
 169.16515284083385495 1.753912604017424659 9.1944420615472566283 
 92.443036581448183142 44.421432604017368817 9.1944420615472566283 
 122.1633091821307886 129.75903260401742045 9.1944420615472566283 
 107.30317288178949298 87.091512604017410126 9.1944420615472566283 
 137.02344548247208422 172.42655260401741657 9.1944420615472566283 
 62.723679803291211954 215.08639260401741922 9.1944420615472566283 
 77.58290028110690173 1.753912604017424659 9.1944420615472566283 
 184.02528914117513636 44.421432604017368817 9.1944420615472566283 
 213.74556174185775603 129.75903260401742045 9.1944420615472566283 
 198.88542544151641778 87.091512604017410126 9.1944420615472566283 
 45.441192922745138105 172.42655260401741657 9.1944420615472566283 
