 111.36524020026342896 125.8341200353436875 9.1944420615472566283 
 81.843694202690656425 160.03634244956603538 9.1944420615472566283 
 6.531479836517208426 114.92680073683490605 9.1944420615472566283 
 169.18959000767986822 55.334111816424616848 9.1944420615472566283 
 198.7106780939898556 21.131096276629733666 9.1944420615472566283 
 139.66850192136990927 89.53712735621950003 9.1944420615472566283 
 157.15636648012693399 205.1466772878696645 9.1944420615472566283 
 36.052567922827172708 80.723785197040044181 9.1944420615472566283 
 52.322606116380704577 194.23935798936088304 9.1944420615472566283 
 214.98071628754337326 134.64666906895058673 9.1944420615472566283 
 244.50180437385336063 100.44365352915572487 9.1944420615472566283 
 185.4596282012334143 168.84968460874549123 9.1944420615472566283 
