 230.90070585366120781 140.79025093221551401 9.1944420615472566283 
 188.23318585366121169 155.6494714100312251 9.1944420615472566283 
 145.56566585366121558 78.927355150645539084 9.1944420615472566283 
 60.228065853661220785 108.64762775132814454 9.1944420615472566283 
 102.89558585366123111 93.787491450986848918 9.1944420615472566283 
 17.560545853661210458 123.50776405166944016 9.1944420615472566283 
 230.90070585366120781 49.207998372488553684 9.1944420615472566283 
 188.23318585366121169 64.067218850304257671 9.1944420615472566283 
 145.56566585366121558 170.50960771037250652 9.1944420615472566283 
 60.228065853661227891 200.22988031105509776 9.1944420615472566283 
 102.89558585366123111 185.36974401071381635 9.1944420615472566283 
 17.560545853661210458 215.0900166113964076 9.1944420615472566283 
