 63.569494075690165857 108.32518589846637269 9.1944420615472566283 
 20.901974075690191057 123.18440637628208378 9.1944420615472566283 
 234.23445407569019494 46.462290116896404868 9.1944420615472566283 
 148.89685407569012909 76.18256271757900322 9.1944420615472566283 
 191.56437407569015363 61.322426417237707597 9.1944420615472566283 
 106.22933407569013298 91.042699017920284632 9.1944420615472566283 
 63.569494075690172963 199.90743845819335434 9.1944420615472566283 
 20.901974075690191057 214.76665893600903701 9.1944420615472566283 
 234.23445407569019494 138.0445426766233652 9.1944420615472566283 
 148.89685407569012909 167.76481527730595644 9.1944420615472566283 
 191.56437407569015363 152.90467897696464661 9.1944420615472566283 
 106.22933407569013298 182.62495157764726628 9.1944420615472566283 
