 56.249180205428459089 24.948639414322713037 10.995802138911615842 
 86.419069536054507807 77.204420593697165032 10.995802138911615842 
 97.462015460428716551 35.991585338696928886 10.995802138911615842 
 45.206234281054250346 66.161474669322956288 10.995802138911615842 
 34.163288356680027391 107.37430992432321375 10.995802138911615842 
 64.333177687306061898 159.63009110369767996 10.995802138911615842 
 75.376123611680284853 118.4172558486974367 10.995802138911615842 
 23.120342432305804437 148.58714517932344279 10.995802138911615842 
 12.077396507931606351 189.79998043432365762 10.995802138911615842 
 53.290231762931846049 200.84292635869789478 10.995802138911615842 
 138.6748507154289598 47.03453126307113763 10.995802138911615842 
 168.84474004605499431 99.290312442445610941 10.995802138911615842 
 179.88768597042920305 58.077477187445360585 10.995802138911615842 
 127.63190479105475106 88.247366518071387986 10.995802138911615842 
 116.5889588666805281 129.46020177307164545 10.995802138911615842 
 146.75884819730657682 181.71598295244609744 10.995802138911615842 
 157.80179412168075714 140.50314769744588261 10.995802138911615842 
 105.54601294230630515 170.6730370280718887 10.995802138911615842 
 94.503067017932110616 211.88587228307213195 10.995802138911615842 
 190.93063189480344022 16.864641932445106676 10.995802138911615842 
 135.71590227293233966 222.92881820744634069 10.995802138911615842 
 149.71779663980316855 5.821696008070888162 10.995802138911615842 
 221.10052122542950315 69.120423111819590645 10.995802138911615842 
 251.27041055605553765 121.37620429119407106 10.995802138911615842 
 210.05757530105526598 110.3332583668198339 10.995802138911615842 
 199.01462937668102882 151.54609362182009136 10.995802138911615842 
 229.18451870730709174 203.80187480119454335 10.995802138911615842 
 240.22746463168130049 162.5890395461943001 10.995802138911615842 
 187.97168345230682007 192.75892887682033461 10.995802138911615842 
 176.92873752793263975 233.97176413182052102 10.995802138911615842 
  218.141572782932883 245.01471005619481502 10.995802138911615842 
 232.14346714980371189 27.907587856819326078 10.995802138911615842 
