 26.874042725871525761 32.627338055744502299 10.995802138911615842 
 69.54070939253820427 75.294004722411173702 10.995802138911615842 
 69.54070939253820427 32.627338055744502299 10.995802138911615842 
 26.874042725871525761 75.294004722411173702 10.995802138911615842 
 26.874042725871525761 117.96067138907784511 10.995802138911615842 
 69.54070939253820427 160.6273380557445023 10.995802138911615842 
 69.54070939253820427 117.96067138907784511 10.995802138911615842 
 26.874042725871525761 160.6273380557445023 10.995802138911615842 
 26.874042725871525761 203.29400472241118791 10.995802138911615842 
 69.54070939253820427 245.96067138907787353 10.995802138911615842 
 69.54070939253820427 203.29400472241118791 10.995802138911615842 
 26.874042725871525761 245.96067138907787353 10.995802138911615842 
 112.20737605920487567 32.627338055744502299 10.995802138911615842 
 154.87404272587153287 75.294004722411173702 10.995802138911615842 
 154.87404272587153287 32.627338055744502299 10.995802138911615842 
 112.20737605920487567 75.294004722411173702 10.995802138911615842 
 112.20737605920487567 117.96067138907784511 10.995802138911615842 
 154.87404272587153287 160.6273380557445023 10.995802138911615842 
 154.87404272587153287 117.96067138907784511 10.995802138911615842 
 112.20737605920487567 160.6273380557445023 10.995802138911615842 
 112.20737605920487567 203.29400472241118791 10.995802138911615842 
 154.87404272587153287 245.96067138907787353 10.995802138911615842 
 154.87404272587153287 203.29400472241118791 10.995802138911615842 
 112.20737605920487567 245.96067138907787353 10.995802138911615842 
 197.54070939253821848 32.627338055744502299 10.995802138911615842 
 240.2073760592049041 75.294004722411173702 10.995802138911615842 
 240.2073760592049041 32.627338055744502299 10.995802138911615842 
 197.54070939253821848 75.294004722411173702 10.995802138911615842 
 197.54070939253821848 117.96067138907784511 10.995802138911615842 
 240.2073760592049041 160.6273380557445023 10.995802138911615842 
 240.2073760592049041 117.96067138907784511 10.995802138911615842 
 197.54070939253821848 160.6273380557445023 10.995802138911615842 
 197.54070939253821848 203.29400472241118791 10.995802138911615842 
 240.2073760592049041 245.96067138907787353 10.995802138911615842 
 240.2073760592049041 203.29400472241118791 10.995802138911615842 
 197.54070939253821848 245.96067138907787353 10.995802138911615842 
