 94.494321519223561268 10.023490700467966974 10.995802138911615842 
 94.494321519223561268 70.363269361720028883 10.995802138911615842 
 124.66421084984958156 40.19338003109398727 10.995802138911615842 
 64.324432188597540971 40.19338003109398727 10.995802138911615842 
 34.154542857971534886 70.363269361720014672 10.995802138911615842 
 34.154542857971492253 130.70304802297206948 10.995802138911615842 
 64.324432188597540971 100.53315869234603497 10.995802138911615842 
 3.9846535273454728454 100.53315869234604918 10.995802138911615842 
 154.83410018047561607 10.023490700467966974 10.995802138911615842 
 3.9846535273455114812 160.87293735359810398 10.995802138911615842 
 154.83410018047561607 70.363269361720014672 10.995802138911615842 
 154.83410018047561607 130.70304802297206948 10.995802138911615842 
  185.003989511101679 100.53315869234603497 10.995802138911615842 
 124.66421084984960999 100.53315869234604918 10.995802138911615842 
 94.494321519223575478 130.70304802297206948 10.995802138911615842 
 94.494321519223561268 191.04282668422413849 10.995802138911615842 
 124.6642108498496242 160.87293735359810398 10.995802138911615842 
 64.324432188597540971 160.87293735359810398 10.995802138911615842 
 34.154542857971534886 191.04282668422413849 10.995802138911615842 
 215.17387884172765666 70.363269361720028883 10.995802138911615842 
 64.324432188597569393 221.21271601485014457 10.995802138911615842 
  185.003989511101679 40.19338003109398727 10.995802138911615842 
 215.17387884172768509 130.70304802297206948 10.995802138911615842 
 215.17387884172768509 191.04282668422413849 10.995802138911615842 
 245.34376817235371959 160.87293735359807556 10.995802138911615842 
  185.003989511101679 160.87293735359810398 10.995802138911615842 
 154.83410018047564449 191.04282668422408165 10.995802138911615842 
 154.83410018047564449 251.3826053454762075 10.995802138911615842 
  185.003989511101679 221.21271601485014457 10.995802138911615842 
 124.66421084984958156 221.21271601485014457 10.995802138911615842 
  94.4943215192236039 251.38260534547617908 10.995802138911615842 
 245.34376817235371959 100.53315869234603497 10.995802138911615842 
