 189.79328905091534807 34.119146236268441896 10.995802138911615842 
 174.17620515611264409 92.402896797737824386 10.995802138911615842 
 211.12662238424869088 71.069563464404481579 10.995802138911615842 
 152.84287182277930128 55.452479569601784704 10.995802138911615842 
 115.89245459464326871 76.785812902935120405 10.995802138911615842 
 100.27537069984055051 135.06956346440449579 10.995802138911615842 
 137.2257879279765973 113.73623013107116719 10.995802138911615842 
 78.942037366507221918 98.119146236268449002 10.995802138911615842 
 41.991620138371189341 119.4524795696017776 10.995802138911615842 
 26.374536243568439176 177.7362301310711814 10.995802138911615842 
 63.324953471704517938 156.4028967977378386 10.995802138911615842 
 5.0412029102351141319 140.78581290293513462 10.995802138911615842 
 232.45995571758203369 108.01998069254055679 10.995802138911615842 
 216.8428718227793297 166.30373125400990375 10.995802138911615842 
 253.79328905091537649 144.97039792067658937 10.995802138911615842 
 195.5095384894459869 129.35331402587388538 10.995802138911615842 
 158.55912126130994011 150.68664735920722819 10.995802138911615842 
 142.94203736650723613 208.97039792067658937 10.995802138911615842 
 179.8924545946432545 187.63706458734324656 10.995802138911615842 
 121.60870403317389332  172.019980692540571 10.995802138911615842 
 84.658286805037874956 193.35331402587388538 10.995802138911615842 
 69.041202910235128343 251.63706458734327498 10.995802138911615842 
 105.99162013837120355 230.30373125400993217 10.995802138911615842 
 47.707869576901799746 214.68664735920722819 10.995802138911615842 
 131.5095384894459869 18.502062341465755679 10.995802138911615842 
 238.17620515611267251 203.25414848214600738 10.995802138911615842 
 201.2257879279765973 224.58748181547935019 10.995802138911615842 
 57.608704033173900427 61.168729008132430636 10.995802138911615842 
 94.559121261309925899 39.835395674799094934 10.995802138911615842 
 164.27537069984057894  245.920815148812693 10.995802138911615842 
 20.658286805037864298 82.502062341465759232 10.995802138911615842 
