 96.041416916047481322 17.367640413215465145 10.995802138911615842 
 114.14034627240795317 66.38901761561707815 10.995802138911615842 
 73.955525067299049624 99.79331092321596941 10.995802138911615842 
 92.054454423659521467 148.81468812561757886 10.995802138911615842 
 51.86963321855061082 182.21898143321647012 10.995802138911615842 
 69.968562574911075558 231.24035863561812221 10.995802138911615842 
 154.32516747751688513 32.984724308018172678 10.995802138911615842 
 172.42409683387734276 82.006101510419796341 10.995802138911615842 
 132.2392756287684108 115.41039481801867339 10.995802138911615842 
 150.33820498512892527 164.43177202042028284 10.995802138911615842 
 110.15338378001999331 197.8360653280191741 10.995802138911615842 
 128.25231313638047936 246.85744253042079777 10.995802138911615842 
 212.6089180389862463 48.60180820282090508 10.995802138911615842 
 230.70784739534670393 97.623185405222514532 10.995802138911615842 
 190.52302619023782881   131.02747871282142 10.995802138911615842 
 208.62195554659831487 180.04885591522301524 10.995802138911615842 
 168.4371343414893829 213.45314922282187808 10.995802138911615842 
 55.856595710938556465 50.771933720814359958 10.995802138911615842 
 248.80677675170718999 146.64456260762409556 10.995802138911615842 
 33.770703862190117661 133.19760423081487488 10.995802138911615842 
 226.7208849029587725 229.07023311762461049 10.995802138911615842 
 11.684812013441684186 215.6232747408153898 10.995802138911615842 
