 72.052335072182799536 3.5930432511296896969 10.995802138911615842 
 90.151264428543271379 52.614420453531302257 10.995802138911615842 
 49.966443223434367837 86.018713761130200623 10.995802138911615842 
 68.06537257979483968 135.04009096353181008 10.995802138911615842 
 27.880551374685929034 168.44438427113067291 10.995802138911615842 
 45.979480731046400876  217.465761473532325 10.995802138911615842 
 130.33608563365217492 19.210127145932418102 10.995802138911615842 
 148.43501499001266097 68.231504348334013343 10.995802138911615842 
 108.25019378490374322 101.63579765593291881 10.995802138911615842 
 126.34912314126422928 150.65717485833451406 10.995802138911615842 
 86.164301936155325734 184.06146816593340532 10.995802138911615842 
 104.26323129251579758 233.08284536833500056 10.995802138911615842 
 188.61983619512156451 34.827211040735129188 10.995802138911615842 
 206.71876555148205057 83.848588243136731535 10.995802138911615842 
 166.53394434637311861 117.25288155073563701 10.995802138911615842 
 184.63287370273360466 166.27425875313721804 10.995802138911615842 
 144.44805249762470112 199.67855206073608088 10.995802138911615842 
 162.54698185398518717 248.69992926313770454 10.995802138911615842 
 246.90358675659098253 50.444294935537840274 10.995802138911615842 
 31.867513867073895995 36.997336558728605382 10.995802138911615842 
 224.81769490784256504 132.8699654455383552 10.995802138911615842 
 9.7816220183254802834 119.42300706872909188 10.995802138911615842 
 202.73180305909409071 215.29563595553881328 10.995802138911615842 
