 155.81919346294048978 8.2268703456077858505 10.995802138911615842 
 122.41490015534162694 48.411691550716682286 10.995802138911615842 
 73.393522952940003279 30.312762194356221102 10.995802138911615842 
 39.989229645341126229 70.497583399465113985 10.995802138911615842 
 204.84057066534208502 26.325799701968254141 10.995802138911615842 
 171.43627735774322218 66.51062090707716834 10.995802138911615842 
 138.03198405014433092 106.69544211218607188 10.995802138911615842 
 89.010606847742707259 88.596512755825600038 10.995802138911615842 
 55.606313540143844421 128.78133396093448937 10.995802138911615842 
 6.584936337742226975 110.68240460457403174 10.995802138911615842 
  220.457654560144789 84.609550263437654394 10.995802138911615842 
 187.05336125254595459 124.79437146854655794 10.995802138911615842 
 153.6490679449470349 164.97919267365543305 10.995802138911615842 
 104.62769074254542545 146.88026331729500384 10.995802138911615842 
 71.223397434946548401 187.06508452240387896 10.995802138911615842 
 22.202020232544938949 168.96615516604342133 10.995802138911615842 
 236.07473845494746456 142.89330082490701557 10.995802138911615842 
 202.67044514734863014 183.07812203001594753 10.995802138911615842 
 169.2661518397497673 223.26294323512482265 10.995802138911615842 
 120.24477463734812943 205.16401387876436502 10.995802138911615842 
 86.840481329749266592 245.34883508387326856 10.995802138911615842 
 37.819104127347650035 227.24990572751281093 10.995802138911615842 
 251.69182234975022538 201.17705138637637674 10.995802138911615842 
