 105.38695472521267504 92.882080317867561803 15.467779085358925428 
 169.38695472521268925 92.882080317867561803 15.467779085358925428 
 169.38695472521268925 156.88208031786754759 15.467779085358925428 
 105.38695472521267504 156.88208031786754759 15.467779085358925428 
 105.38695472521267504 220.88208031786754759 15.467779085358925428 
 169.38695472521268925 220.88208031786754759 15.467779085358925428 
 169.38695472521268925 28.882080317867554697 15.467779085358925428 
 105.38695472521267504 28.882080317867554697 15.467779085358925428 
 233.38695472521268925 92.882080317867561803 15.467779085358925428 
 41.386954725212682149 92.882080317867561803 15.467779085358925428 
 41.386954725212682149 156.88208031786754759 15.467779085358925428 
 233.38695472521268925 156.88208031786754759 15.467779085358925428 
 233.38695472521268925 220.88208031786754759 15.467779085358925428 
 41.386954725212682149 220.88208031786754759 15.467779085358925428 
 41.386954725212682149 28.882080317867554697 15.467779085358925428 
 233.38695472521268925 28.882080317867554697 15.467779085358925428 
