 97.442797278936296834 67.07069240061557025 15.467779085358925428 
 161.44279727893629683 67.07069240061557025 15.467779085358925428 
 161.44279727893629683 131.07069240061557025 15.467779085358925428 
 97.442797278936296834 131.07069240061557025 15.467779085358925428 
 97.442797278936296834 195.07069240061557025 15.467779085358925428 
 161.44279727893629683 195.07069240061557025 15.467779085358925428 
 161.44279727893629683 3.0706924006155738027 15.467779085358925428 
 97.442797278936296834 3.0706924006155738027 15.467779085358925428 
 225.44279727893629683 67.07069240061557025 15.467779085358925428 
 33.44279727893630394 67.07069240061557025 15.467779085358925428 
 33.44279727893630394 131.07069240061557025 15.467779085358925428 
 225.44279727893629683 131.07069240061557025 15.467779085358925428 
 225.44279727893629683 195.07069240061557025 15.467779085358925428 
 33.44279727893630394 195.07069240061557025 15.467779085358925428 
 33.44279727893630394 3.0706924006155738027 15.467779085358925428 
 225.44279727893629683 3.0706924006155738027 15.467779085358925428 
