 128.61529254624440455 54.641478094776871899 15.467779085358925428 
 160.61529254624440455 110.06710393698094208 15.467779085358925428 
 105.18966670404030594 142.06710393698094208 15.467779085358925428 
 73.189666704040305945 86.64147809477688611 15.467779085358925428 
 17.764040861836228657 118.64147809477688611 15.467779085358925428 
 49.764040861836242868 174.0671039369809705 15.467779085358925428 
 216.04091838844846052 78.06710393698094208 15.467779085358925428 
 184.04091838844846052 22.641478094776854135 15.467779085358925428 
 192.61529254624440455 165.49272977918502647 15.467779085358925428 
 224.61529254624443297 220.91835562138908244 15.467779085358925428 
 169.18966670404032016 252.91835562138908244 15.467779085358925428 
 137.18966670404032016 197.49272977918502647 15.467779085358925428 
 81.764040861836249974 229.49272977918502647 15.467779085358925428 
 248.0409183884484321 133.49272977918499805 15.467779085358925428 
