 156.80214019886341248 105.41100119011520064 15.467779085358925428 
 188.8021401988634409 160.83662703231925661 15.467779085358925428 
 133.37651435665935651 192.83662703231928504 15.467779085358925428 
 101.3765143566593423 137.41100119011522906 15.467779085358925428 
 45.950888514455279221 169.41100119011522906 15.467779085358925428 
 77.950888514455272116 224.83662703231928504 15.467779085358925428 
 244.22776604106746845 128.83662703231925661 15.467779085358925428 
 212.22776604106746845 73.411001190115200643 15.467779085358925428 
 220.8021401988634409 216.26225287452336943 15.467779085358925428 
 124.8021401988634409 49.985375347911158883 15.467779085358925428 
 69.376514356659342297 81.985375347911173094 15.467779085358925428 
 165.37651435665938493 248.26225287452336943 15.467779085358925428 
 13.950888514455275669 113.98537534791117309 15.467779085358925428 
 180.22776604106746845 17.985375347911144672 15.467779085358925428 
