 148.55719628162066215 61.806022751169173546 15.467779085358925428 
 165.12161516818198947 123.62527563366954553 15.467779085358925428 
 103.3023622856816246 140.18969452023085864 15.467779085358925428 
 86.737943399120297272 78.370441637730507978 15.467779085358925428 
 24.918690516619911079 94.934860524291835304 15.467779085358925428 
 41.483109403181231301 156.75411340679221439 15.467779085358925428 
 226.94086805068235435 107.06085674710823241 15.467779085358925428 
 210.37644916412102702 45.241603864607853325 15.467779085358925428 
 181.68603405474334522 185.44452851616992461 15.467779085358925428 
 70.173524512558955735 16.551188755230128891 15.467779085358925428 
 119.86678117224295192 202.00894740273125194 15.467779085358925428 
 58.047528289742572838 218.57336628929257927 15.467779085358925428 
 8.3542716300585908584 33.115607641791463323 15.467779085358925428 
 243.50528693724368168 168.88010962960859729 15.467779085358925428 
