 254.70118804387186628 84.928705502626527846 15.467779085358925428 
 254.70118804387186628 148.92870550262654206 15.467779085358925428 
 190.70118804387189471 148.92870550262654206 15.467779085358925428 
 190.70118804387189471 84.928705502626527846 15.467779085358925428 
 126.70118804387189471 84.928705502626542057 15.467779085358925428 
 126.70118804387189471 148.92870550262654206 15.467779085358925428 
 62.701188043871894706 148.92870550262654206 15.467779085358925428 
 62.701188043871894706 84.928705502626556267 15.467779085358925428 
 254.70118804387186628 212.92870550262654206 15.467779085358925428 
 254.70118804387186628 20.928705502626517188 15.467779085358925428 
 190.70118804387189471 20.928705502626531398 15.467779085358925428 
 190.70118804387189471 212.92870550262654206 15.467779085358925428 
 126.70118804387189471 212.92870550262654206 15.467779085358925428 
 126.70118804387189471 20.928705502626531398 15.467779085358925428 
 62.701188043871894706 20.928705502626531398 15.467779085358925428 
 62.701188043871894706 212.92870550262654206 15.467779085358925428 
