 137.41853316800612106 189.26287023819529054 12.621828516700889011 
 127.43692847276143709 61.66008805509505919 12.621828516700889011 
 194.24581247154773678 142.03026912806137716 12.621828516700889011 
 132.4265595890473719 125.46585024150006404 12.621828516700889011 
 75.599280285505741972 172.69845135163399164 12.621828516700889011 
 189.25618135526181618 78.224506941656386516 12.621828516700889011 
 13.78002740300538953 156.13403246507263589 12.621828516700889011 
 251.07543423776218106 94.788925828217713843 12.621828516700889011 
 70.607306706547007025 108.90143135493872251 12.621828516700889011 
 8.7880538240466439248 92.337012468377409391 12.621828516700889011 
 199.23778605050648594 205.82728912475664629 12.621828516700889011 
 65.617675590261114849 45.095669168533746074 12.621828516700889011 
