 131.60459530349163515 71.346765647189940296 12.621828516700889011 
 74.773737152219538871 118.58777765865588094 12.621828516700889011 
 141.58262115100581013 198.95795873162222733 12.621828516700889011 
 79.763368268505473679 182.39353984506090001 12.621828516700889011 
 69.785342420991256063 54.782346760628612969 12.621828516700889011 
 136.59299003471991796 135.15219654521720827 12.621828516700889011 
 255.24310106849242175 104.47560342031260916 12.621828516700889011 
 198.41224291722031126 151.71661543177853559 12.621828516700889011 
 17.944115386005115909 165.82912095849954426 12.621828516700889011 
 203.40187403350623185 215.52237761818352624 12.621828516700889011 
 193.42384818599200003 87.911184533751267622 12.621828516700889011 
 12.954484269719225509 102.02335877209456783 12.621828516700889011 
