 119.11190161003683841 192.75983570884292817 12.621828516700889011 
 49.784556031985495395 167.16337483670429265 12.621828516700889011 
 188.43017371000075855 218.3574026585966692 12.621828516700889011 
 171.8657548234394028 156.5381497760962759 12.621828516700889011 
 102.54748272347552529 130.94058282634253487 12.621828516700889011 
 66.348974918546815616 228.98262771920468595 12.621828516700889011 
 85.983063836914197964 69.121329943842169996 12.621828516700889011 
 16.655718258862826531 43.524869071703548684 12.621828516700889011 
 155.30133593687810389 94.718896893595896813 12.621828516700889011 
 138.73691705031674815 32.899644011095546148 12.621828516700889011 
 135.67632049659817994 254.57908859134329305 12.621828516700889011 
 33.220137145424168068 105.34412195420394198 12.621828516700889011 
