 222.24686377167236628 188.43103771319150042 12.621828516700889011 
 152.91951819362103038 162.83457684105289331 12.621828516700889011 
 100.15692279050874447 199.0586052364723173 12.621828516700889011 
 205.68244488511106738 126.61178483069112133 12.621828516700889011 
 169.4839370801823577 224.65382972355328661 12.621828516700889011 
 189.11802599854974005 64.792531948190742241 12.621828516700889011 
 119.79068042049836151 39.196071076052120929 12.621828516700889011 
 83.592503903947417143  137.239352353971924 12.621828516700889011 
 67.028085017386075606 75.420099471471544916 12.621828516700889011 
 172.55360711198844115 2.9732790656903707038 12.621828516700889011 
 136.35509930705970305 101.01532395855252844 12.621828516700889011 
