 214.54317638474364571 163.12807484143945658 12.621828516700889011 
 154.20295438376757602 120.46055484143946046 12.621828516700889011 
 93.862732382791492114 205.79431484143947273 12.621828516700889011 
 93.862732382791492114 141.79431484143944431 12.621828516700889011 
 214.54317638474364571 99.128074841439456577 12.621828516700889011 
 154.20295438376757602 184.46055484143948888 12.621828516700889011 
 214.54317638474364571 35.128074841439484999 12.621828516700889011 
 154.20295438376757602 248.46055484143946046 12.621828516700889011 
 93.862732382791492114 77.794314841439458519 12.621828516700889011 
 93.862732382791492114 13.794314841439474506 12.621828516700889011 
 214.54317638474370256  227.128074841439485 12.621828516700889011 
 154.20295438376757602 56.460554841439495988 12.621828516700889011 
