 38.424159123796151505 150.24702074931181528 14.073860813408858306 
 15.170735328746980386 77.758609075924425724 14.073860813408858306 
 71.552996896918813263 26.608514984311060658 14.073860813408858306 
  61.6775829188453244 222.73543242269923326 14.073860813408858306 
 118.05984448701713063 171.58533833108586464 14.073860813408858306 
 94.806420691967971948 99.096926657698475083 14.073860813408858306 
 151.18868226013981371 47.946832566085099359 14.073860813408858306 
 141.31326828206630353 244.07375000447328262 14.073860813408858306 
 197.69552985023810265 192.92365591285988558 14.073860813408858306 
 174.44210605518895818 120.43524423947251023 14.073860813408858306 
 230.82436762336075731 69.285150147859141612 14.073860813408858306 
