 62.698079498163956202 63.840925328456087584 9.9517225803026132525 
 46.133660611602635981 125.66017821095644535 9.9517225803026132525 
 74.289127641373710276 133.20441286410471093 9.9517225803026132525 
 90.853546527935051813 71.385159981604346058 9.9517225803026132525 
 29.569241725041301549 187.47943109345681023 9.9517225803026132525 
 79.262498384725290634 2.0216724459556862925 9.9517225803026132525 
 107.41796541449637914 9.5659070991039474308 9.9517225803026132525 
 57.724708754812382949 195.02366574660510423 9.9517225803026132525 
 119.00901355770612611 78.929394634752611637 9.9517225803026132525 
 102.44459467114479878 140.74864751725297651 9.9517225803026132525 
 130.60006170091588729 148.29288217040124209 9.9517225803026132525 
 147.16448058747718619 86.473629287900863005 9.9517225803026132525 
 85.880175784583471454 202.56790039975336981 9.9517225803026132525 
 135.57343244426746764 17.110141752252207681 9.9517225803026132525 
 163.72889947403854194 24.654376405400466155 9.9517225803026132525 
 114.03564281435454575 210.11213505290157855 9.9517225803026132525 
 175.31994761724826049 94.017863941049128584 9.9517225803026132525 
 158.75552873068696158 155.83711682354947925 9.9517225803026132525 
 186.91099576045800745 163.38135147669774483 9.9517225803026132525 
 203.47541464701933478 101.56209859419739416 9.9517225803026132525 
 142.19110984412560583 217.65636970604984413 9.9517225803026132525 
 191.88436650380958781 32.198611058548728181 9.9517225803026132525 
 220.03983353358066211 39.742845711696986655 9.9517225803026132525 
 170.34657687389668013 225.20060435919810971 9.9517225803026132525 
