 139.16570396062112991 33.538208639998920546 9.9517225803026132525 
 83.740078118417059727 65.538208639998927652 9.9517225803026132525 
 98.314420300538770903 90.781709786327994038 9.9517225803026132525 
 153.74004614274284108 58.781709786327986933 9.9517225803026132525 
 28.314452276212989545 97.538208639998927652 9.9517225803026132525 
 194.59132980282518588 1.5382086399988990078 9.9517225803026132525 
 209.16567198494689706 26.78170978632798338 9.9517225803026132525 
 42.888794458334700721 122.78170978632799404 9.9517225803026132525 
 168.31438832486455226 84.025210932657046214 9.9517225803026132525 
 112.88876248266049629 116.02521093265706043 9.9517225803026132525 
 127.46310466478220746 141.2687120789861126 9.9517225803026132525 
 182.88873050698629186 109.2687120789861126 9.9517225803026132525 
 57.463136640456419002 148.02521093265707464 9.9517225803026132525 
 223.74001416706863665 52.025210932657039109 9.9517225803026132525 
 238.31435634919034783 77.26871207898609839 9.9517225803026132525 
 72.037478822578137283 173.26871207898614102 9.9517225803026132525 
 197.46307268910797461 134.51221322531517899 9.9517225803026132525 
 142.03744684690391864 166.51221322531517899 9.9517225803026132525 
 156.61178902902562982 191.75571437164424538 9.9517225803026132525 
 212.03741487122968579 159.75571437164424538 9.9517225803026132525 
 86.611821004699848459 198.51221322531520741 9.9517225803026132525 
  252.888698531312059 102.51221322531516478 9.9517225803026132525 
 101.18616318682157385 223.75571437164424538 9.9517225803026132525 
