 76.460896569308815174 103.74014224586922239 11.22608048894254118 
 119.12756323597550079 194.24981023774728328 11.22608048894254118 
 76.460896569308815174 133.91003157649527111 11.22608048894254118 
 119.12756323597550079 164.0799209071212772 11.22608048894254118 
 76.460896569308815174 224.41969956837334621 11.22608048894254118 
 119.12756323597550079 73.570252915243173675 11.22608048894254118 
 76.460896569308815174 13.230474253991113542 11.22608048894254118 
 119.12756323597550079  43.4003635846171818 11.22608048894254118 
 161.79422990264217219 103.74014224586922239 11.22608048894254118 
 204.46089656930880096 194.24981023774728328 11.22608048894254118 
 161.79422990264217219 133.91003157649527111 11.22608048894254118 
 204.46089656930880096 164.0799209071212772 11.22608048894254118 
 161.79422990264217219 224.41969956837334621 11.22608048894254118 
 204.46089656930880096 73.570252915243173675 11.22608048894254118 
 161.79422990264217219 13.230474253991113542 11.22608048894254118 
 204.46089656930880096  43.4003635846171818 11.22608048894254118 
  247.127563235975515 103.74014224586922239 11.22608048894254118 
 33.794229902642150876 194.24981023774728328 11.22608048894254118 
  247.127563235975515 133.91003157649527111 11.22608048894254118 
 33.794229902642150876 164.0799209071212772 11.22608048894254118 
  247.127563235975515 224.41969956837334621 11.22608048894254118 
 33.794229902642150876 73.570252915243173675 11.22608048894254118 
  247.127563235975515 13.230474253991113542 11.22608048894254118 
 33.794229902642150876  43.4003635846171818 11.22608048894254118 
