 54.253717738937567105 92.614994259381973052 11.22608048894254118 
 66.750495074978204002 19.778438262089263588 11.22608048894254118 
 75.587051072270909913 71.281660926048616034 11.22608048894254118 
 2.7504950749782102193 83.778438262089267141 11.22608048894254118 
 139.5870510722708957 7.2816609260486027111 11.22608048894254118 
 148.4236070695635874 58.784883590007972032 11.22608048894254118 
 114.59349640018962191 152.95477292063401364 11.22608048894254118 
 127.09027373623025881 80.118216923341307734 11.22608048894254118 
 135.92682973352296472 131.62143958730067084 11.22608048894254118 
  63.0902737362302517 144.11821692334132194 11.22608048894254118 
 199.92682973352296472 67.621439587300670837 11.22608048894254118 
 41.756940402896930209 165.45155025667466475 11.22608048894254118 
 50.593496400189621909 216.95477292063401364 11.22608048894254118 
 208.76338573081565642 119.12466225126003394 11.22608048894254118 
 174.93327506144169092 213.29455158188605424 11.22608048894254118 
 187.43005239748231361 140.45799558459336254 11.22608048894254118 
 196.26660839477500531 191.96121824855273985 11.22608048894254118 
 123.43005239748234203 204.45799558459339096 11.22608048894254118 
 102.09671906414899922 225.79132891792670534 11.22608048894254118 
