 116.06285045761327979 3.9873192157774801636 11.22608048894254118 
 82.232739788239314294 98.157208546403523997 11.22608048894254118 
 94.729517124279936979 25.320652549110835849 11.22608048894254118 
 103.56607312157264289  76.8238752130701954 11.22608048894254118 
 30.729517124279954743 89.320652549110846508 11.22608048894254118 
 167.56607312157262868  12.8238752130701954 11.22608048894254118 
 9.3961837909465959484 110.65398588244420353 11.22608048894254118 
 18.232739788239292977 162.15720854640355242 11.22608048894254118 
 176.4026291188653488 64.327097877029530082 11.22608048894254118 
 142.57251844949135489 158.49698720765559301 11.22608048894254118 
 155.06929578553200599 85.660431210362858678 11.22608048894254118 
 163.90585178282469769 137.16365387432222178 11.22608048894254118 
 91.069295785531991783 149.66043121036287289 11.22608048894254118 
 227.90585178282469769 73.163653874322235993 11.22608048894254118 
 69.735962452198663186 170.9937645436962157 11.22608048894254118 
 78.572518449491354886 222.49698720765556459 11.22608048894254118 
 236.74240778011741781 124.66687653828158489 11.22608048894254118 
 202.91229711074345232 218.83676586890760518 11.22608048894254118 
 215.40907444678410343 146.00020987161491348 11.22608048894254118 
 224.24563044407676671 197.5034325355742908 11.22608048894254118 
 151.40907444678404659 210.0002098716149419 11.22608048894254118 
 130.0757411134507322 231.33354320494828471 11.22608048894254118 
