 106.22499831508720547 31.96413931142793885 11.22608048894254118 
 49.174659879358834758 114.16939053550304095 11.22608048894254118 
 80.097107725399979472 47.049083976740966762 11.22608048894254118 
 75.30255046904606786 99.084445870190009487 11.22608048894254118 
 1.713435956338260624 92.303917972680025628 11.22608048894254118 
 153.68622223810777427 53.829611874250957726 11.22608048894254118 
 179.81411282779501448 38.744667208937947578 11.22608048894254118 
 148.89166498175387687 105.86497376770003598 11.22608048894254118 
 91.841326546025527477 188.07022499177514874 11.22608048894254118 
 122.76377439206665088 120.94991843301305323 11.22608048894254118 
 117.96921713571273926 172.98528032646211727 11.22608048894254118 
 44.380102623004944462 166.20475242895210499 11.22608048894254118 
 196.35288890477448831 127.73044633052307972 11.22608048894254118 
 227.2753367508155975 60.610139771760977112 11.22608048894254118 
 222.4807794944617001 112.64550166521006247 11.22608048894254118 
 191.55833164842059091 179.76580822397212955 11.22608048894254118 
 165.43044105873332228 194.85075288928516102 11.22608048894254118 
 160.63588380237942488 246.88611478273418243 11.22608048894254118 
 87.046769289671630077 240.10558688522419857 11.22608048894254118 
 239.01955557144111708 201.6312807867951733 11.22608048894254118 
