 51.93616838352331655 65.204500466191689156 11.038039535091813903 
 94.602835050189995059 107.87116713285836056 11.038039535091813903 
 51.93616838352331655 150.53783379952500354 11.038039535091813903 
 94.602835050189995059 193.20450046619166073 11.038039535091813903 
 51.93616838352331655 235.87116713285834635 11.038039535091813903 
 94.602835050189995059 22.537833799524996437 11.038039535091813903 
 137.26950171685663804 65.204500466191689156 11.038039535091813903 
 179.93616838352332366 107.87116713285836056 11.038039535091813903 
 137.26950171685663804 150.53783379952500354 11.038039535091813903 
 179.93616838352332366 193.20450046619166073 11.038039535091813903 
 137.26950171685663804 235.87116713285834635 11.038039535091813903 
 179.93616838352332366 22.537833799524996437 11.038039535091813903 
 222.60283505018998085 65.204500466191689156 11.038039535091813903 
 9.2695017168566504751 107.87116713285836056 11.038039535091813903 
 222.60283505018998085 150.53783379952500354 11.038039535091813903 
 9.2695017168566504751 193.20450046619166073 11.038039535091813903 
 222.60283505018998085 235.87116713285834635 11.038039535091813903 
 9.2695017168566504751 22.537833799524996437 11.038039535091813903 
