 77.129768566598215784 59.431058527391463997 11.038039535091813903 
 107.29965789722425029 111.6868397067659231 11.038039535091813903 
 55.043876717849784086 141.85672903739194339 11.038039535091813903 
 85.213766048475804382 194.11251021676645223 11.038039535091813903 
 32.957984869101338177 224.28239954739245832 11.038039535091813903 
 129.3855497459726962 29.261169196765418832 11.038039535091813903 
 159.55543907659873071 81.516950376139902801 11.038039535091813903 
 189.72532840722473679 133.7727315555143548 11.038039535091813903 
 137.4695472278502848 163.9426208861403893 11.038039535091813903 
 167.63943655847629088 216.19840206551486972 11.038039535091813903 
 115.38365537910183889 246.36829139614090423 11.038039535091813903 
 211.8112202559731827 51.347061045513846977 11.038039535091813903 
 241.98110958659921721 103.6028422248883345 11.038039535091813903 
 24.873987387223760237 89.600947858017477188 11.038039535091813903 
 219.8952177378507713 186.02851273488880679 11.038039535091813903 
 2.7880955384753161042 172.02661836801800632 11.038039535091813903 
 46.959879235972195488 7.1752773480169960152 11.038039535091813903 
