 119.99950193759170247 51.300482938947183698 11.038039535091813903 
 67.743720758217236266 21.130593608321152743 11.038039535091813903 
 37.573831427591201759 73.386374787695629607 11.038039535091813903 
 202.4251724475922174 29.214591090198748446 11.038039535091813903 
 172.25528311696618289 81.470372269573218205 11.038039535091813903 
 142.08539378634014838 133.72615344894768441 11.038039535091813903 
 89.829612606965682176 103.55626411832163569 11.038039535091813903 
 59.659723276339626352 155.81204529769613032 11.038039535091813903 
 7.4039420969651983384 125.6421559670700816 11.038039535091813903 
 224.5110642963406633 111.6402616001992385 11.038039535091813903 
 194.34117496571460038 163.89604277957371892 11.038039535091813903 
 164.17128563508856587 216.15182395894817091 11.038039535091813903 
 111.91550445571411387 185.98193462832216483 11.038039535091813903 
 81.745615125088065156 238.23771580769661682 11.038039535091813903 
 29.489833945713641583 208.06782647707055389 11.038039535091813903 
 246.59695614508910921  194.065932110199725 11.038039535091813903 
