 118.98288156560532514 127.27106907059403795 11.038039535091813903 
 179.32266022685737994 84.60440240392738076 11.038039535091813903 
 179.32266022685737994 127.27106907059403795 11.038039535091813903 
 118.98288156560532514 84.60440240392738076 11.038039535091813903 
 118.98288156560532514 212.60440240392739497 11.038039535091813903 
 179.32266022685737994 169.93773573726073778 11.038039535091813903 
 179.32266022685737994 212.60440240392739497 11.038039535091813903 
 118.98288156560532514 169.93773573726073778 11.038039535091813903 
 118.98288156560532514 41.93773573726068804 11.038039535091813903 
 179.32266022685737994 255.27106907059405216 11.038039535091813903 
 179.32266022685737994 41.93773573726068804 11.038039535091813903 
 118.98288156560532514 255.27106907059405216 11.038039535091813903 
 239.66243888810942053 127.27106907059403795 11.038039535091813903 
 58.643102904353263227 84.60440240392738076 11.038039535091813903 
 58.643102904353263227 127.27106907059403795 11.038039535091813903 
 239.66243888810942053 84.60440240392738076 11.038039535091813903 
 239.66243888810942053 212.60440240392739497 11.038039535091813903 
 58.643102904353263227 169.93773573726073778 11.038039535091813903 
 58.643102904353263227 212.60440240392739497 11.038039535091813903 
 239.66243888810942053 169.93773573726073778 11.038039535091813903 
 239.66243888810942053 41.93773573726068804 11.038039535091813903 
 58.643102904353263227 255.27106907059405216 11.038039535091813903 
 58.643102904353263227 41.93773573726068804 11.038039535091813903 
 239.66243888810942053 255.27106907059405216 11.038039535091813903 
