 122.17241539192630739 77.13420318493973582 11.038039535091813903 
 191.49911187776990573 51.538451824742217866 11.038039535091813903 
 180.45616595339569699 92.751287079742454011 11.038039535091813903 
 133.21536131630051614 35.921367929939492569 11.038039535091813903 
 100.08652354317787569 159.55987369494025074 11.038039535091813903 
 169.41322002902145982 133.96412233474271147 11.038039535091813903 
 158.3702741046472795 175.17695758974295472 11.038039535091813903 
 111.12946946755209865 118.34703843994000749 11.038039535091813903 
 78.000631694429429785 241.98554420494073725 11.038039535091813903 
 147.32732818027304234 216.38979284474319797 11.038039535091813903 
 89.04357761880365274 200.77270894994046557 11.038039535091813903 
  238.739916514865115 108.3683709745451722 11.038039535091813903 
 74.931610754831126542 20.304284035136785036 11.038039535091813903 
 63.888664830456903587 61.517119290137017629 11.038039535091813903 
 249.78286243923932375 67.155535719544928952 11.038039535091813903 
 216.6540246661166691 190.7940414845456587 11.038039535091813903 
 52.845718906082680633 102.72995454513727509 11.038039535091813903 
 41.802772981708471889 143.94278980013751834 11.038039535091813903 
 227.69697059049087784 149.58120622954541545 11.038039535091813903 
 30.759827057334248934 185.15562505513779001 11.038039535091813903 
 19.71688113296002598 226.36846031013803326 11.038039535091813903 
 205.61107874174243193 232.00687673954593038 11.038039535091813903 
