 112.40275102450785027 23.116488429353857725 11.038039535091813903 
 169.23267017431081172 70.357293066449031471 11.038039535091813903 
 128.01983491931056847 81.400238990823254426 11.038039535091813903 
 153.61558627950807931 12.073542504979636547 11.038039535091813903 
 29.977080514507338904 45.202380278102303635 11.038039535091813903 
 86.806999664310311005 92.44318491519746317 11.038039535091813903 
 45.594164409310053543 103.48613083957168612 11.038039535091813903 
 71.189915769507592813 34.15943435372808068 11.038039535091813903 
 194.82842153450837941 1.0305965806054142586 11.038039535091813903 
 4.3813291543098262792 114.52907676394590908 11.038039535091813903 
 210.44550542931108339 59.314347142074801411 11.038039535091813903 
 143.63691881411327245 139.68398955229264402 11.038039535091813903 
 200.4668379639162481 186.92479418938779645 11.038039535091813903 
 159.25400270891600485 197.96774011376200519 11.038039535091813903 
 184.8497540691135157 128.64104362791840686 11.038039535091813903 
 61.211248304112757523 161.76988140104108993 11.038039535091813903 
 118.04116745391573318 209.01068603813618552 11.038039535091813903 
 76.828332198915475715 220.0536319625104511 11.038039535091813903 
 102.4240835591130292 150.72693547666685276 11.038039535091813903 
 226.06258932411381579 117.59809770354419811 11.038039535091813903 
 35.615496943915246675 231.09657788688463143 11.038039535091813903 
 241.67967321891654819 175.88184826501355928 11.038039535091813903 
 19.998413049112535589 172.81282732541529867 11.038039535091813903 
