 172.50451551834970587 187.80082652751806904 16.276685262987424352 
 129.83784885168302026 217.97071585814410355 16.276685262987424352 
 172.50451551834970587 248.14060518877010963 16.276685262987424352 
 215.17118218501633464 217.97071585814410355 16.276685262987424352 
 87.171182185016363064 127.46104786626602845 16.276685262987424352 
 87.171182185016363064 187.80082652751806904 16.276685262987424352 
 172.50451551834970587 127.46104786626602845 16.276685262987424352 
 129.83784885168302026 97.291158535639993943 16.276685262987424352 
 129.83784885168302026 157.63093719689206296 16.276685262987424352 
 215.17118218501633464 97.291158535639993943 16.276685262987424352 
 215.17118218501633464 157.63093719689206296 16.276685262987424352 
 1.8378488516830295829 127.46104786626602845 16.276685262987424352 
 1.8378488516830295829 187.80082652751806904 16.276685262987424352 
 172.50451551834970587 67.121269205013959436 16.276685262987424352 
