 80.239962606552410307 159.9789714158628442 16.276685262987424352 
 32.778738683531841502 138.11349885303980045 16.276685262987424352 
 27.98418142717795476 190.14886074648885028 16.276685262987424352 
 75.445405350198512906 212.01433330931189403 16.276685262987424352 
 89.829077119260205109 55.908247628964701903 16.276685262987424352 
 37.573295939885731798 86.07813695959073641 16.276685262987424352 
 132.4957437859268623 129.80908208523680969 16.276685262987424352 
 137.2903010422807597 77.773720191787731437 16.276685262987424352 
 85.034519862906307708 107.94360952241375173 16.276685262987424352 
 179.9569677089474169 151.67455464805982501 16.276685262987424352 
 127.70118652957299332 181.8444439786858311 16.276685262987424352 
 175.16241045259354792 203.70991654150893169 16.276685262987424352 
 122.90662927321908171 233.87980587213493777 16.276685262987424352 
 184.75152496530134272 99.639192754610760971 16.276685262987424352 
