 108.76120285854260317 171.35137482562959121 16.276685262987424352 
 68.576381653433699626 137.94708151803069995 16.276685262987424352 
 50.477452297073234888 186.96845872043229519 16.276685262987424352 
 90.662273502182145535 220.37275202803121488 16.276685262987424352 
 144.95906157126353264 73.308620420826386521 16.276685262987424352 
 86.675311009794171468 88.925704315629090502 16.276685262987424352 
 167.04495342001197855 155.73429093082688723 16.276685262987424352 
 185.1438827763724646 106.71291372842527778 16.276685262987424352 
 126.86013221490308922 122.32999762322799597 16.276685262987424352 
 207.22977462512091051 189.13858423842575007 16.276685262987424352 
 148.94602406365152092 204.75566813322848247 16.276685262987424352 
 189.13084526876042446 238.15996144082740216 16.276685262987424352 
 130.84709470729106329 253.77704533563010614 16.276685262987424352 
 225.32870398148139657 140.11720703602415483 16.276685262987424352 
