 121.47293263149281017 62.631722553454068247 17.710387780266522384 
 78.806265964826167192 136.53255700972616182 17.710387780266522384 
 142.80626596482616719 99.582139781590129246 17.710387780266522384 
 121.4729326314928386 136.53255700972616182 17.710387780266522384 
 57.472932631492845701 173.48297423786220861 17.710387780266522384 
 142.80626596482613877 25.681305325318032118 17.710387780266522384 
 78.806265964826167192 210.43339146599831224 17.710387780266522384 
 185.47293263149282438 25.681305325318010802 17.710387780266522384 
 185.47293263149282438 99.582139781590115035 17.710387780266522384 
 142.80626596482616719 173.48297423786220861 17.710387780266522384 
 206.80626596482616719 136.53255700972616182 17.710387780266522384 
 185.47293263149282438 173.48297423786220861 17.710387780266522384 
 121.4729326314928386 210.4333914659982554 17.710387780266522384 
 206.80626596482613877 62.631722553454082458 17.710387780266522384 
 142.80626596482616719 247.38380869413433061 17.710387780266522384 
 249.47293263149279596 62.631722553454046931 17.710387780266522384 
 249.47293263149279596 136.5325570097261334 17.710387780266522384 
 206.80626596482616719 210.4333914659982554 17.710387780266522384 
 78.806265964826181403 62.631722553454089564 17.710387780266522384 
 57.472932631492852806 99.582139781590129246 17.710387780266522384 
 185.47293263149285281 247.38380869413433061 17.710387780266522384 
 14.806265964826202719 173.48297423786223703 17.710387780266522384 
