 99.759118360829248218 67.974599803061721559 17.710387780266522384 
 25.858283904557168853 110.64126646972839296 17.710387780266522384 
 99.759118360829262429 110.64126646972839296 17.710387780266522384 
 62.808701132693208535 131.97459980306174998 17.710387780266522384 
 136.70953558896530922 46.641266469728385857 17.710387780266522384 
 210.61037004523743121 46.641266469728385857 17.710387780266522384 
  173.659952817101356 67.974599803061721559 17.710387780266522384 
 136.70953558896530922 131.97459980306172156 17.710387780266522384 
 62.808701132693229852 174.64126646972840717 17.710387780266522384 
 136.70953558896530922 174.64126646972837875 17.710387780266522384 
 99.759118360829248218 195.97459980306172156 17.710387780266522384 
 25.858283904557190169 195.97459980306172156 17.710387780266522384 
 173.65995281710132758 110.64126646972839296 17.710387780266522384 
 247.56078727337344958 110.64126646972837875 17.710387780266522384 
 210.61037004523743121 131.97459980306169314 17.710387780266522384 
  173.659952817101356 195.97459980306174998 17.710387780266522384 
 99.75911836082929085 238.64126646972837875 17.710387780266522384 
 62.808701132693229852 46.641266469728442701 17.710387780266522384 
 25.858283904557168853 67.974599803061792613 17.710387780266522384 
 210.61037004523743121 174.64126646972840717 17.710387780266522384 
 136.70953558896530922 3.9745998030617655239 17.710387780266522384 
