 227.76120833349204986 16.937066411473800542 17.710387780266522384 
 145.33553782349153494 39.022958260222232241 17.710387780266522384 
 216.71826240911784112 58.149901666474029582 17.710387780266522384 
 175.50542715411756944 69.192847590848259642 17.710387780266522384 
 104.12270256849129169 50.065904184596455195 17.710387780266522384 
 21.697032058490794526 72.151796033344893999 17.710387780266522384 
 93.079756644117082942 91.278739439596691341 17.710387780266522384 
 51.866921389116832586 102.3216853639709143 17.710387780266522384 
 246.88815173974381878 88.319790997100071195 17.710387780266522384 
 164.4624812297433607 110.40568284584850289 17.710387780266522384 
 235.84520581536961004 129.53262625210030023 17.710387780266522384 
 194.63237056036936679 140.57557217647450898 17.710387780266522384 
 123.24964597474308903 121.44862877022271164 17.710387780266522384 
 40.823975464742588315 143.53452061897115755 17.710387780266522384 
 112.20670005036888028 162.66146402522295489 17.710387780266522384 
 70.993864795368637033 173.70440994959716363 17.710387780266522384 
 183.58942463599515804 181.78840743147478065 17.710387780266522384 
 254.97214922162146422 200.91535083772660641 17.710387780266522384 
 213.75931396662119255 211.95829676210084358 17.710387780266522384 
 142.37658938099488637 192.83135335584898939 17.710387780266522384 
 59.950918870994392762 214.9172452045974353 17.710387780266522384 
 131.33364345662067763 234.04418861084926107 17.710387780266522384 
 90.120808201620448585 245.08713453522346981 17.710387780266522384 
