 166.5210786854991909 178.26288557179745453 13.610197574852964664 
 169.83081672025201669 223.32239433853888499 13.610197574852964664 
 84.679776394466259148 244.67890898174542258 13.610197574852964664 
 157.55803466672136892 87.523861819965247832 13.610197574852964664 
 154.24741201533873891 42.464116020912243243 13.610197574852964664 
 160.86865731810402735 132.58360761901823821 13.610197574852964664 
 78.059415708330774919 154.55965441595100174 13.610197574852964664 
 81.369153743083629138 199.61916318269246062 13.610197574852964664 
 69.096371689552981366 63.820630664118823461 13.610197574852964664 
 65.785749038170322933 18.760884865065836635 13.610197574852964664 
 72.406994340935639798 108.88037646317182805 13.610197574852964664 
