 242.30584890430515088 56.579013254226524055 13.610197574852964664 
 233.84055131852750264 100.95977972961499347 13.610197574852964664 
 146.06348960579637719 99.549877836402799858 13.610197574852964664 
 129.13320068538612873 188.31454363473898184 13.610197574852964664 
 137.59770514559127719 143.93331924808771305 13.610197574852964664 
 120.66869622518100869 232.69576802139027905 13.610197574852964664 
 162.99329165177920231 10.78788697436306343 13.610197574852964664 
 154.52799406600152565 55.16865344975151686 13.610197574852964664 
 66.750932353270385988 53.75875155653930193 13.610197574852964664 
 49.820643432860158839 142.52341735487553365 13.610197574852964664 
 58.285147893065285984 98.142192968224250649 13.610197574852964664 
 41.356138972655017483 186.90464174152677401 13.610197574852964664 
