 186.73660628680622153 128.32572513177814244 13.610197574852964664 
 157.21506028923343479 162.52794754600051874 13.610197574852964664 
 81.902845923060013433 117.4184058332693894 13.610197574852964664 
 22.858452725406376516 185.82571691285914994 13.610197574852964664 
 52.379540811716339022 151.62270137306427387 13.610197574852964664 
 215.03986800791267342 92.028732452653983387 13.610197574852964664 
 140.94548000694274492 49.01316787925219387 13.610197574852964664 
 111.42393400936997239 83.215390293474527539 13.610197574852964664 
 127.69397220292350426 196.7309630857953664 13.610197574852964664 
 98.170667091579815633 230.93525862559025086 13.610197574852964664 
 169.24874172804919681 12.716175200128011724 13.610197574852964664 
