 96.145254262916949983 110.29578394140506248 13.610197574852964664 
 58.777444006247684172 135.69185554274335459 13.610197574852964664 
 170.24603193721429761 57.164048249989235728 13.610197574852964664 
 207.61360516157202483 31.767092032021182035 13.610197574852964664 
 132.87845871285662724 82.561004467957289421 13.610197574852964664 
 119.84848541876336014 198.75744691857346425 13.610197574852964664 
 82.480675162094101438 224.15351851991175636 13.610197574852964664 
 21.409870781889953406 161.08881176071139407 13.610197574852964664 
 193.94926309306075041 145.62571122715766592 13.610197574852964664 
 231.31683631741847762 120.22875500918959801 13.610197574852964664 
 156.58168986870302319 171.02266744512573382 13.610197574852964664 
