 196.66071833194803276 37.523989724249766198 16.276685262987424352 
 166.49082900132202667 89.779770903624239509 16.276685262987424352 
 207.7036642563222415 78.736824979250030765 16.276685262987424352 
 155.4478830769477895 48.566935648623989152 16.276685262987424352 
 114.23504782194756046 59.609881572998197896 16.276685262987424352 
 84.065158491321511747 111.86566275237268542 16.276685262987424352 
 125.27799374632178342 100.82271682799846246 16.276685262987424352 
 73.022212566947288792 70.652827497372427956 16.276685262987424352 
 31.809377311947059752  81.6957734217466367 16.276685262987424352 
 1.6394879813210165853 133.95155460112113133 16.276685262987424352 
 42.852323236321289812 122.90860867674690837 16.276685262987424352 
 218.74661018069647866 119.94966023425024559 16.276685262987424352 
 188.57672085007044416 172.20544141362475443 16.276685262987424352 
 229.78955610507071583 161.16249548925051727 16.276685262987424352 
 177.53377492569620699 130.99260615862445434 16.276685262987424352 
 136.32093967069599216 142.0355520829986915 16.276685262987424352 
 106.15105034006992923 194.29133326237317192 16.276685262987424352 
 147.36388559507022933 183.24838733799893475 16.276685262987424352 
 95.108104415695734701 153.07849800737290025 16.276685262987424352 
 53.895269160695498556 164.12144393174713741 16.276685262987424352 
 23.725379830069453391 216.37722511112161783 16.276685262987424352 
 64.938215085069714405 205.33427918674738066 16.276685262987424352 
 12.682433905695235765 175.16438985612137458 16.276685262987424352 
 240.83250202944492457 202.3753307442507321 16.276685262987424352 
 144.40493715257358076 7.3541003936237450134 16.276685262987424352 
 199.6196667744446529 213.41827666862496926 16.276685262987424352 
 158.40683151944443807 224.46122259299920643 16.276685262987424352 
 61.979266642573080048 29.439992242372181153 16.276685262987424352 
 103.19210189757333751 18.397046317997961751 16.276685262987424352 
 117.19399626444415219 235.50416851737341517 16.276685262987424352 
 75.98116100944393736 246.54711444174759549 16.276685262987424352 
 20.766431387572858114 40.482938166746400555 16.276685262987424352 
