 252.09873764140331787 83.879606537253252441 16.276685262987424352 
 209.43207097473663225 126.54627320391992384 16.276685262987424352 
 252.09873764140331787 126.54627320391992384 16.276685262987424352 
 209.43207097473663225 83.879606537253252441 16.276685262987424352 
 166.76540430806997506 83.879606537253252441 16.276685262987424352 
 124.09873764140330366 126.54627320391992384 16.276685262987424352 
 166.76540430806997506 126.54627320391992384 16.276685262987424352 
 124.09873764140330366 83.879606537253252441 16.276685262987424352 
 81.432070974736660673 83.879606537253252441 16.276685262987424352 
 38.765404308069975059 126.54627320391992384 16.276685262987424352 
 81.432070974736660673 126.54627320391992384 16.276685262987424352 
 38.765404308069975059 83.879606537253266652 16.276685262987424352 
 252.09873764140331787 169.21293987058658104 16.276685262987424352 
 209.43207097473663225 211.87960653725326665 16.276685262987424352 
 252.09873764140331787 211.87960653725326665 16.276685262987424352 
 209.43207097473663225 169.21293987058658104 16.276685262987424352 
 166.76540430806997506 169.21293987058658104 16.276685262987424352 
 124.09873764140330366 211.87960653725326665 16.276685262987424352 
 166.76540430806997506 211.87960653725326665 16.276685262987424352 
 124.09873764140330366 169.21293987058658104 16.276685262987424352 
 81.432070974736660673 169.21293987058658104 16.276685262987424352 
 38.765404308069975059 211.87960653725326665 16.276685262987424352 
 81.432070974736674884 211.87960653725326665 16.276685262987424352 
 38.765404308069975059 169.21293987058658104 16.276685262987424352 
 252.09873764140331787 254.54627320391992384 16.276685262987424352 
 209.43207097473663225 41.212939870586609459 16.276685262987424352 
 252.09873764140331787 41.212939870586609459 16.276685262987424352 
 209.43207097473663225 254.54627320391992384 16.276685262987424352 
 166.76540430807000348 254.54627320391992384 16.276685262987424352 
 124.09873764140330366 41.212939870586609459 16.276685262987424352 
 166.76540430806997506 41.212939870586609459 16.276685262987424352 
 124.09873764140330366 254.54627320391992384 16.276685262987424352 
 81.432070974736674884 254.54627320391992384 16.276685262987424352 
 38.765404308069975059 41.212939870586609459 16.276685262987424352 
 81.432070974736646463 41.212939870586609459 16.276685262987424352 
 38.765404308069975059 254.54627320391992384 16.276685262987424352 
