 70.961320113184044089 33.592290556357092157 16.276685262987424352 
 89.060249469544501721 82.613667758758694504 16.276685262987424352 
 48.875428264435605286 116.01796106635759998 16.276685262987424352 
 66.974357620796070023 165.03933826875916679 16.276685262987424352 
 26.789536415687159376 198.44363157635808648 16.276685262987424352 
 129.24507067465341947 49.209374451159810349 16.276685262987424352 
 147.34400003101390553 98.230751653561412695 16.276685262987424352 
 107.15917882590497356 131.63504496116030396 16.276685262987424352 
 125.25810818226545962 180.6564221635618992 16.276685262987424352 
 85.073286977156541866 214.06071547116079046 16.276685262987424352 
 169.42989187976232301 15.805081143560924417 16.276685262987424352 
 187.52882123612280907 64.826458345962521435 16.276685262987424352 
 205.6277505924832667 113.84783554836411668 16.276685262987424352 
 165.44292938737436316 147.25212885596300794 16.276685262987424352 
 183.54185874373482079 196.27350605836460318 16.276685262987424352 
 143.35703753862594567 229.67779936596352286 16.276685262987424352 
 227.71364244123168419 31.422165038363637279 16.276685262987424352 
 245.81257179759222709 80.443542240765239626 16.276685262987424352 
 30.776498908075144101 66.996583863955990523 16.276685262987424352 
 223.72667994884375275 162.86921275076574034 16.276685262987424352 
 8.6906070593267088498 149.42225437395646281 16.276685262987424352 
 201.64078810009533527 245.29488326076619842 16.276685262987424352 
