 241.77071071504599331 11.67646146357453496 16.276685262987424352 
 199.1040440483793077 41.846350794200560586 16.276685262987424352 
 156.4373773817126505 11.67646146357453496 16.276685262987424352 
 113.77071071504596489 41.846350794200560586 16.276685262987424352 
 71.104044048379307696 11.67646146357453496 16.276685262987424352 
 28.437377381712629187 41.846350794200560586 16.276685262987424352 
 241.77071071504599331 72.016240124826566671 16.276685262987424352 
 199.1040440483793077 102.1861294554526296 16.276685262987424352 
 156.4373773817126505 72.016240124826580882 16.276685262987424352 
 113.77071071504596489 102.1861294554526296 16.276685262987424352 
 71.104044048379321907 72.016240124826580882 16.276685262987424352 
 28.437377381712629187 102.1861294554526296 16.276685262987424352 
 241.77071071504599331 132.35601878607863569 16.276685262987424352 
 199.1040440483793077 162.52590811670467019 16.276685262987424352 
 156.4373773817126505 132.35601878607863569 16.276685262987424352 
 113.77071071504596489 162.52590811670467019 16.276685262987424352 
 71.104044048379321907 132.35601878607863569 16.276685262987424352 
 28.437377381712629187 162.52590811670467019 16.276685262987424352 
 241.77071071504599331 192.6957974473307047 16.276685262987424352 
 199.1040440483793077 222.86568677795671078 16.276685262987424352 
 156.4373773817126505 192.6957974473307047 16.276685262987424352 
 113.77071071504596489 222.86568677795671078 16.276685262987424352 
 71.104044048379321907 192.6957974473307047 16.276685262987424352 
 28.437377381712629187 222.86568677795671078 16.276685262987424352 
