 27.423657410539423296 83.164982013804674921 22.896389795781352916 
 91.423657410539419743 83.164982013804674921 22.896389795781352916 
 91.423657410539419743 147.16498201380468913 22.896389795781352916 
 27.423657410539423296 147.16498201380468913 22.896389795781352916 
 27.423657410539423296 211.16498201380468913 22.896389795781352916 
 91.423657410539419743 211.16498201380468913 22.896389795781352916 
 91.423657410539419743 19.164982013804689132 22.896389795781352916 
 27.423657410539423296 19.164982013804689132 22.896389795781352916 
 155.42365741053941974 83.164982013804674921 22.896389795781352916 
 219.42365741053941974 83.164982013804674921 22.896389795781352916 
 219.42365741053941974 147.16498201380468913 22.896389795781352916 
 155.42365741053941974 147.16498201380468913 22.896389795781352916 
 155.42365741053941974 211.16498201380468913 22.896389795781352916 
 219.42365741053941974 211.16498201380468913 22.896389795781352916 
 219.42365741053941974 19.164982013804689132 22.896389795781352916 
 155.42365741053941974 19.164982013804689132 22.896389795781352916 
