 204.19689232697245984 32.621968239939207024 22.896389795781352916 
 204.19689232697245984 96.621968239939207024 22.896389795781352916 
 140.19689232697245984 96.621968239939207024 22.896389795781352916 
 140.19689232697245984 32.621968239939207024 22.896389795781352916 
 76.19689232697244563 32.621968239939207024 22.896389795781352916 
 76.19689232697244563 96.621968239939207024 22.896389795781352916 
 12.196892326972449183 96.621968239939207024 22.896389795781352916 
 12.196892326972449183 32.621968239939221235 22.896389795781352916 
 204.19689232697245984 160.62196823993920702 22.896389795781352916 
 204.19689232697245984 224.62196823993920702 22.896389795781352916 
 140.19689232697245984 224.62196823993920702 22.896389795781352916 
 140.19689232697245984 160.62196823993920702 22.896389795781352916 
 76.19689232697244563 160.62196823993920702 22.896389795781352916 
 76.19689232697244563 224.62196823993920702 22.896389795781352916 
 12.196892326972449183 224.62196823993923545 22.896389795781352916 
 12.196892326972449183 160.62196823993920702 22.896389795781352916 
