 76.893612792197629346 198.52653991639652986 18.683632864102694526 
 160.06434500500679974 101.23968696932536204 18.683632864102694526 
 150.47505988216880723 205.3110019302577598 18.683632864102694526 
 118.47505988216882145 149.88537608805373225 18.683632864102694526 
 44.893612792197615136 143.10091407419244547 18.683632864102694526 
 192.06434500500679974 156.66531281152944644 18.683632864102694526 
 12.893612792197611583 87.675288231988403709 18.683632864102694526 
 224.06434500500679974 212.09093865373353083 18.683632864102694526 
 86.475059882168807235 94.459750245849662065 18.683632864102694526 
 54.475059882168807235 39.034124403645591883 18.683632864102694526 
 108.89361279219764356 253.95216575860058583 18.683632864102694526 
 128.06434500500679974 45.814061127121327388 18.683632864102694526 
