 186.82210429335884783 190.87656991082582181 18.683632864102694526 
 117.49475871530751192 165.28010903868721471 18.683632864102694526 
 64.73216331219518338 201.50413743410661027 18.683632864102694526 
 170.2576854067975205 129.05731702832545693 18.683632864102694526 
 134.05917760186883925 227.09936192118763643 18.683632864102694526 
 153.6932665202362216 67.238064145825092055 18.683632864102694526 
 84.365920942184843057 41.641603273686477849 18.683632864102694526 
 48.167744425633863159 139.68488455160627382 18.683632864102694526 
 31.603325539072535832 77.865631669105908941 18.683632864102694526 
 137.12884763367486585 5.4188112633246969807 18.683632864102694526 
 100.93033982874618459 103.46085615618687825 18.683632864102694526 
