 77.118577340978177403 18.714182799739219831 16.339207741590445977 
 119.7852440076448346 61.380849466405877024 16.339207741590445977 
 77.118577340978177403 104.04751613307253422 16.339207741590445977 
 119.7852440076448346 146.71418279973920562 16.339207741590445977 
 77.118577340978177403 189.38084946640589123 16.339207741590445977 
 119.7852440076448346 232.04751613307252001 16.339207741590445977 
 162.45191067431147758 18.714182799739219831 16.339207741590445977 
 205.11857734097816319 61.380849466405877024 16.339207741590445977 
 162.45191067431147758 104.04751613307253422 16.339207741590445977 
 205.11857734097816319 146.71418279973920562 16.339207741590445977 
 162.45191067431147758 189.38084946640589123 16.339207741590445977 
 205.11857734097816319 232.04751613307252001 16.339207741590445977 
 247.78524400764482039 18.714182799739219831 16.339207741590445977 
 34.451910674311491789 61.380849466405877024 16.339207741590445977 
 247.78524400764482039 104.04751613307253422 16.339207741590445977 
 34.451910674311491789 146.71418279973920562 16.339207741590445977 
 247.78524400764482039 189.38084946640589123 16.339207741590445977 
 34.451910674311491789 232.04751613307252001 16.339207741590445977 
