 129.42576802182605888 57.470765950917261478 16.339207741590445977 
  71.1420174603566835 41.853682056114529075 16.339207741590445977 
 55.524933565553972414 100.13743261758393999 16.339207741590445977 
 203.32660247809818088 14.804099284250582969 16.339207741590445977 
 187.70951858329544848 73.087849845719958353 16.339207741590445977 
 172.0924346884927445 131.37160040718933374 16.339207741590445977 
 113.8086841270233549 115.75451651238662976 16.339207741590445977 
 98.191600232220650923 174.03826707385601935 16.339207741590445977 
 39.907849670751275539 158.42118317905328695 16.339207741590445977 
 245.99326914476480965 88.704933740522662333 16.339207741590445977 
 230.37618524996210567 146.98868430199206614 16.339207741590445977 
 214.75910135515943011 205.27243486346145573 16.339207741590445977 
 156.47535079369004052 189.65535096865875175 16.339207741590445977 
 140.85826689888730812 247.93910153012811293 16.339207741590445977 
 82.574516337417961154 232.32201763532538052 16.339207741590445977 
