 110.46586258379940659 51.529480111941381892 16.339207741590445977 
 52.182112022330016998 35.912396217138685017 16.339207741590445977 
 36.565028127527327229 94.196146778608053296 16.339207741590445977 
 184.36669704007150017 8.8628134452747122651 16.339207741590445977 
 168.74961314526879619 67.146564006744100084 16.339207741590445977 
 153.13252925046609221 125.43031456821347547 16.339207741590445977 
 94.848778688996702613 109.8132306734107857 16.339207741590445977 
 79.231694794193998632 168.09698123488016108 16.339207741590445977 
 20.947944232724619695 152.47989734007742868 16.339207741590445977 
 227.03336370673815736 82.763647901546818275 16.339207741590445977 
 211.4162798119354818 141.04739846301617945 16.339207741590445977 
 195.79919591713277782 199.33114902448559747 16.339207741590445977 
 137.51544535566335981 183.71406512968286506 16.339207741590445977 
 121.89836146086068425 241.99781569115228308 16.339207741590445977 
 63.614610899391280441 226.38073179634955068 16.339207741590445977 
