 134.16978727090631196 78.08974958215823392 16.339207741590445977 
 207.75890178361410676 71.30922168464822164 16.339207741590445977 
 186.42556845028079238 108.25963891278426843 16.339207741590445977 
 155.50312060423965477 41.139332354022194238 16.339207741590445977 
 91.503120604239654767 151.99058403843034171 16.339207741590445977 
 165.09223511694744957  145.210056140920301 16.339207741590445977 
 143.75890178361413518 182.16047336905637621 16.339207741590445977 
 112.83645393757298336 115.04016681029428071 16.339207741590445977 
 48.836453937572997575 225.89141849470243528 16.339207741590445977 
 122.4255684502808208 219.11089059719239458 16.339207741590445977 
 101.09223511694747799 256.06130782532846979 16.339207741590445977 
 70.169787270906326171 188.94100126656636007 16.339207741590445977 
 238.68134962965524437 138.4295282434102603 16.339207741590445977 
 103.24733942486516014 10.969443023396154402 16.339207741590445977 
 81.914006091531845755 47.919860251532206519 16.339207741590445977 
 196.01468296298858718 212.33036269968235388 16.339207741590445977 
 60.580672758198517158 84.870277479668260412 16.339207741590445977 
 39.247339424865188562 121.82069470780432141 16.339207741590445977 
 217.34801629632192999 175.37994547154630709 16.339207741590445977 
 17.914006091531863518 158.77111193594032557 16.339207741590445977 
 174.68134962965527279 249.28077992781840067 16.339207741590445977 
