 166.54327111156123919 76.609957879147103199 16.339207741590445977 
 233.66357767032329207 107.53240572518824081 16.339207741590445977 
 196.7131604421872737 128.8657390585215694 16.339207741590445977 
 203.49368833969725756 55.276624545813767497 16.339207741590445977 
 92.642436655289131409 119.2766245458137746 16.339207741590445977 
 159.76274321405122691 150.19907239185491221 16.339207741590445977 
 122.81232598591516592 171.53240572518825502 16.339207741590445977 
 129.59285388342519241 97.943291212480431795 16.339207741590445977 
 18.741602199017030728 161.9432912124804318 16.339207741590445977 
 85.861908757779133339 192.8657390585215694 16.339207741590445977 
 48.91149152964307234 214.19907239185491221 16.339207741590445977 
 55.692019427153113043 140.60995787914708899 16.339207741590445977 
 226.88304977281330821 181.12152023789607824 16.339207741590445977 
 173.32379900907122305 3.0208433664392546625 16.339207741590445977 
 136.37338178093517627 24.354176699772594361 16.339207741590445977 
 152.98221531654121463 223.78818690456276386 16.339207741590445977 
 99.422964552799115268 45.687510033105937168 16.339207741590445977 
 62.47254732466306848 67.020843366439279976 16.339207741590445977 
 189.93263254467728984 202.45485357122939263 16.339207741590445977 
 25.522130096527060772 88.354176699772608572 16.339207741590445977 
 116.03179808840518206 245.12152023789607824 16.339207741590445977 
