 65.900527372701773743 148.90307847413899367 22.126250916348109143 
 25.71570616759284178 115.49878516654010241 22.126250916348109143 
 7.6167768112323726015 164.52016236894169765 22.126250916348109143 
 47.801598016341280584 197.92445567654058891 22.126250916348109143 
 102.09838608542270322 50.860324069335781871 22.126250916348109143 
 43.814635523953334939 66.477407964138492957 22.126250916348109143 
 124.18427793417114913 133.28599457933626127 22.126250916348109143 
 142.28320729053160676 84.264617376934680237 22.126250916348109143 
 83.999456729062245586 99.881701271737370007 22.126250916348109143 
 164.36909913928005267 166.69028788693518095 22.126250916348109143 
 106.08534857781067728 182.30737178173788493 22.126250916348109143 
 146.27016978291959504 215.71166508933677619 22.126250916348109143 
 87.986419221450205441 231.32874898413945175 22.126250916348109143 
 182.46802849564053872 117.66891068453355729 22.126250916348109143 
