 164.25597653286041577 55.352159927534806627 18.501472609233061917 
 167.56571456761326999 100.4116686942762442 18.501472609233061917 
 82.414674241827512446 121.7681833374828102 18.501472609233061917 
 89.035256967837341335 211.89014770570406654 18.501472609233061917 
 85.724634316454697114 166.83040190665110458 18.501472609233061917 
 158.60355516546528065 9.6728819747556080699 18.501472609233061917 
 75.794313555692014006 31.648928771688385808 18.501472609233061917 
 79.104051590444868225 76.708437538429834035 18.501472609233061917 
    170.8763372189959 145.47141449332923457 18.501472609233061917 
 177.49691994500571468 235.59337886155051933 18.501472609233061917 
 174.18629729362311309 190.53363306249752895 18.501472609233061917 
 247.06521814263371084 33.376113130602014678 18.501472609233061917 
