 31.681715494304874881 8.9988416478121671105 22.126250916348109143 
 61.851604824930895177 51.665508314478834961 22.126250916348109143 
 31.681715494304874881 94.33217498114549926 22.126250916348109143 
 61.851604824930895177 136.99884164781215645 22.126250916348109143 
 31.681715494304874881 179.66550831447884207 22.126250916348109143 
 61.851604824930895177 222.33217498114552768 22.126250916348109143 
 92.021494155556922578 8.9988416478121671105 22.126250916348109143 
 122.19138348618295709 51.665508314478834961 22.126250916348109143 
 92.021494155556922578 94.33217498114549926 22.126250916348109143 
 122.19138348618295709 136.99884164781215645 22.126250916348109143 
 92.021494155556922578 179.66550831447884207 22.126250916348109143 
 122.19138348618295709 222.33217498114552768 22.126250916348109143 
 152.36127281680899159 8.9988416478121671105 22.126250916348109143 
 182.53116214743499768 51.665508314478834961 22.126250916348109143 
 152.36127281680899159 94.33217498114549926 22.126250916348109143 
 182.53116214743499768 136.99884164781215645 22.126250916348109143 
 152.36127281680899159 179.66550831447884207 22.126250916348109143 
 182.53116214743499768 222.33217498114552768 22.126250916348109143 
 212.70105147806106061 8.9988416478121671105 22.126250916348109143 
 242.87094080868706669 51.665508314478834961 22.126250916348109143 
 212.70105147806106061 94.33217498114549926 22.126250916348109143 
 242.87094080868706669 136.99884164781215645 22.126250916348109143 
 212.70105147806106061 179.66550831447884207 22.126250916348109143 
 242.87094080868706669 222.33217498114552768 22.126250916348109143 
