 68.029574260490235815 65.658405589216755516 22.126250916348109143 
 86.128503616850707658 114.67978279161836497 22.126250916348109143 
 45.943682411741804117 148.08407609921727044 22.126250916348109143 
 64.042611768102261749 197.10545330161886568 22.126250916348109143 
 23.857790562993379524 230.50974660921772852 22.126250916348109143 
 108.21439546559913936 32.254112281617878466 22.126250916348109143 
 126.31332482195962541 81.275489484019473707 22.126250916348109143 
 144.41225417832009725 130.29686668642108316 22.126250916348109143 
 104.22743297321119371 163.70115999401997442 22.126250916348109143 
 122.32636232957166555 212.72253719642159808 22.126250916348109143 
 82.141541124462762014 246.12683050402046092 22.126250916348109143 
 166.49814602706854316 47.871196176420603763 22.126250916348109143 
 184.59707538342902922 96.892573378822191899 22.126250916348109143 
 202.69600473978948685 145.91395058122378714 22.126250916348109143 
 162.51118353468058331 179.3182438888226784 22.126250916348109143 
 180.61011289104104094 228.33962109122427364 22.126250916348109143 
 224.78189658853787591 63.488280071223307743 22.126250916348109143 
 242.88082594489839039 112.50965727362488167 22.126250916348109143 
 27.844753055381346485 99.062698896815646776 22.126250916348109143 
 220.79493409614991606 194.9353277836254108 22.126250916348109143 
 5.7588612066329085692 181.4883694068161617 22.126250916348109143 
 49.930644904129771078 16.63702838681516738 22.126250916348109143 
