 87.586333147349719752 53.603954284849628209 22.126250916348109143 
 92.380890403703631364 105.63931617829871357 22.126250916348109143 
 44.919666480683062559 127.5047887411217431 22.126250916348109143 
 49.71422373703695996 179.54015063457083556 22.126250916348109143 
 2.2529998140164044784 201.40562319739382247 22.126250916348109143 
 135.04755707037026013 31.738481722026609333 22.126250916348109143 
 139.84211432672418596 83.773843615475669822 22.126250916348109143 
 144.63667158307811178 135.80920550892474807 22.126250916348109143 
 97.175447660057528765 157.6746780717477634 22.126250916348109143 
 101.97000491641144038 209.71003996519684165 22.126250916348109143 
 54.508780993390871572 231.57551252801985697 22.126250916348109143 
 187.30333824974476897 61.908371052652640287 22.126250916348109143 
 192.09789550609866637 113.94373294610169012 22.126250916348109143 
 196.89245276245253535 165.97909483955075416 22.126250916348109143 
 149.43122883943200918 187.8445674023737979 22.126250916348109143 
 154.22578609578590658 239.87992929582287616 22.126250916348109143 
 239.55911942911922097 92.078260383278660584 22.126250916348109143 
 244.35367668547311837 144.11362227672771041 22.126250916348109143 
 40.125109224329143842 75.46942684767267906 22.126250916348109143 
 201.68701001880646118 218.01445673299977557 22.126250916348109143 
 82.79177589099580814 1.5685923914005857061 22.126250916348109143 
