 151.6112160406971725 127.69743041953907436 25.398214814666058459 
 84.489948803728509574 158.61983554237704652 25.398214814666058459 
 218.72684947476341222 96.782223329567855785 25.398214814666058459 
 163.30122363255935625 64.782223329567855785 25.398214814666058459 
 96.18559019849308811 95.697430419539074364 25.398214814666058459 
 139.91557464593256555 190.61983554237704652 25.398214814666058459 
 40.759964356289017928 63.697430419539088575 25.398214814666058459 
 195.34120048813664994 222.61983554237707494 25.398214814666058459 
 107.87559779035525764 32.78222332956784868 25.398214814666058459 
 207.03684188290125689 159.69743041953907436 25.398214814666058459 
 29.064322961524446498 126.61983554237706073 25.398214814666058459 
