 141.71685394593197316 148.71328131470568223 25.398214814666058459 
 68.126928823093976462  141.932236078713089 25.398214814666058459 
 215.29830103590316526 155.49774332856691217 25.398214814666058459 
 183.29830103590313684 100.07211748636287041 25.398214814666058459 
 109.71685394593195895 93.287655472501583631 25.398214814666058459 
 100.12692882309399067 197.35786192091717339 25.398214814666058459 
 77.716853945931973158 37.862029630297556082 25.398214814666058459 
 132.12692882309400488 252.78348776312122936 25.398214814666058459 
 151.29830103590313684 44.646491644158800227 25.398214814666058459 
 173.71685394593197316 204.13890715690970978 25.398214814666058459 
 36.126928823093997778 86.506610236509061451 25.398214814666058459 
