 57.721501587322116222 197.95476805139526277 25.398214814666058459 
 163.23795020383698784 125.50905372322921494 25.398214814666058459 
 127.03977368728598663 223.55233500114903222 25.398214814666058459 
 110.47535480072464509 161.73308211864863893 25.398214814666058459 
 41.157082700760788896 136.1355151688948979 25.398214814666058459 
 179.80236909039831517 187.32830660572960824 25.398214814666058459 
 24.592663814199458017 74.316262286394533021 25.398214814666058459 
 130.10911243071433319 1.8705479582284918472 25.398214814666058459 
 93.910935914163317761 99.913829236148274049 25.398214814666058459 
 77.346517027601990435 38.094576353647909173 25.398214814666058459 
 146.67353131727566051 63.689800840728878484 25.398214814666058459 
