 25.523406416358657367 165.80704583777207972 28.32005994517345826 
 66.745870499945937127 101.80704583777207972 28.32005994517345826 
 25.523406416358657367 37.807045837772079722 28.32005994517345826 
 66.745870499945937127 229.80704583777207972 28.32005994517345826 
 107.96833458353322044 165.80704583777207972 28.32005994517345826 
 149.19079866712053217 101.80704583777207972 28.32005994517345826 
 107.96833458353322044 37.807045837772079722 28.32005994517345826 
 149.19079866712053217 229.80704583777207972 28.32005994517345826 
 190.41326275070781548 165.80704583777207972 28.32005994517345826 
 231.63572683429507038 101.80704583777207972 28.32005994517345826 
 190.41326275070781548 37.807045837772079722 28.32005994517345826 
 231.63572683429507038 229.80704583777207972 28.32005994517345826 
