 42.658157028776649611 174.75578959391501144 28.32005994517345826 
 99.040418596948455843 123.60569550230165703 28.32005994517345826 
 75.786994801899297158 51.117283828914281685 28.32005994517345826 
 122.29384239199761453 196.09410717568903237 28.32005994517345826 
 178.67610396016945629 144.94401308407569218 28.32005994517345826 
 155.42268016512028339 72.455601410688316832 28.32005994517345826 
 211.80494173329211094 21.305507319074948214 28.32005994517345826 
 201.92952775521862918 217.43242475746308173 28.32005994517345826 
 19.404733233727437636 102.26737792052760767 28.32005994517345826 
 235.05836552834125541 93.793918992462366191 28.32005994517345826 
