 114.35032507212537212 35.913416492941962588 28.32005994517345826 
 178.35032507212537212  77.1358805765292459 28.32005994517345826 
 242.35032507212537212 35.913416492941948377 28.32005994517345826 
 50.350325072125386328  77.1358805765292459 28.32005994517345826 
 114.35032507212537212 118.35834466011654342 28.32005994517345826 
 178.35032507212537212 159.58080874370381252 28.32005994517345826 
 242.35032507212537212 118.35834466011654342 28.32005994517345826 
 50.350325072125386328 159.58080874370381252 28.32005994517345826 
 114.35032507212537212 200.80327282729109584 28.32005994517345826 
 178.35032507212537212 242.02573691087837915 28.32005994517345826 
 242.35032507212537212 200.80327282729109584 28.32005994517345826 
 50.350325072125393433 242.02573691087837915 28.32005994517345826 
