 170.87528692741477698 1.5777339548700666239 22.211242917307192357 
  155.258203032612073 59.861484516339444895 22.211242917307192357 
 96.974452471142697618 44.244400621536748019 22.211242917307192357 
 81.357368576339979427 102.5281511830061163 22.211242917307192357 
 23.073618014870589832 86.911067288203426529 22.211242917307192357 
 7.4565341200679000622 145.19481784967277349 22.211242917307192357 
 213.5419535940814626 75.478568411142163086 22.211242917307192357 
 197.92486969927875862 133.76231897261152426 22.211242917307192357 
 139.64111913780936902 118.1452350778088487 22.211242917307192357 
 124.02403524300666504 176.42898563927820987 22.211242917307192357 
 65.740284681537275446 160.81190174447553431 22.211242917307192357 
 50.123200786734578571 219.09565230594486707 22.211242917307192357 
 256.20862026074814821 149.37940286741425666 22.211242917307192357 
 240.59153636594538739 207.66315342888361783 22.211242917307192357 
 182.30778580447602621 192.04606953408091385 22.211242917307192357 
 166.69070190967332223 250.32982009555024661 22.211242917307192357 
 108.40695134820393264 234.71273620074759947 22.211242917307192357 
