 172.59848841081569049 48.020923857862463535 22.211242917307192357 
 114.31473784934628668 32.403839963059738238 22.211242917307192357 
 98.697653954543582699 90.687590524529142044 22.211242917307192357 
 40.413903393074207315 75.070506629726423853 22.211242917307192357 
 24.796819498271499782 133.35425719119581345 22.211242917307192357 
 230.88223897228502324 63.638007752665174621 22.211242917307192357 
 215.26515507748234768 121.92175831413455001 22.211242917307192357 
 156.98140451601295808 106.30467441933183181 22.211242917307192357 
 141.36432062121022568 164.58842498080122141 22.211242917307192357 
 83.080570059740878719 148.97134108599851743 22.211242917307192357 
 67.463486164938160528 207.2550916474678786 22.211242917307192357 
 199.6480711826796437 180.20550887560392539 22.211242917307192357 
 184.0309872878769113 238.48925943707331498 22.211242917307192357 
 125.74723672640756433  222.872175542270611 22.211242917307192357 
