 176.68924711015907292 50.182295460100306173 22.211242917307192357 
 146.51935777953303841 102.43807663947477238 22.211242917307192357 
 94.263576600158557994 72.268187308848737871 22.211242917307192357 
 64.093687269532523487 124.52396848822320408 22.211242917307192357 
 11.837906090158078598 94.35407915759718378 22.211242917307192357 
 228.94502828953352491 80.35218479072634068 22.211242917307192357 
 198.77513895890751883 132.6079659701008211 22.211242917307192357 
 168.60524962828148432 184.86374714947530151 22.211242917307192357 
 116.3494684489070039 154.69385781884926701 22.211242917307192357 
 86.179579118280969396 206.94963899822374742 22.211242917307192357 
 33.923797938906524507 176.77974966759765607 22.211242917307192357 
 251.03092013828197082 162.7778553007268556 22.211242917307192357 
 220.86103080765590789 215.0336364801013076 22.211242917307192357 
 124.4334659307845925 20.012406129474253902 22.211242917307192357 
 138.43536029765542139 237.11952832884975351 22.211242917307192357 
 42.007795420784077578 42.098297978222696258 22.211242917307192357 
