                    1 3.2358015999999905077 12.195352025543677144 
 4.0950399999999715916 85.905139199999979382 12.195352025543677144 
 1.1653759999999238062 202.4234367999999904 12.195352025543677144 
 7.1350399999999352119 123.28001279999998019 12.195352025543677144 
 37.567552000000070223 71.916531199999980117 12.195352025543677144 
 41.617472000000091725 5.407398399999988392 12.195352025543677144 
 44.580415999999971177 132.26653440000001183 12.195352025543677144 
 54.871872000000074365 39.89029120000000006 12.195352025543677144 
 41.165632000000002222 197.61775359999995771 12.195352025543677144 
 62.454080000000068651 99.221209599999994566 12.195352025543677144 
 62.345535999999995624 164.40945919999998637 12.195352025543677144 
 92.127552000000108023 45.709427199999979052 12.195352025543677144 
 70.905407999999994217 223.72161280000000261 12.195352025543677144 
 96.745024000000015008 84.807487999999992212 12.195352025543677144 
 106.95558400000008703 10.035647999999991242 12.195352025543677144 
 103.42508799999995972 170.4440704000000153 12.195352025543677144 
 106.39392000000006533 208.37210879999997815 12.195352025543677144 
 129.58214399999997113 104.15653119999998921 12.195352025543677144 
 144.84921599999998421                    1 12.195352025543677144 
 137.34457600000004618 144.65593600000002539 12.195352025543677144 
 156.22406399999999849 76.710796799999982909 12.195352025543677144 
 161.85299200000008568 35.440524800000005712 12.195352025543677144 
 191.93683199999995281 228.84545279999997547 12.195352025543677144 
 182.80531200000004333 156.61111040000000116 12.195352025543677144 
 189.59161600000007297 91.606003199999989306 12.195352025543677144 
 198.71033600000009756 32.32984320000000622 12.195352025543677144 
 205.10265600000002451 193.03537919999999417 12.195352025543677144 
 206.09107199999999693 125.26022400000002222 12.195352025543677144 
 213.87424000000009983 64.720319999999986749 12.195352025543677144 
 220.43731200000001991 3.6545920000000022831 12.195352025543677144 
 248.00979200000000446 74.627903999999986695 12.195352025543677144 
 245.68684800000011137 113.78602239999997892 12.195352025543677144 
 247.44249600000003397 200.82702079999998546 12.195352025543677144 
