 124.83283200000005309                    1 12.195352025543677144 
 191.10918400000008432 4.4915839999999658261 12.195352025543677144 
 228.48620800000009012 10.31763199999995706 12.195352025543677144 
 156.93548800000007759 20.856895999999959912 12.195352025543677144 
 90.330432000000115522 18.757439999999952818 12.195352025543677144 
 12.598080000000118517 23.742271999999957188 12.195352025543677144 
 242.37088000000002808 40.400191999999961467 12.195352025543677144 
 68.919872000000026446 49.553984000000035337 12.195352025543677144 
 32.531775999999993587 54.135872000000027526 12.195352025543677144 
 152.46675200000009909 58.851135999999954151 12.195352025543677144 
 218.05190400000009276 67.884352000000035332 12.195352025543677144 
 121.39859200000009309 79.266111999999978366 12.195352025543677144 
 183.50316800000001649   80.077376000000001 12.195352025543677144 
 83.636800000000036448 81.036607999999972662 12.195352025543677144 
 9.2214400000000757984 83.622720000000029472 12.195352025543677144 
 242.38956800000013914 92.234559999999959246 12.195352025543677144 
 126.40032000000010726 114.30303999999996734 12.195352025543677144 
 66.902080000000026416 116.29446399999997652 12.195352025543677144 
 4.9966720000000348634 120.5857920000000405 12.195352025543677144 
 183.68979200000012497 117.69862400000002367 12.195352025543677144 
 239.37568000000010215 126.44588800000001072 12.195352025543677144 
 36.439872000000107732 138.22214400000001433 12.195352025543677144 
 153.77644799999998781 135.53030399999997258 12.195352025543677144 
 97.344576000000046179 133.76569600000001969 12.195352025543677144 
 209.02380800000008776 143.66444799999999304 12.195352025543677144 
 106.99526400000013382 166.9205119999999738 12.195352025543677144 
 143.42252800000005664 170.16249600000000441 12.195352025543677144 
  25.6553600000001083 175.61503999999996495 12.195352025543677144 
 246.16403200000004858 187.45196800000002213 12.195352025543677144 
 211.72614400000003343 181.24294399999999428 12.195352025543677144 
 84.172864000000117812 192.97619199999999751 12.195352025543677144 
 48.858944000000157359 202.59667200000004073 12.195352025543677144 
 158.98272000000014259 202.57747200000002863 12.195352025543677144 
 192.94675200000000359 213.78643199999996227 12.195352025543677144 
 103.48832000000001585 221.41574399999998946 12.195352025543677144 
 137.13824000000005299 229.5145599999999888 12.195352025543677144 
 49.486656000000053268 240.04588800000001925 12.195352025543677144 
 83.543872000000007461 249.27289600000003134 12.195352025543677144 
 238.87596800000011399 251.55257599999995932 12.195352025543677144 
