 130.41861695361475881 33.729983033135361836 12.413835530887293856 
 66.41736496318692673 70.68112309828194384 12.413835530887293856 
 130.41830395600777592 70.680580970524047757 12.413835530887293856 
 98.417677960793881198 89.156151003097335206 12.413835530887293856 
 34.416738967973024899 89.156693130855231288 12.413835530887293856 
 162.41924294882863933 15.254413000562079716 12.413835530887293856 
 34.41642597036607043 126.10729106824392431 12.413835530887293856 
 194.4195559464355938 33.729440905377458648 12.413835530887293856 
 162.41861695361475881 89.155608875339424912 12.413835530887293856 
 98.41736496318692673 126.10674894048601402 12.413835530887293856 
 162.41830395600780435 126.10620681272811794 12.413835530887293856 
 130.41767796079386699 144.5817768453014196 12.413835530887293856 
 66.416738967973032004 144.58231897305930147 12.413835530887293856 
 194.41924294882866775 70.680038842766137464 12.413835530887293856 
 66.416425970366077536 181.5329169104479945 12.413835530887293856 
 226.41955594643562222 89.155066747581543041 12.413835530887293856 
 194.41861695361475881 144.5812347175435093 12.413835530887293856 
 130.41736496318694094 181.5323747826900842 12.413835530887293856 
 194.41830395600780435 181.53183265493217391 12.413835530887293856 
 162.41767796079389541 200.00740268750547557 12.413835530887293856 
 98.416738967973046215 200.00794481526338586 12.413835530887293856 
 226.41924294882866775 126.10566468497020765 12.413835530887293856 
 98.416425970366077536 236.95854275265205047 12.413835530887293856 
 226.41861695361478723 200.00686055974756528 12.413835530887293856 
 162.41736496318696936 236.9580006248941686 12.413835530887293856 
 98.418303956007790134 15.254955128319991786 12.413835530887293856 
 66.417677960793866987 33.730525160893286341 12.413835530887293856 
  130.416738967973032 255.43357065746747026 12.413835530887293856 
 2.4164259703660531109 70.681665226039868344 12.413835530887293856 
