 128.74133359959353129 26.766492178915409994 12.413835530887293856 
 54.839053469300345967 26.766492178915409994 12.413835530887293856 
 110.26576356702022963 58.766492178915406441 12.413835530887293856 
 73.314623501873640521 58.766492178915406441 12.413835530887293856 
 239.59475379503322756 26.766492178915399336 12.413835530887293856 
 165.69247366474007777 26.766492178915409994 12.413835530887293856 
 221.11918376245995432 58.766492178915406441 12.413835530887293856 
 184.16804369731337943 58.766492178915406441 12.413835530887293856 
 128.74133359959353129 90.766492178915413547 12.413835530887293856 
 54.839053469300360177 90.766492178915413547 12.413835530887293856 
 110.26576356702022963 122.76649217891539934 12.413835530887293856 
 73.314623501873640521 122.76649217891539934 12.413835530887293856 
 239.59475379503322756 90.766492178915413547 12.413835530887293856 
 165.69247366474007777 90.766492178915413547 12.413835530887293856 
 221.11918376245995432 122.76649217891539934 12.413835530887293856 
 184.16804369731337943 122.76649217891539934 12.413835530887293856 
 128.74133359959353129 154.76649217891539934 12.413835530887293856 
 54.839053469300360177 154.76649217891539934 12.413835530887293856 
 110.26576356702022963 186.76649217891539934 12.413835530887293856 
 73.314623501873640521 186.76649217891539934 12.413835530887293856 
 239.59475379503322756 154.76649217891539934 12.413835530887293856 
 165.69247366474007777 154.76649217891539934 12.413835530887293856 
 221.11918376245995432 186.76649217891539934 12.413835530887293856 
 184.16804369731337943 186.76649217891539934 12.413835530887293856 
 128.74133359959353129 218.76649217891542776 12.413835530887293856 
 54.839053469300360177 218.76649217891542776 12.413835530887293856 
 110.26576356702022963 250.76649217891542776 12.413835530887293856 
 73.314623501873654732 250.76649217891542776 12.413835530887293856 
 239.59475379503322756 218.76649217891542776 12.413835530887293856 
 165.69247366474007777 218.76649217891542776 12.413835530887293856 
 221.11918376245995432 250.76649217891542776 12.413835530887293856 
 184.16804369731337943 250.76649217891542776 12.413835530887293856 
