 195.82174859607985695 31.376694025100718477 12.413835530887293856 
 121.91946846578673558 31.376694025100718477 12.413835530887293856 
 177.34617856350658371 63.376694025100711372 12.413835530887293856 
 140.39503849835998039 63.376694025100711372 12.413835530887293856 
 84.968328400640146469 31.376694025100718477 12.413835530887293856 
 232.77288866122640343 31.376694025100707819 12.413835530887293856 
 66.49275836806684481 63.376694025100711372 12.413835530887293856 
 29.541618302920255701 63.376694025100725582 12.413835530887293856 
 195.82174859607988537 95.376694025100704266 12.413835530887293856 
 121.91946846578673558 95.376694025100718477 12.413835530887293856 
 177.34617856350658371 127.37669402510071848 12.413835530887293856 
 140.39503849836000882 127.37669402510071848 12.413835530887293856 
 84.968328400640146469 95.376694025100718477 12.413835530887293856 
 232.77288866122646027 95.376694025100704266 12.413835530887293856 
 66.49275836806684481 127.37669402510071848 12.413835530887293856 
 29.541618302920255701 127.37669402510071848 12.413835530887293856 
 195.82174859607988537 159.37669402510073269 12.413835530887293856 
 121.91946846578673558 159.37669402510073269 12.413835530887293856 
 177.34617856350658371 191.37669402510070427 12.413835530887293856 
 140.39503849836000882 191.37669402510070427 12.413835530887293856 
 84.968328400640146469 159.37669402510073269 12.413835530887293856 
 232.77288866122646027 159.37669402510073269 12.413835530887293856 
 66.49275836806684481 191.37669402510070427 12.413835530887293856 
 29.541618302920255701 191.37669402510070427 12.413835530887293856 
 195.82174859607988537 223.37669402510076111 12.413835530887293856 
 121.91946846578673558 223.37669402510076111 12.413835530887293856 
 177.34617856350658371 255.37669402510070427 12.413835530887293856 
 140.39503849836000882 255.37669402510070427 12.413835530887293856 
 84.968328400640146469 223.37669402510076111 12.413835530887293856 
 232.77288866122646027 223.37669402510076111 12.413835530887293856 
 66.49275836806685902 255.37669402510070427 12.413835530887293856 
 29.541618302920266359 255.37669402510070427 12.413835530887293856 
