 88.481006906609678708 103.62279876997176586 11.283637459631233213 
 88.481006906609678708 188.95613210330512288 11.283637459631233213 
 125.4314241347457255 124.95613210330509446 11.283637459631233213 
 125.4314241347457255 167.62279876997175165 11.283637459631233213 
 88.481006906609678708 231.62279876997178008 11.283637459631233213 
 88.481006906609678708 60.956132103305129988 11.283637459631233213 
 125.4314241347457255 252.95613210330506604 11.283637459631233213 
 125.4314241347457255 39.622798769971780075 11.283637459631233213 
 162.38184136288177228 103.62279876997176586 11.283637459631233213 
 162.38184136288177228 188.95613210330512288 11.283637459631233213 
 199.33225859101779065 124.95613210330509446 11.283637459631233213 
 199.33225859101779065 167.62279876997175165 11.283637459631233213 
 162.38184136288177228 231.62279876997178008 11.283637459631233213 
 162.38184136288177228 60.956132103305129988 11.283637459631233213 
 199.33225859101779065 252.95613210330506604 11.283637459631233213 
 199.33225859101779065 39.622798769971780075 11.283637459631233213 
 236.28267581915389428 103.62279876997176586 11.283637459631233213 
 236.28267581915389428 188.95613210330512288 11.283637459631233213 
 51.530589678473667448 124.95613210330509446 11.283637459631233213 
 51.530589678473667448 167.62279876997175165 11.283637459631233213 
 236.28267581915389428 231.62279876997178008 11.283637459631233213 
 236.28267581915389428 60.956132103305129988 11.283637459631233213 
 51.530589678473667448 252.95613210330506604 11.283637459631233213 
 51.530589678473667448 39.622798769971780075 11.283637459631233213 
