 90.960271301836414182 119.08185141185765588 11.283637459631233213 
 90.960271301836414182 204.41518474519097026 11.283637459631233213 
 127.91068852997247518 140.41518474519099868 11.283637459631233213 
 127.91068852997247518 183.08185141185765588 11.283637459631233213 
 90.960271301836414182 247.08185141185762745 11.283637459631233213 
 90.960271301836414182 76.415184745190998683 11.283637459631233213 
 127.91068852997247518 12.415184745190984472 11.283637459631233213 
 127.91068852997247518 55.081851411857641665 11.283637459631233213 
 164.86110575810849355 119.08185141185765588 11.283637459631233213 
 164.86110575810849355 204.41518474519097026 11.283637459631233213 
 201.81152298624451191 140.41518474519099868 11.283637459631233213 
 201.81152298624451191 183.08185141185765588 11.283637459631233213 
 164.86110575810849355 247.08185141185762745 11.283637459631233213 
 164.86110575810849355 76.415184745190998683 11.283637459631233213 
 201.81152298624451191 12.415184745190984472 11.283637459631233213 
 201.81152298624451191 55.081851411857641665 11.283637459631233213 
 238.76194021438061554 119.08185141185765588 11.283637459631233213 
 238.76194021438061554 204.41518474519097026 11.283637459631233213 
 54.009854073700395816 140.41518474519099868 11.283637459631233213 
 54.009854073700395816 183.08185141185765588 11.283637459631233213 
 238.76194021438061554 247.08185141185762745 11.283637459631233213 
 238.76194021438061554 76.415184745190998683 11.283637459631233213 
 54.009854073700395816 12.415184745190984472 11.283637459631233213 
 54.009854073700395816 55.081851411857641665 11.283637459631233213 
