 85.727323938725334074 22.23576406414293416 11.283637459631233213 
 63.64143208997689527 104.66143457414342777 11.283637459631233213 
 115.89721326935136858 52.405653394768968667 11.283637459631233213 
 104.85426734497715984 93.618488649769204812 11.283637459631233213 
 52.59848616560266521 145.87426982914368523 11.283637459631233213 
 30.512594316854233512 228.29994033914417173 11.283637459631233213 
 82.768375496228699717 176.04415915976971974 11.283637459631233213 
 71.725429571854490973 217.25699441476990614 11.283637459631233213 
 157.11004852435158341 41.362707470394752818 11.283637459631233213 
 135.02415667560316592 123.78837798039523932 11.283637459631233213 
 187.27993785497761792 71.532596801020773114 11.283637459631233213 
 176.23699193060340917 112.74543205602100215 11.283637459631233213 
 123.98121075122894297 165.00121323539548257 11.283637459631233213 
 101.89531890248052548 247.42688374539596907 11.283637459631233213 
 154.15110008185496326 195.17110256602148866 11.283637459631233213 
 143.10815415748075452 236.38393782102173191 11.283637459631233213 
 228.49277310997786117 60.489650876646557265 11.283637459631233213 
 206.40688126122944368 142.91532138664703666 11.283637459631233213 
 44.514488683725119245 33.27870998851716422 11.283637459631233213 
 33.471542759350889185 74.491545243517407471 11.283637459631233213 
 195.36393533685523494 184.12815664164727991 11.283637459631233213 
 11.385650910602471697 156.91721575351789397 11.283637459631233213 
