 166.18832763806017283 37.243731106467130587 11.283637459631233213 
 83.762657128059686329 59.329622955215569391 11.283637459631233213 
 155.14538171368596409 78.456566361467380943 11.283637459631233213 
 113.93254645868570663 89.499512285841603898 11.283637459631233213 
 42.549821873059443078 70.372568879589778135 11.283637459631233213 
 207.40116289306038766 26.200785182092921843 11.283637459631233213 
 31.506875948685209465 111.58540413459004981 11.283637459631233213 
 237.57105222368645059 56.370674512718949245 11.283637459631233213 
 185.31527104431197017 108.62645569209341545 11.283637459631233213 
 102.88960053431149788 130.71234754084184715 11.283637459631233213 
 174.27232511993776143 149.83929094709367291 11.283637459631233213 
 133.05948986493751818 160.88223687146788166 11.283637459631233213 
 61.676765279311247525 141.75529346521605589 11.283637459631233213 
 226.52810629931224184 97.583509767719206707 11.283637459631233213 
 50.633819354937003254 182.96812872021632757 11.283637459631233213 
 256.69799562993830477  127.753399098345227 11.283637459631233213 
 204.44221445056376751  180.009180277719679 11.283637459631233213 
 122.01654394056329522 202.09507212646815333 11.283637459631233213 
 193.39926852618955877 221.22201553271995067 11.283637459631233213 
 152.18643327118931552 232.26496145709415941 11.283637459631233213 
 80.803708685563051972 213.13801805084236207 11.283637459631233213 
 245.65504970556401076 168.96623435334547025 11.283637459631233213 
 69.760762761188814807 254.3508533058425769 11.283637459631233213 
