 65.426097222510520623 164.15799415098794611 5.6635240798341861534 
 114.44747442491213008 146.05906479462746006 5.6635240798341861534 
 106.6389324775107923 175.20094007536215486 5.6635240798341861534 
 89.936785823711304033 155.10852947280770309 5.6635240798341861534 
 82.128243876309966254 184.25040475354242631 5.6635240798341861534 
 98.830390530109426095 204.34281535609684965 5.6635240798341861534 
 138.95816302611294191 137.00960011644721703 5.6635240798341861534 
 131.14962107871158992 166.15147539718188341 5.6635240798341861534 
 155.66030967991238754 157.10201071900169723 5.6635240798341861534 
 147.85176773251100713 186.24388599973639202 5.6635240798341861534 
 123.34107913131022372 195.29335067791663505 5.6635240798341861534 
 140.04322578510965513 215.3857612804710584 5.6635240798341861534 
 115.53253718390885751 224.43522595865130143 5.6635240798341861534 
 172.36245633371180475 177.19442132155612057 5.6635240798341861534 
 164.55391438631045276 206.33629660229087222 5.6635240798341861534 
 189.0646029875112788 197.28683192411060077 5.6635240798341861534 
 81.043181117313224604 105.87424358951855652 5.6635240798341861534 
 73.234639169911872614 135.01611887025325132 5.6635240798341861534 
 56.532492516112441194 114.92370826769877112 5.6635240798341861534 
 48.723950568711089204 144.06558354843346592 5.6635240798341861534 
 130.06455831971487669 87.775314233158070465 5.6635240798341861534 
 122.25601637231349628 116.91718951389277947 5.6635240798341861534 
 105.55386971851403644 96.824778911338313492 5.6635240798341861534 
 97.745327771112698656 125.96665419207300829 5.6635240798341861534 
 146.7667049735142939 107.86772483571252224 5.6635240798341861534 
 171.27739357471509152 98.81826015753229342 5.6635240798341861534 
 163.46885162731373953 127.96013543826700243 5.6635240798341861534 
 187.97954022851453715 118.91067076008673098 5.6635240798341861534 
 180.17099828111318516 148.05254604082142578 5.6635240798341861534 
 204.68168688231395436 139.00308136264121117 5.6635240798341861534 
 196.87314493491260237 168.14495664337590597 5.6635240798341861534 
 221.38383353611339999 159.09549196519563452 5.6635240798341861534 
 213.57529158871210484 188.23736724593032932 5.6635240798341861534 
 88.851723064714576594 76.732368308783861721 5.6635240798341861534 
 64.341034463513807395 85.781832986964090537 5.6635240798341861534 
 113.36241166591540264 67.682903630603618694 5.6635240798341861534 
 137.87310026711620026 58.633438952423382773 5.6635240798341861534 
 154.57524692091564589 78.725849554977841649 5.6635240798341861534 
 179.08593552211644351 69.676384876797598622 5.6635240798341861534 
 195.78808217591586072 89.768795479352050393 5.6635240798341861534 
 212.49022882971530635 109.86120608190651637 5.6635240798341861534 
 229.1923754835147804 129.95361668446096814 5.6635240798341861534 
 162.38378886831699788 49.583974274243139746 5.6635240798341861534 
