 117.48579236870310183 179.52802140625502147 5.6635240798341861534 
 138.81912570203641621 164.44307674094201843 5.6635240798341861534 
 138.81912570203641621 194.61296607156805294 5.6635240798341861534 
 160.15245903536975902 179.52802140625502147 5.6635240798341861534 
 74.819125702036416214 149.35813207562898697 5.6635240798341861534 
 117.48579236870310183 119.18824274500295246 5.6635240798341861534 
 117.48579236870310183 149.35813207562898697 5.6635240798341861534 
 96.152459035369759022 134.2731874103159555 5.6635240798341861534 
 96.152459035369759022 164.44307674094199001 5.6635240798341861534 
 138.81912570203641621  104.103298079689921 5.6635240798341861534 
 138.81912570203641621 134.2731874103159555 5.6635240798341861534 
 160.15245903536975902 119.18824274500295246 5.6635240798341861534 
 160.15245903536975902 149.35813207562898697 5.6635240798341861534 
 181.48579236870307341 134.2731874103159555 5.6635240798341861534 
 181.48579236870307341 164.44307674094199001 5.6635240798341861534 
 202.81912570203641621 149.35813207562898697 5.6635240798341861534 
 74.819125702036416214 119.18824274500295246 5.6635240798341861534 
 53.485792368703087618 134.2731874103159555 5.6635240798341861534 
 117.48579236870310183 89.018353414376932164 5.6635240798341861534 
 96.152459035369759022 104.10329807968994942 5.6635240798341861534 
 138.81912570203641621 73.933408749063914911 5.6635240798341861534 
 160.15245903536975902 89.018353414376932164 5.6635240798341861534 
 181.48579236870307341 104.10329807968994942 5.6635240798341861534 
 202.81912570203641621 119.18824274500295246 5.6635240798341861534 
 224.15245903536975902 134.2731874103159555 5.6635240798341861534 
