 74.29463790242597554 72.356644332752324544 5.6635240798341861534 
 104.46452723305201005 115.02331099941901016 5.6635240798341861534 
 74.29463790242597554 115.02331099941901016 5.6635240798341861534 
 89.379582567738978582 93.689977666085667352 5.6635240798341861534 
 59.209693237112951181 93.689977666085667352 5.6635240798341861534 
 44.124748571799955243 115.02331099941901016 5.6635240798341861534 
 119.54947189836501309 136.35664433275232454 5.6635240798341861534 
 89.379582567738992793 136.35664433275232454 5.6635240798341861534 
 104.46452723305201005 157.68997766608563893 5.6635240798341861534 
 74.29463790242597554 157.68997766608563893 5.6635240798341861534 
 59.209693237112951181 136.35664433275232454 5.6635240798341861534 
 44.124748571799955243 157.68997766608563893 5.6635240798341861534 
 29.039803906486927332 136.35664433275232454 5.6635240798341861534 
 89.379582567738978582 179.02331099941898174 5.6635240798341861534 
 59.209693237112951181 179.02331099941898174 5.6635240798341861534 
 74.29463790242597554 200.35664433275232454 5.6635240798341861534 
 134.63441656367803034 72.356644332752324544 5.6635240798341861534 
 104.46452723305201005 72.356644332752324544 5.6635240798341861534 
 119.54947189836501309 51.023310999418995948 5.6635240798341861534 
 89.379582567738992793 51.023310999418995948 5.6635240798341861534 
 164.80430589430406485 115.02331099941901016 5.6635240798341861534 
 134.63441656367803034 115.02331099941901016 5.6635240798341861534 
 149.71936122899106181 93.689977666085667352 5.6635240798341861534 
 119.54947189836501309 93.689977666085667352 5.6635240798341861534 
 149.71936122899103339 136.35664433275232454 5.6635240798341861534 
 164.80430589430406485 157.68997766608563893 5.6635240798341861534 
 134.63441656367803034 157.68997766608563893 5.6635240798341861534 
 149.71936122899106181 179.02331099941898174 5.6635240798341861534 
 119.54947189836501309 179.02331099941898174 5.6635240798341861534 
 134.63441656367803034 200.35664433275232454 5.6635240798341861534 
 104.46452723305201005 200.35664433275232454 5.6635240798341861534 
 119.54947189836501309 221.68997766608566735 5.6635240798341861534 
 89.379582567738992793 221.68997766608566735 5.6635240798341861534 
 164.80430589430406485 72.356644332752324544 5.6635240798341861534 
 149.71936122899103339 51.023310999418995948 5.6635240798341861534 
 179.88925055961706789 93.689977666085667352 5.6635240798341861534 
 194.97419522493007094 115.02331099941901016 5.6635240798341861534 
 179.88925055961706789 136.35664433275232454 5.6635240798341861534 
 194.97419522493007094 157.68997766608563893 5.6635240798341861534 
 179.88925055961706789 179.02331099941898174 5.6635240798341861534 
 164.80430589430406485 200.35664433275232454 5.6635240798341861534 
 149.71936122899103339 221.68997766608566735 5.6635240798341861534 
 210.0591398902431024 136.35664433275232454 5.6635240798341861534 
