 66.232433950169777859 131.49095645455724934 5.6635240798341861534 
 108.89910061683644926 88.824289787890592152 5.6635240798341861534 
 108.89910061683644926 110.15762312122393496 5.6635240798341861534 
 87.565767283503120666 110.15762312122393496 5.6635240798341861534 
 87.565767283503120666 131.49095645455724934 5.6635240798341861534 
 108.89910061683644926 131.49095645455724934 5.6635240798341861534 
 108.89910061683644926 152.82428978789059215 5.6635240798341861534 
 87.565767283503120666 152.82428978789059215 5.6635240798341861534 
 108.89910061683644926 174.15762312122393496 5.6635240798341861534 
 130.23243395016976365 67.490956454557263555 5.6635240798341861534 
 130.23243395016976365 88.824289787890592152 5.6635240798341861534 
 151.56576728350310646 88.824289787890592152 5.6635240798341861534 
 151.56576728350310646 110.15762312122393496 5.6635240798341861534 
 130.23243395016976365 110.15762312122393496 5.6635240798341861534 
 130.23243395016976365 131.49095645455724934 5.6635240798341861534 
 151.56576728350310646 131.49095645455724934 5.6635240798341861534 
 151.56576728350310646 152.82428978789059215 5.6635240798341861534 
 130.23243395016976365 152.82428978789059215 5.6635240798341861534 
 130.23243395016976365 174.15762312122393496 5.6635240798341861534 
 151.56576728350310646 174.15762312122393496 5.6635240798341861534 
 130.23243395016976365 195.49095645455727777 5.6635240798341861534 
 172.89910061683644926 110.15762312122393496 5.6635240798341861534 
 172.89910061683644926 131.49095645455724934 5.6635240798341861534 
 194.23243395016979207 131.49095645455724934 5.6635240798341861534 
 172.89910061683644926 152.82428978789059215 5.6635240798341861534 
 66.232433950169777859 88.824289787890592152 5.6635240798341861534 
 66.232433950169777859 110.15762312122393496 5.6635240798341861534 
 44.899100616836449262 110.15762312122393496 5.6635240798341861534 
 44.899100616836449262 131.49095645455724934 5.6635240798341861534 
 66.232433950169777859 152.82428978789059215 5.6635240798341861534 
 44.899100616836449262 152.82428978789059215 5.6635240798341861534 
 66.232433950169777859 174.15762312122393496 5.6635240798341861534 
 108.89910061683644926 46.157623121223927853 5.6635240798341861534 
 108.89910061683644926 67.490956454557263555 5.6635240798341861534 
 87.565767283503120666 67.490956454557263555 5.6635240798341861534 
 87.565767283503120666 88.824289787890592152 5.6635240798341861534 
 87.565767283503120666 174.15762312122393496 5.6635240798341861534 
 108.89910061683644926 195.49095645455727777 5.6635240798341861534 
 87.565767283503120666 195.49095645455727777 5.6635240798341861534 
 108.89910061683644926 216.82428978789062057 5.6635240798341861534 
 130.23243395016976365 46.157623121223927853 5.6635240798341861534 
 151.56576728350310646 46.157623121223927853 5.6635240798341861534 
 151.56576728350310646 67.490956454557263555 5.6635240798341861534 
 151.56576728350310646 195.49095645455727777 5.6635240798341861534 
 130.23243395016976365 216.82428978789062057 5.6635240798341861534 
 151.56576728350310646 216.82428978789062057 5.6635240798341861534 
 172.89910061683644926 67.490956454557263555 5.6635240798341861534 
 172.89910061683644926 88.824289787890592152 5.6635240798341861534 
 194.23243395016979207 88.824289787890592152 5.6635240798341861534 
 194.23243395016979207 110.15762312122393496 5.6635240798341861534 
 194.23243395016979207 152.82428978789059215 5.6635240798341861534 
 172.89910061683644926 174.15762312122393496 5.6635240798341861534 
 194.23243395016979207 174.15762312122393496 5.6635240798341861534 
 172.89910061683644926 195.49095645455727777 5.6635240798341861534 
 215.56576728350313488 110.15762312122393496 5.6635240798341861534 
 215.56576728350313488 131.49095645455724934 5.6635240798341861534 
 215.56576728350313488 152.82428978789059215 5.6635240798341861534 
 66.232433950169777859 67.490956454557263555 5.6635240798341861534 
 44.899100616836449262 88.824289787890592152 5.6635240798341861534 
 44.899100616836449262 174.15762312122393496 5.6635240798341861534 
 66.232433950169777859 195.49095645455727777 5.6635240798341861534 
 87.565767283503120666 46.157623121223927853 5.6635240798341861534 
 87.565767283503120666 216.82428978789062057 5.6635240798341861534 
 172.89910061683644926 46.157623121223927853 5.6635240798341861534 
 194.23243395016979207 67.490956454557263555 5.6635240798341861534 
 194.23243395016979207 195.49095645455727777 5.6635240798341861534 
 172.89910061683644926 216.82428978789062057 5.6635240798341861534 
 215.56576728350313488 88.824289787890592152 5.6635240798341861534 
 215.56576728350313488 174.15762312122393496 5.6635240798341861534 
