 14.579940466367542484 62.400723549876303764 6.6603043178850027672 
 65.805534342328357411 30.398695281913671096 6.6603043178850027672 
 43.187267871792826668 57.513681179555284473 6.6603043178850027672 
 78.268217821636000053 17.822060130604221229 6.6603043178850027672 
 31.639401810746257127 72.435186503397488877 6.6603043178850027672 
 104.00270500823152986 4.3463109884302637553 6.6603043178850027672 
 73.189693197711306993 47.147889484416261041 6.6603043178850027672 
 60.622516306707076694 59.998542655571078797 6.6603043178850027672 
 96.396987536571202781 21.490643248485024941 6.6603043178850027672 
 5.5513386061405300964 107.42938293647041803 6.6603043178850027672 
 38.445900812104696342 91.184074157612229783 6.6603043178850027672 
 91.007625559862020737 54.338538669632598044 6.6603043178850027672 
 67.98251813170298874 76.142145720506832163 6.6603043178850027672 
 26.612051353104256179 108.52655923380154945 6.6603043178850027672 
 104.4910227689812956 38.792227005708845411 6.6603043178850027672 
 58.700471099165135058 92.192668642879738172 6.6603043178850027672 
 86.850489356094684013 74.319606841955177856 6.6603043178850027672 
 135.25238071197850331 21.227395879130607881 6.6603043178850027672 
 123.37459786013478436 37.305515199274239535 6.6603043178850027672 
 36.279606214519915852 125.99188403138950321 6.6603043178850027672 
 74.725542702898707148 104.01066985901483974 6.6603043178850027672 
 11.975995420174808004 154.1511161725206307 6.6603043178850027672 
 90.995289092114745699 93.330257506969246606 6.6603043178850027672 
 168.25262200629003928 17.018388584637115457 6.6603043178850027672 
 152.35097843679696439 29.008566342193169874 6.6603043178850027672 
 28.190630472550559205 144.84003363849100765 6.6603043178850027672 
 119.6037659703235505 83.840499837356816215 6.6603043178850027672 
 56.655559017324250703 130.41442173460944787 6.6603043178850027672 
 7.602396294438039881 174.12932423933472137 6.6603043178850027672 
 75.150847632792562081 122.69901559630982035 6.6603043178850027672 
 108.64313568617509986 100.11640088399629178 6.6603043178850027672 
 157.72643812850259337 49.327172219357862559 6.6603043178850027672 
 181.71828837144965973 29.053640156853134613 6.6603043178850027672 
 41.061738828671607848 157.91261651556186507 6.6603043178850027672 
  198.350525980973174 22.62003193665445977 6.6603043178850027672 
 57.251655690718756375 148.76036939789119629 6.6603043178850027672 
 137.80028217175066629 84.521947127667644395 6.6603043178850027672 
 153.3995329404828567 69.495622557324054469 6.6603043178850027672 
 176.69545434624038194  47.1627240190000947 6.6603043178850027672 
 13.564177615395101029 192.07368050573643359 6.6603043178850027672 
 110.02232200703535625 119.90471061639659922 6.6603043178850027672 
 94.154438543703264486 131.27191032916454105 6.6603043178850027672 
 43.002899678093385205 177.21154047313012825 6.6603043178850027672 
 210.50733203730229093 34.118832706682589162 6.6603043178850027672 
 146.04417426145491277 102.19006788735819669 6.6603043178850027672 
 31.875822114507922578 192.91532990839286299 6.6603043178850027672 
 191.43812161709746533 57.784848144858905528 6.6603043178850027672 
 69.94654172325958541 161.54033451834436619 6.6603043178850027672 
 168.74445154215794673 81.477744954428843016 6.6603043178850027672 
 206.98732053943018627 50.106550970435947079 6.6603043178850027672 
 127.11009477556194724   129.36306143121584 6.6603043178850027672 
 61.619109209998853771 177.71821359454867206 6.6603043178850027672 
 99.584113526536015115 150.13430615800794499 6.6603043178850027672 
 163.37976250094328634 98.758755864118100476 6.6603043178850027672 
 143.53262148434828305 120.80709200627561017 6.6603043178850027672 
 87.834600976170406739 164.06292947494603141 6.6603043178850027672 
 36.311700942789869373 210.97508600148429991 6.6603043178850027672 
 199.09786430958212122 74.301866947028742061 6.6603043178850027672 
 187.13456792341966661 85.963042061434364882 6.6603043178850027672 
 222.2512329882524682 58.923097729524783972 6.6603043178850027672 
 130.6187020552671072 147.78168835789503532 6.6603043178850027672 
 116.46172284598551983 158.71290299994609541 6.6603043178850027672 
 74.941408261059365259 189.85393089823566015 6.6603043178850027672 
 177.14773115719586372 110.2116682324743806 6.6603043178850027672 
 217.53522673753565186 75.856642023793241947 6.6603043178850027672 
 53.475954380769643137 214.80925655695622822 6.6603043178850027672 
 92.027732874898134696 182.43421984526545998 6.6603043178850027672 
 158.45902338122886022 132.65037257268085114 6.6603043178850027672 
 193.33285100683946212 103.22196861213360819 6.6603043178850027672 
 69.395337845189104087 206.51603669819641595 6.6603043178850027672 
 175.49321442630429146 127.06203414185831946 6.6603043178850027672 
 145.8940187222564191 159.33126505166660536 6.6603043178850027672 
 230.38379818632665774 88.260086925400216273 6.6603043178850027672 
 122.8780437195977413 176.94906243595366391 6.6603043178850027672 
 55.587001877012156115 232.89055395102974444 6.6603043178850027672 
 161.57798654022897722 150.86598631405425408 6.6603043178850027672 
 109.49075872691909694 189.76215409489185504 6.6603043178850027672 
 208.8005912279794245 113.35796531120806208 6.6603043178850027672 
 81.627085906615420186 219.16630146441730176 6.6603043178850027672 
 247.93072650057609962 82.794570114042656428 6.6603043178850027672 
 225.76011179696155295 105.82647481826791136 6.6603043178850027672 
 72.877335282504617453 235.78586772042189068 6.6603043178850027672 
 142.57349053263834548 177.80311166312503701 6.6603043178850027672 
 189.58050119123217314 138.44923649125246357 6.6603043178850027672 
 99.556689097134523081 219.89019778901632662 6.6603043178850027672 
 207.1446263424000449 132.40644901744272488 6.6603043178850027672 
 114.59441788564507192 207.95423532258737964 6.6603043178850027672 
 180.56809151060889462 154.64395036570323327 6.6603043178850027672 
 240.42313055998573645 115.93721931997258423 6.6603043178850027672 
 83.925759944605175633 249.75793567799610173 6.6603043178850027672 
 99.200352534250484382 238.60298113666908648 6.6603043178850027672 
 158.48165079822683765 190.51302230055247833 6.6603043178850027672 
 133.33263445000363845 215.02358345076100932 6.6603043178850027672 
 222.9147593643009202 143.07799142202512144 6.6603043178850027672 
 189.46872175126219418 170.19993751313532471 6.6603043178850027672 
 238.63058658540663259 133.76753340470457943 6.6603043178850027672 
 178.61670306870396985 186.04917598486107977 6.6603043178850027672 
 153.88855667664302018 209.80651567804116553 6.6603043178850027672 
 114.74511648285155729 244.3297993595191997 6.6603043178850027672 
 129.82619940233024636 233.27947399439079845 6.6603043178850027672 
 225.25461530122692011 161.9849180075204913 6.6603043178850027672 
 209.65672217751460948 173.36922404753892124 6.6603043178850027672 
 255.9319621703940868 139.38230065858073203 6.6603043178850027672 
 193.15011198716388208 198.19530190036712725 6.6603043178850027672 
 141.45786836497049421 246.43804105605403265 6.6603043178850027672 
 170.64289182828755997 221.57322506532528905 6.6603043178850027672 
 211.95811150554408187 191.85609526388398649 6.6603043178850027672 
 188.58290363062567963 215.59080754006612324 6.6603043178850027672 
 243.80457175616234622 167.58837155289765519 6.6603043178850027672 
 158.5036446475488674 249.69430738139780601 6.6603043178850027672 
 173.38967923250510239 240.51183003461784438 6.6603043178850027672 
 253.20092344840713849 183.7733103832053132 6.6603043178850027672 
 228.44833944598832431 203.83532135161303245 6.6603043178850027672 
 203.6625383954165045 226.20541936348163858 6.6603043178850027672 
