 6.0753043787587328595 32.42048368435045802 6.6603043178850027672 
 37.225301586569273127 25.002709589005529978 6.6603043178850027672 
 23.640265328632835917 36.702523357293969752 6.6603043178850027672 
 69.38582826184081398 21.960133270926622373 6.6603043178850027672 
 54.131518740456463945 31.554220406608646243 6.6603043178850027672 
 103.22465039063115455 22.496107064298918488 6.6603043178850027672 
 86.337674786171163532 28.770954941491972079 6.6603043178850027672 
 182.20247093199719757 15.605967142931012503 6.6603043178850027672 
 149.95151017863872767 30.995360470296624555 6.6603043178850027672 
 202.11060494438982005 14.935184959427624918 6.6603043178850027672 
 25.687907232714245254 54.66824221041057541 6.6603043178850027672 
 8.8682079376993439013 61.684271729450664168 6.6603043178850027672 
 168.49859848018954267 29.494789262662560958 6.6603043178850027672 
 116.6834519483206094 36.481152152607663197 6.6603043178850027672 
 56.628803854460649347 49.110518033099197055 6.6603043178850027672 
 134.95183367389316231 42.201958798236447024 6.6603043178850027672 
 88.807882858519349156 45.909190544021740266 6.6603043178850027672 
 42.695739426901468505 60.562400288893023514 6.6603043178850027672 
 1.4129464972814957946 78.363795569179814038 6.6603043178850027672 
 233.29550764703907362 23.68211047993529661 6.6603043178850027672 
 213.84230767750904079 28.981456766148244952 6.6603043178850027672 
 73.760697736190792284 54.410324131461948127 6.6603043178850027672 
 106.26531341122797869 51.453601044959803801 6.6603043178850027672 
 170.96421055776855269 48.844332807111094041 6.6603043178850027672 
 46.54302245958079709 77.969087036091650589 6.6603043178850027672 
 206.38116678232344725 47.667698784555248892 6.6603043178850027672 
 140.28058832268698097 61.881923752941688122 6.6603043178850027672 
 78.486461039876772361 70.823091678289145534 6.6603043178850027672 
 188.80705123785611477 55.020495873567917045 6.6603043178850027672 
 12.590375967349610065 93.41118821805021355 6.6603043178850027672 
 158.72262108250956203 63.850263183990634275 6.6603043178850027672 
 110.98583883609572354 69.271136148326093007 6.6603043178850027672 
 32.50801351896302549 90.809032376060656588 6.6603043178850027672 
 64.94103028157903168 81.649461125869663647 6.6603043178850027672 
 95.39906512814597761 78.208518349283124849 6.6603043178850027672 
 1.1815819949233627995 109.42379367983441796 6.6603043178850027672 
 127.89568824946331915 77.603738821273040571 6.6603043178850027672 
 219.08630083701751801 61.748490669287683374 6.6603043178850027672 
 185.94081453514712621 73.92162404463435621 6.6603043178850027672 
 236.16761890507731891 57.088146873779180623 6.6603043178850027672 
 44.253049620604954839 104.53365492022592775 6.6603043178850027672 
 168.47931650485958244 81.070093687263167226 6.6603043178850027672 
 75.263110046601383374 96.800353226942050355 6.6603043178850027672 
 94.125101150832264807 96.178777418542864552 6.6603043178850027672 
 62.396093495235902537 107.42964986412519579 6.6603043178850027672 
 217.10657289010768523 79.945797769265467991 6.6603043178850027672 
 199.79775186306784462 84.791201425206480735 6.6603043178850027672 
 7.451329837818661872 126.8639297563149313 6.6603043178850027672 
 39.222576369024032772 120.79190193668803488 6.6603043178850027672 
 128.38929281760050571 98.331925181024260496 6.6603043178850027672 
 24.872902248396805192 129.67118347156889513 6.6603043178850027672 
 109.64838845834863434 107.21737822206421242 6.6603043178850027672 
 164.99947372376203703 100.71035618919279386 6.6603043178850027672 
 68.027906155807059463 123.94544102614813141 6.6603043178850027672 
 1.1421746639000047718 144.52754517393526612 6.6603043178850027672 
 228.94203036603488499 95.082048814440042861 6.6603043178850027672 
 198.09989888294629168 102.45197270055112426 6.6603043178850027672 
 146.07981692961226372 109.81246410042504635 6.6603043178850027672 
 248.39215071041024885 88.360246582891392109 6.6603043178850027672 
 52.929552474375455517 132.02465422249642302 6.6603043178850027672 
 182.03614889246009056 111.71110977908158191 6.6603043178850027672 
 102.31825475791622182 125.45783864386369544 6.6603043178850027672 
 84.152918233510547452 130.49635622021861536 6.6603043178850027672 
 30.431485038489519468 146.66292638127049486 6.6603043178850027672 
 215.35131072041909306 110.30759334453644271 6.6603043178850027672 
 16.242339312304487464 156.77582085185318306 6.6603043178850027672 
 48.606441336273938703 148.60434332570798688 6.6603043178850027672 
 145.71950263328398023 129.77165649119035606 6.6603043178850027672 
 80.827604257200235338 148.68763479439371622 6.6603043178850027672 
 190.00526739069042037 129.95833485607676039 6.6603043178850027672 
 110.59234221112585317 142.00646147930061147 6.6603043178850027672 
 209.43548725290446555 128.84369963092018452 6.6603043178850027672 
 64.308555977454830099 157.35488198244098612 6.6603043178850027672 
 129.29016934659168214 142.05014499428526165 6.6603043178850027672 
 24.569829584658759103 172.96094324336291947 6.6603043178850027672 
 238.95603382781922619 134.92956685238200976 6.6603043178850027672 
 161.15432653521529005 143.78966289277548185 6.6603043178850027672 
 96.81559022886136745 157.12129762438445368 6.6603043178850027672 
 12.280965966292114899 186.02488625395631061 6.6603043178850027672 
 181.02941939568580665 146.35556948422774326 6.6603043178850027672 
 221.32589903693786937 143.54459548617927567 6.6603043178850027672 
 60.696907902993757489 175.05073526710413034 6.6603043178850027672 
 42.652042803411440275 179.83906437913009313 6.6603043178850027672 
 133.9005847193192551 159.80688803696662603 6.6603043178850027672 
 152.49758756584546404 159.9757679623745048 6.6603043178850027672 
 254.37395547347483671 144.61797561784482014 6.6603043178850027672 
 93.006466171416846578 175.64245666612532659 6.6603043178850027672 
 212.62615456115472057 161.3713675728229191 6.6603043178850027672 
 22.469269623062654517 200.91192683717059708 6.6603043178850027672 
 193.20056452123418467 163.28170956230511024 6.6603043178850027672 
 75.564039183349848372 185.59846781686556483 6.6603043178850027672 
 40.454712870875901842 198.11545616247900625 6.6603043178850027672 
 125.93221734896614805 177.49082687463572938 6.6603043178850027672 
 252.67931506937102881 164.04096307772016416 6.6603043178850027672 
 108.44399079138990771 185.52716867946224966 6.6603043178850027672 
 157.10169880794745723 177.39098543243639483 6.6603043178850027672 
 222.69542446538508784 178.1064260406249673 6.6603043178850027672 
 141.80099116506102064 187.23772343515165062 6.6603043178850027672 
 188.4716030762384662 182.33186101773748078 6.6603043178850027672 
 71.162046413044180326 204.53556533255471095 6.6603043178850027672 
 52.903541526239187931 211.75700678277544853 6.6603043178850027672 
 241.19573450199260378 178.90800251901694651 6.6603043178850027672 
 171.33191506706870655 188.51964637476734765 6.6603043178850027672 
 103.25569649824591067 203.38531565637117637 6.6603043178850027672 
 25.302899399123610635 231.47358886519410248 6.6603043178850027672 
 86.872396431451377907 213.80001811604560658 6.6603043178850027672 
 43.712145777054480789 229.22070411010537327 6.6603043178850027672 
 216.52465403817313927 195.81172850180982437 6.6603043178850027672 
 198.79874308106164449 198.19994847140566208 6.6603043178850027672 
 147.27058192824927119 204.40871243882125441 6.6603043178850027672 
 116.20329073479481963 215.2879314788420686 6.6603043178850027672 
 165.77762862762605778 206.52621648512825914 6.6603043178850027672 
 248.20073744858478904 196.62778530211070915 6.6603043178850027672 
 134.13649115694789771 216.06548413419619692 6.6603043178850027672 
 90.972010620400467928 232.51933307607060897 6.6603043178850027672 
 48.241298922327857213 246.93826423950568483 6.6603043178850027672 
 223.97867797575196391 213.45161365506731954 6.6603043178850027672 
 195.23736023843838439 217.2010862472576207 6.6603043178850027672 
 108.99086279809962718 232.00231810361228213 6.6603043178850027672 
 241.79403190705994575 213.96245112716505332 6.6603043178850027672 
 177.2370855176074258 221.60390662857724919 6.6603043178850027672 
 138.40436332772372907 233.1368088170558508 6.6603043178850027672 
 65.510910590343883086 253.33165742841975998 6.6603043178850027672 
 83.529866346999455118 249.75324506112511358 6.6603043178850027672 
 122.5170738824627108 243.15490008257907562 6.6603043178850027672 
 211.8670929038311499 227.78843798059079973 6.6603043178850027672 
 153.56990700818826667 242.72852301912433859 6.6603043178850027672 
 172.56094338747345773 239.91054069883458055 6.6603043178850027672 
