 34.536414987862009696 51.321546849042306349 5.6111344065485546651 
 19.098783351271663378 78.060309192149460955 5.6111344065485546651 
 71.486832215998049378 72.654880182375634945 5.6111344065485546651 
 56.049200579407717271 99.393642525482789551 5.6111344065485546651 
 66.575126757838290814 38.49553692105502023 5.6111344065485546651 
 91.836169310748132943 80.075461100589080843 5.6111344065485546651 
 76.398537674157807942 106.81422344369623545 5.6111344065485546651 
 51.137495121247951602 65.234299264162174836 5.6111344065485546651 
 3.6611517146813392642 104.79907153525660135 5.6111344065485546651 
 40.611568942817378058 126.13240486858991574 5.6111344065485546651 
 25.173937306227035293 152.87116721169707034 5.6111344065485546651 
  35.6998634846576266 91.973061607269329443 5.6111344065485546651 
 60.960906037567454518 133.55298578680339006 5.6111344065485546651 
 45.523274400977129517 160.29174812991053045 5.6111344065485546651 
 20.262231848067283835 118.71182395037648405 5.6111344065485546651 
 49.974046624452334697 24.582784505935187269 5.6111344065485546651 
 102.36209548917869938 19.17735549616137547 5.6111344065485546651 
 86.92446385258837438 45.916117839268501655 5.6111344065485546651 
 4.8246002114769392932 145.45058629348361023 5.6111344065485546651 
 122.71143258392881137 26.597936414374792946 5.6111344065485546651 
 107.27380094733845795 53.336698757481968869 5.6111344065485546651 
 82.012758394428615816 11.756774577947899374 5.6111344065485546651 
 108.43724944413411038 93.988213515708977752 5.6111344065485546651 
 92.999617807543771164 120.72697585881610394 5.6111344065485546651 
 145.38766667227014295 115.32154684904229214 5.6111344065485546651 
 129.95003503567983216 142.06030919214944674 5.6111344065485546651 
 140.47596121411041281 81.162203587721691633 5.6111344065485546651 
 165.73700376702024073 122.74212776725575225 5.6111344065485546651 
 150.29937213042990152 149.48089011036290685 5.6111344065485546651 
 125.0383295775200736 107.90096593082883203 5.6111344065485546651 
 77.561986170953446162 147.46573820192327275 5.6111344065485546651 
 62.124354534363092739 174.20450054503041315 5.6111344065485546651 
 114.51240339908949295 168.79907153525658714 5.6111344065485546651 
 99.074771762499139527 195.53783387836375596 5.6111344065485546651 
 109.60069794092973439 134.63972827393598664 5.6111344065485546651 
 134.8617404938395623 176.21965245347007567 5.6111344065485546651 
 119.4241088572492373 202.95841479657718764 5.6111344065485546651 
 94.163066304339409385 161.37849061704315545 5.6111344065485546651 
 139.31251271731474617 40.510688829494718277 5.6111344065485546651 
 123.87488108072443538 67.249451172601837357 5.6111344065485546651 
 176.26292994545079296 61.844022162828039768 5.6111344065485546651 
 160.82529830886048217 88.582784505935165953 5.6111344065485546651 
 78.725434667749055961 188.11725296015029585 5.6111344065485546651 
 196.61226704020094758 69.264603081041457244 5.6111344065485546651 
 181.17463540361057994 96.003365424148640273 5.6111344065485546651 
 155.91359285070075202 54.423441244614572554 5.6111344065485546651 
 182.33808390040618974 136.65488018237562073 5.6111344065485546651 
 166.90045226381587895 163.39364252548276113 5.6111344065485546651 
 219.28850112854226495 157.98821351570896354 5.6111344065485546651 
 203.85086949195195416 184.72697585881610394 5.6111344065485546651 
 214.37679567038250639 123.82887025438834883 5.6111344065485546651 
 239.63783822329233431 165.40879443392239523 5.6111344065485546651 
 224.20020658670205194 192.14755677702956405 5.6111344065485546651 
 198.93916403379216717 150.56763259749550343 5.6111344065485546651 
 151.46282062722553974 190.13240486858992995 5.6111344065485546651 
 136.02518899063520053 216.87116721169704192 5.6111344065485546651 
 188.41323785536161495 211.46573820192324433 5.6111344065485546651 
 172.97560621877127573 238.20450054503044157 5.6111344065485546651 
 183.50153239720185638 177.30639494060264383 5.6111344065485546651 
 208.7625749501116843 218.88631912013670444 5.6111344065485546651 
 193.32494331352131667 245.62508146324387326 5.6111344065485546651 
 168.06390076061151717 204.04515728370978422 5.6111344065485546651 
 213.21334717358683974 83.177355496161368364 5.6111344065485546651 
 197.77571553699655738 109.91611783926850876 5.6111344065485546651 
 250.16376440172291495 104.51068882949471117 5.6111344065485546651 
 234.72613276513263258 131.24945117260185157 5.6111344065485546651 
 152.62626912402114954 230.78391962681695304 5.6111344065485546651 
 255.07546985988270194 138.67003209081528325 5.6111344065485546651 
 229.81442730697287402 97.090107911281236852 5.6111344065485546651 
