 125.67538993389719337 83.810599307570399219 5.6111344065485546651 
 95.852175744857632367 91.80170546522394659 5.6111344065485546651 
 136.71833585827141633 125.02343456257062826 5.6111344065485546651 
 106.89512166923185532 133.01454072022420405 5.6111344065485546651 
 157.39953888257448966 97.396031064956119394 5.6111344065485546651 
 145.86034702300793242 144.65973190253163239 5.6111344065485546651 
 116.0371328339683572 152.65083806018517976 5.6111344065485546651 
 127.57632469353491445 105.38713722260968098 5.6111344065485546651 
 66.02896155581805715 99.792811622877508171 5.6111344065485546651 
 36.205747366778467722 107.78391778053105554 5.6111344065485546651 
 77.071907480192265893  141.005646877877723 5.6111344065485546651 
 47.248693291152683571 148.99675303553129879 5.6111344065485546651 
 97.753110504495325017 113.37824338026321414 5.6111344065485546651 
 86.213918644928767776 160.64194421783875555 5.6111344065485546651 
 56.390704455889220981 168.63305037549230292 5.6111344065485546651 
 67.929896315455735589 121.36934953791677572 5.6111344065485546651 
 185.32181831197630117 67.828386992263304478 5.6111344065485546651 
 155.49860412293674017 75.819493149916851849 5.6111344065485546651 
 196.36476423635050992 109.04122224726354773 5.6111344065485546651 
 166.54155004731097733 117.0323284049170951 5.6111344065485546651 
 38.106682126416195899 129.36045569557032309 5.6111344065485546651 
 205.50677540108705443 128.67751958722453764 5.6111344065485546651 
 175.68356121204746501 136.66862574487808502 5.6111344065485546651 
 187.22275307161405067 89.404924907302557813 5.6111344065485546651 
 147.76128178264562507 166.23626981757089993 5.6111344065485546651 
 117.93806759360606407 174.2273759752244473 5.6111344065485546651 
 158.80422770701983382 207.44910507257111476 5.6111344065485546651 
 128.98101351798027281 215.44021123022471897 5.6111344065485546651 
 179.48543073132290715 179.82170157495664853 5.6111344065485546651 
 167.94623887175637833 227.08540241253209047 5.6111344065485546651 
 138.1230246827167889 235.07650857018569468 5.6111344065485546651 
 149.66221654228334614 187.8128077326101959 5.6111344065485546651 
 88.114853404566488848 182.21848213287799467 5.6111344065485546651 
 58.291639215526913631 190.20958829053157046 5.6111344065485546651 
 99.157799328940711803 223.4313173878782095 5.6111344065485546651 
 69.334585139901122375 231.42242354553178529 5.6111344065485546651 
 119.83900235324375672 195.80391389026374327 5.6111344065485546651 
 108.29981049367719947 243.06761472783921363 5.6111344065485546651 
 78.476596304637652679  251.058720885492761 5.6111344065485546651 
 90.015788164204181498 203.79502004791731906 5.6111344065485546651 
 207.40771016072474708 150.25405750226380519 5.6111344065485546651 
 177.5844959716852145 158.24516365991735256 5.6111344065485546651 
 218.45065608509895583 191.46689275726404844 5.6111344065485546651 
 188.62744189605942324 199.45799891491759581 5.6111344065485546651 
 60.192573975164634703 211.78612620557080959 5.6111344065485546651 
 227.59266724983547192 211.10319009722502415 5.6111344065485546651 
 197.76945306079591091 219.09429625487859994 5.6111344065485546651 
 209.30864492036246816 171.83059541730307274 5.6111344065485546651 
 169.84717363139407098 248.66194032757141485 5.6111344065485546651 
 140.02395944235450997 256.6530464852249338 5.6111344065485546651 
 114.63244400952298463 42.597764052570170179 5.6111344065485546651 
 84.809229820483423623 50.588870210223724655 5.6111344065485546651 
 135.31364703382604375 14.970360554955636445 5.6111344065485546651 
 123.77445517425948651 62.234061392531131673 5.6111344065485546651 
 93.951240985219897084 70.225167550184693255 5.6111344065485546651 
 105.49043284478646854 22.96146671260917671 5.6111344065485546651 
 54.986015631443848406 58.579976367877279131 5.6111344065485546651 
 25.162801442404255425 66.571082525530840712 5.6111344065485546651 
 75.667218655746893319 30.952572870262738292 5.6111344065485546651 
 64.128026796180336078 78.216273707838240625 5.6111344065485546651 
 34.304812607140796388 86.207379865491787996 5.6111344065485546651 
 45.844004466707310996 38.94367902791629632 5.6111344065485546651 
 229.49360200947316457 232.67972801226434854 5.6111344065485546651 
 199.67038782043363199 240.67083416991783906 5.6111344065485546651 
 174.27887238760209243 26.615551737263071885 5.6111344065485546651 
 144.45565819856253142 34.606657894916629914 5.6111344065485546651 
 16.020790277667778412 46.934785185569843691 5.6111344065485546651 
 183.42088355233863695 46.251849077224036932 5.6111344065485546651 
 153.59766936329904752 54.242955234877591408 5.6111344065485546651 
 165.13686122286560476 6.9792543973020944037 5.6111344065485546651 
