 83.465233595442001047 11.122474917527920724 6.2626274733286360075 
 100.53164986892136312 11.122330352953845534 6.2626274733286360075 
 74.931900262108669608 25.902641808782345123 6.2626274733286360075 
 57.86523359544199252 55.462975591291190369 6.2626274733286360075 
 83.464983202254700245 40.682664135462673016 6.2626274733286360075 
 74.931649868921368807 55.462831026717104521 6.2626274733286360075 
 49.331900262108661082 70.243142482545607663 6.2626274733286360075 
 32.265233595441991099 99.803476265054470673 6.2626274733286360075 
 57.864983202254713035 85.023164809225932004 6.2626274733286360075 
 49.331649868921367386 99.803331700480370614 6.2626274733286360075 
 23.73190026210865966 114.58364315630886665 6.2626274733286360075 
 6.6652335954419994479 144.14397693881772966 6.2626274733286360075 
 32.264983202254718719 129.3636654829892052 6.2626274733286360075 
 23.731649868921365965 144.1438323742436296 6.2626274733286360075 
 6.6649832022547270682 173.7041661567524784 6.2626274733286360075 
 109.06473280906742218 25.902352679634173427 6.2626274733286360075 
 134.66448241588014412 11.122041223805675614 6.2626274733286360075 
 126.13114908254681268 25.902208115060098237 6.2626274733286360075 
 100.53139947573409074 40.682519570888601379 6.2626274733286360075 
 83.464732809067427866 70.242853353397450178 6.2626274733286360075 
 109.0644824158801498 55.462541897568932825 6.2626274733286360075 
 100.53114908254681836 70.24270878882336433 6.2626274733286360075 
 74.931399475734096427 85.023020244651860367 6.2626274733286360075 
 57.864732809067426444 114.58335402716072338 6.2626274733286360075 
 83.464482415880141275 99.803042571332198918 6.2626274733286360075 
 74.931149082546809836 114.58320946258662332 6.2626274733286360075 
 49.331399475734095006 129.36352091841513356 6.2626274733286360075 
 32.264732809067425023 158.92385470092398236 6.2626274733286360075 
 57.864482415880146959 144.14354324509545791 6.2626274733286360075 
 49.331149082546815521 158.9237101363498823 6.2626274733286360075 
 23.731399475734093585 173.70402159217837834 6.2626274733286360075 
 6.6647328090674546885 203.26435537468722714 6.2626274733286360075 
 32.264482415880152644 188.4840439188587311 6.2626274733286360075 
 23.731149082546821205 203.2642108101131555 6.2626274733286360075 
 151.7308986893595204 11.121896659231579108 6.2626274733286360075 
 134.66423202269285753 40.682230441740429683 6.2626274733286360075 
 160.26398162950556525 25.901918985911905224 6.2626274733286360075 
 151.73064829617223381 40.68208587716635094 6.2626274733286360075 
 126.13089868935951188 55.462397332994854082 6.2626274733286360075 
  109.064232022692849 85.022731115503702881 6.2626274733286360075 
 134.66398162950554251 70.242419659675192634 6.2626274733286360075 
 126.13064829617222529 85.022586550929617033 6.2626274733286360075 
 100.53089868935953177 99.802898006758127281 6.2626274733286360075 
 83.464232022692854684 129.36323178926696187 6.2626274733286360075 
 109.06398162950556241 114.58292033343845162 6.2626274733286360075 
 100.53064829617223097 129.36308722469286181 6.2626274733286360075 
 74.930898689359523246 144.14339868052138627 6.2626274733286360075 
 57.864232022692853263 173.70373246303023507 6.2626274733286360075 
 83.463981629505568094 158.92342100720171061 6.2626274733286360075 
 74.930648296172236655 173.70358789845613501 6.2626274733286360075 
 49.330898689359521825 188.48389935428465947 6.2626274733286360075 
 32.264232022692858948 218.04423313679347984 6.2626274733286360075 
 57.863981629505580884 203.26392168096498381 6.2626274733286360075 
 49.330648296172249445 218.04408857221937978 6.2626274733286360075 
 177.33039790298494154 25.901774421337830034 6.2626274733286360075 
 160.26373123631830708 55.462108203846682386 6.2626274733286360075 
 185.86348084313098639 40.681796748018172138 6.2626274733286360075 
 177.33014750979765495 55.461963639272603643 6.2626274733286360075 
 151.73039790298497564 70.242275095101106785 6.2626274733286360075 
 134.66373123631828435 99.802608877609955584 6.2626274733286360075 
 160.26348084313099207 85.022297421781445337 6.2626274733286360075 
 151.73014750979766063 99.802464313035869736 6.2626274733286360075 
 126.13039790298495291 114.58277576886437998 6.2626274733286360075 
 109.06373123631829003 144.14310955137321457 6.2626274733286360075 
 134.66348084313099775 129.36279809554469011 6.2626274733286360075 
 126.13014750979768053 144.14296498679911451 6.2626274733286360075 
 100.53039790298495859 158.92327644262763897 6.2626274733286360075 
 83.463731236318295714 188.48361022513648777 6.2626274733286360075 
 109.06348084313101765 173.70329876930796331 6.2626274733286360075 
  100.530147509797672 188.48346566056238771 6.2626274733286360075 
 74.930397902984964276 203.26377711639091217 6.2626274733286360075 
 57.863731236318308504 232.82411089889970413 6.2626274733286360075 
 83.463480843131009124 218.04379944307123651 6.2626274733286360075 
 74.930147509797691896 232.82396633432560407 6.2626274733286360075 
 202.92989711661039109 40.68165218344408629 6.2626274733286360075 
 185.86323044994372822 70.241985965952935089 6.2626274733286360075 
 211.46298005675643594 55.461674510124424842 6.2626274733286360075 
 202.9296467234231045 70.241841401378863452 6.2626274733286360075 
 177.32989711661039678 85.022152857207359489 6.2626274733286360075 
 160.2632304499437339 114.58248663971620829 6.2626274733286360075 
 185.86298005675641321 99.802175183887683829 6.2626274733286360075 
 177.32964672342311019 114.58234207514212244 6.2626274733286360075 
 151.72989711661040246 129.36265353097061848 6.2626274733286360075 
 134.66323044994371116 158.92298731347946728 6.2626274733286360075 
 160.26298005675644731 144.14267585765094282 6.2626274733286360075 
 151.72964672342308745 158.92284274890536722 6.2626274733286360075 
 126.12989711661037973 173.70315420473389167 6.2626274733286360075 
 109.06323044994373106 203.26348798724274047 6.2626274733286360075 
  134.662980056756453 188.48317653141421602 6.2626274733286360075 
 126.12964672342309314 203.26334342266864041 6.2626274733286360075 
 100.52989711661039962 218.04365487849713645 6.2626274733286360075 
 83.463230449943736744 247.60398866100598525 6.2626274733286360075 
 109.06298005675643026 232.82367720517748921 6.2626274733286360075 
 100.52964672342309882 247.60384409643188519 6.2626274733286360075 
 228.52939633023584065 55.461529945550338994 6.2626274733286360075 
 211.46272966356917777 85.021863728059187792 6.2626274733286360075 
 237.06247927038185708 70.241552272230663334 6.2626274733286360075 
 228.52914593704852564 85.021719163485116155 6.2626274733286360075 
 202.92939633023578949 99.802030619313612192 6.2626274733286360075 
 185.86272966356912661 129.36236440182244678 6.2626274733286360075 
 211.46247927038186276 114.58205294599393653 6.2626274733286360075 
 202.92914593704853132 129.36221983724837514 6.2626274733286360075 
 177.32939633023579518 144.14253129307687118 6.2626274733286360075 
 160.2627296635691323 173.70286507558571998 6.2626274733286360075 
 185.86247927038186845 158.92255361975719552 6.2626274733286360075 
 177.32914593704853701 173.70272051101161992 6.2626274733286360075 
 151.72939633023580086 188.48303196684014438 6.2626274733286360075 
 134.66272966356913798 218.04336574934899318 6.2626274733286360075 
 160.26247927038187413 203.26305429352046872 6.2626274733286360075 
 151.72914593704851427 218.04322118477492154 6.2626274733286360075 
 126.12939633023582076 232.82353264060341758 6.2626274733286360075 
 134.66247927038187981 247.60355496728374192 6.2626274733286360075 
 254.12889554386123336 70.241407707656591697 6.2626274733286360075 
 237.06222887719457049 99.801741490165440496 6.2626274733286360075 
 254.12864515067400362 99.801596925591383069 6.2626274733286360075 
 228.52889554386129589 114.5819083814198649 6.2626274733286360075 
 211.46222887719457617 144.14224216392869948 6.2626274733286360075 
 237.06197848400734074 129.36193070810020345 6.2626274733286360075 
 228.52864515067398088 144.14209759935465627 6.2626274733286360075 
 202.92889554386124473 158.92240905518312388 6.2626274733286360075 
 185.86222887719458186 188.48274283769197268 6.2626274733286360075 
  211.461978484007318 173.70243138186344822 6.2626274733286360075 
 202.92864515067398656 188.48259827311790104 6.2626274733286360075 
 177.32889554386125042 203.26290972894639708 6.2626274733286360075 
 160.26222887719458754 232.82324351145524588 6.2626274733286360075 
 185.86197848400735211 218.04293205562672142 6.2626274733286360075 
 177.32864515067399225 232.82309894688120266 6.2626274733286360075 
 151.7288955438612561 247.60341040270967028 6.2626274733286360075 
 254.1283947574866886 129.36178614352610339 6.2626274733286360075 
 237.06172809082002573 158.92211992603495219 6.2626274733286360075 
 57.865483988629293322 25.902786373356441629 6.2626274733286360075 
 49.332150655295968988 40.682953264610866029 6.2626274733286360075 
 228.52839475748666587 173.70228681728937659 6.2626274733286360075 
 211.46172809082000299 203.26262059979822538 6.2626274733286360075 
 32.265483988629306111 70.243287047119707722 6.2626274733286360075 
 23.732150655295974673 85.023453938374132122 6.2626274733286360075 
 202.92839475748669997 218.04278749105264978 6.2626274733286360075 
 185.8617280908200371 247.60312127356149858 6.2626274733286360075 
 6.665483988629313572 114.58378772088296671 6.2626274733286360075 
