 234.86419526951618764 26.643337802326328756 6.2626274733286360075 
 200.73086193618283346 26.643337802326328756 6.2626274733286360075 
 226.3308619361828562 41.423215564432581459 6.2626274733286360075 
 209.2641952695161649 41.42321556443259567 6.2626274733286360075 
 183.66419526951617058 26.643337802326328756 6.2626274733286360075 
 149.53086193618284483 26.643337802326328756 6.2626274733286360075 
 175.13086193618283914 41.42321556443259567 6.2626274733286360075 
 158.06419526951617627 41.42321556443259567 6.2626274733286360075 
 132.46419526951618195 26.643337802326328756 6.2626274733286360075 
 98.330861936182841987 26.643337802326328756 6.2626274733286360075 
 123.93086193618285051 41.42321556443259567 6.2626274733286360075 
 106.86419526951615921 41.42321556443259567 6.2626274733286360075 
 81.26419526951617911 26.643337802326328756 6.2626274733286360075 
 47.130861936182817828 26.643337802326328756 6.2626274733286360075 
 72.73086193618283346 41.42321556443259567 6.2626274733286360075 
 55.664195269516149267 41.42321556443259567 6.2626274733286360075 
 30.064195269516169162 26.643337802326328756 6.2626274733286360075 
 251.93086193618285051 26.643337802326328756 6.2626274733286360075 
 21.530861936182841276 41.423215564432602775 6.2626274733286360075 
 4.4641952695161783993 41.423215564432602775 6.2626274733286360075 
 234.86419526951618764 56.203093326538848373 6.2626274733286360075 
 200.73086193618286188 56.203093326538855479 6.2626274733286360075 
 226.3308619361828562 70.982971088645101077 6.2626274733286360075 
 209.2641952695161649 70.982971088645115287 6.2626274733286360075 
 183.66419526951617058 56.203093326538855479 6.2626274733286360075 
 149.53086193618284483 56.203093326538855479 6.2626274733286360075 
 175.13086193618283914 70.982971088645115287 6.2626274733286360075 
 158.06419526951617627 70.982971088645115287 6.2626274733286360075 
 132.46419526951618195 56.203093326538855479 6.2626274733286360075 
 98.330861936182841987 56.203093326538855479 6.2626274733286360075 
 123.93086193618285051 70.982971088645115287 6.2626274733286360075 
 106.86419526951615921 70.982971088645115287 6.2626274733286360075 
 81.26419526951617911 56.203093326538855479 6.2626274733286360075 
 47.130861936182832039 56.203093326538855479 6.2626274733286360075 
 72.730861936182847671 70.982971088645115287 6.2626274733286360075 
 55.664195269516163478 70.982971088645115287 6.2626274733286360075 
 30.064195269516169162 56.20309332653886969 6.2626274733286360075 
 251.93086193618285051 56.203093326538848373 6.2626274733286360075 
 21.530861936182841276 70.982971088645115287 6.2626274733286360075 
 4.4641952695161783993 70.982971088645115287 6.2626274733286360075 
 234.86419526951618764 85.762848850751367991 6.2626274733286360075 
 200.73086193618286188 85.762848850751367991 6.2626274733286360075 
 226.3308619361828562 100.54272661285762069 6.2626274733286360075 
 209.2641952695161649 100.54272661285762069 6.2626274733286360075 
 183.66419526951617058 85.762848850751367991 6.2626274733286360075 
 149.53086193618284483 85.762848850751367991 6.2626274733286360075 
 175.13086193618283914 100.54272661285762069 6.2626274733286360075 
 158.06419526951617627 100.54272661285762069 6.2626274733286360075 
 132.46419526951618195 85.762848850751367991 6.2626274733286360075 
 98.330861936182841987 85.762848850751367991 6.2626274733286360075 
 123.93086193618285051 100.54272661285762069 6.2626274733286360075 
 106.86419526951615921 100.54272661285762069 6.2626274733286360075 
 81.26419526951617911 85.762848850751367991 6.2626274733286360075 
 47.130861936182832039 85.762848850751367991 6.2626274733286360075 
 72.730861936182847671 100.54272661285762069 6.2626274733286360075 
 55.664195269516163478 100.54272661285762069 6.2626274733286360075 
 30.064195269516169162 85.762848850751367991 6.2626274733286360075 
 251.93086193618285051 85.762848850751367991 6.2626274733286360075 
 21.530861936182841276 100.54272661285762069 6.2626274733286360075 
 4.4641952695161783993 100.54272661285762069 6.2626274733286360075 
 234.86419526951618764 115.3226043749638734 6.2626274733286360075 
 200.73086193618286188 115.3226043749638734 6.2626274733286360075 
 226.3308619361828562 130.10248213707015452 6.2626274733286360075 
 209.2641952695161649 130.10248213707015452 6.2626274733286360075 
 183.66419526951617058 115.3226043749638734 6.2626274733286360075 
 149.53086193618284483 115.3226043749638734 6.2626274733286360075 
 175.13086193618283914 130.10248213707015452 6.2626274733286360075 
 158.06419526951617627 130.10248213707015452 6.2626274733286360075 
 132.46419526951618195 115.3226043749638734 6.2626274733286360075 
 98.330861936182841987 115.3226043749638734 6.2626274733286360075 
 123.93086193618285051 130.10248213707015452 6.2626274733286360075 
 106.86419526951615921 130.10248213707015452 6.2626274733286360075 
 81.26419526951617911 115.3226043749638734 6.2626274733286360075 
 47.130861936182832039 115.3226043749638734 6.2626274733286360075 
 72.730861936182847671 130.10248213707015452 6.2626274733286360075 
 55.664195269516163478 130.10248213707015452 6.2626274733286360075 
 30.064195269516169162 115.3226043749638734 6.2626274733286360075 
 251.93086193618285051 115.3226043749638734 6.2626274733286360075 
 21.530861936182841276 130.10248213707015452 6.2626274733286360075 
 4.4641952695161783993 130.10248213707015452 6.2626274733286360075 
 234.86419526951618764 144.8823598991763788 6.2626274733286360075 
 200.73086193618286188 144.8823598991763788 6.2626274733286360075 
 226.3308619361828562 159.66223766128265993 6.2626274733286360075 
 209.2641952695161649 159.66223766128265993 6.2626274733286360075 
 183.66419526951617058 144.8823598991763788 6.2626274733286360075 
 149.53086193618284483 144.8823598991763788 6.2626274733286360075 
 175.13086193618283914 159.66223766128265993 6.2626274733286360075 
 158.06419526951617627 159.66223766128265993 6.2626274733286360075 
 132.46419526951618195 144.8823598991763788 6.2626274733286360075 
 98.330861936182841987 144.8823598991763788 6.2626274733286360075 
 123.93086193618285051 159.66223766128265993 6.2626274733286360075 
 106.86419526951615921 159.66223766128265993 6.2626274733286360075 
 81.26419526951617911 144.8823598991763788 6.2626274733286360075 
 47.130861936182832039 144.8823598991763788 6.2626274733286360075 
 72.730861936182847671 159.66223766128265993 6.2626274733286360075 
 55.664195269516163478 159.66223766128265993 6.2626274733286360075 
 30.064195269516169162 144.8823598991763788 6.2626274733286360075 
 251.93086193618285051 144.8823598991763788 6.2626274733286360075 
 21.530861936182841276 159.66223766128265993 6.2626274733286360075 
 4.4641952695161783993 159.66223766128265993 6.2626274733286360075 
 234.86419526951618764 174.44211542338888421 6.2626274733286360075 
 200.73086193618286188 174.44211542338888421 6.2626274733286360075 
 226.3308619361828562 189.22199318549513691 6.2626274733286360075 
 209.2641952695161649 189.22199318549516533 6.2626274733286360075 
 183.66419526951617058 174.44211542338888421 6.2626274733286360075 
 149.53086193618284483 174.44211542338888421 6.2626274733286360075 
 175.13086193618283914 189.22199318549516533 6.2626274733286360075 
 158.06419526951617627 189.22199318549516533 6.2626274733286360075 
 132.46419526951618195 174.44211542338888421 6.2626274733286360075 
 98.330861936182841987 174.44211542338888421 6.2626274733286360075 
 123.93086193618285051 189.22199318549516533 6.2626274733286360075 
 106.86419526951615921 189.22199318549516533 6.2626274733286360075 
 81.26419526951617911 174.44211542338888421 6.2626274733286360075 
 47.130861936182832039 174.44211542338888421 6.2626274733286360075 
 72.730861936182847671 189.22199318549516533 6.2626274733286360075 
 55.664195269516163478 189.22199318549516533 6.2626274733286360075 
 30.064195269516169162 174.44211542338888421 6.2626274733286360075 
 251.93086193618285051 174.44211542338888421 6.2626274733286360075 
 21.530861936182841276 189.22199318549516533 6.2626274733286360075 
 4.4641952695161783993 189.22199318549516533 6.2626274733286360075 
 234.86419526951618764 204.00187094760141804 6.2626274733286360075 
 200.73086193618286188 204.00187094760141804 6.2626274733286360075 
 226.3308619361828562 218.78174870970764232 6.2626274733286360075 
 209.26419526951619332 218.78174870970767074 6.2626274733286360075 
 183.66419526951617058 204.00187094760141804 6.2626274733286360075 
 149.53086193618284483 204.00187094760141804 6.2626274733286360075 
 175.13086193618283914 218.78174870970767074 6.2626274733286360075 
 158.06419526951617627 218.78174870970767074 6.2626274733286360075 
 132.46419526951618195 204.00187094760141804 6.2626274733286360075 
 98.330861936182841987 204.00187094760141804 6.2626274733286360075 
 123.93086193618285051 218.78174870970767074 6.2626274733286360075 
 106.86419526951615921 218.78174870970767074 6.2626274733286360075 
 81.26419526951617911 204.00187094760141804 6.2626274733286360075 
 47.130861936182832039 204.00187094760141804 6.2626274733286360075 
 72.730861936182847671 218.78174870970767074 6.2626274733286360075 
 55.664195269516170583 218.78174870970767074 6.2626274733286360075 
 30.064195269516169162 204.00187094760144646 6.2626274733286360075 
 251.93086193618285051 204.00187094760141804 6.2626274733286360075 
 21.530861936182841276 218.78174870970767074 6.2626274733286360075 
 4.4641952695161783993 218.78174870970767074 6.2626274733286360075 
 234.86419526951618764 233.56162647181395187 6.2626274733286360075 
 200.73086193618286188 233.56162647181395187 6.2626274733286360075 
 226.3308619361828562 11.863460040220118685 6.2626274733286360075 
 209.2641952695161649 11.863460040220118685 6.2626274733286360075 
 183.66419526951619901 233.56162647181395187 6.2626274733286360075 
 149.53086193618284483 233.56162647181395187 6.2626274733286360075 
 175.13086193618283914 11.863460040220118685 6.2626274733286360075 
 158.06419526951617627 11.863460040220118685 6.2626274733286360075 
 132.46419526951618195 233.56162647181395187 6.2626274733286360075 
 98.330861936182841987 233.56162647181395187 6.2626274733286360075 
 123.93086193618285051 11.863460040220118685 6.2626274733286360075 
 106.86419526951615921 11.863460040220118685 6.2626274733286360075 
 81.26419526951617911 233.56162647181395187 6.2626274733286360075 
 47.130861936182839145 233.56162647181395187 6.2626274733286360075 
 72.73086193618283346 11.863460040220118685 6.2626274733286360075 
 55.664195269516149267 11.863460040220118685 6.2626274733286360075 
 30.064195269516169162 233.56162647181395187 6.2626274733286360075 
 251.93086193618285051 233.56162647181395187 6.2626274733286360075 
 21.530861936182841276 11.863460040220118685 6.2626274733286360075 
 4.4641952695161783993 11.863460040220118685 6.2626274733286360075 
