 86.081124897977744581 20.19212715845310413 6.1623854019482902089 
 121.77248719079086925 10.62865545532720013 6.1623854019482902089 
 106.68754252547788042 25.713600120640208502 6.1623854019482902089 
 70.996180232664741538 35.277071823766121383 6.1623854019482902089 
 40.826290902038699926 65.44696115439215589 6.1623854019482902089 
 76.51765319485184591 55.883489451266221693 6.1623854019482902089 
 61.432708529538821551 70.968434116579246052 6.1623854019482902089 
 25.741346236725689778 80.531905819705158933 6.1623854019482902089 
 31.26281919891279415 101.13832344720526635 6.1623854019482902089 
 16.177874533599766238 116.22326811251829781 6.1623854019482902089 
 142.37890481829100509 16.150128417514302726 6.1623854019482902089 
 112.20901548766498479 46.320017748140323022 6.1623854019482902089 
 147.90037778047809525 36.756546045014417246 6.1623854019482902089 
 132.81543311516512063 51.841490710327434499 6.1623854019482902089 
 97.124070822351953325 61.404962413453340275 6.1623854019482902089 
 66.954181491725933029 91.574851744079381888 6.1623854019482902089 
 102.64554378453908612 82.011380040953469006 6.1623854019482902089 
 87.560599119226054654 97.09632470626648626 6.1623854019482902089 
 51.869236826412929986 106.65979640939237072 6.1623854019482902089 
 21.699347495786913242 136.82968574001839102 6.1623854019482902089 
 57.390709788600034358 127.26621403689250656 6.1623854019482902089 
 42.305765123287017104 142.35115870220553802 6.1623854019482902089 
 6.6144028304738844426 151.91463040533142248 6.1623854019482902089 
 157.46384948360403655 1.0651837522012759241 6.1623854019482902089 
 12.135875792660989703 172.52104803283157253 6.1623854019482902089 
 178.07026711110415818 6.5866567143883809621 6.1623854019482902089 
 168.50679540797824529 42.278019007201535828 6.1623854019482902089 
 138.33690607735221079 72.447908337827570335 6.1623854019482902089 
 174.02826837016533545 62.884436634701657454 6.1623854019482902089 
 158.94332370485236083 77.969381300014674707 6.1623854019482902089 
 123.25196141203919353 87.532853003140573378 6.1623854019482902089 
 93.082072081413173237 117.7027423337666221 6.1623854019482902089 
 128.77343437422632633 108.13927063064070921 6.1623854019482902089 
 113.68848970891329486 123.22421529595372647 6.1623854019482902089 
 77.997127416100170194 132.78768699907962514 6.1623854019482902089 
 47.827238085474149898 162.95757632970563122 6.1623854019482902089 
 83.518600378287274566 153.39410462657974676 6.1623854019482902089 
 68.433655712974257312 168.47904929189277823 6.1623854019482902089 
 32.742293420161125539 178.04252099501866269 6.1623854019482902089 
 183.59174007329127676 27.193074341888515022 6.1623854019482902089 
 38.263766382348229911 198.64893862251878431 6.1623854019482902089 
 204.19815770079139838 32.714547304075622947 6.1623854019482902089 
 194.6346859976654855 68.405909596888761826 6.1623854019482902089 
 164.46479666703945099 98.575798927514782122 6.1623854019482902089 
 200.15615895985257566 89.012327224388883451 6.1623854019482902089 
 185.07121429453957262 104.09727188970188649 6.1623854019482902089 
 149.37985200172641953 113.66074359282781359 6.1623854019482902089 
 119.20996267110039923 143.83063292345383388 6.1623854019482902089 
 154.90132496391356653  134.267161220327921 6.1623854019482902089 
 139.81638029860053507 149.35210588564095247 6.1623854019482902089 
 104.12501800578738198 158.91557758876683693 6.1623854019482902089 
 73.955128675161375895 189.08546691939287143 6.1623854019482902089 
 109.64649096797451477 179.52199521626698697 6.1623854019482902089 
 94.56154630266148331 194.60693988158001844 6.1623854019482902089 
 58.870184009848351536 204.1704115847059029 6.1623854019482902089 
 209.71963066297851697 53.320964931575744572 6.1623854019482902089 
 64.391656972035463014 224.77682921220602452 6.1623854019482902089 
 230.32604829047863859 58.842437893762848944 6.1623854019482902089 
 220.76257658735272571 94.533800186576002034 6.1623854019482902089 
 190.59268725672666278 124.70368951720202233 6.1623854019482902089 
 226.28404954953981587 115.14021781407610945 6.1623854019482902089 
 211.19910488422678441 130.2251624793891267 6.1623854019482902089 
 175.50774259141365974 139.78863418251503958 6.1623854019482902089 
 145.33785326078762523 169.95852351314107409 6.1623854019482902089 
 181.02921555360077832 160.39505181001516121 6.1623854019482902089 
 165.94427088828777528 175.47999647532819267 6.1623854019482902089 
 130.25290859547462219 185.04346817845407713 6.1623854019482902089 
 100.0830192648486161 215.21335750908011164 6.1623854019482902089 
 135.77438155766174077 205.64988580595422718 6.1623854019482902089 
 120.68943689234872352 220.7348304712672018 6.1623854019482902089 
 84.998074599535584639 230.2983021743931431 6.1623854019482902089 
 235.84752125266570033 79.448855521262970569 6.1623854019482902089 
 90.519547561722703222 250.90471980189326473 6.1623854019482902089 
 256.4539388801658788 84.970328483450074941 6.1623854019482902089 
 246.89046717703990907 120.66169077626324224 6.1623854019482902089 
 216.72057784641393141 150.83158010688924833 6.1623854019482902089 
 252.41194013922705608 141.26810840376333545 6.1623854019482902089 
 237.32699547391408146 156.35305306907636691 6.1623854019482902089 
 201.63563318110089995 165.91652477220227979 6.1623854019482902089 
 171.46574385047486544 196.0864141028283143 6.1623854019482902089 
 207.15710614328801853  186.522942399702373 6.1623854019482902089 
 192.07216147797498706 201.60788706501540446 6.1623854019482902089 
 156.3807991851618624 211.17135876814128892 6.1623854019482902089 
 126.21090985453585631 241.34124809876735185 6.1623854019482902089 
 161.90227214734898098 231.77777639564141055 6.1623854019482902089 
 146.81732748203594952 246.86272106095449885 6.1623854019482902089 
 111.12596518922282485 256.42619276408032647 6.1623854019482902089 
