 145.09220219975370014 17.039445535708651391 6.1623854019482902089 
 182.04261942788977535 17.039445535708651391 6.1623854019482902089 
 163.56741081382173775 27.706112202375326348 6.1623854019482902089 
 126.61699358568569096 27.706112202375326348 6.1623854019482902089 
 89.666576357549644172 49.039445535708658497 6.1623854019482902089 
 126.61699358568570517 49.039445535708658497 6.1623854019482902089 
 108.14178497161768178 59.706112202375322795 6.1623854019482902089 
 71.191367743481620778 59.706112202375322795 6.1623854019482902089 
 34.240950515345581096 81.039445535708665602 6.1623854019482902089 
 71.191367743481620778 81.039445535708665602 6.1623854019482902089 
 52.716159129413611595 91.706112202375337006 6.1623854019482902089 
 15.76574190127752928 91.706112202375337006 6.1623854019482902089 
 15.765741901277550596 113.0394455357086656 6.1623854019482902089 
 200.51782804195781296 27.706112202375305031 6.1623854019482902089 
 163.56741081382173775 49.039445535708644286 6.1623854019482902089 
 200.51782804195781296 49.039445535708637181 6.1623854019482902089 
 182.04261942788974693 59.706112202375308584 6.1623854019482902089 
 145.09220219975370014 59.706112202375308584 6.1623854019482902089 
 108.14178497161768178 81.039445535708651391 6.1623854019482902089 
 145.09220219975370014 81.039445535708637181 6.1623854019482902089 
 126.61699358568570517 91.706112202375308584 6.1623854019482902089 
 89.666576357549644172 91.706112202375308584 6.1623854019482902089 
 52.716159129413611595 113.03944553570865139 6.1623854019482902089 
 89.666576357549644172 113.03944553570865139 6.1623854019482902089 
 71.191367743481620778 123.70611220237532279 6.1623854019482902089 
 34.240950515345581096 123.70611220237533701 6.1623854019482902089 
 34.240950515345559779 145.0394455357086656 6.1623854019482902089 
 15.765741901277550596 155.70611220237532279 6.1623854019482902089 
 218.99303665602582214 59.706112202375308584 6.1623854019482902089 
 182.04261942788977535 81.039445535708637181 6.1623854019482902089 
 218.99303665602582214 81.039445535708637181 6.1623854019482902089 
 200.51782804195781296 91.706112202375308584 6.1623854019482902089 
 163.56741081382173775 91.706112202375308584 6.1623854019482902089 
 126.61699358568570517 113.03944553570865139 6.1623854019482902089 
 163.56741081382173775 113.03944553570865139 6.1623854019482902089 
 145.09220219975372856 123.70611220237532279 6.1623854019482902089 
 108.14178497161768178 123.70611220237532279 6.1623854019482902089 
 71.191367743481634989 145.03944553570863718 6.1623854019482902089 
 108.14178497161768178 145.03944553570863718 6.1623854019482902089 
 89.666576357549658383 155.70611220237532279 6.1623854019482902089 
 52.716159129413597384 155.70611220237532279 6.1623854019482902089 
 15.765741901277570136 177.0394455357086656 6.1623854019482902089 
 52.716159129413597384 177.0394455357086656 6.1623854019482902089 
 34.240950515345602412 187.70611220237532279 6.1623854019482902089 
 237.46824527009385974 91.706112202375294373 6.1623854019482902089 
 200.51782804195781296 113.03944553570862297 6.1623854019482902089 
 237.46824527009385974 113.03944553570862297 6.1623854019482902089 
 218.99303665602582214 123.70611220237529437 6.1623854019482902089 
 182.04261942788974693 123.70611220237529437 6.1623854019482902089 
 145.09220219975372856 145.03944553570863718 6.1623854019482902089 
 182.04261942788977535 145.03944553570863718 6.1623854019482902089 
 163.56741081382176617 155.70611220237529437 6.1623854019482902089 
 126.61699358568570517 155.70611220237529437 6.1623854019482902089 
 89.666576357549658383 177.03944553570863718 6.1623854019482902089 
 126.61699358568570517 177.03944553570863718 6.1623854019482902089 
 108.14178497161768178 187.70611220237532279 6.1623854019482902089 
 71.191367743481620778 187.70611220237532279 6.1623854019482902089 
 34.240950515345602412 209.0394455357086656 6.1623854019482902089 
 71.191367743481620778 209.0394455357086656 6.1623854019482902089 
 52.716159129413611595 219.70611220237532279 6.1623854019482902089 
 255.94345388416192577 123.70611220237529437 6.1623854019482902089 
 218.99303665602582214 145.03944553570863718 6.1623854019482902089 
 255.94345388416192577 145.03944553570863718 6.1623854019482902089 
 237.46824527009385974 155.70611220237529437 6.1623854019482902089 
 200.51782804195781296 155.70611220237529437 6.1623854019482902089 
 163.56741081382173775 177.03944553570863718 6.1623854019482902089 
 200.51782804195781296 177.03944553570863718 6.1623854019482902089 
 182.04261942788980377 187.70611220237532279 6.1623854019482902089 
 145.09220219975372856 187.70611220237532279 6.1623854019482902089 
 108.14178497161769599 209.0394455357086656 6.1623854019482902089 
 145.09220219975372856 209.0394455357086656 6.1623854019482902089 
 126.61699358568573359 219.70611220237532279 6.1623854019482902089 
 89.666576357549644172 219.70611220237532279 6.1623854019482902089 
 52.716159129413632911 241.03944553570869402 6.1623854019482902089 
 89.666576357549658383 241.03944553570869402 6.1623854019482902089 
  71.1913677434816492 251.70611220237532279 6.1623854019482902089 
 237.46824527009385974 177.0394455357086656 6.1623854019482902089 
 218.99303665602585056 187.70611220237532279 6.1623854019482902089 
 182.04261942788980377 209.0394455357086656 6.1623854019482902089 
 108.14178497161768178 17.039445535708651391 6.1623854019482902089 
 89.666576357549644172 27.706112202375305031 6.1623854019482902089 
 163.56741081382179459 219.70611220237532279 6.1623854019482902089 
 126.61699358568573359 241.03944553570869402 6.1623854019482902089 
 52.716159129413590279 49.039445535708658497 6.1623854019482902089 
 34.240950515345581096  59.7061122023753299 6.1623854019482902089 
 108.14178497161769599 251.70611220237535122 6.1623854019482902089 
