 221.73378623774843277 9.3688890954479635553 6.1623854019482902089 
 180.52095098274818952 20.411835019822174075 6.1623854019482902089 
 216.21231327556128576 29.975306722948076299 6.1623854019482902089 
 195.60589564806119256 35.496779685135194882 6.1623854019482902089 
 159.91453335524803947 25.933307982009278447 6.1623854019482902089 
 118.70169810024779622 36.976253906383497849 6.1623854019482902089 
 154.39306039306092089 46.539725609509410731 6.1623854019482902089 
 133.78664276556079926 52.061198571696515103 6.1623854019482902089 
 98.095280472747660383 42.497726868570616432 6.1623854019482902089 
 56.882445217747417132 53.540672792944825176 6.1623854019482902089 
 92.573807510560556011 63.104144496070738057 6.1623854019482902089 
 71.967389883060434386 68.625617458257849535 6.1623854019482902089 
 36.276027590247309718 59.062145755131929548 6.1623854019482902089 
 30.754554628060180477 79.668563382632058278 6.1623854019482902089 
 10.148137000560089049 85.190036344819176861 6.1623854019482902089 
 231.29725794087431723 45.060251388261086447 6.1623854019482902089 
 190.08442268587407398 56.103197312635309402 6.1623854019482902089 
 225.77578497868719865 65.666669015761215178 6.1623854019482902089 
 205.16936735118707702 71.18814197794831955 6.1623854019482902089 
 169.47800505837395235 61.624670274822420879 6.1623854019482902089 
 128.26516980337368068 72.667616199196629623 6.1623854019482902089 
 163.95653209618683377 82.231087902322542504 6.1623854019482902089 
 143.35011446868671214 87.752560864509661087 6.1623854019482902089 
 107.65875217587357326 78.189089161383748205 6.1623854019482902089 
 66.445916920873315803 89.232035085757956949 6.1623854019482902089 
 102.13727921368644047 98.795506788883869831 6.1623854019482902089 
 81.530861586186333057 104.3169797510709742 6.1623854019482902089 
 45.839499293373208388 94.753508047945075532 6.1623854019482902089 
 4.6266640383729829011 105.79645397231928428 6.1623854019482902089 
  40.3180263311860827 115.35992567544521137 6.1623854019482902089 
 19.711608703685989497 120.88139863763228732 6.1623854019482902089 
 240.86072964400020169 80.751613681074232431 6.1623854019482902089 
 199.64789438900001528 91.794559605448441175 6.1623854019482902089 
 235.33925668181313995 101.35803130857436827 6.1623854019482902089 
 214.7328390543129899 106.87950427076147264 6.1623854019482902089 
 179.04147676149986523 97.316032567635559758 6.1623854019482902089 
 137.82864150649959356 108.3589784920097685 6.1623854019482902089 
 173.52000379931274665 117.92245019513569559 6.1623854019482902089 
 152.91358617181262503 123.44392315732279997 6.1623854019482902089 
 117.22222387899947194 113.8804514541969013 6.1623854019482902089 
 76.009388623999242895 124.92339737857111004 6.1623854019482902089 
 111.70075091681236756 134.48686908169702292 6.1623854019482902089 
 91.094333289312231727 140.0083420438841415 6.1623854019482902089 
 55.40297099649912127 130.44487034075822862 6.1623854019482902089 
 14.190135741498886901 141.48781626513243737 6.1623854019482902089 
 49.881498034311995582 151.05128796825835025 6.1623854019482902089 
 29.275080406811895273 156.57276093044544041 6.1623854019482902089 
 250.42420134712611457 116.44297597388737131 6.1623854019482902089 
 209.21136609212589974 127.48592189826158005 6.1623854019482902089 
 244.90272838493902441 137.04939360138749294 6.1623854019482902089 
 224.2963107574389312 142.57086656357461152 6.1623854019482902089 
 188.60494846462574969 133.00739486044869864 6.1623854019482902089 
 147.39211320962547802 144.05034078482290738 6.1623854019482902089 
 183.08347550243865953 153.61381248794882026 6.1623854019482902089 
 162.47705787493850949 159.13528545013591042 6.1623854019482902089 
 126.78569558212537061 149.57181374701002596 6.1623854019482902089 
 85.572860327125127355 160.61475967138423471 6.1623854019482902089 
 121.26422261993826623 170.17823137451014759 6.1623854019482902089 
 100.6578049924381304 175.69970433669726617 6.1623854019482902089 
 64.966442699625019941 166.13623263357132487 6.1623854019482902089 
 23.753607444624787348 177.17917855794553361 6.1623854019482902089 
 59.444969737437901358 186.74265026107147492 6.1623854019482902089 
 38.838552109937808154 192.26412322325856508 6.1623854019482902089 
 218.7748377952517842 163.17728419107473314 6.1623854019482902089 
 254.46620008806488045 172.74075589420064603 6.1623854019482902089 
 233.85978246056481566 178.26222885638776461 6.1623854019482902089 
 198.16842016775163415 168.69875715326185173 6.1623854019482902089 
 156.95558491275141932 179.74170307763606047 6.1623854019482902089 
 192.64694720556457241 189.30517478076197335 6.1623854019482902089 
 172.04052957806442237 194.82664774294906351 6.1623854019482902089 
 136.34916728525126928 185.26317603982317905 6.1623854019482902089 
 95.136332030251040237 196.3061219641973878 6.1623854019482902089 
 130.82769432306417912 205.86959366732327226 6.1623854019482902089 
 110.22127669556404328 211.39106662951041926 6.1623854019482902089 
 74.529914402750932823 201.82759492638450638 6.1623854019482902089 
 33.317079147750689572 212.87054085075871512 6.1623854019482902089 
 69.008441440563800029 222.43401255388462801 6.1623854019482902089 
 48.402023813063713931 227.95548551607168974 6.1623854019482902089 
 228.33830949837769708 198.86864648388782939 6.1623854019482902089 
 207.73189187087757546 204.39011944607497639 6.1623854019482902089 
 166.51905661587730378 215.43306537044921356 6.1623854019482902089 
 144.82958868993503643 10.848363316696271852 6.1623854019482902089 
 124.22317106243490059 16.369836278883376224 6.1623854019482902089 
 145.91263898837718216 220.95453833263630372 6.1623854019482902089 
 104.69980373337693891 231.99748425701051247 6.1623854019482902089 
 83.010335807434643129 27.412782203257606284 6.1623854019482902089 
 62.403918179934521504 32.934255165444710656 6.1623854019482902089 
 84.093386105876817282 237.51895721919763105 6.1623854019482902089 
 42.880550850876595348 248.56190314357183979 6.1623854019482902089 
 21.191082924934278253 43.97720108981893361 6.1623854019482902089 
