 104.66621431704699319 55.498036882460986874 6.6188701904925197894 
 115.05021431704700774 85.315181620401475016 6.6188701904925197894 
 61.434854317046990957 115.13232635834195605 6.6188701904925197894 
 82.204134317046992919 174.76840482712739799 6.6188701904925197894 
 71.819494317046988385 144.95126008918688854 6.6188701904925197894 
 92.588774317046997453 204.58554956506787903 6.6188701904925197894 
 168.6662143170470074 55.498036882460986874 6.6188701904925197894 
 179.05021431704699353 85.315181620401475016 6.6188701904925197894 
 125.43485431704698385 115.13232635834195605 6.6188701904925197894 
 146.20413431704699292 174.76840482712739799 6.6188701904925197894 
 135.8194943170470026 144.95126008918688854 6.6188701904925197894 
 156.58877431704698324 204.58554956506787903 6.6188701904925197894 
 232.66621431704697898 55.498036882460986874 6.6188701904925197894 
 243.05021431704702195 85.315181620401475016 6.6188701904925197894 
 189.43485431704701227 115.13232635834195605 6.6188701904925197894 
 210.20413431704699292 174.76840482712739799 6.6188701904925197894 
 199.8194943170470026 144.95126008918688854 6.6188701904925197894 
 220.58877431704698324 204.58554956506787903 6.6188701904925197894 
 40.666214317046964766 55.498036882460986874 6.6188701904925197894 
 51.050214317046986423 85.315181620401475016 6.6188701904925197894 
 253.43485431704698385 115.13232635834195605 6.6188701904925197894 
 18.204134317047003577 174.76840482712739799 6.6188701904925197894 
 7.819494317046991938 144.95126008918688854 6.6188701904925197894 
 28.588774317046969031 204.58554956506787903 6.6188701904925197894 
