 137.20117227367242663 42.413313379885330789 6.6188701904925197894 
 111.0875990694410973 60.16073208882843204 6.6188701904925197894 
 68.409772622837309086 16.089516107799951783 6.6188701904925197894 
 16.181229468302912977 51.586052936179036976 6.6188701904925197894 
 42.294637028345377416 33.838016034707131041 6.6188701904925197894 
 162.87126685081707933 23.031546315976939354 6.6188701904925197894 
 153.76559116023378238 104.23256626238570277 6.6188701904925197894 
 127.65201795600243884 121.97998497132880402 6.6188701904925197894 
 84.974191509398636413 77.90876899030033087 6.6188701904925197894 
 32.745648354864229646 113.40530581867939475 6.6188701904925197894 
 58.859055914906704743 95.657268917207474601 6.6188701904925197894 
 179.43568573737840666 84.85079919847730423 6.6188701904925197894 
 170.3300100467951097 166.05181914488608186 6.6188701904925197894 
 144.21643684256375195 183.7992378538291689 6.6188701904925197894 
 101.53861039595996374 139.72802187280069575 6.6188701904925197894 
 49.310067241425549867 175.22455870117977383 6.6188701904925197894 
 75.423474801468032069 157.47652179970788211 6.6188701904925197894 
 196.00010462393973398 146.67005208097768332 6.6188701904925197894 
 186.89442893335640861 227.87107202738641831 6.6188701904925197894 
 160.78085572912507928 245.61849073632953377 6.6188701904925197894 
 118.10302928252129107 201.54727475530106062 6.6188701904925197894 
 65.874486127986898509 237.04381158368019555 6.6188701904925197894 
 91.987893688029359396 219.29577468220824699 6.6188701904925197894 
 212.56452351050106131 208.48930496347801977 6.6188701904925197894 
