 17.459473067671886781 41.295657070107743891 6.7962288958010228512 
 43.059473067671873991 66.895657070107759523 6.7962288958010228512 
 43.059473067671873991 41.295657070107743891 6.7962288958010228512 
 17.459473067671886781 66.895657070107759523 6.7962288958010228512 
 17.459473067671886781 92.495657070107739628 6.7962288958010228512 
 43.059473067671873991 118.09565707010774815 6.7962288958010228512 
 43.059473067671873991 92.495657070107739628 6.7962288958010228512 
 17.459473067671886781 118.09565707010774815 6.7962288958010228512 
 17.459473067671886781 143.69565707010772826 6.7962288958010228512 
 43.059473067671873991  169.295657070107751 6.7962288958010228512 
 43.059473067671873991 143.69565707010772826 6.7962288958010228512 
 17.459473067671886781  169.295657070107751 6.7962288958010228512 
 17.459473067671886781 194.89565707010774531 6.7962288958010228512 
 43.059473067671873991 220.49565707010771121 6.7962288958010228512 
 43.059473067671873991 194.89565707010774531 6.7962288958010228512 
 17.459473067671886781 220.49565707010771121 6.7962288958010228512 
 17.459473067671886781 246.09565707010773394 6.7962288958010228512 
 43.059473067671873991 15.695657070107735365 6.7962288958010228512 
 43.059473067671873991 246.09565707010773394 6.7962288958010228512 
 17.459473067671886781 15.695657070107735365 6.7962288958010228512 
 68.659473067671868307 41.295657070107743891 6.7962288958010228512 
 94.259473067671862623 66.895657070107759523 6.7962288958010228512 
 94.259473067671862623 41.295657070107743891 6.7962288958010228512 
 68.659473067671868307 66.895657070107759523 6.7962288958010228512 
 68.659473067671868307 92.495657070107739628 6.7962288958010228512 
 94.259473067671862623 118.09565707010774815 6.7962288958010228512 
 94.259473067671862623 92.495657070107739628 6.7962288958010228512 
 68.659473067671868307 118.09565707010774815 6.7962288958010228512 
 68.659473067671868307 143.69565707010772826 6.7962288958010228512 
 94.259473067671862623  169.295657070107751 6.7962288958010228512 
 94.259473067671862623 143.69565707010772826 6.7962288958010228512 
 68.659473067671868307  169.295657070107751 6.7962288958010228512 
 68.659473067671868307 194.89565707010774531 6.7962288958010228512 
 94.259473067671862623 220.49565707010771121 6.7962288958010228512 
 94.259473067671862623 194.89565707010774531 6.7962288958010228512 
 68.659473067671868307 220.49565707010771121 6.7962288958010228512 
 68.659473067671868307 246.09565707010773394 6.7962288958010228512 
 94.259473067671862623 15.695657070107735365 6.7962288958010228512 
 94.259473067671862623 246.09565707010773394 6.7962288958010228512 
 68.659473067671868307 15.695657070107735365 6.7962288958010228512 
 119.85947306767187115 41.295657070107743891 6.7962288958010228512 
 145.45947306767189389 66.895657070107759523 6.7962288958010228512 
 145.45947306767189389 41.295657070107743891 6.7962288958010228512 
 119.85947306767187115 66.895657070107759523 6.7962288958010228512 
 119.85947306767187115 92.495657070107739628 6.7962288958010228512 
 145.45947306767189389 118.09565707010774815 6.7962288958010228512 
 145.45947306767189389 92.495657070107739628 6.7962288958010228512 
 119.85947306767187115 118.09565707010774815 6.7962288958010228512 
 119.85947306767187115 143.69565707010772826 6.7962288958010228512 
 145.45947306767189389  169.295657070107751 6.7962288958010228512 
 145.45947306767189389 143.69565707010772826 6.7962288958010228512 
 119.85947306767187115  169.295657070107751 6.7962288958010228512 
 119.85947306767187115 194.89565707010774531 6.7962288958010228512 
 145.45947306767189389 220.49565707010771121 6.7962288958010228512 
 145.45947306767189389 194.89565707010774531 6.7962288958010228512 
 119.85947306767187115 220.49565707010771121 6.7962288958010228512 
 119.85947306767187115 246.09565707010773394 6.7962288958010228512 
 145.45947306767189389 15.695657070107735365 6.7962288958010228512 
 145.45947306767189389 246.09565707010773394 6.7962288958010228512 
 119.85947306767187115 15.695657070107735365 6.7962288958010228512 
 171.05947306767185978 41.295657070107743891 6.7962288958010228512 
 196.6594730676718541 66.895657070107759523 6.7962288958010228512 
 196.6594730676718541 41.295657070107743891 6.7962288958010228512 
 171.05947306767185978 66.895657070107759523 6.7962288958010228512 
 171.05947306767185978 92.495657070107739628 6.7962288958010228512 
 196.6594730676718541 118.09565707010774815 6.7962288958010228512 
 196.6594730676718541 92.495657070107739628 6.7962288958010228512 
 171.05947306767185978 118.09565707010774815 6.7962288958010228512 
 171.05947306767185978 143.69565707010772826 6.7962288958010228512 
 196.6594730676718541  169.295657070107751 6.7962288958010228512 
 196.6594730676718541 143.69565707010772826 6.7962288958010228512 
 171.05947306767185978  169.295657070107751 6.7962288958010228512 
 171.05947306767185978 194.89565707010774531 6.7962288958010228512 
 196.6594730676718541 220.49565707010771121 6.7962288958010228512 
 196.6594730676718541 194.89565707010774531 6.7962288958010228512 
 171.05947306767185978 220.49565707010771121 6.7962288958010228512 
 171.05947306767185978 246.09565707010773394 6.7962288958010228512 
 196.6594730676718541 15.695657070107735365 6.7962288958010228512 
 196.6594730676718541 246.09565707010773394 6.7962288958010228512 
 171.05947306767185978 15.695657070107735365 6.7962288958010228512 
 222.25947306767184841 41.295657070107743891 6.7962288958010228512 
 247.85947306767184273 66.895657070107759523 6.7962288958010228512 
 247.85947306767184273 41.295657070107743891 6.7962288958010228512 
 222.25947306767184841 66.895657070107759523 6.7962288958010228512 
 222.25947306767184841 92.495657070107739628 6.7962288958010228512 
 247.85947306767184273 118.09565707010774815 6.7962288958010228512 
 247.85947306767184273 92.495657070107739628 6.7962288958010228512 
 222.25947306767184841 118.09565707010774815 6.7962288958010228512 
 222.25947306767184841 143.69565707010772826 6.7962288958010228512 
 247.85947306767184273  169.295657070107751 6.7962288958010228512 
 247.85947306767184273 143.69565707010772826 6.7962288958010228512 
 222.25947306767184841  169.295657070107751 6.7962288958010228512 
 222.25947306767184841 194.89565707010774531 6.7962288958010228512 
 247.85947306767184273 220.49565707010771121 6.7962288958010228512 
 247.85947306767184273 194.89565707010774531 6.7962288958010228512 
 222.25947306767184841 220.49565707010771121 6.7962288958010228512 
 222.25947306767184841 246.09565707010773394 6.7962288958010228512 
 247.85947306767184273 15.695657070107735365 6.7962288958010228512 
 247.85947306767184273 246.09565707010773394 6.7962288958010228512 
 222.25947306767184841 15.695657070107735365 6.7962288958010228512 
