 62.622511352170427301 6.3442784374454515017 6.7962288958010228512 
 80.724444950546043742 37.697747145070138686 6.7962288958010228512 
 87.350212505170574673 12.97004599206999309 6.7962288958010228512 
 55.99674379754588216 31.071979590445604202 6.7962288958010228512 
 49.370976242921351229 55.799680743445762232 6.7962288958010228512 
 67.472909841296981881 87.153149451070433429 6.7962288958010228512 
 74.098677395921512812 62.425448298070293163 6.7962288958010228512 
 42.745208688296820299 80.527381896445902498 6.7962288958010228512 
 36.119441133672289368 105.25508304944604276 6.7962288958010228512 
 54.221374732047927125 136.60855175707072817 6.7962288958010228512 
 60.847142286672458056 111.88085060407058791 6.7962288958010228512 
 29.49367357904776199 129.98278420244619724 6.7962288958010228512 
 22.867906024423241718 154.71048535544633751 6.7962288958010228512 
 40.969839622798879475 186.0639540630710087 6.7962288958010228512 
 47.595607177423396195 161.33625291007086844 6.7962288958010228512 
 16.242138469798703682 179.43818650844647777 6.7962288958010228512 
 9.6163709151741834091 204.16588766144664646 6.7962288958010228512 
 34.344072068174334333 210.79165521607114897 6.7962288958010228512 
 112.07791365817071494 19.595813546694536456 6.7962288958010228512 
 130.17984725654633849 50.949282254319193441 6.7962288958010228512 
 136.80561481117089784 26.221581101319053175 6.7962288958010228512 
 105.45214610354618401 44.323514699694669616 6.7962288958010228512 
 98.826378548921653078 69.051215852694824093 6.7962288958010228512 
 116.92831214729729084 100.40468456031949529 6.7962288958010228512 
 123.55407970192180755 75.676983407319355024 6.7962288958010228512 
 92.200610994297136358 93.778917005694964359 6.7962288958010228512 
 85.574843439672591217 118.50661815869510463 6.7962288958010228512 
 103.67677703804822897 149.86008686631979003 6.7962288958010228512 
 110.3025445926727599 125.13238571331964977 6.7962288958010228512 
 78.949075885048060286 143.2343193116952591 6.7962288958010228512 
 72.323308330423529355 167.96202046469542779 6.7962288958010228512 
 90.425241928799167113 199.31548917232007057 6.7962288958010228512 
 97.051009483423698043 174.5877880193199303 6.7962288958010228512 
 65.697540775799012636 192.68972161769551121 6.7962288958010228512 
 59.071773221174467494 217.4174227706956799 6.7962288958010228512 
 143.43138236579540035 1.4938799483189002526 6.7962288958010228512 
 83.799474374174636182 224.04319032532023925 6.7962288958010228512 
 161.53331596417100968 32.847348655943584106 6.7962288958010228512 
 179.63524956254661902 64.200817363568262408 6.7962288958010228512 
 186.26101711717117837 39.473116210568115036 6.7962288958010228512 
 154.90754840954647875 57.575049808943724372 6.7962288958010228512 
 148.28178085492194782 82.302750961943885954 6.7962288958010228512 
 166.38371445329755716 113.65621966956855715 6.7962288958010228512 
 173.00948200792211651 88.928518516568416885 6.7962288958010228512 
 141.65601330029741689 107.03045211494401201 6.7962288958010228512 
 135.03024574567288596 131.7581532679441807 6.7962288958010228512 
 153.13217934404852372 163.11162197556885189 6.7962288958010228512 
 159.75794689867305465 138.38392082256871163 6.7962288958010228512 
 128.40447819104835503 156.48585442094432096 6.7962288958010228512 
 121.77871063642383831 181.21355557394446123 6.7962288958010228512 
 139.88064423479946186 212.56702428156913243 6.7962288958010228512 
 146.50641178942399279 187.83932312856899216 6.7962288958010228512 
 115.15294308179929317 205.9412567269446015 6.7962288958010228512 
 108.52717552717477645 230.66895787994477018 6.7962288958010228512 
 192.88678467179568088 14.745415057567960559 6.7962288958010228512 
 133.25487668017493093 237.29472543456932954 6.7962288958010228512 
 168.15908351879554061 8.1196475029434420634 6.7962288958010228512 
 210.98871827017131864 46.098883765192645967 6.7962288958010228512 
 229.09065186854692797 77.452352472817324269 6.7962288958010228512 
 235.7164194231714589 52.724651319817176898 6.7962288958010228512 
 204.36295071554678771 70.826584918192793339 6.7962288958010228512 
 197.73718316092225677 95.554286071192947816 6.7962288958010228512 
 215.83911675929786611 126.90775477881761901 6.7962288958010228512 
 222.46488431392242546 102.18005362581747875 6.7962288958010228512 
 191.11141560629769742 120.28198722419307387 6.7962288958010228512 
 184.48564805167319491 145.00968837719321414 6.7962288958010228512 
 202.58758165004880425 176.36315708481791376 6.7962288958010228512 
 209.21334920467333518 151.63545593181777349 6.7962288958010228512 
 177.85988049704866398 169.73738953019338283 6.7962288958010228512 
 171.23411294242413305 194.46509068319352309 6.7962288958010228512 
 189.33604654079977081 225.81855939081822271 6.7962288958010228512 
 195.96181409542427332 201.09085823781805402 6.7962288958010228512 
 164.60834538779960212 219.19279183619363494 6.7962288958010228512 
 157.98257783317507119 243.92049298919383205 6.7962288958010228512 
 242.34218697779598983 27.996950166817022421 6.7962288958010228512 
 182.71027898617521146 250.54626054381836298 6.7962288958010228512 
 217.61448582479582115 21.371182612192502148 6.7962288958010228512 
 31.269042644545752552 24.446212035821087483 6.7962288958010228512 
 253.81835302154709666  84.0781200274418552 6.7962288958010228512 
 247.19258546692256573 108.80582118044200968 6.7962288958010228512 
 18.017507535296690691 73.901614341821371568 6.7962288958010228512 
 24.643275089921221621 49.173913188821231302 6.7962288958010228512 
 240.56681791229806322 133.53352233344216415 6.7962288958010228512 
 233.94105035767353229  158.261223486442276 6.7962288958010228512 
 4.7659724260476314939 123.35701664782168052 6.7962288958010228512 
 11.391739980672173971 98.629315494821526045 6.7962288958010228512 
 227.31528280304897294 182.98892463944247311 6.7962288958010228512 
 220.68951524842444201 207.71662579244258495 6.7962288958010228512 
 214.0637476937999395 232.44432694544272522 6.7962288958010228512 
