 129.80152571071090506 10.536846543583680003 6.7962288958010228512 
 129.80152571071093348 46.740713740334918214 6.7962288958010228512 
 147.90345930908654282 28.638780141959305325 6.7962288958010228512 
 111.69959211233530993 28.638780141959305325 6.7962288958010228512 
 93.597658513959686388 46.740713740334925319 6.7962288958010228512 
 93.597658513959700599 82.94458093708614399 6.7962288958010228512 
 111.69959211233530993 64.842647338710548865 6.7962288958010228512 
 75.495724915584091264 64.842647338710520444 6.7962288958010228512 
 57.393791317208467717 82.944580937086158201 6.7962288958010228512 
 57.393791317208453506 119.14844813383740529 6.7962288958010228512 
 75.495724915584091264 101.04651453546176754 6.7962288958010228512 
 39.291857718832844171 101.04651453546178175 6.7962288958010228512 
 21.189924120457231282 119.14844813383740529 6.7962288958010228512 
 21.189924120457256151 155.35231533058859554 6.7962288958010228512 
 39.291857718832865487 137.25038173221298621 6.7962288958010228512 
 3.087990522081642375 137.25038173221298621 6.7962288958010228512 
 166.00539290746215215 10.536846543583680003 6.7962288958010228512 
 3.087990522081642375 173.4542489289642333 6.7962288958010228512 
 166.00539290746215215 46.740713740334918214 6.7962288958010228512 
 166.00539290746218057 82.944580937086158201 6.7962288958010228512 
 184.10732650583776149 64.842647338710548865 6.7962288958010228512 
 147.90345930908654282 64.842647338710520444 6.7962288958010228512 
 129.80152571071093348 82.944580937086158201 6.7962288958010228512 
 129.8015257107109619 119.14844813383737687 6.7962288958010228512 
 147.90345930908657124 101.04651453546176754 6.7962288958010228512 
 111.69959211233530993 101.04651453546176754 6.7962288958010228512 
 93.597658513959700599 119.14844813383737687 6.7962288958010228512 
 93.597658513959700599 155.35231533058862397 6.7962288958010228512 
 111.69959211233530993 137.25038173221301463 6.7962288958010228512 
 75.495724915584077053 137.25038173221301463 6.7962288958010228512 
 57.393791317208481928 155.35231533058862397 6.7962288958010228512 
 57.393791317208489033 191.55618252733984264 6.7962288958010228512 
 75.495724915584105474 173.4542489289642333 6.7962288958010228512 
 39.291857718832865487 173.45424892896420488 6.7962288958010228512 
 21.189924120457256151 191.55618252733984264 6.7962288958010228512 
 202.20926010421339925 46.740713740334918214 6.7962288958010228512 
 39.291857718832879698 209.65811612571548039 6.7962288958010228512 
 184.10732650583776149 28.638780141959291115 6.7962288958010228512 
 202.20926010421339925 82.944580937086158201 6.7962288958010228512 
 202.20926010421339925 119.14844813383737687 6.7962288958010228512 
  220.311193702589037 101.04651453546176754 6.7962288958010228512 
 184.10732650583776149 101.04651453546176754 6.7962288958010228512 
 166.00539290746218057 119.14844813383737687 6.7962288958010228512 
 166.00539290746218057 155.35231533058859554 6.7962288958010228512 
 184.10732650583778991 137.25038173221298621 6.7962288958010228512 
 147.90345930908657124 137.25038173221298621 6.7962288958010228512 
 129.80152571071093348 155.35231533058859554 6.7962288958010228512 
 129.80152571071093348 191.55618252733984264 6.7962288958010228512 
 147.90345930908657124 173.4542489289642333 6.7962288958010228512 
 111.69959211233530993 173.4542489289642333 6.7962288958010228512 
 93.59765851395971481 191.55618252733984264 6.7962288958010228512 
 93.597658513959729021 227.76004972409106131 6.7962288958010228512 
 111.69959211233533836 209.65811612571545197 6.7962288958010228512 
 75.495724915584105474 209.65811612571542355 6.7962288958010228512 
 57.393791317208489033 227.76004972409106131 6.7962288958010228512 
 238.41312730096461792 82.944580937086158201 6.7962288958010228512 
 75.495724915584119685 245.86198332246669906 6.7962288958010228512 
  220.311193702589037 64.842647338710520444 6.7962288958010228512 
 238.41312730096461792 119.14844813383737687 6.7962288958010228512 
 238.41312730096461792 155.35231533058859554 6.7962288958010228512 
 256.51506089934019883 137.25038173221298621 6.7962288958010228512 
  220.311193702589037 137.25038173221298621 6.7962288958010228512 
 202.20926010421339925 155.35231533058859554 6.7962288958010228512 
 202.20926010421339925 191.55618252733981421 6.7962288958010228512 
  220.311193702589037 173.45424892896420488 6.7962288958010228512 
 184.10732650583778991 173.45424892896420488 6.7962288958010228512 
 166.00539290746218057 191.55618252733984264 6.7962288958010228512 
 166.00539290746218057 227.76004972409106131 6.7962288958010228512 
 184.10732650583778991 209.65811612571542355 6.7962288958010228512 
 147.90345930908654282 209.65811612571545197 6.7962288958010228512 
 129.8015257107109619 227.76004972409106131 6.7962288958010228512 
 147.90345930908657124 245.86198332246667064 6.7962288958010228512 
 111.69959211233533836 245.86198332246667064 6.7962288958010228512 
 256.51506089934019883 101.04651453546173911 6.7962288958010228512 
 93.597658513959700599 10.536846543583703095 6.7962288958010228512 
 256.51506089934025567 173.45424892896420488 6.7962288958010228512 
 238.41312730096467476 191.55618252733984264 6.7962288958010228512 
 57.393791317208489033 46.740713740334925319 6.7962288958010228512 
 75.495724915584091264 28.638780141959315984 6.7962288958010228512 
  220.311193702589037 209.65811612571542355 6.7962288958010228512 
 202.20926010421339925 227.76004972409106131 6.7962288958010228512 
 21.189924120457231282 82.944580937086172412 6.7962288958010228512 
 39.291857718832865487 64.842647338710548865 6.7962288958010228512 
 184.10732650583778991 245.86198332246669906 6.7962288958010228512 
 3.087990522081642375 101.04651453546178175 6.7962288958010228512 
