 82.10087574159480539 17.812155794860579761 6.7962288958010228512 
 53.62414138778247974 30.931439332554401034 6.7962288958010228512 
 56.500875741594825286 62.152656468623824537 6.7962288958010228512 
 28.024141387782481871 75.271940006317649363 6.7962288958010228512 
 30.900875741594813206 106.49315714238710484 6.7962288958010228512 
 2.4241413877824951051 119.61244068008089414 6.7962288958010228512 
 5.3008757415948268843 150.83365781615034962 6.7962288958010228512 
 110.57761009540715236 4.6928722571667549346 6.7962288958010228512 
 113.45434444921950501 35.914089393236189096 6.7962288958010228512 
 84.977610095407158042 49.033372930930013922 6.7962288958010228512 
 87.854344449219524904 80.254590066999440978 6.7962288958010228512 
 59.377610095407163726 93.37387360469327291 6.7962288958010228512 
 62.254344449219509272 124.59509074076271418 6.7962288958010228512 
 33.77761009540716941 137.71437427845654611 6.7962288958010228512 
 36.654344449219522062 168.93559141452595895 6.7962288958010228512 
 8.1776100954071822002 182.05487495221976246 6.7962288958010228512 
 141.93107880303185198 22.794805855542367823 6.7962288958010228512 
 144.80781315684419042 54.016022991611791326 6.7962288958010228512 
 116.33107880303184345 67.135306529305623258 6.7962288958010228512 
 119.2078131568441961 98.356523665375050314 6.7962288958010228512 
 90.731078803031849134 111.47580720306888225 6.7962288958010228512 
 93.607813156844187574 142.69702433913832351 6.7962288958010228512 
 65.131078803031854818 155.81630787683212702 6.7962288958010228512 
 68.007813156844193259 187.03752501290156829 6.7962288958010228512 
 39.531078803031881819 200.1568085505953718 6.7962288958010228512 
 170.40781315684418473 9.6755223178485199043 6.7962288958010228512 
 173.28454751065652317 40.896739453917987817 6.7962288958010228512 
 176.16128186446886161 72.117956589987400662 6.7962288958010228512 
 147.68454751065652886 85.237240127681232593 6.7962288958010228512 
 150.5612818644688673 116.45845726375064544 6.7962288958010228512 
 122.08454751065654875 129.57774080144449158 6.7962288958010228512 
 124.96128186446885877 160.79895793751393285 6.7962288958010228512 
 96.484547510656554437 173.91824147520776478 6.7962288958010228512 
 99.361281864468864455 205.13945861127717762 6.7962288958010228512 
 70.884547510656560121 218.25874214897100956 6.7962288958010228512 
 201.76128186446885593 27.777455916224131016 6.7962288958010228512 
 204.63801621828119437 58.998673052293604258 6.7962288958010228512 
 207.51475057209353281 90.219890188363009997 6.7962288958010228512 
 179.03801621828120005 103.33917372605685614 6.7962288958010228512 
 181.91475057209351007 134.56039086212626898 6.7962288958010228512 
 153.43801621828120574 147.67967439982010092 6.7962288958010228512 
 156.31475057209351576 178.90089153588954218 6.7962288958010228512 
 127.83801621828121142 192.02017507358337411 6.7962288958010228512 
 130.71475057209354986 223.24139220965278696 6.7962288958010228512 
 102.23801621828124553 236.36067574734659047 6.7962288958010228512 
 233.11475057209352713 45.879389514599743904 6.7962288958010228512 
 235.99148492590586557 77.100606650669206488 6.7962288958010228512 
 238.86821927971820401 108.32182378673861933 6.7962288958010228512 
 210.39148492590584283 121.44110732443246548 6.7962288958010228512 
 213.26821927971823811 152.66232446050187832 6.7962288958010228512 
 184.79148492590590536 165.78160799819571025 6.7962288958010228512 
 187.66821927971821538 197.00282513426515152 6.7962288958010228512 
 159.19148492590588262 210.12210867195898345 6.7962288958010228512 
 162.06821927971822106 241.34332580802842472 6.7962288958010228512 
 133.59148492590591673 254.46260934572222823 6.7962288958010228512 
 241.74495363353054245 139.54304092280807481 6.7962288958010228512 
 244.62168798734290931 170.76425805887751608 6.7962288958010228512 
 216.14495363353057655 183.88354159657134801 6.7962288958010228512 
 219.02168798734288657 215.10475873264076085 6.7962288958010228512 
 190.54495363353058224 228.22404227033462121 6.7962288958010228512 
