 179.92657779020677822 9.185769831701492194 6.3734969549138789091 
 157.75632745332515583 21.985769831701468036 6.3734969549138789091 
 122.78607711644353628 12.615519494819867674 6.3734969549138789091 
 135.58607711644353344 34.785769831701493615 6.3734969549138789091 
 113.41582677956191105 47.585769831701490773 6.3734969549138789091 
 100.6158267795619139 25.415519494819868385 6.3734969549138789091 
 78.445576442680291507 38.215519494819865542 6.3734969549138789091 
 91.245576442680274454 60.385769831701495036 6.3734969549138789091 
 69.075326105798652065 73.185769831701492194 6.3734969549138789091 
 56.275326105798647802 51.015519494819869806 6.3734969549138789091 
 34.105075768917025414 63.815519494819866964 6.3734969549138789091 
 46.905075768917015466 85.985769831701489352 6.3734969549138789091 
 24.734825432035393078 98.785769831701500721 6.3734969549138789091 
 11.934825432035392367 76.615519494819878332 6.3734969549138789091 
 2.5645750951537693574 111.58576983170149788 6.3734969549138789091 
 192.72657779020678959 31.356020168583103924 6.3734969549138789091 
 205.52657779020682938 53.526270505464736971 6.3734969549138789091 
 183.35632745332517857 66.326270505464734129 6.3734969549138789091 
 170.5563274533251672 44.156020168583104635 6.3734969549138789091 
 148.38607711644354481 56.956020168583116003 6.3734969549138789091 
 161.18607711644352776 79.126270505464745497 6.3734969549138789091 
 139.01582677956190537 91.926270505464742655 6.3734969549138789091 
 126.21582677956190821 69.756020168583120267 6.3734969549138789091 
 104.04557644268028582 82.556020168583117425 6.3734969549138789091 
 116.84557644268028298 104.72627050546475402 6.3734969549138789091 
 94.675326105798660592 117.52627050546476539 6.3734969549138789091 
 81.875326105798649223 95.356020168583114582 6.3734969549138789091 
 59.705075768917026835 108.15602016858311174 6.3734969549138789091 
 72.505075768917038204 130.32627050546474834 6.3734969549138789091 
 50.334825432035401604 143.12627050546475971 6.3734969549138789091 
 37.534825432035390236 120.95602016858313732 6.3734969549138789091 
 15.364575095153769624 133.75602016858312027 6.3734969549138789091 
 28.164575095153768558 155.92627050546477108 6.3734969549138789091 
 5.9943247582721461697 168.72627050546475402 6.3734969549138789091 
 218.32657779020681232 75.69652084234637357 6.3734969549138789091 
 231.12657779020676685 97.866771179227995958 6.3734969549138789091 
 208.95632745332514446 110.66677117922800733 6.3734969549138789091 
 196.15632745332518994 88.496520842346370728 6.3734969549138789091 
 173.98607711644353913 101.29652084234636789 6.3734969549138789091 
 186.78607711644355049 123.46677117922800448 6.3734969549138789091 
 164.61582677956189968 136.26677117922801585 6.3734969549138789091 
 151.81582677956191674 114.09652084234637925 6.3734969549138789091 
 129.64557644268029435 126.89652084234637641 6.3734969549138789091 
 142.4455764426802773 149.0667711792279988 6.3734969549138789091 
 120.27532610579865491 161.86677117922801017 6.3734969549138789091 
 107.47532610579865775 139.69652084234638778 6.3734969549138789091 
 85.305075768917035361 152.49652084234637073 6.3734969549138789091 
 98.105075768917032519 174.66677117922802154 6.3734969549138789091 
 75.934825432035410131 187.46677117922800448 6.3734969549138789091 
 63.134825432035405868 165.2965208423463821 6.3734969549138789091 
 40.964575095153783479 178.09652084234639347 6.3734969549138789091 
 53.764575095153780637 200.26677117922801585 6.3734969549138789091 
 31.594324758272158249 213.0667711792279988 6.3734969549138789091 
 18.79432475827214688 190.89652084234637641 6.3734969549138789091 
 243.92657779020680664 120.03702151610963256 6.3734969549138789091 
 256.72657779020681801 142.20727185299122652 6.3734969549138789091 
 234.55632745332519562 155.00727185299123789 6.3734969549138789091 
 221.75632745332518425 132.83702151610964393 6.3734969549138789091 
 199.58607711644356186 145.63702151610962687 6.3734969549138789091 
 212.38607711644357323 167.80727185299122084 6.3734969549138789091 
  190.215826779561894 180.60727185299126063 6.3734969549138789091 
 177.41582677956193947 158.43702151610963824 6.3734969549138789091 
 155.24557644268031709 171.23702151610962119 6.3734969549138789091 
 168.04557644268027161 193.40727185299124358 6.3734969549138789091 
 145.87532610579864922 206.20727185299125495 6.3734969549138789091 
 133.07532610579866628 184.03702151610963256 6.3734969549138789091 
 110.90507576891704389 196.83702151610964393 6.3734969549138789091 
 123.70507576891704105 219.00727185299126631 6.3734969549138789091 
 101.53482543203541866 231.80727185299124926 6.3734969549138789091 
  88.7348254320354215 209.63702151610968372 6.3734969549138789091 
 66.564575095153784901 222.43702151610963824 6.3734969549138789091 
 79.364575095153782058 244.60727185299123221 6.3734969549138789091 
 44.394324758272169618 235.23702151610962119 6.3734969549138789091 
 247.35632745332517857 177.1775221898728887 6.3734969549138789091 
 225.18607711644355618 189.97752218987287165 6.3734969549138789091 
 237.98607711644353913 212.14777252675452246 6.3734969549138789091 
 215.81582677956191674 224.94777252675450541 6.3734969549138789091 
 203.01582677956193379 202.77752218987288302 6.3734969549138789091 
 180.8455764426803114 215.57752218987286597 6.3734969549138789091 
 193.64557644268029435 237.74777252675448835 6.3734969549138789091 
 171.47532610579867196 250.54777252675449972 6.3734969549138789091 
 158.67532610579866059 228.37752218987287733 6.3734969549138789091 
 136.5050757689170382 241.1775221898728887 6.3734969549138789091 
 114.33482543203538739 253.97752218987287165 6.3734969549138789091 
