 129.58396587400048361 2.0620049216780307333 6.3734969549138789091 
 147.68589947237612137 20.163938520053648062 6.3734969549138789091 
 129.58396587400048361 38.265872118429264503 6.3734969549138789091 
 111.48203227562487427 20.163938520053669379 6.3734969549138789091 
 93.380098677249264938 38.265872118429278714 6.3734969549138789091 
 111.48203227562487427 56.367805716804880944 6.3734969549138789091 
 93.380098677249250727 74.469739315180504491 6.3734969549138789091 
 75.278165078873627181 56.367805716804902261 6.3734969549138789091 
 57.176231480498017845 74.469739315180518702 6.3734969549138789091 
 75.278165078873627181 92.571672913556142248 6.3734969549138789091 
 57.176231480498024951 110.67360651193175158 6.3734969549138789091 
 39.07429788212240851 92.571672913556142248 6.3734969549138789091 
 20.972364283746792069 110.67360651193175158 6.3734969549138789091 
 39.07429788212240851 128.77554011030736092 6.3734969549138789091 
 20.972364283746792069 146.87747370868299868 6.3734969549138789091 
 2.8704306853711765157 128.77554011030736092 6.3734969549138789091 
 2.8704306853711765157 164.97940730705860801 6.3734969549138789091 
 165.78783307075170228 2.0620049216780307333 6.3734969549138789091 
 165.78783307075170228 38.265872118429264503 6.3734969549138789091 
 183.88976666912731162 56.367805716804880944 6.3734969549138789091 
 165.78783307075170228 74.469739315180504491 6.3734969549138789091 
 147.68589947237612137 56.367805716804880944 6.3734969549138789091 
 129.58396587400048361 74.469739315180504491 6.3734969549138789091 
 147.68589947237612137 92.571672913556113826 6.3734969549138789091 
 129.58396587400048361 110.67360651193173737 6.3734969549138789091 
 111.48203227562487427 92.571672913556128037 6.3734969549138789091 
 93.380098677249250727 110.67360651193175158 6.3734969549138789091 
 111.48203227562486006 128.77554011030736092 6.3734969549138789091 
 93.380098677249250727 146.87747370868297025 6.3734969549138789091 
 75.278165078873641392 128.77554011030736092 6.3734969549138789091 
 57.176231480498024951 146.87747370868299868 6.3734969549138789091 
 75.278165078873627181 164.97940730705857959 6.3734969549138789091 
 57.176231480498017845 183.08134090543418893 6.3734969549138789091 
 39.07429788212240851 164.97940730705860801 6.3734969549138789091 
 20.972364283746792069 183.08134090543421735 6.3734969549138789091 
 39.074297882122401404 201.18327450380982668 6.3734969549138789091 
 201.99170026750294937 38.265872118429264503 6.3734969549138789091 
 183.88976666912731162 20.163938520053648062 6.3734969549138789091 
 201.99170026750294937 74.46973931518049028 6.3734969549138789091 
 220.09363386587858713 92.571672913556099616 6.3734969549138789091 
 201.99170026750294937 110.67360651193173737 6.3734969549138789091 
 183.88976666912734004 92.571672913556099616 6.3734969549138789091 
 165.78783307075170228 110.67360651193173737 6.3734969549138789091 
 183.88976666912734004 128.7755401103073325 6.3734969549138789091 
 165.78783307075170228 146.87747370868297025 6.3734969549138789091 
 147.68589947237609294 128.77554011030736092 6.3734969549138789091 
 129.58396587400048361 146.87747370868297025 6.3734969549138789091 
 147.68589947237609294 164.97940730705857959 6.3734969549138789091 
 129.58396587400048361 183.08134090543418893 6.3734969549138789091 
 111.48203227562487427 164.97940730705857959 6.3734969549138789091 
 93.380098677249250727 183.08134090543418893 6.3734969549138789091 
 111.48203227562487427 201.18327450380982668 6.3734969549138789091 
 93.380098677249264938 219.28520810218543602 6.3734969549138789091 
 75.278165078873627181 201.18327450380982668 6.3734969549138789091 
 57.176231480498017845 219.28520810218543602 6.3734969549138789091 
 75.278165078873641392 237.38714170056101693 6.3734969549138789091 
 238.19556746425416804 74.46973931518049028 6.3734969549138789091 
 220.09363386587853029 56.367805716804873839 6.3734969549138789091 
 238.19556746425416804 110.67360651193173737 6.3734969549138789091 
 256.2975010626298058 128.7755401103073325 6.3734969549138789091 
 238.19556746425422489 146.87747370868297025 6.3734969549138789091 
 220.09363386587858713 128.7755401103073325 6.3734969549138789091 
 201.99170026750294937 146.87747370868297025 6.3734969549138789091 
 220.09363386587858713 164.97940730705855117 6.3734969549138789091 
 201.99170026750294937 183.08134090543418893 6.3734969549138789091 
 183.88976666912734004 164.97940730705857959 6.3734969549138789091 
 165.78783307075170228 183.08134090543418893 6.3734969549138789091 
 183.88976666912734004 201.18327450380982668 6.3734969549138789091 
 165.7878330707517307 219.28520810218543602 6.3734969549138789091 
 147.68589947237612137 201.18327450380982668 6.3734969549138789091 
 129.58396587400048361 219.28520810218543602 6.3734969549138789091 
 147.68589947237612137 237.38714170056101693 6.3734969549138789091 
 129.58396587400048361 255.48907529893665469 6.3734969549138789091 
 111.48203227562487427 237.38714170056101693 6.3734969549138789091 
 93.380098677249264938 255.48907529893665469 6.3734969549138789091 
 256.29750106262974896 92.571672913556099616 6.3734969549138789091 
 93.380098677249236516 2.0620049216780307333 6.3734969549138789091 
 256.2975010626298058 164.97940730705855117 6.3734969549138789091 
 238.19556746425422489 183.08134090543418893 6.3734969549138789091 
 75.278165078873627181 20.163938520053648062 6.3734969549138789091 
 57.176231480498003634 38.265872118429278714 6.3734969549138789091 
 220.09363386587858713 201.18327450380982668 6.3734969549138789091 
 201.99170026750294937 219.28520810218543602 6.3734969549138789091 
 39.074297882122387193 56.367805716804895155 6.3734969549138789091 
 20.972364283746770752 74.469739315180504491 6.3734969549138789091 
 183.88976666912734004 237.38714170056101693 6.3734969549138789091 
 165.7878330707517307 255.48907529893665469 6.3734969549138789091 
 2.8704306853711543113 92.571672913556128037 6.3734969549138789091 
