 105.38683988334199171 15.541569691411723397 6.3734969549138789091 
 87.284906284966382373 33.643503289787339838 6.3734969549138789091 
 69.182972686590758826 15.541569691411723397 6.3734969549138789091 
 51.081039088215156596 33.643503289787339838 6.3734969549138789091 
 69.182972686590773037 51.745436888162956279 6.3734969549138789091 
 51.081039088215156596 69.847370486538579826 6.3734969549138789091 
 32.979105489839540155 51.745436888162956279 6.3734969549138789091 
 14.877171891463932596 69.847370486538579826 6.3734969549138789091 
 32.979105489839540155 87.949304084914189161 6.3734969549138789091 
 14.877171891463932596 106.05123768328981271 6.3734969549138789091 
 177.79457427684445747 15.541569691411723397 6.3734969549138789091 
 159.69264067846884814 33.643503289787339838 6.3734969549138789091 
 141.5907070800932388 15.541569691411723397 6.3734969549138789091 
 123.48877348171761525 33.643503289787339838 6.3734969549138789091 
 141.5907070800932388 51.745436888162956279 6.3734969549138789091 
 123.48877348171761525 69.847370486538579826 6.3734969549138789091 
 105.38683988334199171 51.745436888162956279 6.3734969549138789091 
 87.284906284966396584 69.847370486538579826 6.3734969549138789091 
 105.38683988334199171 87.949304084914189161 6.3734969549138789091 
 87.284906284966396584 106.05123768328981271 6.3734969549138789091 
 69.182972686590773037 87.949304084914189161 6.3734969549138789091 
 51.081039088215156596 106.05123768328981271 6.3734969549138789091 
 69.182972686590773037 124.15317128166542204 6.3734969549138789091 
 51.081039088215156596 142.25510488004104559 6.3734969549138789091 
 32.979105489839540155 124.15317128166542204 6.3734969549138789091 
 14.87717189146391128 142.25510488004107401 6.3734969549138789091 
 32.979105489839525944 160.35703847841668335 6.3734969549138789091 
 14.87717189146391128 178.45897207679229268 6.3734969549138789091 
 195.89650787522009523 33.643503289787332733 6.3734969549138789091 
 213.99844147359570457 51.745436888162949174 6.3734969549138789091 
 195.89650787522009523 69.847370486538565615 6.3734969549138789091 
 177.79457427684445747 51.745436888162949174 6.3734969549138789091 
 159.69264067846884814 69.847370486538565615 6.3734969549138789091 
 177.79457427684445747 87.94930408491417495 6.3734969549138789091 
 159.69264067846884814 106.05123768328978429 6.3734969549138789091 
 141.5907070800932388 87.94930408491417495 6.3734969549138789091 
 123.48877348171761525 106.05123768328981271 6.3734969549138789091 
 141.5907070800932388 124.15317128166542204 6.3734969549138789091 
 123.48877348171762947 142.25510488004104559 6.3734969549138789091 
 105.38683988334199171 124.15317128166542204 6.3734969549138789091 
 87.284906284966396584 142.25510488004104559 6.3734969549138789091 
 105.38683988334199171 160.35703847841665493 6.3734969549138789091 
 87.284906284966396584 178.45897207679226426 6.3734969549138789091 
 69.182972686590773037 160.35703847841665493 6.3734969549138789091 
 51.081039088215142385 178.45897207679229268 6.3734969549138789091 
 69.182972686590758826 196.56090567516790202 6.3734969549138789091 
 51.081039088215142385 214.66283927354353978 6.3734969549138789091 
 32.979105489839525944 196.56090567516790202 6.3734969549138789091 
 232.10037507197128548 69.847370486538565615 6.3734969549138789091 
 250.20230867034692324 87.94930408491417495 6.3734969549138789091 
 232.10037507197128548 106.05123768328978429 6.3734969549138789091 
 213.99844147359570457 87.94930408491417495 6.3734969549138789091 
 195.89650787522009523 106.05123768328978429 6.3734969549138789091 
 213.99844147359570457 124.15317128166540783 6.3734969549138789091 
 195.89650787522009523 142.25510488004101717 6.3734969549138789091 
 177.79457427684445747 124.15317128166542204 6.3734969549138789091 
 159.69264067846887656 142.25510488004101717 6.3734969549138789091 
 177.79457427684445747 160.3570384784166265 6.3734969549138789091 
 159.69264067846887656 178.45897207679226426 6.3734969549138789091 
 141.5907070800932388 160.35703847841665493 6.3734969549138789091 
 123.48877348171762947 178.45897207679226426 6.3734969549138789091 
 141.5907070800932388 196.56090567516790202 6.3734969549138789091 
 123.48877348171762947 214.66283927354348293 6.3734969549138789091 
 105.38683988334202013 196.56090567516790202 6.3734969549138789091 
 87.284906284966382373 214.66283927354353978 6.3734969549138789091 
 105.38683988334199171 232.76477287191912069 6.3734969549138789091 
 87.284906284966382373 250.86670647029473002 6.3734969549138789091 
 69.182972686590758826 232.76477287191912069 6.3734969549138789091 
 250.20230867034692324 124.15317128166542204 6.3734969549138789091 
 232.10037507197134232 142.25510488004104559 6.3734969549138789091 
 250.20230867034692324 160.35703847841665493 6.3734969549138789091 
 232.10037507197134232 178.45897207679226426 6.3734969549138789091 
 213.99844147359573299 160.35703847841665493 6.3734969549138789091 
 195.89650787522009523 178.45897207679226426 6.3734969549138789091 
 213.99844147359573299 196.56090567516790202 6.3734969549138789091 
 195.89650787522009523 214.66283927354353978 6.3734969549138789091 
 177.79457427684451432 196.56090567516790202 6.3734969549138789091 
 159.69264067846887656 214.66283927354353978 6.3734969549138789091 
 177.79457427684451432 232.76477287191912069 6.3734969549138789091 
 159.69264067846887656 250.86670647029473002 6.3734969549138789091 
 141.59070708009326722 232.76477287191912069 6.3734969549138789091 
 123.48877348171762947 250.86670647029475845 6.3734969549138789091 
