 94.60951813956282308 60.534761104854574398 6.1294904453202683214 
 67.818052017724880898 82.80533758458348359 6.1294904453202683214 
 99.313405255694959806 120.69382024115168406 6.1294904453202683214 
 70.170287006973410371 112.88494524148201492 6.1294904453202683214 
 65.466399890841316278 52.725886105184919472 6.1294904453202683214 
 96.961170266446401911 90.614212584253124305 6.1294904453202683214 
 72.523626290814391382 142.96043161485505379 6.1294904453202683214 
 45.732160168976434989 165.2310080945839843 6.1294904453202683214 
 77.227513406946513896 203.11949075115217056 6.1294904453202683214 
 48.084395158224978672 195.31061575148251563 6.1294904453202683214 
 43.380508042092863263 135.15155661518542729 6.1294904453202683214 
 74.875278417697956002 173.03988309425363923 6.1294904453202683214 
 50.437734442065945473 225.38610212485556872 6.1294904453202683214 
 121.39929710444337729 38.268149731151218873 6.1294904453202683214 
 92.256178855721842069 30.459274731481563947 6.1294904453202683214 
 21.29461619334443867 217.57722712518591379 6.1294904453202683214 
 119.04706211519483361 8.1885420742526342508 6.1294904453202683214 
 152.89575463700589353 76.152511104193877145 6.1294904453202683214 
 126.10428851516793713 98.42308758392276502 6.1294904453202683214 
 157.59964175313800183 136.31157024049096549 6.1294904453202683214 
 128.4565235044164524 128.50269524082131056 6.1294904453202683214 
 123.75263638828437252 68.343636104524222219 6.1294904453202683214 
 155.24740676388947236 106.23196258359243416 6.1294904453202683214 
 130.80986278825744762 158.57818161419436365 6.1294904453202683214 
 104.01839666641949123 180.84875809392329415 6.1294904453202683214 
 135.51374990438955592 218.73724075049145199 6.1294904453202683214 
 106.37063165566804912 210.92836575082182549 6.1294904453202683214 
 101.66674453953594082 150.76930661452470872 6.1294904453202683214 
 133.16151491514102645 188.65763309359294908 6.1294904453202683214 
 108.72397093950903013 241.00385212419487857 6.1294904453202683214 
 148.19018036391636883 15.997417073922278519 6.1294904453202683214 
 179.68553360188641932 53.885899730490514514 6.1294904453202683214 
 150.54241535316489831 46.077024730820859588 6.1294904453202683214 
 79.580852690787494907 233.19497712452525207 6.1294904453202683214 
 177.33329861263788985 23.80629207359194055 6.1294904453202683214 
 211.18199113444893555 91.770261103533158575 6.1294904453202683214 
 184.39052501261096495 114.04083758326206066 6.1294904453202683214 
 215.88587825058104386 151.92932023983024692 6.1294904453202683214 
 186.74276000185952284 144.12044524016062041 6.1294904453202683214 
 182.03887288572741454 83.96138610386351786 6.1294904453202683214 
 213.53364326133251438 121.84971258293171559 6.1294904453202683214 
 189.09609928570048965 174.1959316135336735 6.1294904453202683214 
 162.30463316386251904 196.46650809326260401 6.1294904453202683214 
 193.79998640183262637 234.35499074983073342 6.1294904453202683214 
 164.65686815311107694 226.54611575016113534 6.1294904453202683214 
 159.95298103697899705 166.38705661386401857 6.1294904453202683214 
 191.44775141258406848 204.27538309293225893 6.1294904453202683214 
 167.01020743695207216   256.62160212353416 6.1294904453202683214 
 206.47641686135938244 31.615167073261584818 6.1294904453202683214 
 237.97177009932951819 69.503649729829817261 6.1294904453202683214 
 208.82865185060796875 61.694774730160155229 6.1294904453202683214 
 137.86708918823055114 248.81272712386447665 6.1294904453202683214 
 235.61953511008093187 39.424042072931229086 6.1294904453202683214 
 36.32328164211980237 44.917011105515285863 6.1294904453202683214 
 242.67676151005406382 129.65858758260137051 6.1294904453202683214 
 41.027168758251875147 105.07607024181237421 6.1294904453202683214 
 245.02899649930259329 159.73819523949990185 6.1294904453202683214 
 240.32510938317045657 99.579136103202813501 6.1294904453202683214 
 38.674933769003374096 74.996462584913842875 6.1294904453202683214 
 14.237389793371374225 127.34268161551578658 6.1294904453202683214 
 220.59086966130564633 212.08425809260188544 6.1294904453202683214 
 18.941276909503429238 187.50174075181286071 6.1294904453202683214 
 222.94310465055417581 242.16386574950041677 6.1294904453202683214 
 218.2392175344220675    182.0048066132033 6.1294904453202683214 
 16.589041920254935292 157.4221330949143578 6.1294904453202683214 
 63.11306060700029974 22.650399731811919679 6.1294904453202683214 
