 159.36788624044771723 43.842070946670027354 6.1294904453202683214 
 125.03050773444141441 49.733222874120485812 6.1294904453202683214 
 133.36204241140390536 98.293287984539702506 6.1294904453202683214 
 112.02779916235199664 76.959044735487836419 6.1294904453202683214 
 138.03364299139582272 22.507827697618150609 6.1294904453202683214 
 146.36475098349330892 71.067466123172380321 6.1294904453202683214 
 99.028107579195634003 104.18184960792208926 6.1294904453202683214 
 64.690729073189373821 110.07300153537255483 6.1294904453202683214 
 73.022263750151850559 158.63306664579175731 6.1294904453202683214 
 51.688020501099970261 137.2988233967398628 6.1294904453202683214 
 77.693864330143767916 82.847606358870223175 6.1294904453202683214 
 86.024972322241254119 131.40724478442444934 6.1294904453202683214 
 38.688328917943614726 164.52162826917415828 6.1294904453202683214 
 4.3509504119373207942 170.41278019662462384 6.1294904453202683214 
 193.70182107265591753 37.953509323287661914 6.1294904453202683214 
 172.36757782360405145 16.619266074235774511 6.1294904453202683214 
 17.35408566889172377 143.18738502012226377 6.1294904453202683214 
 25.685193660989209974 191.74702344567648993 6.1294904453202683214 
 202.0363727385514494 86.510557444773780844 6.1294904453202683214 
 167.69899423254520343 92.401709372224246408 6.1294904453202683214 
 176.03052890950766596 140.96177448264347731 6.1294904453202683214 
 154.69628566045577145 119.6275312335915828 6.1294904453202683214 
 180.70212948949958331 65.176314195721914757 6.1294904453202683214 
 189.03323748159706952 113.73595262127612671 6.1294904453202683214 
 141.69659407729940881 146.85033610602584986 6.1294904453202683214 
 107.35921557129312021 152.74148803347631542 6.1294904453202683214 
 115.69075024825562537 201.30155314389554633 6.1294904453202683214 
 94.356506999203716646 179.9673098948436234 6.1294904453202683214 
 120.36235082824752851 125.51609285697396956 6.1294904453202683214 
 128.69345882034502893 174.07573128252820993 6.1294904453202683214 
 81.356815416047368217 207.19011476727789045 6.1294904453202683214 
 47.019436910041072508 213.08126669472838444 6.1294904453202683214 
 236.37030757075970655 80.62199582139142251 6.1294904453202683214 
 215.03606432170781204 59.287752572339528001 6.1294904453202683214 
 60.022572166995487919 185.85587151822602436 6.1294904453202683214 
 68.353680159092959912 234.41550994378027895 6.1294904453202683214 
   244.70485923665521 129.17904394287754144 6.1294904453202683214 
 210.36748073064893561 135.07019587032797858 6.1294904453202683214 
 218.69901540761139813 183.63026098074720949 6.1294904453202683214 
 197.36477215855950362 162.2960177316953434 6.1294904453202683214 
 223.37061598760331549 107.84480069382568956 6.1294904453202683214 
 231.70172397970080169 156.40443911937987309 6.1294904453202683214 
 184.36508057540314098 189.51882260412961045 6.1294904453202683214 
 150.02770206939686659 195.4099745315800476 6.1294904453202683214 
 158.35923674635938596 243.9700396419992785 6.1294904453202683214 
 137.02499349730746303 222.63579639294738399 6.1294904453202683214 
 163.03083732635130332 168.18457935507774437 6.1294904453202683214 
 171.3619453184487611 216.74421778063194211 6.1294904453202683214 
 124.02530191415112881 249.85860126538162262 6.1294904453202683214 
 89.687923408144825999 255.74975319283211661 6.1294904453202683214 
 102.69105866509926273 228.52435801632978496 6.1294904453202683214 
 116.69939974234395663 1.1735844485662845216 6.1294904453202683214 
 82.362021236337668029 7.0647363760167332103 6.1294904453202683214 
 90.693555913300116345 55.624801486435941911 6.1294904453202683214 
 69.359312664248250258 34.290558237384082929 6.1294904453202683214 
 103.69626448538956254 28.398979625068619725 6.1294904453202683214 
 56.359621081091894723 61.513363109818349983 6.1294904453202683214 
 22.022242575085609673 67.404515037268808442 6.1294904453202683214 
 30.353777252048068647 115.9645801476879825 6.1294904453202683214 
 9.0195340029962007833 94.630336898636130627 6.1294904453202683214 
 205.69932382445503549 210.85306585318147654 6.1294904453202683214 
 43.356485824137500629 88.73875828632070295 6.1294904453202683214 
