 16.397553382619637574 28.445284803162909526 7.248916323340228729 
 48.397553382619641127 60.445284803162898868 7.248916323340228729 
 16.397553382619637574 92.445284803162905973 7.248916323340228729 
 48.397553382619641127 124.44528480316290597 7.248916323340228729 
 16.397553382619637574 156.44528480316290597 7.248916323340228729 
 48.397553382619641127 188.44528480316290597 7.248916323340228729 
 16.397553382619637574 220.44528480316290597 7.248916323340228729 
 48.397553382619641127 252.44528480316290597 7.248916323340228729 
 80.397553382619648232 28.445284803162909526 7.248916323340228729 
 112.39755338261964823 60.445284803162898868 7.248916323340228729 
 80.397553382619648232 92.445284803162905973 7.248916323340228729 
 112.39755338261964823 124.44528480316290597 7.248916323340228729 
 80.397553382619648232 156.44528480316290597 7.248916323340228729 
 112.39755338261964823 188.44528480316290597 7.248916323340228729 
 80.397553382619648232 220.44528480316290597 7.248916323340228729 
 112.39755338261964823 252.44528480316290597 7.248916323340228729 
 144.39755338261963402 28.445284803162909526 7.248916323340228729 
 176.39755338261963402 60.445284803162898868 7.248916323340228729 
 144.39755338261963402 92.445284803162905973 7.248916323340228729 
 176.39755338261963402 124.44528480316290597 7.248916323340228729 
 144.39755338261963402 156.44528480316290597 7.248916323340228729 
 176.39755338261963402 188.44528480316290597 7.248916323340228729 
 144.39755338261963402 220.44528480316290597 7.248916323340228729 
 176.39755338261963402 252.44528480316290597 7.248916323340228729 
 208.39755338261966244 28.445284803162909526 7.248916323340228729 
 240.39755338261966244 60.445284803162898868 7.248916323340228729 
 208.39755338261966244 92.445284803162905973 7.248916323340228729 
 240.39755338261966244 124.44528480316290597 7.248916323340228729 
 208.39755338261966244 156.44528480316290597 7.248916323340228729 
 240.39755338261966244 188.44528480316290597 7.248916323340228729 
 208.39755338261966244 220.44528480316290597 7.248916323340228729 
 240.39755338261966244 252.44528480316290597 7.248916323340228729 
