 135.27189042246490658 9.388068524558939032 7.248916323340228729 
 90.017056426525840607 9.388068524558914163 7.248916323340228729 
 90.017056426525869028 54.642902520497955265 7.248916323340228729 
 44.762222430586803057 54.642902520497969476 7.248916323340228729 
 44.762222430586803057 99.897736516437021237 7.248916323340228729 
 180.52672441840394413 9.388068524558914163 7.248916323340228729 
 180.52672441840394413 54.642902520497955265 7.248916323340228729 
 135.27189042246490658 54.642902520497969476 7.248916323340228729 
 135.27189042246490658 99.897736516436992815 7.248916323340228729 
 90.017056426525854818 99.897736516437021237 7.248916323340228729 
 90.017056426525840607 145.15257051237605879 7.248916323340228729 
 44.762222430586824373 145.15257051237605879 7.248916323340228729 
 44.762222430586817268 190.40740450831506791 7.248916323340228729 
 225.78155841434298168 54.642902520497955265 7.248916323340228729 
 225.7815584143430101 99.897736516437007026 7.248916323340228729 
 180.52672441840394413 99.897736516436992815 7.248916323340228729 
 180.52672441840394413 145.15257051237605879 7.248916323340228729 
 135.27189042246490658 145.15257051237605879 7.248916323340228729 
 135.27189042246490658 190.40740450831509634 7.248916323340228729 
 90.017056426525869028 190.40740450831506791 7.248916323340228729 
 90.017056426525869028 235.66223850425416231 7.248916323340228729 
 225.78155841434298168 145.15257051237603036 7.248916323340228729 
 225.78155841434298168 190.40740450831503949 7.248916323340228729 
 180.52672441840394413 190.40740450831506791 7.248916323340228729 
 180.52672441840391571 235.66223850425410546 7.248916323340228729 
 135.27189042246490658 235.66223850425410546 7.248916323340228729 
