 171.57447192095190758 31.767470050268627801 7.248916323340228729 
 127.86165899984986538 20.054657129166589158 7.248916323340228729 
 116.14884607874782319 63.767470050268620696 7.248916323340228729 
 72.436033157645780989 52.054657129166592711 7.248916323340228729 
 60.723220236543745898 95.767470050268642012 7.248916323340228729 
 17.010407315441721465 84.054657129166599816 7.248916323340228729 
 5.2975943943396845981 127.76747005026864201 7.248916323340228729 
 215.28728484205393556 43.480282971370655787 7.248916323340228729 
 203.57447192095190758 87.193095892472683772 7.248916323340228729 
 159.86165899984987959 75.480282971370641576 7.248916323340228729 
 148.14884607874782319 119.19309589247269798 7.248916323340228729 
 104.43603315764578099   107.48028297137067 7.248916323340228729 
 92.723220236543753003 151.19309589247268377 7.248916323340228729 
 49.010407315441732123 139.48028297137065579 7.248916323340228729 
 37.297594394339689927 183.19309589247271219 7.248916323340228729 
 247.28728484205393556 98.905908813574725968 7.248916323340228729 
 235.57447192095190758 142.61872173467676816 7.248916323340228729 
 191.86165899984987959 130.90590881357474018 7.248916323340228729 
 180.14884607874785161 174.61872173467673974 7.248916323340228729 
 136.4360331576457952 162.90590881357474018 7.248916323340228729 
  124.723220236543753 206.61872173467676816 7.248916323340228729 
 81.010407315441739229 194.90590881357474018 7.248916323340228729 
 69.297594394339697033 238.61872173467682501 7.248916323340228729 
 223.86165899984985117 186.33153465577876773 7.248916323340228729 
 84.148846078747837396 8.3418442080645753833 7.248916323340228729 
 168.43603315764576678 218.33153465577876773 7.248916323340228729 
 28.723220236543749451 40.341844208064578936 7.248916323340228729 
 113.01040731544173923 250.33153465577876773 7.248916323340228729 
