 122.16275979871726065 14.331217090444555495 6.4310378196157031994 
 154.31761551517956832 24.646113910263597546 6.4310378196157031994 
 67.31843058668488311 29.026710812235254622 6.4310378196157031994 
 99.473286303147190779 39.341607632054298449 6.4310378196157031994 
 12.474101374652493135 43.72220453402596263 6.4310378196157031994 
 44.628957091114777711 54.037101353845017115 6.4310378196157031994 
 209.16194472721196007 9.9506201884728753271 6.4310378196157031994 
 131.6281420196094416 49.656504451873338724 6.4310378196157031994 
 163.78299773607176348 59.971401271692378998 6.4310378196157031994 
 76.783812807577078274 64.351998173664043179 6.4310378196157031994 
 108.93866852403937173 74.666894993483083454 6.4310378196157031994 
 21.939483595544679417 79.04749189545475474 6.4310378196157031994 
 54.09433931200696577 89.362388715273795015 6.4310378196157031994 
 186.47247123164183336 34.961010730082634268 6.4310378196157031994 
 218.62732694810415524 45.275907549901674543 6.4310378196157031994 
 141.09352424050163677 84.981791813302109517 6.4310378196157031994 
 173.24837995696393023 95.296688633121149792 6.4310378196157031994 
 86.249195028469259228 99.677285535092835289 6.4310378196157031994 
 118.40405074493155269 109.99218235491184714 6.4310378196157031994 
 31.404865816436867476 114.37277925688353264 6.4310378196157031994 
 63.559721532899153829 124.68767607670257291 6.4310378196157031994 
 195.93785345253402852 70.286298091511412167 6.4310378196157031994 
 228.09270916899632198 80.601194911330452442 6.4310378196157031994 
 150.55890646139383193 120.30707917473088742 6.4310378196157031994 
 182.71376217785612539 130.62197599454992769 6.4310378196157031994 
 95.714577249361454392 135.0025728965216274 6.4310378196157031994 
 127.86943296582374785 145.31746971634063925 6.4310378196157031994 
 40.870248037329055535 149.69806661831231054 6.4310378196157031994 
 73.025103753791341887 160.01296343813135081 6.4310378196157031994 
 205.40323567342619526 105.61158545294019007 6.4310378196157031994 
 237.55809138988851714 115.92648227275923034 6.4310378196157031994 
 160.02428868228599868 155.63236653615967953 6.4310378196157031994 
 192.17914439874832055 165.9472633559787198 6.4310378196157031994 
 105.17995947025362113 170.32786025795039109 6.4310378196157031994 
 137.3348151867159288 180.64275707776940294 6.4310378196157031994 
 50.335630258221243594 185.02335397974110265 6.4310378196157031994 
 82.490485974683522841 195.33825079956014292 6.4310378196157031994 
 214.86861789431839043 140.93687281436896797 6.4310378196157031994 
 247.02347361078071231 151.25176963418797982 6.4310378196157031994 
 169.48967090317819384 190.95765389758844321 6.4310378196157031994 
 201.64452661964051572 201.27255071740751191 6.4310378196157031994 
 114.6453416911458163 205.65314761937915478 6.4310378196157031994 
 146.80019740760812397 215.96804443919819505 6.4310378196157031994 
 59.801012479113424547 220.34864134116986634 6.4310378196157031994 
 91.955868195575718005 230.66353816098890661 6.4310378196157031994 
 224.33400011521058559 176.26216017579776008 6.4310378196157031994 
 256.48885583167287905 186.57705699561680035 6.4310378196157031994 
  178.955053124070389 226.28294125901726375 6.4310378196157031994 
 211.10990884053268246 236.59783807883636086 6.4310378196157031994 
 124.11072391203802567 240.97843498080794689 6.4310378196157031994 
 156.26557962850031913  251.293331800627044 6.4310378196157031994 
 69.266394700005619711 255.67392870259868687 6.4310378196157031994 
 233.79938233610278076 211.58744753722655219 6.4310378196157031994 
