 23.446370093213310781 69.032591395191900574 6.4310378196157031994 
 23.446370093213310781 109.18142623321634233 6.4310378196157031994 
 41.73208437892759548 109.18142623321634233 6.4310378196157031994 
 41.73208437892759548 69.032591395191900574 6.4310378196157031994 
 23.446370093213310781 149.33026107124075565 6.4310378196157031994 
 23.446370093213310781 189.47909590926516898 6.4310378196157031994 
 41.73208437892759548 189.47909590926516898 6.4310378196157031994 
 41.73208437892759548 149.33026107124075565 6.4310378196157031994 
 23.446370093213310781 229.62793074728961074 6.4310378196157031994 
 23.446370093213310781 28.883756557167519219 6.4310378196157031994 
 41.73208437892759548 28.883756557167519219 6.4310378196157031994 
 41.73208437892759548 229.62793074728961074 6.4310378196157031994 
 60.01779866464188018 69.032591395191900574 6.4310378196157031994 
 60.01779866464188018 109.18142623321634233 6.4310378196157031994 
 78.303512950356164879 109.18142623321634233 6.4310378196157031994 
 78.303512950356164879 69.032591395191900574 6.4310378196157031994 
 60.01779866464188018 149.33026107124075565 6.4310378196157031994 
 60.01779866464188018 189.47909590926516898 6.4310378196157031994 
 78.303512950356164879 189.47909590926516898 6.4310378196157031994 
 78.303512950356164879 149.33026107124075565 6.4310378196157031994 
 60.01779866464188018 229.62793074728961074 6.4310378196157031994 
 60.01779866464188018 28.883756557167519219 6.4310378196157031994 
 78.303512950356164879 28.883756557167519219 6.4310378196157031994 
 78.303512950356164879 229.62793074728961074 6.4310378196157031994 
 96.589227236070442473 69.032591395191900574 6.4310378196157031994 
 96.589227236070442473 109.18142623321634233 6.4310378196157031994 
 114.87494152178472007 109.18142623321634233 6.4310378196157031994 
 114.87494152178472007 69.032591395191900574 6.4310378196157031994 
 96.589227236070442473 149.33026107124075565 6.4310378196157031994 
 96.589227236070442473 189.47909590926516898 6.4310378196157031994 
 114.87494152178472007 189.47909590926516898 6.4310378196157031994 
 114.87494152178472007 149.33026107124075565 6.4310378196157031994 
 96.589227236070442473 229.62793074728961074 6.4310378196157031994 
 96.589227236070442473 28.883756557167519219 6.4310378196157031994 
 114.87494152178472007 28.883756557167519219 6.4310378196157031994 
 114.87494152178472007 229.62793074728961074 6.4310378196157031994 
 133.16065580749904029 69.032591395191900574 6.4310378196157031994 
 133.16065580749904029 109.18142623321634233 6.4310378196157031994 
 151.44637009321331789 109.18142623321634233 6.4310378196157031994 
 151.44637009321331789 69.032591395191900574 6.4310378196157031994 
 133.16065580749904029 149.33026107124075565 6.4310378196157031994 
 133.16065580749904029 189.47909590926516898 6.4310378196157031994 
 151.44637009321331789 189.47909590926516898 6.4310378196157031994 
 151.44637009321331789 149.33026107124075565 6.4310378196157031994 
 133.16065580749904029 229.62793074728961074 6.4310378196157031994 
 133.16065580749904029 28.883756557167519219 6.4310378196157031994 
 151.44637009321331789 28.883756557167519219 6.4310378196157031994 
 151.44637009321331789 229.62793074728961074 6.4310378196157031994 
 169.73208437892759548 69.032591395191900574 6.4310378196157031994 
 169.73208437892759548 109.18142623321634233 6.4310378196157031994 
 188.01779866464187307 109.18142623321634233 6.4310378196157031994 
 188.01779866464187307 69.032591395191900574 6.4310378196157031994 
 169.73208437892759548 149.33026107124075565 6.4310378196157031994 
 169.73208437892759548 189.47909590926516898 6.4310378196157031994 
 188.01779866464187307 189.47909590926516898 6.4310378196157031994 
 188.01779866464187307 149.33026107124075565 6.4310378196157031994 
 169.73208437892759548 229.62793074728961074 6.4310378196157031994 
 169.73208437892759548 28.883756557167519219 6.4310378196157031994 
 188.01779866464187307 28.883756557167519219 6.4310378196157031994 
 188.01779866464187307 229.62793074728961074 6.4310378196157031994 
 206.30351295035615067 69.032591395191900574 6.4310378196157031994 
 206.30351295035615067 109.18142623321634233 6.4310378196157031994 
 224.58922723607042826 109.18142623321634233 6.4310378196157031994 
 224.58922723607042826 69.032591395191900574 6.4310378196157031994 
 206.30351295035615067 149.33026107124075565 6.4310378196157031994 
 206.30351295035615067 189.47909590926516898 6.4310378196157031994 
 224.58922723607042826 189.47909590926516898 6.4310378196157031994 
 224.58922723607042826 149.33026107124075565 6.4310378196157031994 
 206.30351295035615067 229.62793074728961074 6.4310378196157031994 
 206.30351295035615067 28.883756557167519219 6.4310378196157031994 
 224.58922723607042826 28.883756557167519219 6.4310378196157031994 
 224.58922723607042826 229.62793074728961074 6.4310378196157031994 
 242.87494152178473428 69.032591395191900574 6.4310378196157031994 
 242.87494152178473428 109.18142623321634233 6.4310378196157031994 
 5.160655807499050951 109.18142623321634233 6.4310378196157031994 
 5.160655807499050951 69.032591395191900574 6.4310378196157031994 
 242.87494152178473428 149.33026107124075565 6.4310378196157031994 
 242.87494152178473428 189.47909590926516898 6.4310378196157031994 
 5.160655807499050951 189.47909590926516898 6.4310378196157031994 
 5.160655807499050951 149.33026107124075565 6.4310378196157031994 
 242.87494152178473428 229.62793074728961074 6.4310378196157031994 
 242.87494152178473428 28.883756557167519219 6.4310378196157031994 
 5.160655807499050951 28.883756557167519219 6.4310378196157031994 
 5.160655807499050951 229.62793074728961074 6.4310378196157031994 
