 66.630437547372153517 51.870699584218904477 6.1328769041298372144 
 53.056240530101796082 15.104666682417699164 6.1328769041298372144 
 70.771542269012485349 36.415886363593813257 6.1328769041298372144 
 40.632926365180800587 61.469106344292981703 6.1328769041298372144 
 50.066018660810833296 113.68995246671926225 6.1328769041298372144 
 36.491821643540475861 76.923919564918065817 6.1328769041298372144 
 54.207123382451165128 98.235139246094178134 6.1328769041298372144 
 24.068507478619487472 123.28835922679334658 6.1328769041298372144 
 33.501599774249498864 175.50920534921962712 6.1328769041298372144 
 19.927402756979144982 138.74317244741845911 6.1328769041298372144 
 37.642704495889830696 160.05439212859457143 6.1328769041298372144 
 7.5040885920581370527 185.10761210929373988 6.1328769041298372144 
 3.362983870417814547 200.56242532991885241 6.1328769041298372144 
 21.078285609328510475 221.87364501109493631 6.1328769041298372144 
  100.910158172844163 11.362666382894643036 6.1328769041298372144 
 110.3432504684741815 63.583512505320939567 6.1328769041298372144 
 96.769053451203831173 26.817479603519736031 6.1328769041298372144 
 114.48435519011452755 48.128699284695848348 6.1328769041298372144 
 84.345739286282835678 73.181919265395023899 6.1328769041298372144 
 93.778831581912854176 125.40276538782129023 6.1328769041298372144 
 80.204634564642518058 88.636732486020093802 6.1328769041298372144 
 97.919936303553186008 109.94795216719620612 6.1328769041298372144 
 67.781320399721522563 135.00117214789537456 6.1328769041298372144 
 77.21441269535152685 187.22201827032165511 6.1328769041298372144 
 63.640215678081183626 150.45598536852045868 6.1328769041298372144 
 81.355517416991858681  171.767205049696571 6.1328769041298372144 
 51.216901513160188131 196.82042503039576786 6.1328769041298372144 
 126.90766935503550883 1.7642596228205695841 6.1328769041298372144 
 47.075796791519856299 212.2752382510208804 6.1328769041298372144 
 64.791098530430531355 233.58645793219696429 6.1328769041298372144 
 144.6229710939462052 23.075479303996683456 6.1328769041298372144 
 154.0560633895762237 75.296325426422967553 6.1328769041298372144 
 140.48186637230585916 38.530292524621764017 6.1328769041298372144 
 158.19716811121654132 59.841512205797876334 6.1328769041298372144 
 128.05855220738487787 84.894732186497051885 6.1328769041298372144 
 137.49164450301489637 137.11557830892334664 6.1328769041298372144 
 123.91744748574453183 100.34954540712212179 6.1328769041298372144 
 141.63274922465524241 121.6607650882982341 6.1328769041298372144 
 111.49413332082355055 146.71398506899740255 6.1328769041298372144 
 120.92722561645356905 198.93483119142371152 6.1328769041298372144 
 107.35302859918320451 162.16879828962251509 6.1328769041298372144 
 125.06833033809390088 183.4800179707986274 6.1328769041298372144 
 94.929714434262209011 208.53323795149779585 6.1328769041298372144 
 170.62048227613755103 13.477072543922608006 6.1328769041298372144 
 90.788609712621862968 223.98805117212290838 6.1328769041298372144 
 108.50391145153257355 245.2992708532990207 6.1328769041298372144 
 188.33578401504823319 34.788292225098707888 6.1328769041298372144 
 197.76887631067825168 87.009138347525009749 6.1328769041298372144 
 184.19467929340788714 50.243105445723806213 6.1328769041298372144 
 201.90998103231856931 71.554325126899911425 6.1328769041298372144 
 171.77136512848690586 96.607545107599094081 6.1328769041298372144 
 181.20445742411692436 148.82839123002537463 6.1328769041298372144 
 167.63026040684655982 112.06235832822416398 6.1328769041298372144 
 185.3455621457572704 133.37357800940029051 6.1328769041298372144 
 155.20694624192557853 158.42679799009945896 6.1328769041298372144 
 164.64003853755559703 210.6476441125257395 6.1328769041298372144 
 151.06584152028523249 173.88161121072454307 6.1328769041298372144 
 168.78114325919594307 195.19283089190062697 6.1328769041298372144 
 138.64252735536425121 220.24605087259985226 6.1328769041298372144 
 214.33329519723957901 25.189885465024623556 6.1328769041298372144 
 134.50142263372390516 235.70086409322496479 6.1328769041298372144 
 232.04859693615028959 46.501105146200750085 6.1328769041298372144 
 241.48168923178027967 98.721951268627037734 6.1328769041298372144 
 227.90749221450994355 61.955918366825841304 6.1328769041298372144 
 245.62279395342062571 83.26713804800193941 6.1328769041298372144 
 215.48417804958893385 108.32035802870113628 6.1328769041298372144 
 224.91727034521895234 160.54120415112740261 6.1328769041298372144 
 211.34307332794861622 123.77517124932620618 6.1328769041298372144 
 229.05837506685926996 145.0863909305023185 6.1328769041298372144 
 198.91975916302763494 170.13961091120148694 6.1328769041298372144 
 208.35285145865762502 222.36045703362779591 6.1328769041298372144 
 194.7786544413872889 185.59442413182657106 6.1328769041298372144 
 212.49395618029794264 206.90564381300265495 6.1328769041298372144 
 182.35534027646627919 231.95886379370188024 6.1328769041298372144 
 178.21423555482593315 247.41367701432699278 6.1328769041298372144 
