 106.08539421722851159 30.613895499910608322 6.1328769041298372144 
 114.08539421722851159 16.757489039359601435 6.1328769041298372144 
 78.489476274963081437 33.156593461476887796 6.1328769041298372144 
 74.085394217228511593 86.039521342114696267 6.1328769041298372144 
 70.489476274963095648 47.012999922027894684 6.1328769041298372144 
 82.085394217228511593 72.183114881563682275 6.1328769041298372144 
 46.489476274963088542 88.582219303680957978 6.1328769041298372144 
 42.085394217228525804 141.46514718431876645 6.1328769041298372144 
 38.489476274963088542 102.43862576423197197 6.1328769041298372144 
 50.085394217228511593 127.60874072376775246 6.1328769041298372144 
  14.4894762749630992 144.00784514588502816 6.1328769041298372144 
 10.08539421722854712 196.89077302652285084 6.1328769041298372144 
 6.4894762749630894305 157.86425160643605636 6.1328769041298372144 
 18.085394217228515146 183.03436656597185106 6.1328769041298372144 
 145.27723010175935769 53.24131249788013065 6.1328769041298372144 
 141.68131215949392754 14.214791077793343277 6.1328769041298372144 
 153.27723010175935769 39.384906037329109552 6.1328769041298372144 
 117.68131215949392754 55.784010459446399466 6.1328769041298372144 
 113.27723010175935769 108.66693834008420083 6.1328769041298372144 
 109.68131215949394175 69.640416919997420564 6.1328769041298372144 
 121.27723010175934348 94.810531879533186839 6.1328769041298372144 
 85.681312159493941749 111.20963630165046254 6.1328769041298372144 
 81.277230101759357694 164.09256418228827101 6.1328769041298372144 
 77.681312159493941749 125.06604276220149075 6.1328769041298372144 
 89.277230101759357694 150.23615772173727123 6.1328769041298372144 
 53.681312159493948855 166.63526214385453272 6.1328769041298372144 
 49.277230101759386116 219.51819002449232698 6.1328769041298372144 
 45.681312159493941749 180.49166860440556093 6.1328769041298372144 
 57.277230101759357694 205.66178356394135562 6.1328769041298372144 
 188.87314804402478785 22.985801615211833848 6.1328769041298372144 
 184.46906598629018958 75.868729495849635214 6.1328769041298372144 
 180.87314804402475943 36.842208075762854946 6.1328769041298372144 
 192.46906598629018958 62.012323035298621221 6.1328769041298372144 
 156.87314804402478785 78.411427457415925346 6.1328769041298372144 
 152.46906598629021801 131.29435533805371961 6.1328769041298372144 
 148.87314804402478785 92.267833917966939339 6.1328769041298372144 
 160.46906598629018958 117.43794887750270561 6.1328769041298372144 
 124.87314804402478785 133.83705329961998132 6.1328769041298372144 
 120.4690659862902038  186.719981180257804 6.1328769041298372144 
 116.87314804402478785 147.69345976017100952 6.1328769041298372144 
 128.46906598629021801 172.8635747197067758 6.1328769041298372144 
 92.873148044024802061 189.26267914182403729 6.1328769041298372144 
 88.469065986290232217 242.14560702246183155 6.1328769041298372144 
 84.873148044024787851 203.11908560237506549 6.1328769041298372144 
 96.469065986290203796 228.28920056191086019 6.1328769041298372144 
 228.06498392855561974 45.613218613181345518 6.1328769041298372144 
 223.6609018708210499 98.496146493819153989 6.1328769041298372144 
 220.06498392855559132 59.469625073732366616 6.1328769041298372144 
 231.66090187082107832 84.639740033268139996 6.1328769041298372144 
 196.06498392855561974 101.03884445538542991 6.1328769041298372144 
 191.6609018708210499 153.92177233602322417 6.1328769041298372144 
 188.06498392855561974 114.8952509159364439 6.1328769041298372144 
 199.66090187082102148 140.06536587547222439 6.1328769041298372144 
 164.06498392855561974 156.4644702975895143 6.1328769041298372144 
 159.6609018708210499 209.34739817822730856 6.1328769041298372144 
 156.06498392855561974 170.32087675814051408 6.1328769041298372144 
 167.6609018708210499 195.49099171767630878 6.1328769041298372144 
 132.06498392855564816 211.89009613979357027 6.1328769041298372144 
 124.06498392855561974 225.74650260034457006 6.1328769041298372144 
 135.6609018708210499 250.91661755988039317 6.1328769041298372144 
 235.25681981308648005 123.66626145335494869 6.1328769041298372144 
 230.85273775535188179 176.54918933399275716 6.1328769041298372144 
 227.25681981308648005 137.52266791390596268 6.1328769041298372144 
 238.85273775535191021 162.69278287344172895 6.1328769041298372144 
 203.25681981308648005 179.09188729555901887 6.1328769041298372144 
 198.85273775535193863 231.97481517619681313 6.1328769041298372144 
 195.25681981308650847 192.94829375611004707 6.1328769041298372144 
 206.85273775535191021 218.11840871564581334 6.1328769041298372144 
 171.25681981308650847 234.51751313776307484 6.1328769041298372144 
 163.25681981308650847 248.37391959831415988 6.1328769041298372144 
