 118.68635493205528064 8.6010301274260356763 6.1328769041298372144 
 114.28227287432073922 61.483958008063865464 6.1328769041298372144 
 110.68635493205529485 22.45743658797706388 6.1328769041298372144 
 122.28227287432072501 47.627551547512844365 6.1328769041298372144 
 86.686354932055309064 64.026655969630127174 6.1328769041298372144 
 82.28227287432073922 116.90958385026793565 6.1328769041298372144 
 78.686354932055309064 77.883062430181141167 6.1328769041298372144 
 90.28227287432073922 103.05317738971692165 6.1328769041298372144 
 54.686354932055309064 119.45228181183418315 6.1328769041298372144 
 50.282272874320732114 172.33520969247203425 6.1328769041298372144 
 46.686354932055309064 133.30868827238521135 6.1328769041298372144 
 58.282272874320746325 158.47880323192097762 6.1328769041298372144 
 22.686354932055305511 174.87790765403829596 6.1328769041298372144 
 146.28227287432073922 6.0583321658597775183 6.1328769041298372144 
 14.686354932055296629 188.73431411458932416 6.1328769041298372144 
 26.282272874320742773 213.90442907412506202 6.1328769041298372144 
 157.87819081658614095 31.228447125395558004 6.1328769041298372144 
 153.47410875885157111 84.111375006033370028 6.1328769041298372144 
 149.87819081658614095 45.084853585946575549 6.1328769041298372144 
 161.47410875885157111 70.254968545482356035 6.1328769041298372144 
 125.87819081658615517 86.654072967599631738 6.1328769041298372144 
 121.47410875885158532 139.53700084823745442 6.1328769041298372144 
 117.87819081658614095 100.51047942815064573 6.1328769041298372144 
 129.47410875885157111 125.68059438768642622 6.1328769041298372144 
 93.878190816586155165 142.07969880980371613 6.1328769041298372144 
 89.474108758851585321 194.96262669044153881 6.1328769041298372144 
 85.878190816586140954 155.93610527035471591 6.1328769041298372144 
 97.474108758851599532 181.10622022989051061 6.1328769041298372144 
 61.87819081658614806 197.50532465200780052 6.1328769041298372144 
 185.47410875885157111 28.685749163829299846 6.1328769041298372144 
 53.878190816586140954 211.36173111255882873 6.1328769041298372144 
 65.474108758851599532 236.53184607209456658 6.1328769041298372144 
 197.07002670111700127 53.855864123365080331 6.1328769041298372144 
 192.66594464338243142 106.73879200400290301 6.1328769041298372144 
 189.07002670111700127 67.712270583916094324 6.1328769041298372144 
  200.665944643382403 92.88238554345187481 6.1328769041298372144 
 165.07002670111700127 109.28148996556915051 6.1328769041298372144 
 160.66594464338243142 162.16441784620695898 6.1328769041298372144 
 157.07002670111700127 123.13789642612016451 6.1328769041298372144 
 168.66594464338243142 148.30801138565593078 6.1328769041298372144 
 133.07002670111700127 164.70711580777322069 6.1328769041298372144 
 128.66594464338243142 217.5900436884110718 6.1328769041298372144 
 125.07002670111700127 178.5635222683242489 6.1328769041298372144 
 136.66594464338245984 203.73363722785998675 6.1328769041298372144 
 101.07002670111698706 220.13274164997736193 6.1328769041298372144 
 224.66594464338243142 51.313166161798818621 6.1328769041298372144 
 93.070026701117001267 233.98914811052833329 6.1328769041298372144 
 236.26186258564783316 76.483281121334584896 6.1328769041298372144 
 231.85778052791326331 129.36620900197240758 6.1328769041298372144 
 228.26186258564786158 90.339687581885613099 6.1328769041298372144 
 239.85778052791329173 115.50980254142139358 6.1328769041298372144 
 204.26186258564783316 131.90890696353864087 6.1328769041298372144 
 199.85778052791332016 184.79183484417649197 6.1328769041298372144 
 196.26186258564786158 145.76531342408969749 6.1328769041298372144 
 207.85778052791329173 170.93542838362546377 6.1328769041298372144 
 172.26186258564783316 187.33453280574272526 6.1328769041298372144 
 167.85778052791329173 240.21746068638057636 6.1328769041298372144 
 164.26186258564786158 201.19093926629375346 6.1328769041298372144 
 175.85778052791329173 226.36105422582949132 6.1328769041298372144 
 140.26186258564783316 242.76015864794683807 6.1328769041298372144 
 132.26186258564783316 256.61656510849786628 6.1328769041298372144 
 75.090436989789907329 38.856541010094353794 6.1328769041298372144 
 83.090436989789907329 25.000134549543343354 6.1328769041298372144 
 243.45369847017869347 154.53632396150817385 6.1328769041298372144 
 43.090436989789914435 94.282166852298431081 6.1328769041298372144 
 235.45369847017869347 168.39273042205917363 6.1328769041298372144 
 51.090436989789914435 80.425760391747417088 6.1328769041298372144 
 211.45369847017869347 209.96194980371222982 6.1328769041298372144 
 11.09043698978992154 149.70779269450250126 6.1328769041298372144 
 203.45369847017869347 223.81835626426325803 6.1328769041298372144 
 19.090436989789932198 135.85138623395147306 6.1328769041298372144 
