 201.4733183117984936 39.290943759564648019 6.1328769041298372144 
 153.47331831179852202 61.918360757534173899 6.1328769041298372144 
 185.47331831179852202 39.290943759564648019 6.1328769041298372144 
 169.47331831179852202 61.918360757534173899 6.1328769041298372144 
 137.47331831179852202 39.290943759564648019 6.1328769041298372144 
 89.473318311798522018 61.918360757534173899 6.1328769041298372144 
 121.47331831179852202 39.290943759564648019 6.1328769041298372144 
 105.47331831179852202 61.918360757534173899 6.1328769041298372144 
 73.473318311798507807 39.290943759564648019 6.1328769041298372144 
 25.473318311798514912 61.918360757534181005 6.1328769041298372144 
 57.473318311798507807 39.290943759564648019 6.1328769041298372144 
 41.473318311798493596 61.918360757534181005 6.1328769041298372144 
 9.4733183117985380051 39.29094375956466223 6.1328769041298372144 
 217.47331831179855044 61.918360757534159688 6.1328769041298372144 
 249.47331831179852202 39.290943759564640914 6.1328769041298372144 
 233.4733183117984936 61.918360757534159688 6.1328769041298372144 
 201.47331831179855044 84.545777755503692674 6.1328769041298372144 
 153.47331831179852202 107.17319475347319724 6.1328769041298372144 
 185.47331831179852202 84.545777755503692674 6.1328769041298372144 
 169.47331831179852202 107.17319475347319724 6.1328769041298372144 
 137.47331831179852202 84.545777755503692674 6.1328769041298372144 
 89.473318311798522018 107.17319475347321145 6.1328769041298372144 
 121.47331831179852202 84.545777755503692674 6.1328769041298372144 
 105.47331831179852202 107.17319475347321145 6.1328769041298372144 
 73.473318311798522018 84.545777755503692674 6.1328769041298372144 
 25.473318311798514912 107.17319475347321145 6.1328769041298372144 
 57.473318311798514912 84.545777755503692674 6.1328769041298372144 
 41.473318311798493596 107.17319475347321145 6.1328769041298372144 
 9.4733183117985380051 84.545777755503692674 6.1328769041298372144 
 217.47331831179855044 107.17319475347319724 6.1328769041298372144 
 249.47331831179852202 84.545777755503692674 6.1328769041298372144 
 233.4733183117984936 107.17319475347319724 6.1328769041298372144 
 201.47331831179855044 129.80061175144274443 6.1328769041298372144 
 153.47331831179852202  152.428028749412249 6.1328769041298372144 
 185.47331831179852202 129.80061175144274443 6.1328769041298372144 
 169.47331831179852202  152.428028749412249 6.1328769041298372144 
 137.47331831179852202 129.80061175144274443 6.1328769041298372144 
 89.473318311798522018  152.428028749412249 6.1328769041298372144 
 121.47331831179852202 129.80061175144274443 6.1328769041298372144 
 105.47331831179852202  152.428028749412249 6.1328769041298372144 
 73.473318311798522018 129.80061175144274443 6.1328769041298372144 
 25.473318311798514912  152.428028749412249 6.1328769041298372144 
 57.473318311798514912 129.80061175144274443 6.1328769041298372144 
 41.473318311798493596  152.428028749412249 6.1328769041298372144 
 9.4733183117985380051 129.80061175144274443 6.1328769041298372144 
 217.47331831179855044  152.428028749412249 6.1328769041298372144 
 249.47331831179852202 129.80061175144274443 6.1328769041298372144 
 233.4733183117984936  152.428028749412249 6.1328769041298372144 
 201.47331831179855044 175.05544574738175356 6.1328769041298372144 
 153.47331831179852202 197.68286274535128655 6.1328769041298372144 
 185.47331831179852202 175.05544574738175356 6.1328769041298372144 
 169.47331831179852202 197.68286274535128655 6.1328769041298372144 
 137.47331831179852202 175.05544574738175356 6.1328769041298372144 
 89.473318311798522018 197.68286274535128655 6.1328769041298372144 
 121.47331831179852202 175.05544574738175356 6.1328769041298372144 
 105.47331831179852202 197.68286274535128655 6.1328769041298372144 
 73.473318311798522018 175.05544574738175356 6.1328769041298372144 
 25.473318311798514912 197.68286274535128655 6.1328769041298372144 
 57.473318311798514912 175.05544574738175356 6.1328769041298372144 
 41.473318311798493596 197.68286274535128655 6.1328769041298372144 
 9.4733183117985380051 175.05544574738175356 6.1328769041298372144 
 217.47331831179855044 197.68286274535128655 6.1328769041298372144 
 249.47331831179852202 175.05544574738175356 6.1328769041298372144 
 233.4733183117984936 197.68286274535128655 6.1328769041298372144 
 201.47331831179855044 220.31027974332081953 6.1328769041298372144 
 153.47331831179852202 16.66352676159515056 6.1328769041298372144 
 185.47331831179852202 220.31027974332081953 6.1328769041298372144 
 169.47331831179852202 16.66352676159515056 6.1328769041298372144 
 137.47331831179852202 220.31027974332081953 6.1328769041298372144 
 89.473318311798522018 16.66352676159515056 6.1328769041298372144 
 121.47331831179852202 220.31027974332081953 6.1328769041298372144 
 105.47331831179852202 16.66352676159515056 6.1328769041298372144 
 73.473318311798522018 220.31027974332081953 6.1328769041298372144 
 25.473318311798514912 16.66352676159515056 6.1328769041298372144 
 57.473318311798529123 220.31027974332081953 6.1328769041298372144 
 41.473318311798486491 16.66352676159515056 6.1328769041298372144 
 9.4733183117985380051 220.31027974332081953 6.1328769041298372144 
 217.47331831179855044 16.66352676159515056 6.1328769041298372144 
 249.47331831179852202 220.31027974332081953 6.1328769041298372144 
 233.4733183117984936 16.66352676159515056 6.1328769041298372144 
