 65.436508661727984304 27.366092601601803125 6.822334768640208047 
 83.53844226010360785 58.719561309226499191 6.822334768640208047 
 52.184973552478922443 76.821494907602115632 6.822334768640208047 
 70.286907150854531778 108.17496361522678683 6.822334768640208047 
 38.933438443229853476 126.27689721360241037 6.822334768640208047 
 57.035372041605484128 157.63036592122708157 6.822334768640208047 
 25.68190333398079872 175.73229951960271933 6.822334768640208047 
 43.783836932356415161 207.08576822722739053 6.822334768640208047 
 12.430368224731733306 225.18770182560302828 6.822334768640208047 
 96.789977369352669712 9.2641590032261795784 6.822334768640208047 
 114.89191096772829326 40.617627710850861433 6.822334768640208047 
 132.99384456610388838 71.971096418475553946 6.822334768640208047 
 101.6403758584792314 90.073030016851163282 6.822334768640208047 
 119.74230945685485494 121.4264987244758629 6.822334768640208047 
 88.388840749230155325 139.52843232285147224 6.822334768640208047 
 106.49077434760579308 170.88190103047614343 6.822334768640208047 
 75.137305639981093464 188.98383462885178119 6.822334768640208047 
 93.23923923835671701 220.33730333647645239 6.822334768640208047 
 61.885770530732024497 238.43923693485209014 6.822334768640208047 
 146.24537967535297867 22.515694112475244992 6.822334768640208047 
 164.34731327372855958  53.8691628200999304 6.822334768640208047 
 182.44924687210422576 85.222631527724615808 6.822334768640208047 
 151.09577816447952614 103.32456512610023935 6.822334768640208047 
 169.19771176285513548 134.67803383372489634 6.822334768640208047 
 137.84424305523046428 152.7799674321005341 6.822334768640208047 
 155.94617665360607361 184.13343613972520529 6.822334768640208047 
 124.59270794598138821 202.23536973810084305 6.822334768640208047 
 142.69464154435701175 233.58883844572551425 6.822334768640208047 
 111.34117283673232635 251.69077204410115201 6.822334768640208047 
 195.70078198135328762 35.767229221724299748 6.822334768640208047 
 213.80271557972889696 67.120697929348992261 6.822334768640208047 
 231.90464917810453471 98.47416663697369188 6.822334768640208047 
 200.55118047047980667 116.57610023534930122 6.822334768640208047 
 218.65311406885547285 147.92956894297398662 6.822334768640208047 
 187.29964536123074481 166.03150254134959596 6.822334768640208047 
 205.40157895960641099 197.38497124897426716 6.822334768640208047 
 174.04811025198171137 215.48690484734990491 6.822334768640208047 
 192.15004385035732071 246.84037355497457611 6.822334768640208047 
 245.15618428735359657 49.018764330973368715 6.822334768640208047 
 34.083039954103298896 45.468026199977430224 6.822334768640208047 
 250.00658277648017247 129.82763534459837729 6.822334768640208047 
 20.831504844854240588 94.923428505977724967 6.822334768640208047 
 236.75504766723108219 179.28303765059865782 6.822334768640208047 
 7.5799697356051742858 144.37883081197801971 6.822334768640208047 
 223.50351255798204875 228.73843995659896677 6.822334768640208047 
