 60.692707044948832618 30.089808291047912547 6.822334768640208047 
 29.339238337324168526 48.191741889423539646 6.822334768640208047 
 47.441171935699770756 79.545210597048225054 6.822334768640208047 
 16.087703228075113771 97.647144195423848601 6.822334768640208047 
 34.189636826450716001 129.00061290304850559 6.822334768640208047 
 2.8361681188260439157 147.10254650142414334 6.822334768640208047 
 20.938101717201647034 178.45601520904881454 6.822334768640208047 
 7.6865666079525789556 227.91141751504909507 6.822334768640208047 
 92.046175752573518025 11.987874692672310317 6.822334768640208047 
 110.14810935094914157 43.341343400296977961 6.822334768640208047 
 78.794640643324456164 61.443276998672608613 6.822334768640208047 
 96.89657424170007971 92.796745706297301126 6.822334768640208047 
 65.543105534075408514 110.89867930467289625 6.822334768640208047 
 83.645039132451017849 142.25214801229756745 6.822334768640208047 
 52.291570424826339547 160.3540816106732052 6.822334768640208047 
 70.393504023201955988 191.7075503182978764 6.822334768640208047 
 39.04003531557727058 209.80948391667351416 6.822334768640208047 
 57.141968913952894127 241.16295262429815693 6.822334768640208047 
 141.50157805857381277 25.239409801921365073 6.822334768640208047 
 159.60351165694945053 56.592878509546046928 6.822334768640208047 
 128.25004294932477933 74.69481210792167758 6.822334768640208047 
 146.35197654770038866 106.04828081554636299 6.822334768640208047 
 114.99850784007570326 124.15021441392197232 6.822334768640208047 
 133.1004414384513268 155.50368312154662931 6.822334768640208047 
 101.74697273082662718 173.60561671992226707 6.822334768640208047 
 119.84890632920226494 204.95908542754696668 6.822334768640208047 
 88.495437621577565324 223.06101902592260444 6.822334768640208047 
 106.59737121995321729 254.41448773354719037 6.822334768640208047 
 190.95698036457412172 38.490944911170430487 6.822334768640208047 
 209.05891396294975948 69.844413618795115894 6.822334768640208047 
 177.70544525532508828 87.946347217170739441 6.822334768640208047 
 195.80737885370069762 119.29981592479543906 6.822334768640208047 
 164.45391014607602642 137.40174952317104839 6.822334768640208047 
 182.55584374445163576 168.75521823079569117 6.822334768640208047 
 151.20237503682696456 186.85715182917132893 6.822334768640208047 
 169.3043086352025739 218.21062053679602855 6.822334768640208047 
 137.95083992757787428 236.31255413517160946 6.822334768640208047 
 240.41238267057437383 51.742480020419492348 6.822334768640208047 
 227.16084756132536882 101.19788232641978709 6.822334768640208047 
 245.26278115970100657 132.5513510340444725 6.822334768640208047 
 213.90931245207627853 150.65328463242011026 6.822334768640208047 
 232.01124605045188787 182.00675334004478145 6.822334768640208047 
 200.65777734282721667 200.10868693842036237 6.822334768640208047 
 218.75971094120288285 231.46215564604509041 6.822334768640208047 
 187.40624223357815481 249.56408924442069974 6.822334768640208047 
