 95.931132571843917844 25.561626374504790249 6.822334768640208047 
 59.727265375092684963 25.56162637450480446 6.822334768640208047 
 59.727265375092677857 61.765493571256044447 6.822334768640208047 
 23.52339817834143787 61.765493571256044447 6.822334768640208047 
 23.52339817834143787 97.96936076800729154 6.822334768640208047 
 168.33886696534639782 25.561626374504790249 6.822334768640208047 
 132.13499976859515073 25.561626374504790249 6.822334768640208047 
 132.13499976859517915 61.765493571256030236 6.822334768640208047 
 95.931132571843917844 61.765493571256030236 6.822334768640208047 
 95.931132571843932055 97.969360768007263118 6.822334768640208047 
 59.727265375092677857 97.969360768007263118 6.822334768640208047 
 59.727265375092684963 134.17322796475852442 6.822334768640208047 
 23.523398178341462739 134.17322796475852442 6.822334768640208047 
 23.523398178341484055 170.37709516150971467 6.822334768640208047 
 204.54273416209761649 25.561626374504815118 6.822334768640208047 
 204.54273416209764491 61.765493571256016025 6.822334768640208047 
 168.33886696534639782 61.765493571256044447 6.822334768640208047 
 168.33886696534639782 97.969360768007263118 6.822334768640208047 
 132.13499976859517915 97.969360768007263118 6.822334768640208047 
 132.13499976859517915  134.173227964758496 6.822334768640208047 
 95.931132571843932055 134.17322796475852442 6.822334768640208047 
 95.931132571843917844 170.37709516150974309 6.822334768640208047 
 59.727265375092699173 170.37709516150974309 6.822334768640208047 
 59.72726537509272049 206.58096235826096176 6.822334768640208047 
 240.74660135884883516 61.765493571256030236 6.822334768640208047 
  240.746601358848892 97.969360768007263118 6.822334768640208047 
 204.54273416209764491 97.969360768007263118 6.822334768640208047 
 204.54273416209764491  134.173227964758496 6.822334768640208047 
 168.33886696534639782  134.173227964758496 6.822334768640208047 
 168.33886696534639782 170.37709516150974309 6.822334768640208047 
 132.13499976859517915 170.37709516150974309 6.822334768640208047 
 132.13499976859517915 206.58096235826099019 6.822334768640208047 
 95.931132571843932055 206.58096235826096176 6.822334768640208047 
 95.931132571843960477 242.78482955501218044 6.822334768640208047 
 240.74660135884883516 134.17322796475846758 6.822334768640208047 
  240.746601358848892 170.37709516150971467 6.822334768640208047 
 204.54273416209764491 170.37709516150971467 6.822334768640208047 
 204.54273416209764491 206.58096235826096176 6.822334768640208047 
 168.33886696534639782 206.58096235826096176 6.822334768640208047 
 168.33886696534639782 242.78482955501223728 6.822334768640208047 
 132.13499976859517915 242.78482955501223728 6.822334768640208047 
