 183.29712329137248616 21.649336141498455532 6.822334768640208047 
 151.94365458374775812 3.5474025431228306537 6.822334768640208047 
 133.84172098537214879 34.900871250747520946 6.822334768640208047 
 102.4882522777474918  16.7989376523718974 6.822334768640208047 
 84.386318679371854046 48.152406359996575702 6.822334768640208047 
 53.032849971747175744 30.050472761620966367 6.822334768640208047 
 34.930916373371552197 61.403941469245644669 6.822334768640208047 
 3.577447665746904093 43.302007870870021122 6.822334768640208047 
 214.65059199899710052 39.751269739874082632 6.822334768640208047 
 196.5486584006215196 71.104738447498760934 6.822334768640208047 
 165.19518969299681999 53.002804849123137387 6.822334768640208047 
 147.09325609462123907 84.356273556747822795 6.822334768640208047 
 115.73978738699653945 66.254339958372199249 6.822334768640208047 
 97.637853788620930118 97.607808665996884656 6.822334768640208047 
 66.284385080996230499 79.50587506762126111 6.822334768640208047 
 48.182451482620614058 110.85934377524594652 6.822334768640208047 
 16.828982774995971283 92.75741017687030876 6.822334768640208047 
 227.90212710824621922 89.206672045874370269 6.822334768640208047 
 209.80019350987058147 120.56014075349906989 6.822334768640208047 
 178.44672480224591027 102.45820715512343213 6.822334768640208047 
 160.34479120387030093 133.81167586274810333 6.822334768640208047 
 128.99132249624560131 115.70974226437249399 6.822334768640208047 
 110.88938889786997777 147.06321097199719361 6.822334768640208047 
 79.53592019024529236 128.96127737362155585 6.822334768640208047 
 61.433986591869675919 160.31474608124625547 6.822334768640208047 
 30.080517884245026039 142.21281248287061771 6.822334768640208047 
 11.978584285869390058 173.56628119049531733 6.822334768640208047 
 241.15366221749522424 138.66207435187470765 6.822334768640208047 
 223.05172861911967175 170.01554305949937884 6.822334768640208047 
 191.69825991149497213 151.91360946112374108 6.822334768640208047 
 173.59632631311936279 183.2670781687484407 6.822334768640208047 
 142.24285760549466318 165.16514457037280295 6.822334768640208047 
 124.14092400711903963 196.51861327799750256 6.822334768640208047 
 92.787455299494354222 178.41667967962186481 6.822334768640208047 
 74.685521701118744886 209.77014838724656443 6.822334768640208047 
 43.332052993494095006 191.66821478887092667 6.822334768640208047 
 25.230119395118457248 223.02168349649565471 6.822334768640208047 
 254.40519732674431452 188.11747665787495976 6.822334768640208047 
 236.30326372836870519 219.47094536549965937 6.822334768640208047 
 204.94979502074403399 201.36901176712402162 6.822334768640208047 
 186.84786142236839623 232.72248047474872124 6.822334768640208047 
 155.49439271474372504 214.62054687637308348 6.822334768640208047 
 137.3924591163681157 245.97401558399775467 6.822334768640208047 
 106.03899040874341608 227.87208198562214534 6.822334768640208047 
 56.583588102743149761 241.1236170948712072 6.822334768640208047 
