 62.439644233087278735 158.65423684893821132 5.4979010694558079209 
 114.47500612653634278 153.85967959258434234 5.4979010694558079209 
 99.390061461223353945 179.98757018227155413 5.4979010694558079209 
 88.457325179811817861 156.25695822076130526 5.4979010694558079209 
 73.372380514498800608 182.38484881044851704 5.4979010694558079209 
 84.305116795910336691 206.11546077195879434 5.4979010694558079209 
 140.49268707326086769 151.46240096440737943 5.4979010694558079209 
 125.40774240794786465 177.59029155409461964 5.4979010694558079209 
 151.42542335467237535 175.19301292591768515 5.4979010694558079209 
 136.34047868935940073 201.32090351560489694 5.4979010694558079209 
 110.32279774263486161 203.71818214378185985 5.4979010694558079209 
 121.25553402404638348 227.44879410529213715 5.4979010694558079209 
 95.237853077321844353 229.84607273346907164 5.4979010694558079209 
 162.35815963608391144 198.92362488742796245 5.4979010694558079209 
 147.27321497077090839 225.05151547711514581 5.4979010694558079209 
 173.29089591749547594 222.65423684893823975 5.4979010694558079209 
 92.609533563713284821 106.39845566956377354 5.4979010694558079209 
 77.524588898400281778 132.52634625925099954 5.4979010694558079209 
 66.591852616988759905 108.79573429774072224 5.4979010694558079209 
 51.506907951675763968 134.92362488742796245 5.4979010694558079209 
 144.64489545716236307 101.60389841320987614 5.4979010694558079209 
 129.55995079184936003 127.73178900289711635 5.4979010694558079209 
 118.62721451043783816 104.00117704138681063 5.4979010694558079209 
 103.5422698451248209 130.12906763107406505 5.4979010694558079209 
 155.57763173857387073 125.33451037472015344 5.4979010694558079209 
 181.59531268529840986 122.93723174654319052 5.4979010694558079209 
 166.51036801998540682 149.06512233623044494 5.4979010694558079209 
 192.52804896670994594 146.66784370805345361 5.4979010694558079209 
 177.44310430139691448 172.79573429774072224 5.4979010694558079209 
 203.46078524812148203 170.39845566956375933 5.4979010694558079209 
 188.37584058280845056 196.52634625925102796 5.4979010694558079209 
 214.39352152953298969 194.12906763107403663 5.4979010694558079209 
 199.30857686421998665 220.25695822076127683 5.4979010694558079209 
 107.69447822902631628 80.270565079876533332 5.4979010694558079209 
 81.676797282301777159 82.667843708053496243 5.4979010694558079209 
 133.71215917575085541 77.873286451699584632 5.4979010694558079209 
 159.72984012247539454 75.476007823522635931 5.4979010694558079209 
 170.6625764038869022 99.206619785032927439 5.4979010694558079209 
 196.68025735061144132 96.809341156855964527 5.4979010694558079209 
 207.61299363202294899 120.53995311836625604 5.4979010694558079209 
 218.54572991343448507 144.27056507987651912 5.4979010694558079209 
 229.47846619484602115 168.00117704138682484 5.4979010694558079209 
 185.74752106919993366 73.07872919534567302 5.4979010694558079209 
