 42.118240521942915677 126.78079664387071546 5.4979010694558079209 
 93.621463185902314308 135.61735264116342137 5.4979010694558079209 
 72.288129852568971501 156.9506859744967926 5.4979010694558079209 
 67.869851853922597229 131.19907464251707552 5.4979010694558079209 
 46.536518520589254422 152.53240797585041832 5.4979010694558079209 
 50.954796519235671326 178.28401930783007856 5.4979010694558079209 
 119.37307451788196033 140.03563063980976722 5.4979010694558079209 
 98.039741184548645947 161.3689639731430816 5.4979010694558079209 
 123.79135251652832039 165.78724197178942745 5.4979010694558079209 
 102.45801918319497759 187.12057530512279868 5.4979010694558079209 
 76.706407851215288929 182.70229730647645283 5.4979010694558079209 
 81.124685849861691622 208.45390863845605622 5.4979010694558079209 
 55.373074517881981649 204.0356306398097388 5.4979010694558079209 
 128.20963051517466624 191.53885330376911611 5.4979010694558079209 
 106.87629718184132344 212.87218663710245892 5.4979010694558079209 
 132.62790851382101209 217.29046463574877635 5.4979010694558079209 
 84.784907188609594186 84.114129977204058264 5.4979010694558079209 
 63.451573855276258485 105.44746331053737265 5.4979010694558079209 
 59.03329585662991974 79.695851978557698203 5.4979010694558079209 
 37.699962523296598249 101.02918531189104101 5.4979010694558079209 
 136.28812985256899992 92.950685974496749964 5.4979010694558079209 
 114.9547965192356429 114.28401930783009277 5.4979010694558079209 
 110.53651852058928284 88.532407975850389903 5.4979010694558079209 
 89.203185187255940036 109.86574130918373271 5.4979010694558079209 
 140.70640785121528893 118.7022973064764102 5.4979010694558079209 
 166.45801918319497759 123.12057530512275605 5.4979010694558079209 
 145.12468584986163478 144.45390863845608465 5.4979010694558079209 
 170.87629718184135186 148.8721866371024305 5.4979010694558079209 
 149.54296384850800905 170.2055199704357733 5.4979010694558079209 
 175.29457518048769771 174.62379796908214757 5.4979010694558079209 
 153.9612418471543549 195.95713130241549038 5.4979010694558079209 
 179.71285317913407198 200.37540930106183623 5.4979010694558079209 
 158.37951984580072917 221.70874263439517904 5.4979010694558079209 
 106.1182405219429512 62.780796643870708351 5.4979010694558079209 
 80.366629189963248336 58.362518645224369607 5.4979010694558079209 
 131.86985185392259723 67.199074642517061307 5.4979010694558079209 
 157.62146318590231431 71.617352641163421367 5.4979010694558079209 
 162.03974118454863174 97.368963973143067392 5.4979010694558079209 
 187.79135251652829197 101.78724197178942745 5.4979010694558079209 
 192.20963051517469466 127.53885330376911611 5.4979010694558079209 
 196.62790851382104051 153.29046463574880477 5.4979010694558079209 
 201.04618651246738636 179.04207596772849342 5.4979010694558079209 
 183.37307451788197454 76.035630639809753006 5.4979010694558079209 
