 62.797701747910892323 72.011066461397319927 5.4979010694558079209 
 92.967591078536898408 114.67773312806399133 5.4979010694558079209 
 62.797701747910892323 114.67773312806399133 5.4979010694558079209 
 77.882646413223881154 93.344399794730648523 5.4979010694558079209 
 47.712757082597860858 93.344399794730648523 5.4979010694558079209 
 32.627812417284872026 114.67773312806399133 5.4979010694558079209 
 108.05253574384991566 136.01106646139731993 5.4979010694558079209 
 77.882646413223881154 136.01106646139731993 5.4979010694558079209 
 92.967591078536898408 157.34439979473063431 5.4979010694558079209 
 62.797701747910892323 157.34439979473063431 5.4979010694558079209 
 47.712757082597860858 136.01106646139731993 5.4979010694558079209 
 32.627812417284872026 157.34439979473063431 5.4979010694558079209 
 17.542867751971840562 136.01106646139731993 5.4979010694558079209 
 77.882646413223881154 178.67773312806397712 5.4979010694558079209 
 47.712757082597860858 178.67773312806397712 5.4979010694558079209 
 62.797701747910892323 200.01106646139731993 5.4979010694558079209 
 123.1374804091629187 72.011066461397319927 5.4979010694558079209 
 92.967591078536898408 72.011066461397319927 5.4979010694558079209 
 108.05253574384991566 50.677733128063984225 5.4979010694558079209 
 77.882646413223881154 50.677733128063984225 5.4979010694558079209 
 153.30736973978895321 114.67773312806399133 5.4979010694558079209 
 123.1374804091629187 114.67773312806399133 5.4979010694558079209 
 138.22242507447595017 93.344399794730648523 5.4979010694558079209 
 108.05253574384991566 93.344399794730648523 5.4979010694558079209 
 138.22242507447592175 136.01106646139731993 5.4979010694558079209 
 153.30736973978895321 157.34439979473063431 5.4979010694558079209 
 123.1374804091629187 157.34439979473063431 5.4979010694558079209 
 138.22242507447595017 178.67773312806397712 5.4979010694558079209 
 108.05253574384991566 178.67773312806397712 5.4979010694558079209 
 123.1374804091629187 200.01106646139731993 5.4979010694558079209 
 92.967591078536898408 200.01106646139731993 5.4979010694558079209 
 108.05253574384991566 221.34439979473066273 5.4979010694558079209 
 77.882646413223895365 221.34439979473066273 5.4979010694558079209 
 153.30736973978895321 72.011066461397319927 5.4979010694558079209 
 138.22242507447592175 50.677733128063984225 5.4979010694558079209 
 168.39231440510198468 93.344399794730648523 5.4979010694558079209 
 183.47725907041498772 114.67773312806399133 5.4979010694558079209 
 168.39231440510198468 136.01106646139731993 5.4979010694558079209 
 183.47725907041498772 157.34439979473063431 5.4979010694558079209 
 168.39231440510198468 178.67773312806397712 5.4979010694558079209 
 153.30736973978895321 200.01106646139731993 5.4979010694558079209 
 138.22242507447592175 221.34439979473066273 5.4979010694558079209 
 198.56220373572799076 136.01106646139731993 5.4979010694558079209 
