 88.326767418051403524 86.968069324195496961 5.4979010694558079209 
 146.61051797952080733 102.58515321899821515 5.4979010694558079209 
 128.13530936545276973 113.25181988566488656 5.4979010694558079209 
 117.46864269878609832 94.776611271596848951 5.4979010694558079209 
 98.993434084718074928 105.44327793826352035 5.4979010694558079209 
 109.66010075138474633 123.91848655233155796 5.4979010694558079209 
 91.184892137316737148 134.58515321899821515 5.4979010694558079209 
 80.518225470650065745 116.10994460493019176 5.4979010694558079209 
 72.709683523248699544 145.25181988566487234 5.4979010694558079209 
 175.75239326025550213 110.39369516639955293 5.4979010694558079209 
 157.27718464618746452 121.06036183306622434 5.4979010694558079209 
 167.94385131285412172 139.53557044713423352 5.4979010694558079209 
 149.46864269878608411 150.20223711380091913 5.4979010694558079209 
 138.80197603211942692 131.72702849973290995 5.4979010694558079209 
 120.32676741805141774 142.39369516639956714 5.4979010694558079209 
 130.99343408471807493 160.86890378046757633 5.4979010694558079209 
 112.51822547065005153 171.53557044713423352 5.4979010694558079209 
 101.85155880398340855 153.06036183306622434 5.4979010694558079209 
 83.376350189915370947 163.72702849973290995 5.4979010694558079209 
 94.043016856582042351 182.20223711380091913 5.4979010694558079209 
 64.901141575847333343 174.39369516639956714 5.4979010694558079209 
 160.13530936545276973 168.67744572786892832 5.4979010694558079209 
 141.66010075138473212 179.34411239453558551 5.4979010694558079209 
 152.32676741805141774 197.81932100860359469 5.4979010694558079209 
 123.18489213731672294 190.01077906120227112 5.4979010694558079209 
 125.27718464618746452 65.634735990862154154 5.4979010694558079209 
 106.80197603211942692 76.301402657528825557 5.4979010694558079209 
 96.135309365452755515 57.826194043460816374 5.4979010694558079209 
 77.660100751384732121 68.492860710127473567 5.4979010694558079209 
 69.851558803983394341 97.634735990862154154 5.4979010694558079209 
 59.184892137316715832 79.15952737679413076 5.4979010694558079209 
 51.376350189915363842 108.30140265752882556 5.4979010694558079209 
 183.5609352076568257 81.251819885664886556 5.4979010694558079209 
 165.08572659358881651 91.918486552331557959 5.4979010694558079209 
 154.41905992692215932 73.443277938263520355 5.4979010694558079209 
 135.94385131285412172 84.109944604930191758 5.4979010694558079209 
 62.04301685658202814 126.77661127159686316 5.4979010694558079209 
 54.234474909180669044 155.91848655233155796 5.4979010694558079209 
 43.567808242513990535 137.44327793826352035 5.4979010694558079209 
 35.759266295112645651 166.58515321899824357 5.4979010694558079209 
 194.22760187432351131 99.727028499732881528 5.4979010694558079209 
 204.89426854099014008 118.20223711380090492 5.4979010694558079209 
 186.4190599269221309 128.86890378046757633 5.4979010694558079209 
 75.567808242513990535 192.86890378046757633 5.4979010694558079209 
 46.425932961779302843 185.06036183306625276 5.4979010694558079209 
 57.092599628445967141 203.53557044713426194 5.4979010694558079209 
 197.08572659358878809 147.34411239453558551 5.4979010694558079209 
 178.61051797952077891 158.01077906120227112 5.4979010694558079209 
 189.27718464618746452 176.48598767527030873 5.4979010694558079209 
 170.80197603211942692 187.15265434193696592 5.4979010694558079209 
 133.85155880398340855 208.48598767527030873 5.4979010694558079209 
 104.70968352324868533 200.67744572786892832 5.4979010694558079209 
 115.37635018991538516 219.1526543419369375 5.4979010694558079209 
 86.234474909180661939 211.34411239453561393 5.4979010694558079209 
 181.46864269878611253 205.6278629560049751 5.4979010694558079209 
 162.99343408471807493 216.29452962267166072 5.4979010694558079209 
 144.51822547065006574 226.96119628933831791 5.4979010694558079209 
 143.75239326025547371 54.968069324195489855 5.4979010694558079209 
 114.61051797952079312 47.159527376794144971 5.4979010694558079209 
 40.709683523248699544 89.826194043460802163 5.4979010694558079209 
 32.901141575847319132 118.96806932419551117 5.4979010694558079209 
 172.8942685409901685 62.776611271596856056 5.4979010694558079209 
 25.092599628445970694 148.10994460493020597 5.4979010694558079209 
 215.56093520765685412 136.67744572786892832 5.4979010694558079209 
 207.75239326025547371 165.81932100860362311 5.4979010694558079209 
 96.901141575847333343 229.81932100860365153 5.4979010694558079209 
 67.759266295112638545 222.01077906120227112 5.4979010694558079209 
 199.94385131285415014 194.96119628933831791 5.4979010694558079209 
 126.04301685658205656 237.62786295600500353 5.4979010694558079209 
