 82.218600651014739356 91.407299842411077861 5.4979010694558079209 
 142.55837931226682258 91.407299842411077861 5.4979010694558079209 
 127.47343464695377691 106.49224450772410933 5.4979010694558079209 
 112.38848998164077386 91.407299842411092072 5.4979010694558079209 
 97.303545316327756609 106.4922445077240809 5.4979010694558079209 
 112.38848998164078807 121.57718917303711237 5.4979010694558079209 
 97.303545316327785031 136.66213383835011541 5.4979010694558079209 
 82.218600651014753566 121.57718917303709816 5.4979010694558079209 
 82.218600651014753566 151.74707850366314688 5.4979010694558079209 
 172.72826864289282867 91.407299842411077861 5.4979010694558079209 
 157.6433239775797972 106.4922445077240809 5.4979010694558079209 
 172.72826864289282867 121.57718917303709816 5.4979010694558079209 
 157.6433239775797972 136.66213383835011541 5.4979010694558079209 
 142.55837931226679416 121.57718917303709816 5.4979010694558079209 
 127.47343464695377691 136.66213383835011541 5.4979010694558079209 
 142.55837931226679416 151.74707850366311845 5.4979010694558079209 
 127.47343464695377691 166.8320231689761215 5.4979010694558079209 
 112.38848998164078807 151.74707850366311845 5.4979010694558079209 
 97.303545316327756609 166.8320231689761215 5.4979010694558079209 
 112.38848998164077386 181.91696783428912454 5.4979010694558079209 
 82.218600651014753566 181.91696783428915296 5.4979010694558079209 
 172.72826864289282867 151.74707850366314688 5.4979010694558079209 
 157.6433239775797972 166.8320231689761215 5.4979010694558079209 
 172.72826864289282867 181.91696783428915296 5.4979010694558079209 
 142.55837931226682258 181.91696783428912454 5.4979010694558079209 
 112.38848998164077386 61.237410511785043354 5.4979010694558079209 
 97.303545316327742398 76.322355177098060608 5.4979010694558079209 
 82.218600651014725145 61.237410511785043354 5.4979010694558079209 
 67.133655985701722102 76.322355177098060608 5.4979010694558079209 
 67.133655985701736313 106.4922445077240809 5.4979010694558079209 
 52.048711320388719059 91.407299842411063651 5.4979010694558079209 
 52.048711320388719059 121.57718917303709816 5.4979010694558079209 
 172.72826864289282867 61.23741051178505046 5.4979010694558079209 
 157.64332397757982562 76.322355177098060608 5.4979010694558079209 
 142.55837931226679416 61.23741051178505046 5.4979010694558079209 
 127.47343464695377691 76.322355177098060608 5.4979010694558079209 
 67.133655985701736313 136.66213383835011541 5.4979010694558079209 
 67.133655985701736313 166.83202316897617834 5.4979010694558079209 
 52.048711320388719059 151.74707850366314688 5.4979010694558079209 
 52.048711320388719059 181.9169678342892098 5.4979010694558079209 
 187.81321330820583171 76.322355177098060608 5.4979010694558079209 
 202.89815797351886317 91.407299842411063651 5.4979010694558079209 
 187.81321330820583171 106.4922445077240809 5.4979010694558079209 
 97.303545316327756609  197.001912499602156 5.4979010694558079209 
 67.133655985701722102 197.00191249960218443 5.4979010694558079209 
 82.218600651014725145 212.08685716491518747 5.4979010694558079209 
 202.89815797351886317 121.57718917303709816 5.4979010694558079209 
 187.81321330820583171 136.66213383835011541 5.4979010694558079209 
 202.89815797351886317 151.74707850366314688 5.4979010694558079209 
 187.81321330820583171 166.83202316897614992 5.4979010694558079209 
 157.64332397757985404  197.001912499602156 5.4979010694558079209 
 127.47343464695377691  197.001912499602156 5.4979010694558079209 
 142.55837931226682258 212.08685716491518747 5.4979010694558079209 
 112.38848998164077386 212.08685716491518747 5.4979010694558079209 
 202.89815797351886317 181.91696783428915296 5.4979010694558079209 
 187.81321330820586013  197.001912499602156 5.4979010694558079209 
 172.72826864289285709 212.08685716491518747 5.4979010694558079209 
 127.47343464695377691 46.152465846472018995 5.4979010694558079209 
 97.303545316327742398 46.152465846472018995 5.4979010694558079209 
  36.9637666550756947 106.4922445077240809 5.4979010694558079209 
  36.9637666550756947 136.66213383835014383 5.4979010694558079209 
 157.6433239775797972 46.152465846472040312 5.4979010694558079209 
  36.9637666550756947 166.83202316897617834 5.4979010694558079209 
 217.98310263883189464 106.4922445077240809 5.4979010694558079209 
 217.98310263883189464 136.66213383835011541 5.4979010694558079209 
 127.47343464695377691 227.17180183022821893 5.4979010694558079209 
 97.303545316327756609 227.17180183022821893 5.4979010694558079209 
 217.98310263883189464 166.83202316897614992 5.4979010694558079209 
 157.64332397757985404 227.17180183022821893 5.4979010694558079209 
