 113.65360291456786968   87.999014635115131 5.4979010694558079209 
 165.90938409394232167 118.16890396574116551 5.4979010694558079209 
 145.30296646644220004 123.69037692792828409 5.4979010694558079209 
 139.78149350425508146 103.08395930042816246 5.4979010694558079209 
 119.17507587675497405 108.60543226261525263 5.4979010694558079209 
 124.69654883894209263 129.21184989011538846 5.4979010694558079209 
 104.09013121144195679 134.73332285230247862 5.4979010694558079209 
 98.568658249254866632  114.126905224802357 5.4979010694558079209 
 83.483713583941806746 140.25479581448959721 5.4979010694558079209 
 192.03727468362953346 133.25384863105418276 5.4979010694558079209 
 171.43085705612944025 138.77532159324127292 5.4979010694558079209 
 176.95233001831655884 159.38173922074139455 5.4979010694558079209 
 156.34591239081640879 164.90321218292851313 5.4979010694558079209 
 150.82443942862929021 144.2967945554283915 5.4979010694558079209 
  130.218021801129197 149.81826751761551009 5.4979010694558079209 
 135.73949476331628716 170.42468514511560329 5.4979010694558079209 
 115.13307713581617975 175.94615810730272187 5.4979010694558079209 
 109.61160417362907538 155.33974047980262867 5.4979010694558079209 
 89.005186546128925329 160.86121344198971883 5.4979010694558079209 
 94.526659508316029701 181.46763106948984046 5.4979010694558079209 
 68.398768918628789493 166.38268640417683741 5.4979010694558079209 
 161.86738535300352737 185.50962981042863476 5.4979010694558079209 
 141.26096772550340575 191.03110277261575334 5.4979010694558079209 
 146.78244068769052433 211.63752040011587496 5.4979010694558079209 
 120.65455009800329833 196.5525757348028435 5.4979010694558079209 
 154.86643816956811293 76.956068710740908045 5.4979010694558079209 
 134.2600205420679913 82.477541672928012417 5.4979010694558079209 
 128.7385475798808443 61.871124045427897897 5.4979010694558079209 
 108.13212995238075109 67.392597007615009375 5.4979010694558079209 
 93.04718528706776226 93.520487597302221161 5.4979010694558079209 
 87.525712324880643678 72.914069969802099536 5.4979010694558079209 
 72.440767659567598002 99.041960559489339744 5.4979010694558079209 
 207.12221934894256492 107.12595804136695676 5.4979010694558079209 
 186.5158017214424433 112.64743100355404692 5.4979010694558079209 
 180.99432875925535313 92.041013376053925299 5.4979010694558079209 
 160.38791113175520309 97.562486338241043882 5.4979010694558079209 
 77.962240621754702374 119.64837818698947558 5.4979010694558079209 
 62.877295956441678015 145.77626877667671579 5.4979010694558079209 
 57.355822994254573644 125.16985114917659416 5.4979010694558079209 
 42.270878328941549285 151.29774173886383437 5.4979010694558079209 
 212.6436923111296835 127.73237566886706418 5.4979010694558079209 
 218.16516527331677366 148.3387932963671858 5.4979010694558079209 
 197.55874764581665204 153.86026625855430439 5.4979010694558079209 
 73.920241880815893865 186.98910403167695904 5.4979010694558079209 
 47.792351291128660762  171.904159366363956 5.4979010694558079209 
 53.313824253315772239 192.51057699386407762 5.4979010694558079209 
 203.08022060800377062 174.46668388605442601 5.4979010694558079209 
  182.473802980503649 179.98815684824154459 5.4979010694558079209 
  187.995275942690796 200.59457447574166622 5.4979010694558079209 
 167.38885831519064595 206.11604743792875638 5.4979010694558079209 
 126.1760230601904027 217.15899336230296512 5.4979010694558079209 
 100.04813247050313407 202.0740486969899905 5.4979010694558079209 
 105.56960543269025266 222.68046632449011213 5.4979010694558079209 
 79.441714843003012447 207.59552165917708066 5.4979010694558079209 
 172.91033127737776454 226.72246506542890643 5.4979010694558079209 
 152.30391364987761449 232.24393802761599659 5.4979010694558079209 
 131.69749602237752129 237.76541098980308675 5.4979010694558079209 
 175.47285579706823455 71.434595748553803674 5.4979010694558079209 
 149.34496520738102276 56.34965108324078642 5.4979010694558079209 
 66.91929469738047942 78.435542931989218118 5.4979010694558079209 
 51.834350032067462166 104.56343352167645833 5.4979010694558079209 
 201.60074638675547476 86.519540413866820927 5.4979010694558079209 
 36.749405366754452018 130.69132411136368432 5.4979010694558079209 
 223.68663823550392067 168.94521092386730743 5.4979010694558079209 
 208.6016935701908892 195.07310151355457606 5.4979010694558079209 
 84.963187805190116819 228.20193928667725913 5.4979010694558079209 
 58.835297215502876611 213.11699462136422767 5.4979010694558079209 
 193.51674890487788616 221.20099210324178785 5.4979010694558079209 
 111.09107839487737124 243.28688395199020533 5.4979010694558079209 
