 114.01863190741229914 76.04171501051281723 5.4979010694558079209 
 156.68529857407895634 118.70838167717948863 5.4979010694558079209 
 135.35196524074561353 118.70838167717948863 5.4979010694558079209 
 135.35196524074561353 97.375048343846145826 5.4979010694558079209 
 114.01863190741229914 97.375048343846145826 5.4979010694558079209 
 114.01863190741229914 118.70838167717948863 5.4979010694558079209 
 92.685298574078970546 118.70838167717948863 5.4979010694558079209 
 92.685298574078970546 97.375048343846145826 5.4979010694558079209 
 71.351965240745613528 118.70838167717948863 5.4979010694558079209 
 178.01863190741227072 140.04171501051280302 5.4979010694558079209 
 156.68529857407895634 140.04171501051280302 5.4979010694558079209 
 156.68529857407895634 161.37504834384614583 5.4979010694558079209 
 135.35196524074561353 161.37504834384614583 5.4979010694558079209 
 135.35196524074561353 140.04171501051280302 5.4979010694558079209 
 114.01863190741229914 140.04171501051280302 5.4979010694558079209 
 114.01863190741229914 161.37504834384614583 5.4979010694558079209 
 92.685298574078970546 161.37504834384614583 5.4979010694558079209 
 92.685298574078970546 140.04171501051280302 5.4979010694558079209 
 71.351965240745613528 140.04171501051280302 5.4979010694558079209 
 71.351965240745613528 161.37504834384614583 5.4979010694558079209 
 50.018631907412263615 140.04171501051280302 5.4979010694558079209 
 135.35196524074561353 182.70838167717946021 5.4979010694558079209 
 114.01863190741229914 182.70838167717946021 5.4979010694558079209 
 114.01863190741229914 204.04171501051280302 5.4979010694558079209 
 92.685298574078970546 182.70838167717946021 5.4979010694558079209 
 156.68529857407895634 76.04171501051281723 5.4979010694558079209 
 135.35196524074561353 76.04171501051281723 5.4979010694558079209 
 135.35196524074561353 54.708381677179481528 5.4979010694558079209 
 114.01863190741229914 54.708381677179481528 5.4979010694558079209 
 92.685298574078970546 76.04171501051281723 5.4979010694558079209 
 92.685298574078970546 54.708381677179481528 5.4979010694558079209 
 71.351965240745613528 76.04171501051281723 5.4979010694558079209 
 199.35196524074561353 118.70838167717948863 5.4979010694558079209 
 178.01863190741227072 118.70838167717948863 5.4979010694558079209 
 178.01863190741227072 97.375048343846145826 5.4979010694558079209 
 156.68529857407895634 97.375048343846145826 5.4979010694558079209 
 71.351965240745613528 97.375048343846145826 5.4979010694558079209 
 50.018631907412263615 118.70838167717948863 5.4979010694558079209 
 50.018631907412263615 97.375048343846145826 5.4979010694558079209 
 28.685298574078920808 118.70838167717948863 5.4979010694558079209 
 199.35196524074561353 140.04171501051280302 5.4979010694558079209 
 199.35196524074561353 161.37504834384614583 5.4979010694558079209 
 178.01863190741227072 161.37504834384614583 5.4979010694558079209 
 50.018631907412263615 161.37504834384614583 5.4979010694558079209 
 28.685298574078920808 140.04171501051280302 5.4979010694558079209 
 28.685298574078920808 161.37504834384614583 5.4979010694558079209 
 178.01863190741227072 182.70838167717946021 5.4979010694558079209 
 156.68529857407895634 182.70838167717946021 5.4979010694558079209 
 156.68529857407895634 204.04171501051280302 5.4979010694558079209 
 135.35196524074561353 204.04171501051280302 5.4979010694558079209 
 92.685298574078970546 204.04171501051280302 5.4979010694558079209 
 71.351965240745613528 182.70838167717946021 5.4979010694558079209 
 71.351965240745613528 204.04171501051280302 5.4979010694558079209 
 50.018631907412263615 182.70838167717946021 5.4979010694558079209 
 135.35196524074561353 225.37504834384614583 5.4979010694558079209 
 114.01863190741229914 225.37504834384614583 5.4979010694558079209 
 92.685298574078970546 225.37504834384614583 5.4979010694558079209 
 178.01863190741227072 76.04171501051281723 5.4979010694558079209 
 156.68529857407895634 54.708381677179481528 5.4979010694558079209 
 71.351965240745613528 54.708381677179481528 5.4979010694558079209 
 50.018631907412263615 76.041715010512831441 5.4979010694558079209 
 199.35196524074561353 97.375048343846145826 5.4979010694558079209 
 28.685298574078920808 97.375048343846145826 5.4979010694558079209 
 199.35196524074561353 182.70838167717946021 5.4979010694558079209 
 178.01863190741227072 204.04171501051280302 5.4979010694558079209 
 50.018631907412263615 204.04171501051280302 5.4979010694558079209 
 28.685298574078920808 182.70838167717946021 5.4979010694558079209 
 156.68529857407895634 225.37504834384614583 5.4979010694558079209 
 71.351965240745613528 225.37504834384614583 5.4979010694558079209 
