                    1 22.794175999999971793 6.4655316576800299089 
 2.5564800000000102997 52.418751999999997793 6.4655316576800299089 
 12.49888000000000865 80.624191999999993641 6.4655316576800299089 
   10.217920000000003 98.364223999999964576 6.4655316576800299089 
 2.8786560000000007697 149.74355199999996557 6.4655316576800299089 
 18.83385600000001503 21.157183999999961799 6.4655316576800299089 
 5.3463680000000293191 182.56799999999989836 6.4655316576800299089 
 9.7139840000000283737 132.41516799999993736 6.4655316576800299089 
 21.48550399999999172 50.238655999999991764 6.4655316576800299089 
 25.336000000000012733 4.7701119999999717081 6.4655316576800299089 
 10.738880000000017745 165.44710399999991068 6.4655316576800299089 
 29.578943999999999903 34.242111999999998773 6.4655316576800299089 
 15.460287999999991371 211.39935999999994465 6.4655316576800299089 
 31.466944000000012238 77.989695999999952392 6.4655316576800299089 
 27.649855999999999767 106.72211199999996722 6.4655316576800299089 
 19.624512000000002843 193.86067199999993704 6.4655316576800299089 
 36.571327999999994063 60.913599999999995305 6.4655316576800299089 
 27.243839999999998724 125.24857599999991464 6.4655316576800299089 
 43.440576000000007184                    1 6.4655316576800299089 
 28.333120000000008076 165.74303999999997927 6.4655316576800299089 
 28.973631999999998499 241.37951999999989994 6.4655316576800299089 
 30.180799999999997851 223.04838399999994181 6.4655316576800299089 
 33.89792000000002048 183.68185599999992519 6.4655316576800299089 
 42.180544000000011806  93.3992319999999836 6.4655316576800299089 
 47.59212800000000243 32.332863999999972293 6.4655316576800299089 
 41.52313600000002225 153.57676799999995865 6.4655316576800299089 
 55.738943999999989387 15.640255999999999048 6.4655316576800299089 
 43.716415999999981068 134.50348799999997595 6.4655316576800299089 
 52.67078400000000471 50.156991999999988252 6.4655316576800299089 
 45.577152000000026533 248.0655999999999608 6.4655316576800299089 
 49.844288000000005923 218.88735999999994419 6.4655316576800299089 
 51.590079999999986171 185.74918399999992857 6.4655316576800299089 
 54.503103999999986229 167.06067199999992567 6.4655316576800299089 
 62.416575999999984958 91.13772799999996721 6.4655316576800299089 
 61.965120000000027289 126.25235199999993085 6.4655316576800299089 
 59.772735999999987655 202.83603199999993194 6.4655316576800299089 
 58.723007999999978779 236.13855999999992719 6.4655316576800299089 
 74.436032000000025732 12.035007999999971062 6.4655316576800299089 
 69.964224000000015735 54.863039999999998031 6.4655316576800299089 
 73.497791999999975587 73.743679999999997676 6.4655316576800299089 
 72.811328000000003158 108.02809599999996237 6.4655316576800299089 
 69.544383999999993762 160.11833599999994249 6.4655316576800299089 
 72.394559999999998468 141.64063999999993371 6.4655316576800299089 
 74.121280000000027144 246.8438399999999433 6.4655316576800299089 
 89.45977600000000507 23.749695999999993035 6.4655316576800299089 
 86.480319999999977654 42.828991999999971085 6.4655316576800299089 
 78.769855999999975893 205.07039999999992119 6.4655316576800299089 
 83.286464000000023589 172.27782399999992435 6.4655316576800299089 
 92.363072000000016715 72.055615999999957921 6.4655316576800299089 
 89.923903999999993175 142.72031999999995833 6.4655316576800299089 
 92.978751999999985856 104.50131199999991338 6.4655316576800299089 
   88.977343999999988 220.60447999999990998 6.4655316576800299089 
 89.382976000000013528 189.55219199999996249 6.4655316576800299089 
 89.862591999999992254 239.48537599999994541 6.4655316576800299089 
 101.17984000000001288 54.273855999999980781 6.4655316576800299089 
 95.461567999999985545 160.10899199999988696 6.4655316576800299089 
   101.43404799999999 87.585599999999971033 6.4655316576800299089 
 106.53881599999999708 14.595136000000001886 6.4655316576800299089 
 104.27961599999999009 132.96966399999996611 6.4655316576800299089 
 108.31264000000001602 115.95065599999993822 6.4655316576800299089 
 106.49580799999998248 218.10361599999993132 6.4655316576800299089 
 107.49151999999999418 247.85273599999996463 6.4655316576800299089 
 124.62752000000000407 19.395391999999993971 6.4655316576800299089 
 108.19360000000001776 189.45887999999990825 6.4655316576800299089 
 121.31078400000001238 51.084096000000002391 6.4655316576800299089 
 119.60262400000002003 84.42835199999998963 6.4655316576800299089 
 112.56723200000001839 161.61593599999991966 6.4655316576800299089 
 117.14694399999999064 144.87187199999993936 6.4655316576800299089 
 117.10943999999999221 204.41555199999999104 6.4655316576800299089 
 116.22713600000001577 232.63148799999993344 6.4655316576800299089 
 135.17830400000002555 3.6065920000000004642 6.4655316576800299089 
 128.41772799999998256 68.004288000000002512 6.4655316576800299089 
 127.12953600000000165 114.31071999999990396 6.4655316576800299089 
 134.35974400000000628 34.688447999999972637 6.4655316576800299089 
 121.17651200000000244 176.79187199999992686 6.4655316576800299089 
 132.39712000000000103 97.467711999999977479 6.4655316576800299089 
 133.55616000000000554 143.22719999999995366 6.4655316576800299089 
 132.80454399999999282 227.80614399999990383 6.4655316576800299089 
 134.42553600000002234 209.59251199999994242 6.4655316576800299089 
 140.91577599999999393 127.16550399999991328 6.4655316576800299089 
 152.83526399999999512 5.4581119999999829773 6.4655316576800299089 
 146.38598400000000765 72.472895999999991545 6.4655316576800299089 
 154.20499200000000428 24.543807999999991409 6.4655316576800299089 
 149.36927999999997496 91.786303999999972802 6.4655316576800299089 
 143.07027200000001699 158.22175999999996066 6.4655316576800299089 
 139.96575999999998885 175.44070399999995402 6.4655316576800299089 
 145.83238399999999046 239.21734399999991183 6.4655316576800299089 
 150.63302400000003445 201.81241599999989944 6.4655316576800299089 
 162.08300800000000663 63.900095999999983576 6.4655316576800299089 
 157.84198399999999651 134.15174399999992261 6.4655316576800299089 
 156.23750400000000127 184.83039999999996894 6.4655316576800299089 
 160.05216000000001486 229.5596159999999486 6.4655316576800299089 
 171.98995199999998817 29.165247999999973416 6.4655316576800299089 
 159.32256000000000995 152.80377599999997074 6.4655316576800299089 
 167.91046399999999039 97.60569599999993784 6.4655316576800299089 
 173.17843200000001502  48.0790399999999849 6.4655316576800299089 
 164.10156799999998611 212.73465599999994424 6.4655316576800299089 
 173.14835200000001691 79.783487999999991303 6.4655316576800299089 
 185.44595199999997703 14.38035199999999314 6.4655316576800299089 
 174.48121599999998921 130.34809599999994134 6.4655316576800299089 
 173.9807360000000358 239.5318399999999599 6.4655316576800299089 
 180.36230399999999463 113.48716799999996852 6.4655316576800299089 
 175.12057599999997137 161.86579199999991374 6.4655316576800299089 
 175.54963200000003098 180.63263999999995235 6.4655316576800299089 
 189.61683200000001648 55.24703999999996995 6.4655316576800299089 
 188.86880000000002156 73.519167999999993413 6.4655316576800299089 
 182.10527999999999338 210.80287999999995918 6.4655316576800299089 
 185.66816000000000031 146.80134399999991501 6.4655316576800299089 
 187.51596800000001508 228.46803199999990852 6.4655316576800299089 
 191.12774399999997854 195.0126719999999807 6.4655316576800299089 
 197.79551999999998202  122.818751999999904 6.4655316576800299089 
 204.55852800000008074 15.226047999999991589 6.4655316576800299089 
 206.79993600000003084 50.000191999999969994 6.4655316576800299089 
 204.3128960000000518 80.974655999999953337 6.4655316576800299089 
 200.66374400000000833 255.92851199999989831 6.4655316576800299089 
 202.90438399999999319 236.4295039999999517 6.4655316576800299089 
 202.97337600000005864 142.87340799999998353 6.4655316576800299089 
 212.2408320000000117 32.223295999999983508 6.4655316576800299089 
 211.55270400000003406 113.52134399999991388 6.4655316576800299089 
 213.22771200000002523 96.165055999999964342 6.4655316576800299089 
 215.50867200000007529 66.716607999999993694 6.4655316576800299089 
 211.1374720000000309 201.48985599999991791 6.4655316576800299089 
 215.22528000000005477 221.83635199999994825 6.4655316576800299089 
 220.73081600000000435 153.55129599999995094 6.4655316576800299089 
 230.09286400000004846 32.522047999999998069 6.4655316576800299089 
 226.70176000000006411 122.34348799999993673 6.4655316576800299089 
 230.93676800000008598 75.662399999999976785 6.4655316576800299089 
 227.20979200000004994 190.76703999999995176 6.4655316576800299089 
 231.12492800000003967 93.424575999999973419 6.4655316576800299089 
 230.71340800000001536 250.65363199999995913 6.4655316576800299089 
 231.32716800000002877 171.16268799999994599 6.4655316576800299089 
 231.46118400000008819 230.70572799999996505 6.4655316576800299089 
 232.60665600000007203 139.49612799999991353 6.4655316576800299089 
 240.89619200000001342 17.953087999999979729 6.4655316576800299089 
 240.7186560000000668 47.529279999999971551 6.4655316576800299089 
 239.04556800000005978 109.8898559999999236 6.4655316576800299089 
 243.66726400000001718 65.079103999999958319 6.4655316576800299089 
 244.28665600000007885 200.19116799999997625 6.4655316576800299089 
 246.30739200000002143 218.87558399999994663 6.4655316576800299089 
 251.08780800000008071 138.06956799999994701 6.4655316576800299089 
 251.16627200000007747 170.3529599999999391 6.4655316576800299089 
 254.31763200000008851 119.48511999999996647 6.4655316576800299089 
