 231.55641599999998448 1.6699519999999892228 6.4655316576800299089 
 198.95379199999996445 7.4957439999999904146 6.4655316576800299089 
 164.80249599999996235 2.7194240000000036162 6.4655316576800299089 
 246.2408320000000117 11.501759999999990214 6.4655316576800299089 
 216.61625599999996439 13.058240000000001402 6.4655316576800299089 
 146.64531200000001832 4.2602880000000142857 6.4655316576800299089 
 77.041216000000062536                    1 6.4655316576800299089 
 58.520639999999993108 6.8195199999999882579 6.4655316576800299089 
 12.839872000000013941 10.544064000000002324 6.4655316576800299089 
 188.41081599999998275 23.000639999999997087 6.4655316576800299089 
 170.6707839999999976 20.719679999999993214 6.4655316576800299089 
 119.29145600000001082 13.380415999999991428 6.4655316576800299089 
 247.87782400000000393 29.335615999999994585 6.4655316576800299089 
 86.467008000000078027 15.848128000000020421 6.4655316576800299089 
 136.6198400000000106 20.215744000000018588 6.4655316576800299089 
 218.79635199999998463 31.987263999999981934 6.4655316576800299089 
 103.58790400000006571 21.240640000000006182 6.4655316576800299089 
 234.79289599999998472 40.080703999999983012 6.4655316576800299089 
 57.635648000000024638 25.962047999999981585 6.4655316576800299089 
 12.629056000000037585 28.830144000000007765 6.4655316576800299089 
  191.045312000000024 41.968704000000002452 6.4655316576800299089 
 162.31289599999999496 38.151615999999989981 6.4655316576800299089 
 75.174336000000025138 30.126271999999993056 6.4655316576800299089 
 208.12140799999997398 47.073087999999984277 6.4655316576800299089 
 143.78643200000004754 37.745599999999988938 6.4655316576800299089 
 103.29196799999999712 38.83487999999999829 6.4655316576800299089 
 27.65548800000005869 39.475391999999999371 6.4655316576800299089 
 45.986624000000027479 40.682559999999988065 6.4655316576800299089 
 85.353152000000051203 44.399680000000010693 6.4655316576800299089 
 175.63577599999999279 52.68230400000000202 6.4655316576800299089 
 236.7021440000000041 58.093887999999978433 6.4655316576800299089 
 115.45824000000001774 52.024896000000012464 6.4655316576800299089 
 253.39475199999998267 66.24070399999996539 6.4655316576800299089 
 134.53152000000000044 54.218175999999971282 6.4655316576800299089 
 218.87801599999997393 63.172543999999994924 6.4655316576800299089 
 20.969408000000022696 56.078912000000023852 6.4655316576800299089 
 2.8524159999999936232 56.488896000000011099 6.4655316576800299089 
 50.147648000000025093 60.346047999999996136 6.4655316576800299089 
 83.285824000000047818 62.091839999999976385 6.4655316576800299089 
 101.97433600000003651 65.004863999999969337 6.4655316576800299089 
 177.89727999999999497 72.918335999999982278 6.4655316576800299089 
 142.78265600000003133 72.466880000000017503 6.4655316576800299089 
 66.198976000000044451 70.274495999999970763 6.4655316576800299089 
 32.896448000000056311 69.224767999999983203 6.4655316576800299089 
 214.17196799999996415 80.465984000000005949 6.4655316576800299089 
 195.2913279999999645 83.999551999999965801 6.4655316576800299089 
 161.00691199999999981 83.313087999999993372 6.4655316576800299089 
 108.91667200000001969 80.046143999999983976 6.4655316576800299089 
 127.39436800000002847 82.896319999999988681 6.4655316576800299089 
 22.191168000000015326 84.623040000000017358 6.4655316576800299089 
 245.28531199999997625 99.961535999999995283 6.4655316576800299089 
 226.20601600000000531 96.982079999999967868 6.4655316576800299089 
 3.9971199999999953434 86.913983999999999241 6.4655316576800299089 
 63.964608000000040988 89.271615999999966107 6.4655316576800299089 
 96.757184000000052038 93.788224000000013802 6.4655316576800299089 
 196.97939200000001847 102.86483200000000693 6.4655316576800299089 
 126.31468800000001806 100.42566399999998339 6.4655316576800299089 
 164.5336960000000488 103.48051199999997607 6.4655316576800299089 
 48.430528000000052202 99.479103999999978214 6.4655316576800299089 
 79.48281599999999969 99.884736000000003742 6.4655316576800299089 
 29.549632000000020327 100.36435199999998247 6.4655316576800299089 
 214.7611519999999814 111.68160000000000309 6.4655316576800299089 
 108.92601600000007522 105.96332799999997576 6.4655316576800299089 
 181.44940800000000536 111.93580799999998021 6.4655316576800299089 
 254.43987199999997983 117.04057599999998729 6.4655316576800299089 
 136.06534400000001028 114.78137599999998031 6.4655316576800299089 
 153.08435200000002396 118.81440000000000623 6.4655316576800299089 
 50.931392000000052178 116.9975679999999727 6.4655316576800299089 
 21.182272000000011758 117.9932799999999844 6.4655316576800299089 
 249.63961599999998953 135.12927999999999429 6.4655316576800299089 
 79.576128000000068141 118.69536000000000797 6.4655316576800299089 
 217.95091199999995979 131.8125440000000026 6.4655316576800299089 
 184.60665599999998676 130.10438400000001025 6.4655316576800299089 
 107.41907200000005673 123.0689920000000086 6.4655316576800299089 
 124.16313600000003703 127.64870399999998085 6.4655316576800299089 
 5.951168000000052416 128.9571200000000033 6.4655316576800299089 
 64.619455999999985352 127.61119999999998242 6.4655316576800299089 
 36.403520000000028745 126.72889600000000598 6.4655316576800299089 
 201.03071999999997388 138.91948799999997277 6.4655316576800299089 
 154.72428800000005822 137.63129599999999186 6.4655316576800299089 
 234.34656000000001086 144.86150399999999649 6.4655316576800299089 
 92.243136000000049535 131.67827199999999266 6.4655316576800299089 
 171.56729599999999891 142.89887999999999124 6.4655316576800299089 
 125.80780800000002273 144.05791999999999575 6.4655316576800299089 
 41.22886400000006546 143.30630399999998303 6.4655316576800299089 
 59.442496000000026868 144.92729600000001255 6.4655316576800299089 
 141.86950400000006312 151.41753599999998414 6.4655316576800299089 
 196.56211199999998485 156.88774399999999787 6.4655316576800299089 
 244.49119999999999209 164.7067519999999945 6.4655316576800299089 
 177.24870400000000359 159.87103999999996518 6.4655316576800299089 
 110.81324800000001574 153.5720320000000072 6.4655316576800299089 
 93.594304000000008159 150.46751999999997906 6.4655316576800299089 
 29.817664000000057456 156.33414399999998068 6.4655316576800299089 
 12.16070400000007723 161.14438400000000229 6.4655316576800299089 
 67.222592000000076951 161.13478400000002466 6.4655316576800299089 
 205.13491199999998571 172.58476799999999685 6.4655316576800299089 
 134.88326400000005378 168.34374399999998673 6.4655316576800299089 
 84.204608000000007451 166.73926399999999148 6.4655316576800299089 
 39.475392000000013581 170.55392000000000507 6.4655316576800299089 
 239.86975999999998521 182.49171199999994997 6.4655316576800299089 
 116.23123200000000566 169.82432000000000016 6.4655316576800299089 
 171.42931200000003855 178.41222399999998061 6.4655316576800299089 
 220.95596799999998439 183.68019200000000524 6.4655316576800299089 
 56.300352000000017938 174.60332799999997633 6.4655316576800299089 
 189.25151999999997088 183.65011200000000713 6.4655316576800299089 
 12.474560000000019855 179.86899199999999155 6.4655316576800299089 
 254.65465599999998858 195.94771199999996725 6.4655316576800299089 
 138.68691200000003505 184.98297599999997942 6.4655316576800299089 
 29.503168000000005833 184.48249600000002602 6.4655316576800299089 
 155.54784000000000788 190.86406399999998484 6.4655316576800299089 
 107.16921600000004844 185.62233599999996159 6.4655316576800299089 
 88.40236800000002404 186.0513920000000212 6.4655316576800299089 
 213.78796800000000644 200.11859200000000669 6.4655316576800299089 
 2.3561600000000000321 194.70790400000001341 6.4655316576800299089 
 195.51583999999996877 199.37056000000001177 6.4655316576800299089 
 58.232128000000010104 192.60703999999998359 6.4655316576800299089 
 122.23366400000004717 196.16991999999999052 6.4655316576800299089 
 40.56697600000006787 198.0177280000000053 6.4655316576800299089 
 74.022335999999995693 201.62950399999996876 6.4655316576800299089 
 146.21625600000007239 208.29727999999994381 6.4655316576800299089 
 253.8089599999999848 215.06028800000004253 6.4655316576800299089 
 219.0348160000000064 217.30169599999999264 6.4655316576800299089 
 188.06035200000002305 214.81465600000001359 6.4655316576800299089 
 13.10649600000006032 211.16550399999997012 6.4655316576800299089 
 32.605504000000017584 213.40614399999995499 6.4655316576800299089 
 126.16159999999999286 213.47513600000002043 6.4655316576800299089 
 236.81171199999999999 222.7425919999999735 6.4655316576800299089 
 155.51366400000006252 222.05446399999999585 6.4655316576800299089 
 172.86995200000001205 223.72947199999998702 6.4655316576800299089 
 202.31839999999996849 226.01043200000003708 6.4655316576800299089 
 67.545152000000058479 221.63923199999999269 6.4655316576800299089 
 47.198656000000042354 225.72704000000004498 6.4655316576800299089 
 4.6800000000000183675 227.41126400000001695 6.4655316576800299089 
 115.48371200000001124 231.23257599999996614 6.4655316576800299089 
 236.51295999999996411 240.59462400000001026 6.4655316576800299089 
 146.69152000000002545 237.2035200000000259 6.4655316576800299089 
 193.3726079999999854 241.43852800000004777 6.4655316576800299089 
 78.267968000000024631 237.71155200000004015 6.4655316576800299089 
 175.61043200000000297 241.62668800000000147 6.4655316576800299089 
 18.381375999999999493 241.21516800000000558 6.4655316576800299089 
 97.872320000000030404 241.82892799999999056 6.4655316576800299089 
 38.329280000000025552 241.96294400000004998 6.4655316576800299089 
 129.53888000000006286 243.10841600000003382 6.4655316576800299089 
 251.08191999999999666 251.39795199999997521 6.4655316576800299089 
 221.50572800000000484 251.22041600000002859 6.4655316576800299089 
 159.14515200000005279 249.54732800000002158 6.4655316576800299089 
