 40.586887917412326487 126.38851761485094016 5.4470434697130789559 
 40.586887917412326487 157.26378088803161859 5.4470434697130789559 
 83.253554584078997891 126.38851761485094016 5.4470434697130789559 
 83.253554584078997891 157.26378088803161859 5.4470434697130789559 
 61.920221250745669295 99.261511303034382081 5.4470434697130789559 
 104.5868879174123407 122.64026065348680561 5.4470434697130789559 
 104.5868879174123407 153.51552392666746982 5.4470434697130789559 
 61.920221250745669295 130.13677457621506051 5.4470434697130789559 
 40.586887917412326487 188.13904416121229701 5.4470434697130789559 
 40.586887917412326487 219.01430743439294702 5.4470434697130789559 
 83.253554584078997891 188.13904416121229701 5.4470434697130789559 
 83.253554584078997891 219.01430743439294702 5.4470434697130789559 
 61.920221250745669295 161.01203784939573893 5.4470434697130789559 
 104.5868879174123407 184.39078719984817667 5.4470434697130789559 
 104.5868879174123407 215.26605047302882667 5.4470434697130789559 
 61.920221250745669295 191.88730112257641736 5.4470434697130789559 
 40.586887917412326487 64.637991068489611735 5.4470434697130789559 
 40.586887917412326487 95.513254341670247527 5.4470434697130789559 
 83.253554584078997891 64.637991068489611735 5.4470434697130789559 
 83.253554584078997891 95.513254341670247527 5.4470434697130789559 
 61.920221250745669295 37.510984756673032336 5.4470434697130789559 
 104.5868879174123407 60.889734107125448759 5.4470434697130789559 
 104.5868879174123407 91.764997380306141395 5.4470434697130789559 
 61.920221250745669295 68.386248029853717867 5.4470434697130789559 
 125.92022125074568351 126.38851761485094016 5.4470434697130789559 
 125.92022125074568351 157.26378088803161859 5.4470434697130789559 
 168.58688791741232649 126.38851761485094016 5.4470434697130789559 
 168.58688791741232649 157.26378088803161859 5.4470434697130789559 
 147.2535545840790121 99.261511303034382081 5.4470434697130789559 
 189.92022125074566929 122.64026065348680561 5.4470434697130789559 
 189.92022125074566929 153.51552392666746982 5.4470434697130789559 
 147.2535545840790121 130.13677457621506051 5.4470434697130789559 
 125.92022125074568351 188.13904416121229701 5.4470434697130789559 
 125.92022125074568351 219.01430743439294702 5.4470434697130789559 
 168.58688791741232649 188.13904416121229701 5.4470434697130789559 
 168.58688791741232649 219.01430743439294702 5.4470434697130789559 
 147.2535545840790121 161.01203784939573893 5.4470434697130789559 
 189.92022125074566929 184.39078719984817667 5.4470434697130789559 
 189.92022125074566929 215.26605047302882667 5.4470434697130789559 
 147.2535545840790121 191.88730112257641736 5.4470434697130789559 
 125.92022125074568351 64.637991068489611735 5.4470434697130789559 
 125.92022125074568351 95.513254341670247527 5.4470434697130789559 
 168.58688791741232649 64.637991068489611735 5.4470434697130789559 
 168.58688791741232649 95.513254341670247527 5.4470434697130789559 
 147.2535545840790121 37.510984756673032336 5.4470434697130789559 
 189.92022125074566929 60.889734107125448759 5.4470434697130789559 
 189.92022125074566929 91.764997380306141395 5.4470434697130789559 
 147.2535545840790121 68.386248029853717867 5.4470434697130789559 
 211.2535545840790121 126.38851761485094016 5.4470434697130789559 
 211.2535545840790121 157.26378088803161859 5.4470434697130789559 
 253.92022125074569772 126.38851761485094016 5.4470434697130789559 
 253.92022125074569772 157.26378088803161859 5.4470434697130789559 
 232.58688791741235491 99.261511303034382081 5.4470434697130789559 
 19.253554584079001444 122.64026065348680561 5.4470434697130789559 
 19.253554584079001444 153.51552392666746982 5.4470434697130789559 
 232.58688791741235491 130.13677457621506051 5.4470434697130789559 
 211.2535545840790121 188.13904416121229701 5.4470434697130789559 
 211.2535545840790121 219.01430743439294702 5.4470434697130789559 
 253.92022125074569772 188.13904416121229701 5.4470434697130789559 
 253.92022125074569772 219.01430743439294702 5.4470434697130789559 
 232.58688791741235491 161.01203784939573893 5.4470434697130789559 
 19.253554584079001444 184.39078719984817667 5.4470434697130789559 
 19.253554584079001444 215.26605047302882667 5.4470434697130789559 
 232.58688791741235491 191.88730112257641736 5.4470434697130789559 
 211.2535545840790121 64.637991068489611735 5.4470434697130789559 
 211.2535545840790121 95.513254341670247527 5.4470434697130789559 
 253.92022125074569772 64.637991068489611735 5.4470434697130789559 
 253.92022125074569772 95.513254341670247527 5.4470434697130789559 
 232.58688791741235491 37.510984756673032336 5.4470434697130789559 
 19.253554584079001444 60.889734107125448759 5.4470434697130789559 
 19.253554584079001444 91.764997380306141395 5.4470434697130789559 
 232.58688791741235491 68.386248029853717867 5.4470434697130789559 
