 99.248686394319776127 64.680172569957989026 5.4470434697130789559 
 91.257580236666214546 94.503386758997578454 5.4470434697130789559 
 140.46152164932001938 75.72311849433219777 5.4470434697130789559 
 132.47041549166644359 105.5463326833717872 5.4470434697130789559 
 126.87608989193428499 43.998969545654929902 5.4470434697130789559 
 162.0380595643592585 77.624053253969918842 5.4470434697130789559 
 154.04695340670573955 107.44726744300949406 5.4470434697130789559 
 118.88498373428072341 73.822183734694490909 5.4470434697130789559 
 83.266474079012652965 124.32660094803712525 5.4470434697130789559 
 75.275367921359091383 154.14981513707670047 5.4470434697130789559 
 124.47930933401291043 135.3695468724113482 5.4470434697130789559 
 116.48820317635934884 165.19276106145093763 5.4470434697130789559 
 110.89387757662719025 103.64539792373406613 5.4470434697130789559 
 146.05584724905216376 137.27048163204906928 5.4470434697130789559 
 138.06474109139861639 167.09369582108863028 5.4470434697130789559 
 102.90277141897362867 133.46861211277365555 5.4470434697130789559 
 67.284261763705544013 183.97302932611631832 5.4470434697130789559 
 107.23979255197330929 34.856958380918413809 5.4470434697130789559 
 108.49709701870578726 195.01597525049052706 5.4470434697130789559 
 148.45262780697356675 45.899904305292622553 5.4470434697130789559 
 94.911665261320081299 163.29182630181321656 5.4470434697130789559 
 130.07363493374506902 196.91691001012819129 5.4470434697130789559 
 170.02916572201283429 47.80083906493035073 5.4470434697130789559 
 86.920559103666519718 193.11504049085277757 5.4470434697130789559 
 181.67435690432023421 86.766064418706420724 5.4470434697130789559 
 173.68325074666671526 116.58927860774599594 5.4470434697130789559 
 222.88719215932050588 97.80901034308065789 5.4470434697130789559 
 214.89608600166693009 127.6322245321202189 5.4470434697130789559 
 209.30176040193481413 66.084861394403375812 5.4470434697130789559 
  244.463730074359745 99.709945102718336329 5.4470434697130789559 
 236.47262391670616921 129.53315929175792576 5.4470434697130789559 
 201.31065424428126676 95.908075583442936818 5.4470434697130789559 
 165.69214458901313947 146.41249279678555695 5.4470434697130789559 
 157.7010384313595921 176.23570698582514638 5.4470434697130789559 
 206.90497984401341114 157.45543872115979411 5.4470434697130789559 
 198.91387368635983535 187.27865291019938354 5.4470434697130789559 
 193.31954808662771939 125.73128977248252625 5.4470434697130789559 
 228.48151775905262184 159.35637348079751519 5.4470434697130789559 
 220.49041160139907447 189.17958766983704777 5.4470434697130789559 
 185.32844192897414359 155.55450396152210146 5.4470434697130789559 
 149.70993227370604473 206.0589211748647358 5.4470434697130789559 
 189.66546306197378158 56.942850229666845507 5.4470434697130789559 
 190.92276752870628798 217.10186709923894455 5.4470434697130789559 
 230.87829831697408167 67.985796154041068462 5.4470434697130789559 
 177.33733577132059622 185.37771815056166247 5.4470434697130789559 
 212.49930544374555552 219.0028018588766372 5.4470434697130789559 
 252.45483623201329237 69.886730913678775323 5.4470434697130789559 
 169.34622961366704885 215.20093233960122348 5.4470434697130789559 
 256.1089212566672586 138.67517045649444185 5.4470434697130789559 
 58.035851139319547087 53.637226645583773177 5.4470434697130789559 
 50.044744981665985506 83.46044083462336971 5.4470434697130789559 
 44.45041938193378428 21.913077696906494651 5.4470434697130789559 
 79.612389054358786211 55.538161405221472933 5.4470434697130789559 
 71.62128289670522463 85.36137559426104815 5.4470434697130789559 
 36.459313224280229804 51.736291885946066316 5.4470434697130789559 
 248.11781509901365439 168.49838464553400286 5.4470434697130789559 
 240.12670894136013544 198.32159883457359228 5.4470434697130789559 
 42.053638824012445241 113.28365502366291651 5.4470434697130789559 
 34.06253266635888366 143.10686921270249172 5.4470434697130789559 
 28.468207066626668222 81.559506074985634427 5.4470434697130789559 
 63.630176739051670154 115.18458978330062337 5.4470434697130789559 
 55.639070581398122783 145.00780397234018437 5.4470434697130789559 
 20.477100908973127957 111.38272026402522386 5.4470434697130789559 
 232.13560278370655965 228.14481302361315329 5.4470434697130789559 
 26.071426508705325631 172.93008340174208115 5.4470434697130789559 
 66.026957296973108669 23.814012456544201513 5.4470434697130789559 
 12.485994751319566376 141.20593445306477065 5.4470434697130789559 
 47.647964423744568307 174.8310181613797738 5.4470434697130789559 
 87.603495212012333582 25.714947216181911926 5.4470434697130789559 
 4.4948885936660252227 171.02914864210436008 5.4470434697130789559 
