 58.905764294967859485 31.27746189601803195 6.0794843983827284717 
 79.807797489406311797 10.375074592138204821 6.0794843983827284717 
 75.390619119656605562  26.8602086941383007 6.0794843983827284717 
 54.488585925218167461 47.76259599801812783 6.0794843983827284717 
 45.654229185718790518 80.73286420201834801 6.0794843983827284717 
 66.556262380157249936 59.830476898138513775 6.0794843983827284717 
 62.139084010407550807 76.31561100013861676 6.0794843983827284717 
 41.237050815969105599 97.217998304018436784 6.0794843983827284717 
 32.402694076469742868 130.18826650801864275 6.0794843983827284717 
 53.304727270908173864 109.28587920413882273 6.0794843983827284717 
 48.887548901158488945 125.77101330613892571 6.0794843983827284717 
 27.985515706720047291 146.67340061001874574 6.0794843983827284717 
 19.15115896722065969 179.64366881401895171 6.0794843983827284717 
 40.053192161659112003 158.74128151013911747 6.0794843983827284717 
 35.636013791909419979 175.22641561213922046 6.0794843983827284717 
 14.733980597470987206 196.12880291601902627 6.0794843983827284717 
 26.801657052410064352  208.196683816139398 6.0794843983827284717 
 22.384478682660368776 224.68181791813950099 6.0794843983827284717 
 96.29265231409505077 5.9578213902584726824 6.0794843983827284717 
 87.458295574595680932 38.928089594258672435 6.0794843983827284717 
 108.36032876903412614 18.025702290378855963 6.0794843983827284717 
 103.94315039928443412 34.51083639237894829 6.0794843983827284717 
 83.041117204845988908 55.413223696258768314 6.0794843983827284717 
 74.206760465346619071 88.383491900258988494 6.0794843983827284717 
 95.108793659785064278 67.481104596379154259 6.0794843983827284717 
 90.691615290035372254 83.966238698379257244 6.0794843983827284717 
 69.789582095596927047 104.86862600225907727 6.0794843983827284717 
 60.95522535609755721 137.83889420625928324 6.0794843983827284717 
 81.857258550536002417  116.936506902379449 6.0794843983827284717 
 77.440080180786310393 133.42164100437955199 6.0794843983827284717 
 56.538046986347872291 154.32402830825938622 6.0794843983827284717 
 47.703690246848495349 187.29429651225959219 6.0794843983827284717 
 68.605723441286926345 166.39190920837975796 6.0794843983827284717 
 64.188545071537248532 182.87704331037986094 6.0794843983827284717 
 43.28651187709881043 203.77943061425969518 6.0794843983827284717 
 55.354188332037864484 215.84731151438003849 6.0794843983827284717 
 50.937009962288179565 232.33244561638014147 6.0794843983827284717 
 124.84518359372287932 13.608449088499124713 6.0794843983827284717 
 116.01082685422349527 46.578717292499327129 6.0794843983827284717 
 136.91286004866194048 25.676329988619485789 6.0794843983827284717 
 132.49568167891223425 42.161464090619588774 6.0794843983827284717 
 111.59364848447381746 63.063851394499415903 6.0794843983827284717 
 102.75929174497443341 96.034119598499643189 6.0794843983827284717 
 123.66132493941287862 75.131732294619794743 6.0794843983827284717 
 119.24414656966317239 91.616866396619897728 6.0794843983827284717 
 98.34211337522474139 112.51925370049973196 6.0794843983827284717 
 89.507756635725371552 145.48952190449995214 6.0794843983827284717 
 110.40978983016381676 124.5871346006201037 6.0794843983827284717 
 105.99261146041412474 141.07226870262022089 6.0794843983827284717 
 85.090578265975679528 161.97465600650002671 6.0794843983827284717 
 76.256221526476309691 194.94492421050023268 6.0794843983827284717 
 97.158254720914754898 174.04253690662037002 6.0794843983827284717 
 92.741076351165062874 190.52767100862052985 6.0794843983827284717 
 71.839043156726617667 211.43005831250033566 6.0794843983827284717 
 83.906719611665693037 223.49793921262065055 6.0794843983827284717 
 79.489541241916001013 239.98307331462075354 6.0794843983827284717 
 153.39771487335070788 21.259076786739775855 6.0794843983827284717 
 144.56335813385132383 54.229344990739967614 6.0794843983827284717 
 165.46539132828976904 33.326957686860140484 6.0794843983827284717 
 161.04821295854009122 49.812091788860243469 6.0794843983827284717 
 140.14617976410164601 70.714479092740063493 6.0794843983827284717 
 131.31182302460229039 103.68474729674029788 6.0794843983827284717 
 152.21385621904070717 82.782359992860449438 6.0794843983827284717 
 147.79667784929102936 99.267494094860538212 6.0794843983827284717 
 126.89464465485258415 120.16988139874038666 6.0794843983827284717 
 118.06028791535320011 153.14014960274056421 6.0794843983827284717 
 138.96232110979164531 132.23776229886075839 6.0794843983827284717 
 134.5451427400419675 148.72289640086086138 6.0794843983827284717 
 113.64310954560352229 169.62528370474066719 6.0794843983827284717 
 104.80875280610415246 202.59555190874084474 6.0794843983827284717 
 125.71078600054258345 181.69316460486103892 6.0794843983827284717 
 121.29360763079287722 198.17829870686114191 6.0794843983827284717 
 100.39157443635446043 219.08068601074094772 6.0794843983827284717 
 157.81489324310038569 4.7739426847396799758 6.0794843983827284717 
 112.45925089129352159 231.14856691086134788 6.0794843983827284717 
 108.04207252154381536 247.63370101286142244 6.0794843983827284717 
 181.95024615297853643 28.909704484980405681 6.0794843983827284717 
 173.11588941347915238 61.879972688980615203 6.0794843983827284717 
 194.01792260791756917 40.977585385100773863 6.0794843983827284717 
 189.60074423816791978 57.462719487100883953 6.0794843983827284717 
 168.69871104372947457 78.365106790980703977 6.0794843983827284717 
 159.86435430423009052 111.33537499498092416 6.0794843983827284717 
 180.76638749866853573 90.432987691101075711 6.0794843983827284717 
 176.34920912891882949 106.91812179310119291 6.0794843983827284717 
 155.44717593448038429 127.82050909698101293 6.0794843983827284717 
 146.61281919498102866 160.79077730098123311 6.0794843983827284717 
 167.51485238941947387 139.88838999710137045 6.0794843983827284717 
 163.09767401966976763 156.37352409910150186 6.0794843983827284717 
 142.19564082523132242 177.27591140298130767 6.0794843983827284717 
 133.3612840857319668 210.24617960698154207 6.0794843983827284717 
  154.263317280170412 189.34379230310167941 6.0794843983827284717 
 149.84613891042070577 205.82892640510181081 6.0794843983827284717 
 128.94410571598226056 226.73131370898161663 6.0794843983827284717 
 186.36742452272821424 12.424570382980309802 6.0794843983827284717 
 141.01178217092135014 238.79919460910201678 6.0794843983827284717 
 136.59460380117164391 255.28432871110209135 6.0794843983827284717 
 210.50277743260636498 36.560332183221056823 6.0794843983827284717 
 201.66842069310695251 69.530600387221255687 6.0794843983827284717 
 222.57045388754539772 48.628213083341414347 6.0794843983827284717 
 218.15327551779571991 65.113347185341538648 6.0794843983827284717 
 197.2512423233572747 86.015734489221344461 6.0794843983827284717 
 188.41688558385789065 118.98600269322156464 6.0794843983827284717 
 209.31891877829636428 98.083615389341716195 6.0794843983827284717 
 204.90174040854668647 114.56874949134183339 6.0794843983827284717 
 183.99970721410821284 135.47113679522166763 6.0794843983827284717 
 175.16535047460885721 168.4414049992218736 6.0794843983827284717 
  196.067383669047274 147.53901769534203936 6.0794843983827284717 
 191.65020529929759618 164.02415179734214234 6.0794843983827284717 
 170.74817210485915098 184.92653910122197658 6.0794843983827284717 
 161.91381536535976693 217.89680730522215413 6.0794843983827284717 
 182.81584855979821214 196.99442000134231989 6.0794843983827284717 
 178.3986701900485059 213.4795541033424513 6.0794843983827284717 
 157.49663699561008912 234.38194140722225711 6.0794843983827284717 
 214.9199558023560428 20.075198081220960944 6.0794843983827284717 
 169.5643134505491787 246.44982230734260042 6.0794843983827284717 
 239.05530871223416511 44.210959881461704413 6.0794843983827284717 
 230.22095197273478107 77.181228085461910382 6.0794843983827284717 
 251.12298516717319785 56.278840781582069042 6.0794843983827284717 
 246.70580679742354846 72.763974883582179132 6.0794843983827284717 
 225.80377360298513167 93.666362187461999156 6.0794843983827284717 
 216.9694168634857192 126.63663039146221934 6.0794843983827284717 
 237.87145005792416441 105.73424308758237089 6.0794843983827284717 
 233.4542716881744866 122.21937718958247387 6.0794843983827284717 
 212.55223849373604139 143.12176449346230811 6.0794843983827284717 
 203.71788175423668577 176.09203269746251408 6.0794843983827284717 
 224.61991494867510255 155.18964539358267984 6.0794843983827284717 
 220.20273657892539632 171.67477949558278283 6.0794843983827284717 
 199.30070338448700795 192.57716679946258864 6.0794843983827284717 
 190.46634664498759548 225.54743500346279461 6.0794843983827284717 
 211.36837983942601227 204.6450476995829888 6.0794843983827284717 
 206.95120146967630603 221.13018180158309178 6.0794843983827284717 
 186.04916827523791767 242.0325691054628976 6.0794843983827284717 
 243.47248708198384293 27.725825779461612086 6.0794843983827284717 
 198.11684473017697883 254.10045000558326933 6.0794843983827284717 
 51.255266209778511666 2.7244468938975545669 6.0794843983827284717 
 46.838087840028819642 19.209580995897670874 6.0794843983827284717 
 254.35630488261293181 101.31698988570263964 6.0794843983827284717 
 245.52194814311357618 134.28725808970284561 6.0794843983827284717 
 38.003731100529442699 52.179849199897873291 6.0794843983827284717 
 33.586552730779757781 68.664983301897976276 6.0794843983827284717 
 241.10476977336386994 150.77239219170294859 6.0794843983827284717 
 232.2704130338644859 183.74266039570315456 6.0794843983827284717 
 24.752195991280380838 101.63525150589816803 6.0794843983827284717 
 20.335017621530685261 118.12038560789828523 6.0794843983827284717 
 227.85323466411480808 200.22779449770328597 6.0794843983827284717 
 219.01887792461542404 233.19806270170346352 6.0794843983827284717 
 11.500660882031320753 151.09065381189847699 6.0794843983827284717 
 7.0834825122816260645 167.57578791389857997 6.0794843983827284717 
 214.6016995548657178 249.6831968037035665 6.0794843983827284717 
