 30.827346360322856356 24.463062813113118921 6.0794843983827284717 
 30.827346360322856356 58.59639614644645178 6.0794843983827284717 
 45.607224122429109059 32.996396146446450359 6.0794843983827284717 
 45.607224122429109059 50.063062813113120342 6.0794843983827284717 
 30.827346360322856356 75.663062813113128868 6.0794843983827284717 
 30.827346360322856356 109.79639614644646883 6.0794843983827284717 
 45.607224122429109059 84.196396146446460307 6.0794843983827284717 
 45.607224122429109059 101.26306281311313739 6.0794843983827284717 
 30.827346360322856356 126.86306281311313171 6.0794843983827284717 
 30.827346360322856356 160.99639614644647168 6.0794843983827284717 
 45.607224122429109059 135.39639614644644894 6.0794843983827284717 
 45.607224122429109059 152.46306281311314024 6.0794843983827284717 
 30.827346360322856356 178.06306281311313455 6.0794843983827284717 
 30.827346360322856356 212.19639614644646031 6.0794843983827284717 
 45.607224122429109059 186.59639614644646599 6.0794843983827284717 
 45.607224122429109059 203.66306281311312887 6.0794843983827284717 
 30.827346360322856356 229.26306281311312318 6.0794843983827284717 
 30.827346360322856356 7.3963961464464373918 6.0794843983827284717 
 45.607224122429109059 237.79639614644645462 6.0794843983827284717 
 45.607224122429109059 254.8630628131131175 6.0794843983827284717 
 60.387101884535361762 24.463062813113118921 6.0794843983827284717 
 60.387101884535361762 58.59639614644645178 6.0794843983827284717 
 75.166979646641621571 32.996396146446450359 6.0794843983827284717 
 75.166979646641621571 50.063062813113120342 6.0794843983827284717 
 60.387101884535361762 75.663062813113128868 6.0794843983827284717 
 60.387101884535361762 109.79639614644646883 6.0794843983827284717 
 75.166979646641621571 84.196396146446460307 6.0794843983827284717 
 75.166979646641621571 101.26306281311313739 6.0794843983827284717 
 60.387101884535361762 126.86306281311313171 6.0794843983827284717 
 60.387101884535361762 160.99639614644647168 6.0794843983827284717 
 75.166979646641621571 135.39639614644644894 6.0794843983827284717 
 75.166979646641621571 152.46306281311314024 6.0794843983827284717 
 60.387101884535361762 178.06306281311313455 6.0794843983827284717 
 60.387101884535361762 212.19639614644646031 6.0794843983827284717 
 75.166979646641621571 186.59639614644646599 6.0794843983827284717 
 75.166979646641621571 203.66306281311312887 6.0794843983827284717 
 60.387101884535361762 229.26306281311312318 6.0794843983827284717 
 60.387101884535361762 7.3963961464464373918 6.0794843983827284717 
 75.166979646641621571 237.79639614644645462 6.0794843983827284717 
 75.166979646641621571 254.8630628131131175 6.0794843983827284717 
 89.946857408747874274 24.463062813113118921 6.0794843983827284717 
 89.946857408747874274 58.59639614644645178 6.0794843983827284717 
 104.72673517085412698 32.996396146446450359 6.0794843983827284717 
 104.72673517085412698 50.063062813113120342 6.0794843983827284717 
 89.946857408747874274 75.663062813113128868 6.0794843983827284717 
 89.946857408747874274 109.79639614644646883 6.0794843983827284717 
 104.72673517085412698 84.196396146446460307 6.0794843983827284717 
 104.72673517085412698 101.26306281311313739 6.0794843983827284717 
 89.946857408747874274 126.86306281311313171 6.0794843983827284717 
 89.946857408747874274 160.99639614644647168 6.0794843983827284717 
 104.72673517085412698 135.39639614644644894 6.0794843983827284717 
 104.72673517085412698 152.46306281311314024 6.0794843983827284717 
 89.946857408747874274 178.06306281311313455 6.0794843983827284717 
 89.946857408747874274 212.19639614644646031 6.0794843983827284717 
 104.72673517085412698 186.59639614644646599 6.0794843983827284717 
 104.72673517085412698 203.66306281311312887 6.0794843983827284717 
 89.946857408747874274 229.26306281311312318 6.0794843983827284717 
 89.946857408747874274 7.3963961464464373918 6.0794843983827284717 
 104.72673517085412698 237.79639614644645462 6.0794843983827284717 
 104.72673517085412698 254.8630628131131175 6.0794843983827284717 
 119.50661293296039389 24.463062813113118921 6.0794843983827284717 
 119.50661293296039389 58.59639614644645178 6.0794843983827284717 
 134.28649069506664659 32.996396146446450359 6.0794843983827284717 
 134.28649069506664659 50.063062813113120342 6.0794843983827284717 
 119.50661293296039389 75.663062813113128868 6.0794843983827284717 
 119.50661293296039389 109.79639614644646883 6.0794843983827284717 
 134.28649069506664659 84.196396146446460307 6.0794843983827284717 
 134.28649069506664659 101.26306281311313739 6.0794843983827284717 
 119.50661293296039389 126.86306281311313171 6.0794843983827284717 
 119.50661293296039389 160.99639614644647168 6.0794843983827284717 
 134.28649069506664659 135.39639614644644894 6.0794843983827284717 
 134.28649069506664659 152.46306281311314024 6.0794843983827284717 
 119.50661293296039389 178.06306281311313455 6.0794843983827284717 
 119.50661293296039389 212.19639614644646031 6.0794843983827284717 
 134.28649069506664659 186.59639614644646599 6.0794843983827284717 
 134.28649069506664659 203.66306281311312887 6.0794843983827284717 
 119.50661293296039389 229.26306281311312318 6.0794843983827284717 
 119.50661293296039389 7.3963961464464373918 6.0794843983827284717 
 134.28649069506664659 237.79639614644645462 6.0794843983827284717 
 134.28649069506664659 254.8630628131131175 6.0794843983827284717 
 149.0663684571728993 24.463062813113118921 6.0794843983827284717 
 149.0663684571728993 58.59639614644645178 6.0794843983827284717 
  163.846246219279152 32.996396146446450359 6.0794843983827284717 
  163.846246219279152 50.063062813113120342 6.0794843983827284717 
 149.0663684571728993 75.663062813113128868 6.0794843983827284717 
 149.0663684571728993 109.79639614644646883 6.0794843983827284717 
  163.846246219279152 84.196396146446460307 6.0794843983827284717 
  163.846246219279152 101.26306281311313739 6.0794843983827284717 
 149.0663684571728993 126.86306281311313171 6.0794843983827284717 
 149.0663684571728993 160.99639614644647168 6.0794843983827284717 
  163.846246219279152 135.39639614644644894 6.0794843983827284717 
  163.846246219279152 152.46306281311314024 6.0794843983827284717 
 149.0663684571728993 178.06306281311313455 6.0794843983827284717 
 149.0663684571728993 212.19639614644646031 6.0794843983827284717 
  163.846246219279152 186.59639614644646599 6.0794843983827284717 
  163.846246219279152 203.66306281311312887 6.0794843983827284717 
 149.0663684571728993 229.26306281311312318 6.0794843983827284717 
 149.0663684571728993 7.3963961464464373918 6.0794843983827284717 
  163.846246219279152 237.79639614644645462 6.0794843983827284717 
  163.846246219279152 254.8630628131131175 6.0794843983827284717 
 178.6261239813854047 24.463062813113118921 6.0794843983827284717 
 178.6261239813854047 58.59639614644645178 6.0794843983827284717 
 193.40600174349165741 32.996396146446450359 6.0794843983827284717 
 193.40600174349165741 50.063062813113120342 6.0794843983827284717 
 178.6261239813854047 75.663062813113128868 6.0794843983827284717 
 178.6261239813854047 109.79639614644646883 6.0794843983827284717 
 193.40600174349165741 84.196396146446460307 6.0794843983827284717 
 193.40600174349165741 101.26306281311313739 6.0794843983827284717 
 178.6261239813854047 126.86306281311313171 6.0794843983827284717 
 178.6261239813854047 160.99639614644647168 6.0794843983827284717 
 193.40600174349165741 135.39639614644644894 6.0794843983827284717 
 193.40600174349165741 152.46306281311314024 6.0794843983827284717 
 178.6261239813854047 178.06306281311313455 6.0794843983827284717 
 178.6261239813854047 212.19639614644646031 6.0794843983827284717 
 193.40600174349165741 186.59639614644646599 6.0794843983827284717 
 193.40600174349165741 203.66306281311312887 6.0794843983827284717 
 178.6261239813854047 229.26306281311312318 6.0794843983827284717 
 178.6261239813854047 7.3963961464464373918 6.0794843983827284717 
 193.40600174349165741 237.79639614644645462 6.0794843983827284717 
 193.40600174349165741 254.8630628131131175 6.0794843983827284717 
 208.18587950559796695 24.463062813113118921 6.0794843983827284717 
 208.18587950559796695 58.59639614644645178 6.0794843983827284717 
 222.96575726770413439 32.996396146446450359 6.0794843983827284717 
 222.96575726770413439 50.063062813113120342 6.0794843983827284717 
 208.18587950559796695 75.663062813113128868 6.0794843983827284717 
 208.18587950559796695 109.79639614644646883 6.0794843983827284717 
 222.96575726770413439 84.196396146446460307 6.0794843983827284717 
 222.96575726770413439 101.26306281311313739 6.0794843983827284717 
 208.18587950559796695 126.86306281311313171 6.0794843983827284717 
 208.18587950559796695 160.99639614644647168 6.0794843983827284717 
 222.96575726770413439 135.39639614644644894 6.0794843983827284717 
 222.96575726770413439 152.46306281311314024 6.0794843983827284717 
 208.18587950559796695 178.06306281311313455 6.0794843983827284717 
 208.18587950559796695 212.19639614644646031 6.0794843983827284717 
 222.96575726770413439 186.59639614644646599 6.0794843983827284717 
 222.96575726770413439 203.66306281311312887 6.0794843983827284717 
 208.18587950559796695 229.26306281311312318 6.0794843983827284717 
 208.18587950559796695 7.3963961464464373918 6.0794843983827284717 
 222.96575726770413439 237.79639614644645462 6.0794843983827284717 
 222.96575726770413439 254.8630628131131175 6.0794843983827284717 
 237.74563502981041552 24.463062813113118921 6.0794843983827284717 
 237.74563502981041552 58.59639614644645178 6.0794843983827284717 
 16.047468598216624969 32.996396146446450359 6.0794843983827284717 
 16.047468598216624969 50.063062813113120342 6.0794843983827284717 
 237.74563502981041552 75.663062813113128868 6.0794843983827284717 
 237.74563502981041552 109.79639614644646883 6.0794843983827284717 
 16.047468598216624969 84.196396146446460307 6.0794843983827284717 
 16.047468598216624969 101.26306281311313739 6.0794843983827284717 
 237.74563502981041552 126.86306281311313171 6.0794843983827284717 
 237.74563502981041552 160.99639614644647168 6.0794843983827284717 
 16.047468598216624969 135.39639614644644894 6.0794843983827284717 
 16.047468598216624969 152.46306281311314024 6.0794843983827284717 
 237.74563502981041552 178.06306281311313455 6.0794843983827284717 
 237.74563502981041552 212.19639614644646031 6.0794843983827284717 
 16.047468598216624969 186.59639614644646599 6.0794843983827284717 
 16.047468598216624969 203.66306281311312887 6.0794843983827284717 
 237.74563502981041552 229.26306281311312318 6.0794843983827284717 
 237.74563502981041552 7.3963961464464373918 6.0794843983827284717 
 16.047468598216624969 237.79639614644645462 6.0794843983827284717 
 16.047468598216624969 254.8630628131131175 6.0794843983827284717 
