 229.62183759412076256 17.858862902292223396 6.0794843983827284717 
 195.48850426078740838 17.858862902292223396 6.0794843983827284717 
 221.0885042607874027 32.638740664398476099 6.0794843983827284717 
 204.02183759412073982 32.638740664398476099 6.0794843983827284717 
 178.42183759412074551 17.858862902292223396 6.0794843983827284717 
 144.28850426078741975 17.858862902292223396 6.0794843983827284717 
 169.88850426078741407 32.638740664398476099 6.0794843983827284717 
 152.82183759412075119 32.638740664398476099 6.0794843983827284717 
 127.22183759412077109 17.858862902292223396 6.0794843983827284717 
 93.088504260787416911 17.858862902292223396 6.0794843983827284717 
 118.68850426078743965 32.638740664398476099 6.0794843983827284717 
 101.62183759412074835 32.638740664398476099 6.0794843983827284717 
 76.021837594120754034 17.858862902292223396 6.0794843983827284717 
 41.888504260787406963 17.858862902292223396 6.0794843983827284717 
 67.488504260787422595 32.638740664398476099 6.0794843983827284717 
 50.421837594120738402 32.638740664398476099 6.0794843983827284717 
 24.821837594120758297 17.858862902292223396 6.0794843983827284717 
 246.68850426078742544 17.858862902292223396 6.0794843983827284717 
 16.288504260787426858 32.638740664398476099 6.0794843983827284717 
 255.22183759412075688 32.638740664398476099 6.0794843983827284717 
 229.62183759412076256 47.418618426504721697 6.0794843983827284717 
 195.48850426078746523 47.418618426504728802 6.0794843983827284717 
 221.08850426078743112 62.198496188610981505 6.0794843983827284717 
 204.02183759412073982 62.198496188610995716 6.0794843983827284717 
 178.42183759412077393 47.418618426504728802 6.0794843983827284717 
 144.28850426078741975 47.418618426504728802 6.0794843983827284717 
 169.88850426078741407 62.198496188610995716 6.0794843983827284717 
 152.82183759412075119 62.198496188610995716 6.0794843983827284717 
 127.22183759412077109 47.418618426504728802 6.0794843983827284717 
 93.088504260787416911 47.418618426504728802 6.0794843983827284717 
 118.68850426078743965 62.198496188610995716 6.0794843983827284717 
 101.62183759412074835 62.198496188610995716 6.0794843983827284717 
 76.021837594120768244 47.418618426504728802 6.0794843983827284717 
 41.888504260787421174 47.418618426504728802 6.0794843983827284717 
 67.488504260787436806 62.198496188610995716 6.0794843983827284717 
 50.421837594120752613 62.198496188610995716 6.0794843983827284717 
 24.821837594120758297 47.418618426504743013 6.0794843983827284717 
 246.68850426078742544 47.418618426504721697 6.0794843983827284717 
 16.288504260787426858 62.198496188611002822 6.0794843983827284717 
 255.22183759412075688 62.198496188610981505 6.0794843983827284717 
 229.62183759412076256 76.978373950717241314 6.0794843983827284717 
 195.48850426078746523 76.978373950717241314 6.0794843983827284717 
 221.08850426078743112 91.758251712823494017 6.0794843983827284717 
 204.02183759412073982 91.758251712823494017 6.0794843983827284717 
 178.42183759412077393 76.978373950717241314 6.0794843983827284717 
 144.28850426078741975 76.978373950717241314 6.0794843983827284717 
 169.88850426078741407 91.758251712823494017 6.0794843983827284717 
 152.82183759412075119 91.758251712823494017 6.0794843983827284717 
 127.22183759412077109 76.978373950717241314 6.0794843983827284717 
 93.088504260787416911 76.978373950717241314 6.0794843983827284717 
 118.68850426078743965 91.758251712823494017 6.0794843983827284717 
 101.62183759412074835 91.758251712823494017 6.0794843983827284717 
 76.021837594120768244 76.978373950717241314 6.0794843983827284717 
 41.888504260787421174 76.978373950717241314 6.0794843983827284717 
 67.488504260787436806 91.758251712823508228 6.0794843983827284717 
 50.421837594120752613 91.758251712823508228 6.0794843983827284717 
 24.821837594120758297 76.978373950717255525 6.0794843983827284717 
 246.68850426078742544 76.978373950717241314 6.0794843983827284717 
 16.288504260787426858 91.758251712823508228 6.0794843983827284717 
 255.22183759412075688 91.758251712823494017 6.0794843983827284717 
 229.62183759412076256 106.53812947492976093 6.0794843983827284717 
 195.48850426078746523 106.53812947492976093 6.0794843983827284717 
 221.08850426078743112 121.31800723703601363 6.0794843983827284717 
 204.02183759412073982 121.31800723703601363 6.0794843983827284717 
 178.42183759412077393 106.53812947492976093 6.0794843983827284717 
 144.28850426078741975 106.53812947492976093 6.0794843983827284717 
 169.88850426078741407 121.31800723703601363 6.0794843983827284717 
 152.82183759412075119 121.31800723703601363 6.0794843983827284717 
 127.22183759412077109 106.53812947492976093 6.0794843983827284717 
 93.088504260787416911 106.53812947492976093 6.0794843983827284717 
 118.68850426078743965 121.31800723703601363 6.0794843983827284717 
 101.62183759412074835 121.31800723703601363 6.0794843983827284717 
 76.021837594120768244 106.53812947492976093 6.0794843983827284717 
 41.888504260787421174 106.53812947492976093 6.0794843983827284717 
 67.488504260787436806 121.31800723703601363 6.0794843983827284717 
 50.421837594120752613 121.31800723703601363 6.0794843983827284717 
 24.821837594120758297 106.53812947492976093 6.0794843983827284717 
 246.68850426078742544 106.53812947492976093 6.0794843983827284717 
 16.288504260787426858 121.31800723703601363 6.0794843983827284717 
 255.22183759412075688 121.31800723703601363 6.0794843983827284717 
 229.62183759412076256 136.09788499914228055 6.0794843983827284717 
 195.48850426078746523 136.09788499914228055 6.0794843983827284717 
 221.08850426078743112 150.87776276124853325 6.0794843983827284717 
 204.02183759412073982 150.87776276124853325 6.0794843983827284717 
 178.42183759412077393 136.09788499914228055 6.0794843983827284717 
 144.28850426078741975 136.09788499914228055 6.0794843983827284717 
 169.88850426078741407 150.87776276124853325 6.0794843983827284717 
 152.82183759412075119 150.87776276124853325 6.0794843983827284717 
 127.22183759412077109 136.09788499914228055 6.0794843983827284717 
 93.088504260787416911 136.09788499914228055 6.0794843983827284717 
 118.68850426078743965 150.87776276124853325 6.0794843983827284717 
 101.62183759412074835 150.87776276124853325 6.0794843983827284717 
 76.021837594120768244 136.09788499914228055 6.0794843983827284717 
 41.888504260787421174 136.09788499914228055 6.0794843983827284717 
 67.488504260787436806 150.87776276124853325 6.0794843983827284717 
 50.421837594120752613 150.87776276124853325 6.0794843983827284717 
 24.821837594120758297 136.09788499914228055 6.0794843983827284717 
 246.68850426078742544 136.09788499914228055 6.0794843983827284717 
 16.288504260787426858 150.87776276124853325 6.0794843983827284717 
 255.22183759412075688 150.87776276124853325 6.0794843983827284717 
 229.62183759412076256 165.65764052335478596 6.0794843983827284717 
 195.48850426078746523 165.65764052335478596 6.0794843983827284717 
 221.08850426078743112 180.43751828546101024 6.0794843983827284717 
 204.02183759412073982 180.43751828546103866 6.0794843983827284717 
 178.42183759412077393 165.65764052335478596 6.0794843983827284717 
 144.28850426078741975 165.65764052335478596 6.0794843983827284717 
 169.88850426078744249 180.43751828546103866 6.0794843983827284717 
 152.82183759412075119 180.43751828546103866 6.0794843983827284717 
 127.22183759412077109 165.65764052335478596 6.0794843983827284717 
 93.088504260787416911 165.65764052335478596 6.0794843983827284717 
 118.68850426078743965 180.43751828546103866 6.0794843983827284717 
 101.62183759412074835 180.43751828546103866 6.0794843983827284717 
 76.021837594120768244 165.65764052335478596 6.0794843983827284717 
 41.888504260787421174 165.65764052335478596 6.0794843983827284717 
 67.488504260787436806 180.43751828546103866 6.0794843983827284717 
 50.421837594120752613 180.43751828546103866 6.0794843983827284717 
 24.821837594120758297 165.65764052335478596 6.0794843983827284717 
 246.68850426078742544 165.65764052335478596 6.0794843983827284717 
 16.288504260787426858 180.43751828546103866 6.0794843983827284717 
 255.22183759412075688 180.43751828546101024 6.0794843983827284717 
 229.62183759412076256 195.21739604756729136 6.0794843983827284717 
 195.48850426078746523 195.21739604756729136 6.0794843983827284717 
 221.08850426078743112 209.99727380967351564 6.0794843983827284717 
 204.02183759412073982 209.99727380967354406 6.0794843983827284717 
 178.42183759412077393 195.21739604756729136 6.0794843983827284717 
 144.28850426078741975 195.21739604756729136 6.0794843983827284717 
 169.88850426078744249 209.99727380967354406 6.0794843983827284717 
 152.82183759412075119 209.99727380967354406 6.0794843983827284717 
 127.22183759412077109 195.21739604756729136 6.0794843983827284717 
 93.088504260787416911 195.21739604756729136 6.0794843983827284717 
 118.68850426078743965 209.99727380967354406 6.0794843983827284717 
 101.62183759412074835 209.99727380967354406 6.0794843983827284717 
 76.021837594120768244 195.21739604756729136 6.0794843983827284717 
 41.888504260787421174 195.21739604756729136 6.0794843983827284717 
 67.488504260787436806 209.99727380967354406 6.0794843983827284717 
 50.421837594120752613 209.99727380967354406 6.0794843983827284717 
 24.821837594120758297 195.21739604756731978 6.0794843983827284717 
 246.68850426078742544 195.21739604756729136 6.0794843983827284717 
 16.288504260787426858 209.99727380967354406 6.0794843983827284717 
 255.22183759412075688 209.99727380967351564 6.0794843983827284717 
 229.62183759412076256 224.77715157177979677 6.0794843983827284717 
 195.48850426078746523 224.77715157177982519 6.0794843983827284717 
 221.08850426078743112 239.55702933388610631 6.0794843983827284717 
 204.02183759412079667 239.55702933388610631 6.0794843983827284717 
 178.42183759412080235 224.77715157177982519 6.0794843983827284717 
 144.28850426078741975 224.77715157177982519 6.0794843983827284717 
 169.88850426078744249 239.55702933388610631 6.0794843983827284717 
 152.82183759412075119 239.55702933388610631 6.0794843983827284717 
 127.22183759412077109 224.77715157177982519 6.0794843983827284717 
 93.088504260787416911 224.77715157177982519 6.0794843983827284717 
 118.68850426078743965 239.55702933388610631 6.0794843983827284717 
 101.62183759412074835 239.55702933388610631 6.0794843983827284717 
 76.021837594120768244 224.77715157177982519 6.0794843983827284717 
 41.888504260787428279 224.77715157177982519 6.0794843983827284717 
 67.488504260787436806 239.55702933388610631 6.0794843983827284717 
 50.421837594120759718 239.55702933388610631 6.0794843983827284717 
 24.821837594120758297 224.77715157177982519 6.0794843983827284717 
 246.68850426078742544 224.77715157177979677 6.0794843983827284717 
 16.288504260787426858 239.55702933388610631 6.0794843983827284717 
 255.22183759412075688 239.55702933388610631 6.0794843983827284717 
