 129.78689419028188468 85.229759757379596863 6.425309221950619154 
 123.87112961420928059 116.2441645687535754 6.425309221950619154 
 62.530293452190967685 115.25888938012755602 6.425309221950619154 
 50.698978316110348885 177.28988831617786559 6.425309221950619154 
 56.614188635924563187 146.27516350480391338 6.425309221950619154 
 134.23341321721318309 53.373282885912878726 6.425309221950619154 
 185.21252003248596907 117.22975975737958265 6.425309221950619154 
 179.29675545641336498 148.24416456875354697 6.425309221950619154 
 117.95591929439505918 147.2588893801275276 6.425309221950619154 
 106.12460415831442617 209.28988831617786559 6.425309221950619154 
 112.03981447812864758 178.27516350480391338 6.425309221950619154 
 189.65903905941723906 85.37328288591287162 6.425309221950619154 
 240.63814587469008188 149.22975975737958265 6.425309221950619154 
 234.72238129861744937 180.2441645687535754 6.425309221950619154 
 173.38154513659912936 179.2588893801275276 6.425309221950619154 
 161.55023000051849635 241.28988831617783717 6.425309221950619154 
 167.46544032033273197 210.27516350480388496 6.425309221950619154 
 245.08466490162132345 117.37328288591287162 6.425309221950619154 
 74.361268348077814494 53.229759757379589757 6.425309221950619154 
 68.445503772005196197 84.244164568753575395 6.425309221950619154 
 228.80717097880318533 211.2588893801275276 6.425309221950619154 
 1.1885627937204821247 114.27516350480392759 6.425309221950619154 
 78.807787375009112907 21.373282885912878726 6.425309221950619154 
