 147.24264162685952329 60.377589390095280919 6.425309221950619154 
 133.50133320288213667 88.80409144575489222 6.425309221950619154 
 74.505643331305634547 71.976212053815444847 6.425309221950619154 
 47.022666571016564774 128.83138627082880134 6.425309221950619154 
 60.76352244665400093 100.40443166682922538 6.425309221950619154 
 33.281810695379114406 157.25834087482837731 6.425309221950619154 
 192.49747562279856083 105.63242338603431847 6.425309221950619154 
 178.75616719882117422 134.05892544169395819 6.425309221950619154 
 119.76047732724468631 117.23104604975446819 6.425309221950619154 
 92.277500566955609429 174.08622026676783889 6.425309221950619154 
 106.01835644259303137 145.65926566276826293 6.425309221950619154 
 78.536644691318159062 202.51317487076741486 6.425309221950619154 
 237.75230961873759838 150.88725738197337023 6.425309221950619154 
 224.0110011947602402 179.31375943763299574 6.425309221950619154 
 165.01531132318373807 162.48588004569350574 6.425309221950619154 
 137.53233456289464698 219.34105426270690486 6.425309221950619154 
 151.27319043853208314 190.91409965870730048 6.425309221950619154 
 123.79147868725719661 247.76800886670645241 6.425309221950619154 
 101.9878076309204431 15.122755394156216724 6.425309221950619154 
 88.246499206943070703 43.54925744981585467 6.425309221950619154 
 210.2701453191227472 207.74071404163251486 6.425309221950619154 
 1.7678325750775112368 83.576552274889763794 6.425309221950619154 
 196.52802443447112068 236.16893365464630961 6.425309221950619154 
