 43.194731064231092432 146.17898245927597145 6.425309221950619154 
 177.49565649449610305 80.630717400226771474 6.425309221950619154 
 124.86557168312212696 49.107025976148989344 6.425309221950619154 
 83.603852747071755402 96.911789308853769853 6.425309221950619154 
 104.2339375584457315 73.009854890727496013 6.425309221950619154 
 62.973767935697786413 120.81372372698007212 6.425309221950619154 
 75.194731064231092432 201.60460830148005584 6.425309221950619154 
 209.49565649449613147 136.05634324243087008 6.425309221950619154 
 156.86557168312214117 104.53265181835305953 6.425309221950619154 
 115.60385274707176961 152.33741515105785425 6.425309221950619154 
 136.23393755844571729 128.43548073293158041 6.425309221950619154 
 94.973767935697793519 176.23934956918412809 6.425309221950619154 
 241.49565649449610305 191.48196908463489763 6.425309221950619154 
 188.86557168312211274 159.9582776605571155 6.425309221950619154 
 147.60385274707178382 207.76304099326191022 6.425309221950619154 
 168.23393755844571729 183.86110657513563638 6.425309221950619154 
 126.97376793569782194 231.66497541138821248 6.425309221950619154 
 11.194731064231071116 90.753356617071929691 6.425309221950619154 
 145.49565649449610305 25.205091558022719056 6.425309221950619154 
 220.86557168312211274 215.38390350276119989 6.425309221950619154 
 51.603852747071762508 41.486163466649728093 6.425309221950619154 
 72.233937558445731497 17.584229048523443595 6.425309221950619154 
 30.97376793569778286 65.388097884775987723 6.425309221950619154 
