 28.341342258578777091 17.962732273048327869 6.5974812833469691498 
 53.941342258578785618 43.562732273048311527 6.5974812833469691498 
 53.941342258578785618 17.962732273048327869 6.5974812833469691498 
 28.341342258578777091 43.562732273048311527 6.5974812833469691498 
 28.341342258578777091 69.162732273048305842 6.5974812833469691498 
 53.941342258578785618 94.762732273048314369 6.5974812833469691498 
 53.941342258578785618 69.162732273048305842 6.5974812833469691498 
 28.341342258578777091 94.762732273048314369 6.5974812833469691498 
 28.341342258578777091 120.3627322730483229 6.5974812833469691498 
 53.941342258578785618 145.96273227304831721 6.5974812833469691498 
 53.941342258578785618 120.3627322730483229 6.5974812833469691498 
 28.341342258578777091 145.96273227304831721 6.5974812833469691498 
 28.341342258578777091 171.5627322730482831 6.5974812833469691498 
 53.941342258578785618 197.16273227304830584 6.5974812833469691498 
 53.941342258578785618 171.5627322730482831 6.5974812833469691498 
 28.341342258578777091 197.16273227304830584 6.5974812833469691498 
 28.341342258578777091 222.76273227304830016 6.5974812833469691498 
 53.941342258578785618 248.3627322730483229 6.5974812833469691498 
 53.941342258578785618 222.76273227304830016 6.5974812833469691498 
 28.341342258578777091 248.3627322730483229 6.5974812833469691498 
 79.541342258578765723 17.962732273048327869 6.5974812833469691498 
 105.14134225857877425 43.562732273048311527 6.5974812833469691498 
 105.14134225857877425 17.962732273048327869 6.5974812833469691498 
 79.541342258578765723 43.562732273048311527 6.5974812833469691498 
 79.541342258578765723 69.162732273048305842 6.5974812833469691498 
 105.14134225857877425 94.762732273048314369 6.5974812833469691498 
 105.14134225857877425 69.162732273048305842 6.5974812833469691498 
 79.541342258578765723 94.762732273048314369 6.5974812833469691498 
 79.541342258578765723 120.3627322730483229 6.5974812833469691498 
 105.14134225857877425 145.96273227304831721 6.5974812833469691498 
 105.14134225857877425 120.3627322730483229 6.5974812833469691498 
 79.541342258578765723 145.96273227304831721 6.5974812833469691498 
 79.541342258578765723 171.5627322730482831 6.5974812833469691498 
 105.14134225857877425 197.16273227304830584 6.5974812833469691498 
 105.14134225857877425 171.5627322730482831 6.5974812833469691498 
 79.541342258578765723 197.16273227304830584 6.5974812833469691498 
 79.541342258578765723 222.76273227304830016 6.5974812833469691498 
 105.14134225857877425 248.3627322730483229 6.5974812833469691498 
 105.14134225857877425 222.76273227304830016 6.5974812833469691498 
 79.541342258578765723 248.3627322730483229 6.5974812833469691498 
 130.74134225857875435 17.962732273048327869 6.5974812833469691498 
 156.34134225857877709 43.562732273048311527 6.5974812833469691498 
 156.34134225857877709 17.962732273048327869 6.5974812833469691498 
 130.74134225857875435 43.562732273048311527 6.5974812833469691498 
 130.74134225857875435 69.162732273048305842 6.5974812833469691498 
 156.34134225857877709 94.762732273048314369 6.5974812833469691498 
 156.34134225857877709 69.162732273048305842 6.5974812833469691498 
 130.74134225857875435 94.762732273048314369 6.5974812833469691498 
 130.74134225857875435 120.3627322730483229 6.5974812833469691498 
 156.34134225857877709 145.96273227304831721 6.5974812833469691498 
 156.34134225857877709 120.3627322730483229 6.5974812833469691498 
 130.74134225857875435 145.96273227304831721 6.5974812833469691498 
 130.74134225857875435 171.5627322730482831 6.5974812833469691498 
 156.34134225857877709 197.16273227304830584 6.5974812833469691498 
 156.34134225857877709 171.5627322730482831 6.5974812833469691498 
 130.74134225857875435 197.16273227304830584 6.5974812833469691498 
 130.74134225857875435 222.76273227304830016 6.5974812833469691498 
 156.34134225857877709 248.3627322730483229 6.5974812833469691498 
 156.34134225857877709 222.76273227304830016 6.5974812833469691498 
 130.74134225857875435 248.3627322730483229 6.5974812833469691498 
 181.94134225857877141 17.962732273048327869 6.5974812833469691498 
 207.5413422585787373 43.562732273048311527 6.5974812833469691498 
 207.5413422585787373 17.962732273048327869 6.5974812833469691498 
 181.94134225857877141 43.562732273048311527 6.5974812833469691498 
 181.94134225857877141 69.162732273048305842 6.5974812833469691498 
 207.5413422585787373 94.762732273048314369 6.5974812833469691498 
 207.5413422585787373 69.162732273048305842 6.5974812833469691498 
 181.94134225857877141 94.762732273048314369 6.5974812833469691498 
 181.94134225857877141 120.3627322730483229 6.5974812833469691498 
 207.5413422585787373 145.96273227304831721 6.5974812833469691498 
 207.5413422585787373 120.3627322730483229 6.5974812833469691498 
 181.94134225857877141 145.96273227304831721 6.5974812833469691498 
 181.94134225857877141 171.5627322730482831 6.5974812833469691498 
 207.5413422585787373 197.16273227304830584 6.5974812833469691498 
 207.5413422585787373 171.5627322730482831 6.5974812833469691498 
 181.94134225857877141 197.16273227304830584 6.5974812833469691498 
 181.94134225857877141 222.76273227304830016 6.5974812833469691498 
 207.5413422585787373 248.3627322730483229 6.5974812833469691498 
 207.5413422585787373 222.76273227304830016 6.5974812833469691498 
 181.94134225857877141 248.3627322730483229 6.5974812833469691498 
 233.14134225857878846 17.962732273048327869 6.5974812833469691498 
 2.7413422585787898811 43.562732273048311527 6.5974812833469691498 
 2.7413422585787898811 17.962732273048327869 6.5974812833469691498 
 233.14134225857878846 43.562732273048311527 6.5974812833469691498 
 233.14134225857878846 69.162732273048305842 6.5974812833469691498 
 2.7413422585787898811 94.762732273048314369 6.5974812833469691498 
 2.7413422585787898811 69.162732273048305842 6.5974812833469691498 
 233.14134225857878846 94.762732273048314369 6.5974812833469691498 
 233.14134225857878846 120.3627322730483229 6.5974812833469691498 
 2.7413422585787898811 145.96273227304831721 6.5974812833469691498 
 2.7413422585787898811 120.3627322730483229 6.5974812833469691498 
 233.14134225857878846 145.96273227304831721 6.5974812833469691498 
 233.14134225857878846 171.5627322730482831 6.5974812833469691498 
 2.7413422585787898811 197.16273227304830584 6.5974812833469691498 
 2.7413422585787898811 171.5627322730482831 6.5974812833469691498 
 233.14134225857878846 197.16273227304830584 6.5974812833469691498 
 233.14134225857878846 222.76273227304830016 6.5974812833469691498 
 2.7413422585787898811 248.3627322730483229 6.5974812833469691498 
 2.7413422585787898811 222.76273227304830016 6.5974812833469691498 
 233.14134225857878846 248.3627322730483229 6.5974812833469691498 
