 84.592702737225465626 15.65987966243889673 6.5974812833469691498 
 62.422452400343843237 2.8598796624388915788 6.5974812833469691498 
 49.62245240034386029 25.030129999320521961 6.5974812833469691498 
 58.992702737225464205 60.000380336202141507 6.5974812833469691498 
 71.792702737225468468 37.830129999320512013 6.5974812833469691498 
 36.822452400343856027 47.200380336202151454 6.5974812833469691498 
 24.022452400343876633 69.370630673083780948 6.5974812833469691498 
 33.392702737225469889 104.34088100996540049 6.5974812833469691498 
 46.192702737225474152 82.170630673083763895 6.5974812833469691498 
 11.22245240034387237 91.540881009965417547 6.5974812833469691498 
 7.7927027372254817905 148.68138168372863106 6.5974812833469691498 
 20.592702737225486942 126.51113134684703709 6.5974812833469691498 
 119.56295307410711359 6.2896293255572590652 6.5974812833469691498 
 128.9332034109887104 41.259879662438891046 6.5974812833469691498 
 141.73320341098872177 19.089629325557240236 6.5974812833469691498 
 106.76295307410710222 28.459879662438900993 6.5974812833469691498 
 93.962953074107105067 50.630129999320516276 6.5974812833469691498 
 103.3332034109887303 85.600380336202135823 6.5974812833469691498 
 116.13320341098874167 63.430129999320513434 6.5974812833469691498 
 81.162953074107107909 72.800380336202152876 6.5974812833469691498 
 68.362953074107110751 94.970630673083761053 6.5974812833469691498 
 77.733203410988735982 129.94088100996540902 6.5974812833469691498 
 90.533203410988747351 107.77063067308375821 6.5974812833469691498 
 55.562953074107106488 117.14088100996542607 6.5974812833469691498 
 42.762953074107116436 139.31113134684704846 6.5974812833469691498 
 52.133203410988762982 174.28138168372862538 6.5974812833469691498 
 64.933203410988738824 152.11113134684703141 6.5974812833469691498 
 29.962953074107122831 161.48138168372864243 6.5974812833469691498 
 17.162953074107118567 183.65163202061029324 6.5974812833469691498 
 39.333203410988737403 196.45163202061030461 6.5974812833469691498 
 163.90345374787037258 31.889629325557244499 6.5974812833469691498 
 173.27370408475201202 66.859879662438885362 6.5974812833469691498 
 186.07370408475202339 44.689629325557248762 6.5974812833469691498 
 151.10345374787036121 54.059879662438888204 6.5974812833469691498 
 138.30345374787034984 76.230129999320510592 6.5974812833469691498 
 147.67370408475198928 111.20038033620215856 6.5974812833469691498 
 160.47370408475200065 89.03012999932050775 6.5974812833469691498 
 125.50345374787035269 98.400380336202147191 6.5974812833469691498 
 112.70345374787036974 120.57063067308376958 6.5974812833469691498 
 122.07370408475200918 155.54088100996540334 6.5974812833469691498 
 134.87370408475200634 133.37063067308378095 6.5974812833469691498 
 99.903453747870372581 142.74088100996542039 6.5974812833469691498 
 87.103453747870375423 164.91113134684701436 6.5974812833469691498 
 96.473704084752029075 199.88138168372861969 6.5974812833469691498 
 109.27370408475202623 177.71113134684702572 6.5974812833469691498 
 74.303453747870378265 187.08138168372860832 6.5974812833469691498 
 61.503453747870381108 209.25163202061028755 6.5974812833469691498 
 198.87370408475200634 22.519378988675629927 6.5974812833469691498 
 83.673704084752003496 222.05163202061029892 6.5974812833469691498 
 176.70345374787035553 9.7193789886756274399 6.5974812833469691498 
 208.24395442163361736 57.48962932555724592 6.5974812833469691498 
 217.6142047585152568 92.459879662438879677 6.5974812833469691498 
 230.41420475851523975 70.289629325557243078 6.5974812833469691498 
 195.44395442163363441 79.659879662438882519 6.5974812833469691498 
 182.64395442163362304 101.83012999932050491 6.5974812833469691498 
 192.01420475851523406 136.80038033620212445 6.5974812833469691498 
 204.81420475851524543 114.63012999932050207 6.5974812833469691498 
 169.84395442163361167 124.0003803362021273 6.5974812833469691498 
 157.04395442163362873 146.1706306730837639 6.5974812833469691498 
 166.41420475851523975 181.14088100996539765 6.5974812833469691498 
 179.21420475851525111 158.97063067308374684 6.5974812833469691498 
 144.24395442163361736 168.34088100996538628 6.5974812833469691498 
 131.44395442163363441 190.51113134684700867 6.5974812833469691498 
 140.81420475851527385 225.48138168372864243 6.5974812833469691498 
 153.6142047585152568 203.31113134684702004 6.5974812833469691498 
 118.64395442163363725 212.68138168372863106 6.5974812833469691498 
 105.8439544216336401 234.85163202061028187 6.5974812833469691498 
 243.21420475851525111 48.11937898867562069 6.5974812833469691498 
 128.01420475851526248 247.65163202061026482 6.5974812833469691498 
 221.04395442163362873 35.319378988675623532 6.5974812833469691498 
 252.58445509539691898 83.089629325557240236 6.5974812833469691498 
 239.78445509539685077 105.25987966243887684 6.5974812833469691498 
 226.98445509539689624 127.43012999932049922 6.5974812833469691498 
 236.35470543227850726 162.40038033620211877 6.5974812833469691498 
 249.15470543227851863 140.23012999932049638 6.5974812833469691498 
 214.18445509539688487 149.6003803362021074 6.5974812833469691498 
 201.38445509539690192 171.77063067308372979 6.5974812833469691498 
 210.75470543227851294 206.74088100996539197 6.5974812833469691498 
 223.55470543227852431 184.57063067308374116 6.5974812833469691498 
 188.58445509539689056 193.94088100996540902 6.5974812833469691498 
 175.78445509539687919 216.11113134684703141 6.5974812833469691498 
 185.15470543227854705 251.08138168372863674 6.5974812833469691498 
   197.95470543227853 228.91113134684701436 6.5974812833469691498 
 162.98445509539689624 238.28138168372859695 6.5974812833469691498 
