 96.977795064895829569 13.626244670762398314 6.5974812833469691498 
 68.501060711083496813 26.745528208456221364 6.5974812833469691498 
 71.377795064895835253 57.966745344525655526 6.5974812833469691498 
 42.901060711083502497 71.086028882219466141 6.5974812833469691498 
 45.777795064895833832 102.30724601828892162 6.5974812833469691498 
 17.301060711083504629 115.42652955598272513 6.5974812833469691498 
 20.177795064895860833 146.64774669205215218 6.5974812833469691498 
 128.33126377252051498 31.728178269138009426 6.5974812833469691498 
 99.854529418708168009  44.8474618068318307 6.5974812833469691498 
 102.73126377252052066 76.068678942901271967 6.5974812833469691498 
 74.254529418708173694 89.187962480595089687 6.5974812833469691498 
 77.131263772520526345 120.40917961666453095 6.5974812833469691498 
 48.654529418708179378 133.52846315435834867 6.5974812833469691498 
 51.531263772520532029 164.74968029042778994 6.5974812833469691498 
 23.054529418708170851 177.86896382812162187 6.5974812833469691498 
 25.931263772520523503 209.09018096419106314 6.5974812833469691498 
 156.80799812633281931  18.6088947314441846 6.5974812833469691498 
 159.68473248014515775 49.830111867513608104 6.5974812833469691498 
 131.20799812633285342 62.949395405207447141 6.5974812833469691498 
 134.08473248014519186 94.170612541276867091 6.5974812833469691498 
 105.6079981263328591 107.28989607897069902 6.5974812833469691498 
 108.48473248014519754 138.5111132150401545 6.5974812833469691498 
 80.007998126332864786 151.63039675273395801 6.5974812833469691498 
 82.884732480145203226 182.85161388880337086 6.5974812833469691498 
 54.407998126332856259 195.97089742649723121 6.5974812833469691498 
 57.284732480145187594 227.19211456256667248 6.5974812833469691498 
 188.16146683395751893 36.710828329819797489 6.5974812833469691498 
 191.03820118776988579 67.93204546588923165 6.5974812833469691498 
 162.56146683395755304 81.051329003583063582 6.5974812833469691498 
 165.43820118776986305 112.27254613965249064 6.5974812833469691498 
 136.9614668339575303 125.39182967734632257 6.5974812833469691498 
 139.83820118776986874 156.61304681341576384 6.5974812833469691498 
 111.36146683395755019 169.73233035110956735 6.5974812833469691498 
 114.23820118776990284 200.95354748717900861 6.5974812833469691498 
 85.761466833957541667 214.07283102487286897 6.5974812833469691498 
 88.638201187769880107 245.29404816094231023 6.5974812833469691498 
 219.51493554158219013 54.812761928195406824 6.5974812833469691498 
 222.39166989539455699 86.033979064264840986 6.5974812833469691498 
 193.91493554158222423 99.153262601958672917 6.5974812833469691498 
 196.79166989539453425 130.37447973802809997 6.5974812833469691498 
 168.31493554158220149 143.4937632757219319 6.5974812833469691498 
 171.19166989539453994 174.71498041179137317 6.5974812833469691498 
 142.71493554158220718 187.83426394948517668 6.5974812833469691498 
 145.59166989539457404 219.05548108555458953 6.5974812833469691498 
 117.11493554158221286 232.17476462324844988 6.5974812833469691498 
 250.86840424920686132 72.914695526571023265 6.5974812833469691498 
 253.74513860301922819 104.13591266264046453 6.5974812833469691498 
 225.26840424920689543 117.25519620033428225 6.5974812833469691498 
 228.14513860301923387 148.47641333640370931 6.5974812833469691498 
 199.66840424920687269 161.59569687409754124 6.5974812833469691498 
 202.54513860301926798 192.81691401016701093 6.5974812833469691498 
 174.0684042492069068 205.93619754786081444 6.5974812833469691498 
 176.94513860301927366 237.15741468393022728 6.5974812833469691498 
 148.46840424920688406 250.27669822162403079 6.5974812833469691498 
 256.62187295683156663 135.3571297987099058 6.5974812833469691498 
 40.024326357271206689 39.864811746150067506 6.5974812833469691498 
 231.02187295683160073 179.69763047247315058 6.5974812833469691498 
 14.424326357271219479 84.205312419913326494 6.5974812833469691498 
 205.42187295683157799 224.03813114623642377 6.5974812833469691498 
