 74.27889879103835824 21.958614264835706109 6.5974812833469691498 
 45.802164437226011273 35.077897802529527382 6.5974812833469691498 
 48.678898791038356819 66.299114938598947333 6.5974812833469691498 
 20.202164437226027616 79.418398476292793475 6.5974812833469691498 
 23.078898791038358951 110.63961561236222053 6.5974812833469691498 
  102.755633144850691 8.8393307271418812832 6.5974812833469691498 
 105.63236749866302944 40.060547863211318997 6.5974812833469691498 
 77.15563314485068247 53.179831400905143823 6.5974812833469691498 
 80.032367498663049332 84.401048536974570879 6.5974812833469691498 
 51.555633144850688154 97.520332074668402811 6.5974812833469691498 
  54.4323674986630337 128.74154921073784408 6.5974812833469691498 
 25.955633144850715155 141.86083274843164759 6.5974812833469691498 
 28.83236749866304649 173.08204988450106043 6.5974812833469691498 
 134.10910185247536219 26.941264325517494171 6.5974812833469691498 
 136.98583620628770063 58.162481461586928333 6.5974812833469691498 
 108.50910185247535367 71.281764999280738948 6.5974812833469691498 
 111.38583620628772053 102.50298213535019443 6.5974812833469691498 
 82.909101852475373562 115.62226567304401215 6.5974812833469691498 
 85.785836206287712002 146.84348280911345341 6.5974812833469691498 
 57.309101852475386352 159.96276634680725692 6.5974812833469691498 
 60.185836206287717687 191.18398348287669819 6.5974812833469691498 
 31.709101852475377825 204.30326702057053012 6.5974812833469691498 
 162.58583620628769495 13.821980787823669345 6.5974812833469691498 
 165.46257056010003339 45.043197923893103507 6.5974812833469691498 
 168.33930491391237183 76.264415059962544774 6.5974812833469691498 
 139.8625705601000675 89.383698597656362494 6.5974812833469691498 
 142.73930491391237751 120.60491573372580376 6.5974812833469691498 
 114.26257056010004476 133.72419927141962148 6.5974812833469691498 
 117.1393049139123832 164.94541640748906275 6.5974812833469691498 
 88.662570560100078865 178.06469994518286626 6.5974812833469691498 
 91.539304913912403094 209.28591708125230753 6.5974812833469691498 
 63.062570560100077444 222.40520061894613946 6.5974812833469691498 
 193.93930491391239457 31.923914386199282234 6.5974812833469691498 
 196.81603926772470459 63.145131522268719948 6.5974812833469691498 
 199.69277362153704303 94.36634865833815411 6.5974812833469691498 
 171.21603926772473869 107.48563219603197183 6.5974812833469691498 
 174.09277362153704871 138.70684933210142731 6.5974812833469691498 
 145.61603926772471596 151.82613286979523082 6.5974812833469691498 
 148.4927736215370544 183.04735000586470051 6.5974812833469691498 
 120.01603926772473585 196.16663354355847559 6.5974812833469691498 
 122.89277362153706008 227.38785067962794528 6.5974812833469691498 
 94.416039267724741535 240.50713421732172037 6.5974812833469691498 
 225.29277362153706576 50.025847984574895122 6.5974812833469691498 
 228.16950797534937578 81.247065120644322178 6.5974812833469691498 
 231.04624232916171422 112.46828225671376345 6.5974812833469691498 
 202.56950797534940989 125.58756579440756695 6.5974812833469691498 
 205.44624232916174833 156.80878293047700822 6.5974812833469691498 
 176.96950797534941557 169.92806646817084015 6.5974812833469691498 
 179.84624232916175401 201.14928360424028142 6.5974812833469691498 
 151.36950797534942126 214.26856714193408493 6.5974812833469691498 
 154.2462423291617597 245.4897842780035262 6.5974812833469691498 
 256.64624232916173696 68.127781582950504458 6.5974812833469691498 
 233.92297668297410951 143.68949939278320471 6.5974812833469691498 
 236.79971103678647637 174.9107165288526744 6.5974812833469691498 
 208.32297668297411519 188.03000006654647791 6.5974812833469691498 
 211.19971103678648205 219.25121720261591918 6.5974812833469691498 
 182.72297668297412088 232.37050074030972269 6.5974812833469691498 
