 37.478527007611667443 24.847922999560495327 6.187111634143570349 
 63.078527007611668864 24.847922999560495327 6.187111634143570349 
 63.078527007611668864 50.447922999560496748 6.187111634143570349 
 37.478527007611667443 50.447922999560496748 6.187111634143570349 
 37.478527007611667443 76.04792299956049817 6.187111634143570349 
 63.078527007611668864 76.04792299956049817 6.187111634143570349 
 63.078527007611668864 101.64792299956049249 6.187111634143570349 
 37.478527007611667443 101.64792299956049249 6.187111634143570349 
 37.478527007611667443 127.24792299956050101 6.187111634143570349 
 63.078527007611668864 127.24792299956050101 6.187111634143570349 
 63.078527007611668864 152.84792299956049533 6.187111634143570349 
 37.478527007611667443 152.84792299956049533 6.187111634143570349 
 37.478527007611667443 178.44792299956048964 6.187111634143570349 
 63.078527007611668864 178.44792299956048964 6.187111634143570349 
 63.078527007611668864 204.04792299956048396 6.187111634143570349 
 37.478527007611667443 204.04792299956048396 6.187111634143570349 
 37.478527007611667443 229.64792299956047827 6.187111634143570349 
 63.078527007611668864 229.64792299956047827 6.187111634143570349 
 63.078527007611668864 255.24792299956047259 6.187111634143570349 
 37.478527007611667443 255.24792299956047259 6.187111634143570349 
 88.67852700761166318 24.847922999560495327 6.187111634143570349 
 114.27852700761167171 24.847922999560495327 6.187111634143570349 
 114.27852700761167171 50.447922999560496748 6.187111634143570349 
 88.67852700761166318 50.447922999560496748 6.187111634143570349 
 88.67852700761166318 76.04792299956049817 6.187111634143570349 
 114.27852700761167171 76.04792299956049817 6.187111634143570349 
 114.27852700761167171 101.64792299956049249 6.187111634143570349 
 88.67852700761166318 101.64792299956049249 6.187111634143570349 
 88.67852700761166318 127.24792299956050101 6.187111634143570349 
 114.27852700761167171 127.24792299956050101 6.187111634143570349 
 114.27852700761167171 152.84792299956049533 6.187111634143570349 
 88.67852700761166318 152.84792299956049533 6.187111634143570349 
 88.67852700761166318 178.44792299956048964 6.187111634143570349 
 114.27852700761167171 178.44792299956048964 6.187111634143570349 
 114.27852700761167171 204.04792299956048396 6.187111634143570349 
 88.67852700761166318 204.04792299956048396 6.187111634143570349 
 88.67852700761166318 229.64792299956047827 6.187111634143570349 
 114.27852700761167171 229.64792299956047827 6.187111634143570349 
 114.27852700761167171 255.24792299956047259 6.187111634143570349 
 88.67852700761166318 255.24792299956047259 6.187111634143570349 
 139.87852700761166602 24.847922999560495327 6.187111634143570349 
 165.47852700761166034 24.847922999560495327 6.187111634143570349 
 165.47852700761166034 50.447922999560496748 6.187111634143570349 
 139.87852700761166602 50.447922999560496748 6.187111634143570349 
 139.87852700761166602 76.04792299956049817 6.187111634143570349 
 165.47852700761166034 76.04792299956049817 6.187111634143570349 
 165.47852700761166034 101.64792299956049249 6.187111634143570349 
 139.87852700761166602 101.64792299956049249 6.187111634143570349 
 139.87852700761166602 127.24792299956050101 6.187111634143570349 
 165.47852700761166034 127.24792299956050101 6.187111634143570349 
 165.47852700761166034 152.84792299956049533 6.187111634143570349 
 139.87852700761166602 152.84792299956049533 6.187111634143570349 
 139.87852700761166602 178.44792299956048964 6.187111634143570349 
 165.47852700761166034 178.44792299956048964 6.187111634143570349 
 165.47852700761166034 204.04792299956048396 6.187111634143570349 
 139.87852700761166602 204.04792299956048396 6.187111634143570349 
 139.87852700761166602 229.64792299956047827 6.187111634143570349 
 165.47852700761166034 229.64792299956047827 6.187111634143570349 
 165.47852700761166034 255.24792299956047259 6.187111634143570349 
 139.87852700761166602 255.24792299956047259 6.187111634143570349 
 191.07852700761165465 24.847922999560495327 6.187111634143570349 
 216.67852700761167739 24.847922999560495327 6.187111634143570349 
 216.67852700761167739 50.447922999560496748 6.187111634143570349 
 191.07852700761165465 50.447922999560496748 6.187111634143570349 
 191.07852700761165465 76.04792299956049817 6.187111634143570349 
 216.67852700761167739 76.04792299956049817 6.187111634143570349 
 216.67852700761167739 101.64792299956049249 6.187111634143570349 
 191.07852700761165465 101.64792299956049249 6.187111634143570349 
 191.07852700761165465 127.24792299956050101 6.187111634143570349 
 216.67852700761167739 127.24792299956050101 6.187111634143570349 
 216.67852700761167739 152.84792299956049533 6.187111634143570349 
 191.07852700761165465 152.84792299956049533 6.187111634143570349 
 191.07852700761165465 178.44792299956048964 6.187111634143570349 
 216.67852700761167739 178.44792299956048964 6.187111634143570349 
 216.67852700761167739 204.04792299956048396 6.187111634143570349 
 191.07852700761165465 204.04792299956048396 6.187111634143570349 
 191.07852700761165465 229.64792299956047827 6.187111634143570349 
 216.67852700761167739 229.64792299956047827 6.187111634143570349 
 216.67852700761167739 255.24792299956047259 6.187111634143570349 
 191.07852700761165465 255.24792299956047259 6.187111634143570349 
 242.27852700761170013 24.847922999560495327 6.187111634143570349 
 11.878527007611689115 24.847922999560495327 6.187111634143570349 
 11.878527007611689115 50.447922999560496748 6.187111634143570349 
 242.27852700761170013 50.447922999560496748 6.187111634143570349 
 242.27852700761170013 76.04792299956049817 6.187111634143570349 
 11.878527007611689115 76.04792299956049817 6.187111634143570349 
 11.878527007611689115 101.64792299956049249 6.187111634143570349 
 242.27852700761170013 101.64792299956049249 6.187111634143570349 
 242.27852700761170013 127.24792299956050101 6.187111634143570349 
 11.878527007611689115 127.24792299956050101 6.187111634143570349 
 11.878527007611689115 152.84792299956049533 6.187111634143570349 
 242.27852700761170013 152.84792299956049533 6.187111634143570349 
 242.27852700761170013 178.44792299956048964 6.187111634143570349 
 11.878527007611689115 178.44792299956048964 6.187111634143570349 
 11.878527007611689115 204.04792299956048396 6.187111634143570349 
 242.27852700761170013 204.04792299956048396 6.187111634143570349 
 242.27852700761170013 229.64792299956047827 6.187111634143570349 
 11.878527007611689115 229.64792299956047827 6.187111634143570349 
 11.878527007611689115 255.24792299956047259 6.187111634143570349 
 242.27852700761170013 255.24792299956047259 6.187111634143570349 
