 54.468020399396330333 34.641583385426905295 5.9502408040493559582 
 34.353500686530509256 63.087450052093572594 5.9502408040493559582 
 74.581936688739233432 91.533316718760232789 5.9502408040493559582 
 44.410760542963416242 91.533316718760232789 5.9502408040493559582 
 24.296844253620509591 34.641583385426905295 5.9502408040493559582 
 64.524676832306326446 63.087450052093572594 5.9502408040493559582 
 54.468020399396330333  119.974916718760241 5.9502408040493559582 
 34.353500686530509256 148.4207833854269154 5.9502408040493559582 
 74.581936688739233432 176.8666500520935756 5.9502408040493559582 
 44.410760542963416242 176.8666500520935756 5.9502408040493559582 
 24.296844253620509591  119.974916718760241 5.9502408040493559582 
 64.524676832306326446 148.4207833854269154 5.9502408040493559582 
 54.468020399396330333 205.30825005209359801 5.9502408040493559582 
 34.353500686530509256 233.75411671876022979 5.9502408040493559582 
 74.581936688739233432 6.1999833854269237321 5.9502408040493559582 
 44.410760542963416242 6.1999833854269237321 5.9502408040493559582 
 24.296844253620509591 205.30825005209359801 5.9502408040493559582 
 64.524676832306326446 233.75411671876022979 5.9502408040493559582 
 114.81037269094795761 34.641583385426905295 5.9502408040493559582 
 94.695852978082129425 63.087450052093572594 5.9502408040493559582 
 134.92428898029083939 91.533316718760232789 5.9502408040493559582 
 104.75311283451503641 91.533316718760232789 5.9502408040493559582 
 84.639196545172140418 34.641583385426905295 5.9502408040493559582 
 124.86702912385794662 63.087450052093572594 5.9502408040493559582 
 114.81037269094795761  119.974916718760241 5.9502408040493559582 
 94.695852978082129425 148.4207833854269154 5.9502408040493559582 
 134.92428898029083939 176.8666500520935756 5.9502408040493559582 
 104.75311283451503641 176.8666500520935756 5.9502408040493559582 
 84.639196545172140418  119.974916718760241 5.9502408040493559582 
 124.86702912385794662 148.4207833854269154 5.9502408040493559582 
 114.81037269094795761 205.30825005209359801 5.9502408040493559582 
 94.695852978082129425 233.75411671876022979 5.9502408040493559582 
 134.92428898029083939 6.1999833854269237321 5.9502408040493559582 
 104.75311283451503641 6.1999833854269237321 5.9502408040493559582 
 84.639196545172140418 205.30825005209359801 5.9502408040493559582 
 124.86702912385794662 233.75411671876022979 5.9502408040493559582 
 175.15272498249956357 34.641583385426905295 5.9502408040493559582 
 155.03820526963374959 63.087450052093572594 5.9502408040493559582 
 195.26664127184250219 91.533316718760232789 5.9502408040493559582 
 165.09546512606664237 91.533316718760232789 5.9502408040493559582 
 144.98154883672376059 34.641583385426905295 5.9502408040493559582 
  185.209381415409581 63.087450052093572594 5.9502408040493559582 
 175.15272498249956357  119.974916718760241 5.9502408040493559582 
 155.03820526963374959 148.4207833854269154 5.9502408040493559582 
 195.26664127184250219 176.8666500520935756 5.9502408040493559582 
 165.09546512606664237 176.8666500520935756 5.9502408040493559582 
 144.98154883672376059  119.974916718760241 5.9502408040493559582 
  185.209381415409581 148.4207833854269154 5.9502408040493559582 
 175.15272498249956357 205.30825005209359801 5.9502408040493559582 
 155.03820526963374959 233.75411671876022979 5.9502408040493559582 
 195.26664127184250219 6.1999833854269237321 5.9502408040493559582 
 165.09546512606664237 6.1999833854269237321 5.9502408040493559582 
 144.98154883672376059 205.30825005209359801 5.9502408040493559582 
  185.209381415409581 233.75411671876022979 5.9502408040493559582 
 235.49507727405125479 34.641583385426905295 5.9502408040493559582 
 215.3805575611854124 63.087450052093572594 5.9502408040493559582 
 14.239584397187595499 91.533316718760232789 5.9502408040493559582 
 225.43781741761833359 91.533316718760232789 5.9502408040493559582 
 205.32390112827542339 34.641583385426905295 5.9502408040493559582 
 245.5517337069612438 63.087450052093572594 5.9502408040493559582 
 235.49507727405125479  119.974916718760241 5.9502408040493559582 
 215.3805575611854124 148.4207833854269154 5.9502408040493559582 
 14.239584397187595499 176.8666500520935756 5.9502408040493559582 
 225.43781741761833359 176.8666500520935756 5.9502408040493559582 
 205.32390112827542339  119.974916718760241 5.9502408040493559582 
 245.5517337069612438 148.4207833854269154 5.9502408040493559582 
 235.49507727405125479 205.30825005209359801 5.9502408040493559582 
 215.3805575611854124 233.75411671876022979 5.9502408040493559582 
 14.239584397187595499 6.1999833854269237321 5.9502408040493559582 
 225.43781741761833359 6.1999833854269237321 5.9502408040493559582 
 205.32390112827542339 205.30825005209359801 5.9502408040493559582 
 245.5517337069612438 233.75411671876022979 5.9502408040493559582 
