 222.42420499408424917 77.984016769154493431 5.9502408040493559582 
 189.74158694479584142 65.917214742877092704 5.9502408040493559582 
 172.67687507234668942 112.1372320764077557 5.9502408040493559582 
 164.86800007267706292 82.994113827686234686 5.9502408040493559582 
 214.61532999441459424 48.840898520432965313 5.9502408040493559582 
 197.55046194446546792 95.060332991598642138 5.9502408040493559582 
 139.99853448408376266 100.06990861790293934 5.9502408040493559582 
 107.31591643479534071 88.003106591625538613 5.9502408040493559582 
 90.25120456234620292 134.2231239251561874 5.9502408040493559582 
 82.442329562676547994 105.08000567643468059 5.9502408040493559582 
 132.18965948441410774 70.926790369181404117 5.9502408040493559582 
 115.12479143446498142 117.14622484034708805 5.9502408040493559582 
 57.572863974083261951 122.15580046665137104 5.9502408040493559582 
 24.890245924794864862 110.08899844037398452 5.9502408040493559582 
 7.8255340523457119772 156.30901577390463331 5.9502408040493559582 
 49.763988974413621236 93.012682217929835815 5.9502408040493559582 
 32.69912092446450913 139.23211668909550554 5.9502408040493559582 
 238.04195499342358744 136.27025326659756388 5.9502408040493559582 
 205.35933694413515127 124.20345124032014894 5.9502408040493559582 
 188.29462507168599927 170.42346857385081194 5.9502408040493559582 
 180.48575007201634435 141.28035032512929092 5.9502408040493559582 
 230.23307999375390409 107.12713501787602866 5.9502408040493559582 
 213.1682119438048062 153.34656948904171259 5.9502408040493559582 
 155.61628448342304409 158.35614511534598137 5.9502408040493559582 
 122.93366643413462214 146.28934308906860906 5.9502408040493559582 
 105.86895456168548435 192.50936042259925784 5.9502408040493559582 
 98.060079562015843635 163.36624217387770841 5.9502408040493559582 
 147.80740948375341759 129.21302686662446035 5.9502408040493559582 
 130.74254143380429127 175.43246133779013007 5.9502408040493559582 
 73.190613973422557592 180.44203696409439885 5.9502408040493559582 
 40.507995924134149845 168.37523493781702655 5.9502408040493559582 
 23.443284051685019165 214.59525227134770375 5.9502408040493559582 
 15.634409052015355357 185.45213402262615432 5.9502408040493559582 
 65.381738973752902666 151.29891871537290626 5.9502408040493559582 
 48.316870923803804772 197.51835318653854756 5.9502408040493559582 
 253.65970499276281203 194.55648976404057748 5.9502408040493559582 
 220.9770869434744327 182.48968773776320518 5.9502408040493559582 
 203.9123750710252807 228.70970507129388238 5.9502408040493559582 
 196.10350007135562578 199.56658682257233295 5.9502408040493559582 
 245.85082999309318552 165.41337151531908489 5.9502408040493559582 
 228.78596194314408763 211.63280598648472619 5.9502408040493559582 
 171.23403448276235395 216.64238161278905181 5.9502408040493559582 
 138.55141643347391778 204.57557958651165109 5.9502408040493559582 
 121.4867045610247942 250.79559692004229987 5.9502408040493559582 
 113.67782956135513928 221.65247867132080728 5.9502408040493559582 
 163.42515948309269902 187.4992633640675308 5.9502408040493559582 
 146.3602914331435727 233.71869783523320052 5.9502408040493559582 
 88.808363972761853233 238.7282734615374693 5.9502408040493559582 
 56.125745923473438381 226.66147143526006857 5.9502408040493559582 
 31.252159051354642116 243.73837052006919635 5.9502408040493559582 
 80.999488973092212518 209.58515521281594829 5.9502408040493559582 
 63.934620923143100413 255.80458968398161801 5.9502408040493559582 
 206.80645499474496773 19.697780271711451405 5.9502408040493559582 
 174.12383694545653157 7.6309782454340471247 5.9502408040493559582 
 157.05912507300737957 53.850995578964699462 5.9502408040493559582 
 149.25025007333778149 24.707877330243189107 5.9502408040493559582 
 181.93271194512618649 36.774096494155600112 5.9502408040493559582 
 124.38078448474446702 41.783672120459890209 5.9502408040493559582 
 91.698166435456045065 29.716870094182493034 5.9502408040493559582 
 74.633454563006893068 75.93688742771313116 5.9502408040493559582 
 66.824579563337252353 46.793769178991617252 5.9502408040493559582 
 116.5719094850748121 12.640553871738346103 5.9502408040493559582 
 99.507041435125699991 58.859988342904046021 5.9502408040493559582 
 41.95511397474396631 63.869563969208321907 5.9502408040493559582 
 9.272495925455558563 51.80276194293092118 5.9502408040493559582 
 34.146238975074311384 34.726445720486772473 5.9502408040493559582 
 17.081370925125224147 80.94588019165247772 5.9502408040493559582 
