 177.88843427902529015 56.50273508135841638 5.9502408040493559582 
 149.44256761235860154 36.388215368492595303 5.9502408040493559582 
 120.99670094569192713 76.616651370701319479 5.9502408040493559582 
 120.99670094569192713 46.445475224925509394 5.9502408040493559582 
 177.88843427902526173 26.331558935582595637 5.9502408040493559582 
 149.44256761235860154 66.559391514268412493 5.9502408040493559582 
 92.555100945691918923 56.50273508135841638 5.9502408040493559582 
 64.109234279025244518 36.388215368492595303 5.9502408040493559582 
 35.663367612358570113 76.61665137070133369 5.9502408040493559582 
 35.663367612358570113  46.4454752249255165 5.9502408040493559582 
 92.555100945691918923 26.331558935582595637 5.9502408040493559582 
 64.109234279025258729 66.559391514268412493 5.9502408040493559582 
 7.2217676123586098669 56.502735081358423486 5.9502408040493559582 
 234.77590094569191592 36.388215368492581092 5.9502408040493559582 
 206.33003427902522731 76.616651370701319479 5.9502408040493559582 
 206.33003427902522731 46.445475224925509394 5.9502408040493559582 
 7.2217676123586098669 26.331558935582595637 5.9502408040493559582 
 234.77590094569191592 66.559391514268398282 5.9502408040493559582 
 177.88843427902529015 116.84508737291005787 5.9502408040493559582 
 149.44256761235860154 96.730567660044215472 5.9502408040493559582 
 120.99670094569192713 136.95900366225293965 5.9502408040493559582 
 120.99670094569192713 106.78782751647715088 5.9502408040493559582 
 177.88843427902529015 86.673911227134226465 5.9502408040493559582 
 149.44256761235860154 126.90174380582006108 5.9502408040493559582 
 92.555100945691918923 116.84508737291005787 5.9502408040493559582 
 64.109234279025258729 96.730567660044229683 5.9502408040493559582 
 35.663367612358570113 136.95900366225293965 5.9502408040493559582 
 35.663367612358570113 106.78782751647715088 5.9502408040493559582 
 92.555100945691918923 86.673911227134226465 5.9502408040493559582 
 64.109234279025258729 126.90174380582006108 5.9502408040493559582 
 7.2217676123586098669 116.84508737291005787 5.9502408040493559582 
 234.77590094569191592 96.730567660044215472 5.9502408040493559582 
 206.33003427902522731 136.95900366225293965 5.9502408040493559582 
 206.33003427902522731 106.78782751647715088 5.9502408040493559582 
 7.2217676123586098669 86.673911227134226465 5.9502408040493559582 
 234.77590094569191592 126.90174380582006108 5.9502408040493559582 
 177.88843427902529015 177.18743966446166382 5.9502408040493559582 
 149.44256761235860154 157.07291995159584985 5.9502408040493559582 
 120.99670094569192713 197.30135595380457403 5.9502408040493559582 
 120.99670094569192713 167.13017980802877105 5.9502408040493559582 
 177.88843427902529015 147.01626351868586084 5.9502408040493559582 
 149.44256761235860154 187.24409609737168125 5.9502408040493559582 
 92.555100945691918923 177.18743966446166382 5.9502408040493559582 
 64.109234279025258729 157.07291995159584985 5.9502408040493559582 
 35.663367612358570113 197.30135595380460245 5.9502408040493559582 
 35.663367612358570113 167.13017980802877105 5.9502408040493559582 
 92.555100945691918923 147.01626351868586084 5.9502408040493559582 
 64.109234279025258729 187.24409609737168125 5.9502408040493559582 
 7.2217676123586098669 177.18743966446169225 5.9502408040493559582 
 234.77590094569191592 157.07291995159584985 5.9502408040493559582 
 206.33003427902522731 197.30135595380457403 5.9502408040493559582 
 206.33003427902522731 167.13017980802877105 5.9502408040493559582 
 7.2217676123586098669 147.01626351868586084 5.9502408040493559582 
 234.77590094569191592 187.24409609737165283 5.9502408040493559582 
 177.88843427902529015 237.52979195601332663 5.9502408040493559582 
 149.44256761235860154 217.41527224314748423 5.9502408040493559582 
 120.99670094569192713 16.27429907914969931 5.9502408040493559582 
 120.99670094569192713 227.47253209958040543 5.9502408040493559582 
 177.88843427902529015 207.35861581023749523 5.9502408040493559582 
 149.44256761235860154 247.58644838892331563 5.9502408040493559582 
 92.555100945691918923 237.52979195601332663 5.9502408040493559582 
 64.109234279025258729 217.41527224314748423 5.9502408040493559582 
 35.663367612358563008 16.27429907914969931 5.9502408040493559582 
 35.663367612358584324 227.47253209958040543 5.9502408040493559582 
 92.555100945691918923 207.35861581023749523 5.9502408040493559582 
 64.109234279025258729 247.58644838892331563 5.9502408040493559582 
 7.2217676123586098669 237.52979195601332663 5.9502408040493559582 
 234.77590094569191592 217.41527224314748423 5.9502408040493559582 
 206.33003427902522731 16.27429907914969931 5.9502408040493559582 
 206.33003427902522731 227.47253209958040543 5.9502408040493559582 
 7.2217676123586098669 207.35861581023752365 5.9502408040493559582 
 234.77590094569191592 247.58644838892331563 5.9502408040493559582 
