 55.247536628499737787 26.765759032226668523 7.0369304067044291529 
 87.247536628499744893 58.765759032226661418 7.0369304067044291529 
 55.247536628499737787 90.765759032226668523 7.0369304067044291529 
 87.247536628499744893 122.76575903222666852 7.0369304067044291529 
 55.247536628499737787 154.76575903222666852 7.0369304067044291529 
 87.247536628499744893 186.76575903222669695 7.0369304067044291529 
 55.247536628499737787 218.7657590322266401 7.0369304067044291529 
 87.247536628499744893 250.7657590322266401 7.0369304067044291529 
 119.24753662849974489 26.765759032226668523 7.0369304067044291529 
 151.24753662849971647 58.765759032226661418 7.0369304067044291529 
 119.24753662849974489 90.765759032226668523 7.0369304067044291529 
 151.24753662849971647 122.76575903222666852 7.0369304067044291529 
 119.24753662849974489 154.76575903222666852 7.0369304067044291529 
 151.24753662849971647 186.76575903222669695 7.0369304067044291529 
 119.24753662849974489 218.7657590322266401 7.0369304067044291529 
 151.24753662849971647 250.7657590322266401 7.0369304067044291529 
 183.24753662849974489 26.765759032226668523 7.0369304067044291529 
 215.24753662849974489 58.765759032226661418 7.0369304067044291529 
 183.24753662849974489 90.765759032226668523 7.0369304067044291529 
 215.24753662849974489 122.76575903222666852 7.0369304067044291529 
 183.24753662849974489 154.76575903222666852 7.0369304067044291529 
 215.24753662849974489 186.76575903222669695 7.0369304067044291529 
 183.24753662849974489 218.7657590322266401 7.0369304067044291529 
 215.24753662849974489 250.7657590322266401 7.0369304067044291529 
 247.24753662849971647 26.765759032226668523 7.0369304067044291529 
 23.247536628499730682 58.765759032226661418 7.0369304067044291529 
 247.24753662849971647 90.765759032226668523 7.0369304067044291529 
 23.247536628499730682 122.76575903222666852 7.0369304067044291529 
 247.24753662849971647 154.76575903222666852 7.0369304067044291529 
 23.247536628499730682 186.76575903222669695 7.0369304067044291529 
 247.24753662849971647 218.7657590322266401 7.0369304067044291529 
 23.247536628499730682 250.7657590322266401 7.0369304067044291529 
