 64.512219954561331292 47.682338741432175766 7.0369304067044291529 
 96.512219954561331292 79.682338741432175766 7.0369304067044291529 
 64.512219954561331292 111.68233874143216156 7.0369304067044291529 
 96.512219954561331292 143.68233874143217577 7.0369304067044291529 
 64.512219954561331292 175.68233874143217577 7.0369304067044291529 
 96.512219954561331292 207.68233874143217577 7.0369304067044291529 
 64.512219954561331292 239.68233874143214734 7.0369304067044291529 
 96.512219954561331292 15.682338741432145568 7.0369304067044291529 
 128.51221995456131708 47.682338741432175766 7.0369304067044291529 
 160.51221995456131708 79.682338741432175766 7.0369304067044291529 
 128.51221995456131708 111.68233874143216156 7.0369304067044291529 
 160.51221995456131708 143.68233874143217577 7.0369304067044291529 
 128.51221995456131708 175.68233874143217577 7.0369304067044291529 
 160.51221995456131708 207.68233874143217577 7.0369304067044291529 
 128.51221995456131708 239.68233874143214734 7.0369304067044291529 
 160.51221995456131708 15.682338741432145568 7.0369304067044291529 
 192.51221995456131708 47.682338741432175766 7.0369304067044291529 
 224.5122199545613455 79.682338741432175766 7.0369304067044291529 
 192.51221995456131708 111.68233874143216156 7.0369304067044291529 
 224.5122199545613455 143.68233874143217577 7.0369304067044291529 
 192.51221995456131708 175.68233874143217577 7.0369304067044291529 
 224.5122199545613455 207.68233874143217577 7.0369304067044291529 
 192.51221995456131708 239.68233874143214734 7.0369304067044291529 
 224.5122199545613455 15.682338741432145568 7.0369304067044291529 
 256.51221995456137392 47.682338741432175766 7.0369304067044291529 
 32.51221995456130287 79.682338741432175766 7.0369304067044291529 
 256.51221995456137392 111.68233874143216156 7.0369304067044291529 
 32.51221995456130287 143.68233874143217577 7.0369304067044291529 
 256.51221995456137392 175.68233874143217577 7.0369304067044291529 
 32.51221995456130287 207.68233874143217577 7.0369304067044291529 
 256.51221995456137392 239.68233874143214734 7.0369304067044291529 
 32.51221995456130287 15.682338741432145568 7.0369304067044291529 
