 94.952985601448915531 4.6171145953494256986 7.0369304067044291529 
 117.5804025994184201 43.808950479880280682 7.0369304067044291529 
 78.388566714887588205 66.436367477849799457 7.0369304067044291529 
 101.01598371285709277 105.62820336238064556 7.0369304067044291529 
 61.824147828326267984 128.25562036035017854 7.0369304067044291529 
 84.451564826295765442 167.44745624488103886 7.0369304067044291529 
 45.259728941764933552 190.07487324285054342 7.0369304067044291529 
 67.887145939734452327 229.26670912738137531 7.0369304067044291529 
 156.77223848394928041 21.181533481910754801 7.0369304067044291529 
 179.39965548191878497 60.373369366441608008 7.0369304067044291529 
 140.20781959738795308 83.000786364411126783 7.0369304067044291529 
 162.83523659535745765 122.19262224894195867 7.0369304067044291529 
 123.64340071082662575 144.82003924691150587 7.0369304067044291529 
 146.27081770879613032 184.01187513144236618 7.0369304067044291529 
 107.07898182426529843 206.63929212941187075 7.0369304067044291529 
 129.70639882223483141 245.83112801394273106 7.0369304067044291529 
 218.59149136644964528 37.745952368472067917 7.0369304067044291529 
 241.21890836441914985 76.937788253002935335 7.0369304067044291529 
 202.02707247988831796 99.56520525097245411 7.0369304067044291529 
 224.65448947785782252 138.75704113550330021 7.0369304067044291529 
 185.46265359332699063 161.38445813347280478 7.0369304067044291529 
 208.09007059129652362 200.57629401800369351 7.0369304067044291529 
 168.89823470676563488 223.20371101597319807 7.0369304067044291529 
 55.76114971691806943 27.244531593318953355 7.0369304067044291529 
 39.196730830356742104 89.063784475819332442 7.0369304067044291529 
 247.28190647582735551 177.94887702003416052 7.0369304067044291529 
 22.632311943795411224 150.88303735831971153 7.0369304067044291529 
 230.7174875892660566 239.7681299025345254 7.0369304067044291529 
 6.0678930572340830096 212.70229024082007641 7.0369304067044291529 
