 100.96912578013133555 40.983652857315313156 7.0369304067044291529 
 55.714291784192283785 40.983652857315298945 7.0369304067044291529 
 55.714291784192283785 86.238486853254357811 7.0369304067044291529 
 10.459457788253232025 86.238486853254357811 7.0369304067044291529 
 10.459457788253232025 131.49332084919342378 7.0369304067044291529 
 146.22395977607035888 40.983652857315313156 7.0369304067044291529 
 146.22395977607035888  86.2384868532543436 7.0369304067044291529 
 100.96912578013133555 86.238486853254357811 7.0369304067044291529 
 100.96912578013132133 131.49332084919339536 7.0369304067044291529 
 55.714291784192283785 131.49332084919342378 7.0369304067044291529 
 55.714291784192269574 176.74815484513243291 7.0369304067044291529 
 10.459457788253256894 176.74815484513243291 7.0369304067044291529 
 191.47879377200942486 40.983652857315284734 7.0369304067044291529 
 191.47879377200939643  86.2384868532543436 7.0369304067044291529 
 191.47879377200942486 131.49332084919336694 7.0369304067044291529 
 146.22395977607035888 131.49332084919336694 7.0369304067044291529 
 146.22395977607035888 176.74815484513243291 7.0369304067044291529 
 100.96912578013130712 176.74815484513243291 7.0369304067044291529 
 100.96912578013130712 222.00298884107149888 7.0369304067044291529 
 55.714291784192312207 222.00298884107144204 7.0369304067044291529 
 236.73362776794846241 86.238486853254315179 7.0369304067044291529 
 236.73362776794846241 131.49332084919336694 7.0369304067044291529 
 236.73362776794846241 176.74815484513243291 7.0369304067044291529 
 191.47879377200939643 176.74815484513240449 7.0369304067044291529 
 191.47879377200945328 222.00298884107147046 7.0369304067044291529 
 146.22395977607035888 222.00298884107147046 7.0369304067044291529 
