 243.26005376010812142 4.5593146859327564613 7.0369304067044291529 
 211.26005376010817827 36.55931468593276179 7.0369304067044291529 
 179.26005376010814985 4.5593146859327564613 7.0369304067044291529 
 147.26005376010814985 36.55931468593276179 7.0369304067044291529 
 115.26005376010814985 4.5593146859327564613 7.0369304067044291529 
 83.260053760108149845 36.55931468593276179 7.0369304067044291529 
 51.260053760108149845 4.5593146859327564613 7.0369304067044291529 
 19.260053760108185372 36.559314685932776001 7.0369304067044291529 
 243.26005376010812142 68.559314685932747579 7.0369304067044291529 
 211.26005376010817827 100.55931468593274758 7.0369304067044291529 
 179.26005376010814985 68.55931468593276179 7.0369304067044291529 
 147.26005376010814985 100.55931468593274758 7.0369304067044291529 
 115.26005376010814985 68.55931468593276179 7.0369304067044291529 
 83.260053760108149845 100.55931468593274758 7.0369304067044291529 
 51.260053760108164056 68.55931468593276179 7.0369304067044291529 
 19.260053760108185372 100.55931468593274758 7.0369304067044291529 
 243.26005376010812142 132.55931468593274758 7.0369304067044291529 
 211.26005376010817827  164.559314685932776 7.0369304067044291529 
 179.26005376010817827 132.55931468593274758 7.0369304067044291529 
 147.26005376010814985  164.559314685932776 7.0369304067044291529 
 115.26005376010814985 132.55931468593274758 7.0369304067044291529 
 83.260053760108149845  164.559314685932776 7.0369304067044291529 
 51.260053760108164056 132.55931468593274758 7.0369304067044291529 
 19.260053760108185372  164.559314685932776 7.0369304067044291529 
 243.26005376010812142 196.55931468593271916 7.0369304067044291529 
 211.26005376010817827 228.55931468593271916 7.0369304067044291529 
 179.26005376010817827 196.55931468593274758 7.0369304067044291529 
 147.26005376010814985 228.55931468593271916 7.0369304067044291529 
 115.26005376010814985 196.55931468593274758 7.0369304067044291529 
 83.260053760108149845 228.55931468593271916 7.0369304067044291529 
 51.260053760108164056 196.55931468593274758 7.0369304067044291529 
 19.260053760108185372 228.55931468593271916 7.0369304067044291529 
