 209.6997813644661619 20.83389765230831614 7.0369304067044291529 
 177.6997813644661619 52.833897652308309034 7.0369304067044291529 
 145.6997813644661619 20.83389765230831614 7.0369304067044291529 
 113.6997813644661619 52.833897652308309034 7.0369304067044291529 
 81.699781364466161904 20.83389765230831614 7.0369304067044291529 
 49.699781364466147693 52.833897652308309034 7.0369304067044291529 
 17.699781364466154798 20.83389765230833035 7.0369304067044291529 
 241.6997813644661619 52.833897652308301929 7.0369304067044291529 
 209.6997813644661619 84.833897652308323245 7.0369304067044291529 
 177.6997813644661619 116.83389765230829482 7.0369304067044291529 
 145.6997813644661619 84.833897652308323245 7.0369304067044291529 
 113.6997813644661619 116.83389765230829482 7.0369304067044291529 
 81.699781364466161904 84.833897652308323245 7.0369304067044291529 
 49.699781364466147693 116.83389765230829482 7.0369304067044291529 
 17.699781364466169009 84.833897652308323245 7.0369304067044291529 
 241.6997813644661619 116.83389765230829482 7.0369304067044291529 
 209.6997813644661619 148.83389765230830903 7.0369304067044291529 
 177.6997813644661619 180.83389765230830903 7.0369304067044291529 
 145.6997813644661619 148.83389765230830903 7.0369304067044291529 
 113.6997813644661619 180.83389765230830903 7.0369304067044291529 
 81.699781364466161904 148.83389765230830903 7.0369304067044291529 
 49.699781364466147693 180.83389765230830903 7.0369304067044291529 
 17.699781364466169009 148.83389765230830903 7.0369304067044291529 
 241.6997813644661619 180.83389765230830903 7.0369304067044291529 
 209.6997813644661619 212.83389765230830903 7.0369304067044291529 
 177.6997813644661619 244.83389765230833746 7.0369304067044291529 
 145.6997813644661619 212.83389765230830903 7.0369304067044291529 
 113.6997813644661619 244.83389765230833746 7.0369304067044291529 
 81.699781364466161904 212.83389765230830903 7.0369304067044291529 
 49.699781364466161904 244.83389765230833746 7.0369304067044291529 
 17.699781364466169009 212.83389765230830903 7.0369304067044291529 
 241.6997813644661619 244.83389765230833746 7.0369304067044291529 
