 48.199727749738038085 62.724379879191438647 6.242969784850123105 
 73.210118291347782815 40.034906383621333248 6.242969784850123105 
 33.504234027947326524 117.56870909122380908 6.242969784850123105 
 58.51462456955707836 94.879235595653710789 6.242969784850123105 
 18.808740306156629174 172.41303830325622926 6.242969784850123105 
 43.819130847766366799 149.72356480768610254 6.242969784850123105 
 62.895221471528749646 7.8800506671590673236 6.242969784850123105 
 29.123637125975648132 204.56789401971852271 6.242969784850123105 
 83.52501511116682309 72.189762100083626706 6.242969784850123105 
 108.53540565277657493 49.500288604513521307 6.242969784850123105 
 68.829521389376111529 127.03409131211600425 6.242969784850123105 
 93.839911930985863364 104.34461781654590595 6.242969784850123105 
 54.134027667585399968  181.878420524148396 6.242969784850123105 
 79.144418209195166014 159.1889470285782977 6.242969784850123105 
 98.220508832957534651 17.345432888051252718 6.242969784850123105 
 64.448924487404440242 214.03327624061071788 6.242969784850123105 
 118.8503024725956152 81.655144320975807659 6.242969784850123105 
 143.86069301420536704 58.96567082540570226 6.242969784850123105 
 104.15480875080488943 136.49947353300819941 6.242969784850123105 
 129.16519929241465547 113.81000003743808691 6.242969784850123105 
 89.459315029014177867 191.34380274504059116 6.242969784850123105 
 114.46970557062394391 168.65432924947046445 6.242969784850123105 
 133.54579619438629834 26.81081510894341946 6.242969784850123105 
 99.774211848833232352 223.49865846150291304 6.242969784850123105 
 154.17558983402437889 91.120526541868002823 6.242969784850123105 
 179.18598037563415915 68.431053046297890319 6.242969784850123105 
 139.48009611223369575 145.96485575390036615 6.242969784850123105 
 164.49048665384341916 123.27538225833028207 6.242969784850123105 
 124.78460239044298419 200.80918496593278633 6.242969784850123105 
 149.79499293205273602 178.11971147036265961 6.242969784850123105 
 168.87108355581511887 36.276197329835618177 6.242969784850123105 
 135.09949921026199604 232.96404068239507978 6.242969784850123105 
 189.50087719545319942 100.58590876276019799 6.242969784850123105 
 214.51126773706289441 77.896435267190085483 6.242969784850123105 
 174.80538347366245944 155.43023797479256132 6.242969784850123105 
 199.81577401527223969 132.74076447922246302 6.242969784850123105 
 160.10988975187174788 210.27456718682498149 6.242969784850123105 
 185.12028029348149971 187.58509369125485478 6.242969784850123105 
 204.19637091724385414 45.741579550727806236 6.242969784850123105 
 170.42478657169078815 242.42942290328727495 6.242969784850123105 
 224.82616455688193469 110.05129098365236473 6.242969784850123105 
 249.83655509849171494 87.361817488082266436 6.242969784850123105 
 210.13067083509122313 164.89562019568475648 6.242969784850123105 
 235.14106137670097496 142.20614670011465819 6.242969784850123105 
 195.43517711330051156 219.73994940771711981 6.242969784850123105 
 220.4455676549102634 197.05047591214702152 6.242969784850123105 
 239.52165827867267467 55.206961771619980084 6.242969784850123105 
 205.75007393311955184 251.89480512417947011 6.242969784850123105 
 37.884830929919040443 30.569524162729145189 6.242969784850123105 
 245.45595819652001524 174.36100241657695165 6.242969784850123105 
 23.189337208128332435 85.413853374761544046 6.242969784850123105 
 230.76046447472936052 229.2053316286093434 6.242969784850123105 
 8.4938434863376102157 140.2581825867939358 6.242969784850123105 
