 10.476786708321533581 21.71658032207669109 6.242969784850123105 
 10.476786708321533581 61.865415160101122183 6.242969784850123105 
 28.762500994035793411 61.865415160101122183 6.242969784850123105 
 28.762500994035793411 21.71658032207669109 6.242969784850123105 
 10.476786708321533581 102.01424999812554972 6.242969784850123105 
 10.476786708321533581 142.16308483614997726 6.242969784850123105 
 28.762500994035793411 142.16308483614997726 6.242969784850123105 
 28.762500994035793411 102.01424999812554972 6.242969784850123105 
 10.476786708321533581 182.31191967417439059 6.242969784850123105 
 10.476786708321533581 222.46075451219886077 6.242969784850123105 
 28.762500994035793411 222.46075451219886077 6.242969784850123105 
 28.762500994035793411 182.31191967417439059 6.242969784850123105 
 47.048215279750095874 21.71658032207669109 6.242969784850123105 
 47.048215279750095874 61.865415160101122183 6.242969784850123105 
 65.333929565464387679 61.865415160101122183 6.242969784850123105 
 65.333929565464387679 21.71658032207669109 6.242969784850123105 
 47.048215279750095874 102.01424999812554972 6.242969784850123105 
 47.048215279750095874 142.16308483614997726 6.242969784850123105 
 65.333929565464387679 142.16308483614997726 6.242969784850123105 
 65.333929565464387679 102.01424999812554972 6.242969784850123105 
 47.048215279750095874 182.31191967417439059 6.242969784850123105 
 47.048215279750095874 222.46075451219886077 6.242969784850123105 
 65.333929565464387679 222.46075451219886077 6.242969784850123105 
 65.333929565464387679 182.31191967417439059 6.242969784850123105 
 83.619643851178665273 21.71658032207669109 6.242969784850123105 
 83.619643851178665273 61.865415160101122183 6.242969784850123105 
 101.90535813689294287 61.865415160101122183 6.242969784850123105 
 101.90535813689294287 21.71658032207669109 6.242969784850123105 
 83.619643851178665273 102.01424999812554972 6.242969784850123105 
 83.619643851178665273 142.16308483614997726 6.242969784850123105 
 101.90535813689294287 142.16308483614997726 6.242969784850123105 
 101.90535813689294287 102.01424999812554972 6.242969784850123105 
 83.619643851178665273 182.31191967417439059 6.242969784850123105 
 83.619643851178665273 222.46075451219886077 6.242969784850123105 
 101.90535813689294287 222.46075451219886077 6.242969784850123105 
 101.90535813689294287 182.31191967417439059 6.242969784850123105 
 120.19107242260723467 21.71658032207669109 6.242969784850123105 
 120.19107242260723467 61.865415160101122183 6.242969784850123105 
 138.47678670832152648 61.865415160101122183 6.242969784850123105 
 138.47678670832152648 21.71658032207669109 6.242969784850123105 
 120.19107242260723467 102.01424999812554972 6.242969784850123105 
 120.19107242260723467 142.16308483614997726 6.242969784850123105 
 138.47678670832152648 142.16308483614997726 6.242969784850123105 
 138.47678670832152648 102.01424999812554972 6.242969784850123105 
 120.19107242260723467 182.31191967417439059 6.242969784850123105 
 120.19107242260723467 222.46075451219886077 6.242969784850123105 
 138.47678670832152648 222.46075451219886077 6.242969784850123105 
 138.47678670832152648 182.31191967417439059 6.242969784850123105 
 156.76250099403580407 21.71658032207669109 6.242969784850123105 
 156.76250099403580407 61.865415160101122183 6.242969784850123105 
 175.04821527975011008 61.865415160101122183 6.242969784850123105 
 175.04821527975011008 21.71658032207669109 6.242969784850123105 
 156.76250099403580407 102.01424999812554972 6.242969784850123105 
 156.76250099403580407 142.16308483614997726 6.242969784850123105 
 175.04821527975011008 142.16308483614997726 6.242969784850123105 
 175.04821527975011008 102.01424999812554972 6.242969784850123105 
 156.76250099403580407 182.31191967417439059 6.242969784850123105 
 156.76250099403580407 222.46075451219886077 6.242969784850123105 
 175.04821527975011008 222.46075451219886077 6.242969784850123105 
 175.04821527975011008 182.31191967417439059 6.242969784850123105 
 193.33392956546435926 21.71658032207669109 6.242969784850123105 
 193.33392956546435926 61.865415160101122183 6.242969784850123105 
 211.61964385117866527 61.865415160101122183 6.242969784850123105 
 211.61964385117866527 21.71658032207669109 6.242969784850123105 
 193.33392956546435926 102.01424999812554972 6.242969784850123105 
 193.33392956546435926 142.16308483614997726 6.242969784850123105 
 211.61964385117866527 142.16308483614997726 6.242969784850123105 
 211.61964385117866527 102.01424999812554972 6.242969784850123105 
 193.33392956546435926 182.31191967417439059 6.242969784850123105 
 193.33392956546435926 222.46075451219886077 6.242969784850123105 
 211.61964385117866527 222.46075451219886077 6.242969784850123105 
 211.61964385117866527 182.31191967417439059 6.242969784850123105 
 229.90535813689297129 21.71658032207669109 6.242969784850123105 
 229.90535813689297129 61.865415160101122183 6.242969784850123105 
 248.1910724226072773 61.865415160101122183 6.242969784850123105 
 248.1910724226072773 21.71658032207669109 6.242969784850123105 
 229.90535813689297129 102.01424999812554972 6.242969784850123105 
 229.90535813689297129 142.16308483614997726 6.242969784850123105 
 248.1910724226072773 142.16308483614997726 6.242969784850123105 
 248.1910724226072773 102.01424999812554972 6.242969784850123105 
 229.90535813689297129 182.31191967417439059 6.242969784850123105 
 229.90535813689297129 222.46075451219886077 6.242969784850123105 
 248.1910724226072773 222.46075451219886077 6.242969784850123105 
 248.1910724226072773 182.31191967417439059 6.242969784850123105 
