 135.6239954110976953 10.221733743714327858 6.242969784850123105 
 91.71122736616571558 14.460258064953929846 6.242969784850123105 
 56.941316464090881766 34.534675483966154275 6.242969784850123105 
 66.084173606948027668 50.370568581738758951 6.242969784850123105 
 100.85408450902285438 30.296151162726545181 6.242969784850123105 
 22.171405562016065716 54.609092902978360939 6.242969784850123105 
 31.314262704873197407 70.44498600075095851 6.242969784850123105 
 179.5367634560296608 5.9832094224746832367 6.242969784850123105 
 144.76685255395483409 26.057626841486911218 6.242969784850123105 
 153.90970969681200131 41.893519939259491025 6.242969784850123105 
 188.67962059888682802 21.819102520247287913 6.242969784850123105 
 109.99694165187999317 46.132044260499128541 6.242969784850123105 
 75.227030749805166465 66.206461679511335205 6.242969784850123105 
 84.369887892662305262 82.042354777283932776 6.242969784850123105 
 119.13979879473714618 61.967937358271719006 6.242969784850123105 
 40.457119847730339757 86.28087909852354187 6.242969784850123105 
 5.6872089456554899556 106.35529651753577696 6.242969784850123105 
 14.830066088512619871 122.19118961530837453 6.242969784850123105 
 49.599976990587478554 102.11677219629615365 6.242969784850123105 
 197.82247774174396682 37.65499561801986772 6.242969784850123105 
 163.05256683966914011 57.72941303703208149 6.242969784850123105 
 172.19542398252627891 73.565306134804671956 6.242969784850123105 
 206.96533488460113404 53.490888715792458186 6.242969784850123105 
 128.28265593759428498 77.803830456044295261 6.242969784850123105 
 93.512745035519444059 97.878247875056530347 6.242969784850123105 
 102.65560217837659707 113.71414097282911371 6.242969784850123105 
 137.42551308045142378 93.639723553816892831 6.242969784850123105 
 58.742834133444631561 117.95266529406873701 6.242969784850123105 
 23.972923231369772878 138.02708271308094368 6.242969784850123105 
 33.115780374226915228 153.86297581085355546 6.242969784850123105 
 67.885691276301770358 133.78855839184132037 6.242969784850123105 
 216.10819202745827283 69.326781813565077073 6.242969784850123105 
 181.33828112538344612 89.401199232577283738 6.242969784850123105 
 190.48113826824058492 105.2370923303498671 6.242969784850123105 
 225.25104917031538321 85.162674911337660433 6.242969784850123105 
 146.56837022330859099 109.47561665158950461 6.242969784850123105 
 111.79845932123375007 129.55003407060169707 6.242969784850123105 
 120.94131646409087466 145.38592716837430885 6.242969784850123105 
 155.71122736616572979 125.31150974936208797 6.242969784850123105 
 77.028548419158923366 149.62445148961393215 6.242969784850123105 
 42.258637517084068236 169.69886890862616724 6.242969784850123105 
 51.401494659941207033 185.5347620063987506 6.242969784850123105 
 86.171405562016062163 165.46034458738651551 6.242969784850123105 
 234.39390631317255043  100.998568009110258 6.242969784850123105 
 199.6239954110976953 121.07298542812246467 6.242969784850123105 
 208.76685255395486251 136.90887852589503382 6.242969784850123105 
 243.53676345602968922 116.83446110688284136 6.242969784850123105 
 164.85408450902286859 141.14740284713465712 6.242969784850123105 
 130.08417360694804188 161.22182026614689221 6.242969784850123105 
 139.22703074980518068 177.05771336391947557 6.242969784850123105 
 173.99694165188003581 156.98329594490724048 6.242969784850123105 
 95.31426270487320096 181.29623768515909887 6.242969784850123105 
 60.54435180279834583 201.37065510417136238 6.242969784850123105 
 69.687208945655484627 217.20654820194391732 6.242969784850123105 
 104.45711984773035397 197.13213078293171066 6.242969784850123105 
 252.6796205988867996 132.67035420465541051 6.242969784850123105 
 217.90970969681200131 152.74477162366761718 6.242969784850123105 
 227.05256683966916853 168.58066472144020054 6.242969784850123105 
 183.1397987947371746 172.81918904267985226 6.242969784850123105 
 148.36988789266231947 192.89360646169205893 6.242969784850123105 
 157.51274503551945827 208.72949955946464229 6.242969784850123105 
 192.28265593759428498 188.6550821404524072 6.242969784850123105 
 113.59997699058750698 212.96802388070429402 6.242969784850123105 
 78.830066088512637634 233.04244129971650068 6.242969784850123105 
 87.972923231369776431 248.87833439748908404 6.242969784850123105 
 122.74283413344463156 228.80391697847682053 6.242969784850123105 
 236.19542398252630733 184.41655781921281232 6.242969784850123105 
 245.33828112538347455 200.2524509169854241 6.242969784850123105 
 201.42551308045142378 204.49097523822504741 6.242969784850123105 
 166.65560217837659707 224.56539265723725407 6.242969784850123105 
 175.79845932123376429 240.40128575500989427 6.242969784850123105 
 210.56837022330859099 220.32686833599765919 6.242969784850123105 
 131.88569127630177036 244.63981007624948916 6.242969784850123105 
