 58.490651246108541272 8.7099312992629300823 5.9535282299079472779 
 67.923743541738545559 60.930777421689207074 5.9535282299079472779 
 54.349546524468209441 24.164744519888003538 5.9535282299079472779 
 72.064848263378877391 45.475964201064115855 5.9535282299079472779 
 41.92623235954720684  70.5291841817632843 5.9535282299079472779 
 51.359324655177211127 122.75003030418957906 5.9535282299079472779 
 37.785127637906875009 85.983997402388382625 5.9535282299079472779 
 55.500429376817542959 107.29521708356450915 5.9535282299079472779 
 25.361813472985875961 132.34843706426369181 5.9535282299079472779 
 34.794905768615890906 184.56928318668994393 5.9535282299079472779 
 21.220708751345554788 147.8032502848887475 5.9535282299079472779 
 38.936010490256208527 169.11446996606485982 5.9535282299079472779 
 8.7973945864245450821 194.16768994676408511 5.9535282299079472779 
 4.6562898647842025923 209.6225031673891408 5.9535282299079472779 
 22.371591603694877648 230.93372284856522469 5.9535282299079472779 
 102.20346416721055505 20.422744220364968726 5.9535282299079472779 
 111.63655646284055933 72.643590342791242165 5.9535282299079472779 
 98.062359445570237426 35.877557440990038629 5.9535282299079472779 
 115.77766118448090538 57.188777122166150946 5.9535282299079472779 
 85.63904528064922772 82.241997102865326497 5.9535282299079472779 
 95.072137576279246218 134.46284322529160704 5.9535282299079472779 
 81.497940559008895889 97.696810323490396399 5.9535282299079472779 
 99.21324229791957805 119.00803000466652293 5.9535282299079472779 
 69.074626394087900394 144.06124998536569137 5.9535282299079472779 
 78.507718689717918892 196.28209610779197192 5.9535282299079472779 
 64.933521672447568562 159.51606320599077549 5.9535282299079472779 
 82.648823411358250723 180.8272828871668878 5.9535282299079472779 
 52.510207507526565962 205.88050286786605625 5.9535282299079472779 
 128.20097534940191508 10.824337460290873736 5.9535282299079472779 
 48.36910278588623413 221.33531608849116878 5.9535282299079472779 
 66.084404524796923397 242.6465357696672811 5.9535282299079472779 
 145.91627708831259724 32.135557141467003817 5.9535282299079472779 
 155.34936938394261574 84.356403263893284361 5.9535282299079472779 
 141.7751723666722512 47.590370362092080825 5.9535282299079472779 
 159.49047410558293336 68.901590043268186037 5.9535282299079472779 
 129.35185820175126992 93.954810023967354482 5.9535282299079472779 
 138.78495049738128841 146.17565614639363503 5.9535282299079472779 
 125.21075348011092387 109.4096232445924386 5.9535282299079472779 
 142.92605521902160604 130.72084292576857933 5.9535282299079472779 
 112.78743931518992838 155.77406290646771936 5.9535282299079472779 
 122.22053161081996109 207.9949090288939999 5.9535282299079472779 
 108.64633459354961076 171.22887612709280347 5.9535282299079472779 
 126.36163633246029292 192.54009580826894421 5.9535282299079472779 
 96.223020428628601053 217.59331578896811266 5.9535282299079472779 
 171.91378827050394307 22.537150381392912379 5.9535282299079472779 
 92.08191570698825501 233.04812900959322519 5.9535282299079472779 
 109.79721744589895138 254.35934869076930909 5.9535282299079472779 
 189.62909000941462523 43.848370062569031802 5.9535282299079472779 
 199.06218230504467215 96.069216184995298136 5.9535282299079472779 
 185.48798528777427919 59.30318328319410881 5.9535282299079472779 
 203.20328702668498977 80.614402964370214022 5.9535282299079472779 
 173.0646711228532979 105.66762294506939668 5.9535282299079472779 
 182.49776341848334482 157.88846906749566301 5.9535282299079472779 
 168.92356640121298028 121.12243616569446658 5.9535282299079472779 
 186.63886814012366244 142.43365584687060732 5.9535282299079472779 
 156.50025223629197058 167.48687582756977577 5.9535282299079472779 
 165.93334453192198907 219.70772194999605631 5.9535282299079472779 
 152.35914751465165295 182.94168904819483146 5.9535282299079472779 
 170.07444925356233512 204.2529087293709722 5.9535282299079472779 
 139.93583334973064325 229.30612871007014064 5.9535282299079472779 
 215.62660119160599947 34.24996330249494747 5.9535282299079472779 
 135.79472862809029721 244.76094193069525318 5.9535282299079472779 
 233.34190293051668164 55.561182983671073998 5.9535282299079472779 
 242.77499522614667171 107.78202910609734033 5.9535282299079472779 
 229.20079820887633559 71.015996204296143901 5.9535282299079472779 
 246.91609994778698933 92.327215885472242007 5.9535282299079472779 
 216.77748404395532589 117.38043586617143887 5.9535282299079472779 
 226.21057633958531596 169.60128198859771942 5.9535282299079472779 
 212.63637932231500827 132.83524908679649457 5.9535282299079472779 
 230.35168106122569043 154.14646876797263531 5.9535282299079472779 
 200.21306515739399856 179.19968874867180375 5.9535282299079472779 
 209.64615745302404548 231.4205348710980843 5.9535282299079472779 
 196.07196043575368094 194.65450196929688786 5.9535282299079472779 
 213.78726217466430626 215.9657216504730286 5.9535282299079472779 
 183.64864627083267123 241.01894163117216863 5.9535282299079472779 
 179.50754154919235361 256.47375485179730958 5.9535282299079472779 
