 68.761698370235606603 8.1208311605594865057 5.9535282299079472779 
 78.194790665865639312 60.341677282985784814 5.9535282299079472779 
 64.620593648595288983 23.575644381184581277 5.9535282299079472779 
 82.335895387505971144 44.886864062360693595 5.9535282299079472779 
 52.197279483674293488 69.940084043059854935 5.9535282299079472779 
 61.630371779304311985 122.1609301654861639 5.9535282299079472779 
 48.056174762033954551 85.394897263684953259 5.9535282299079472779 
 65.771476500944643817 106.70611694486106558 5.9535282299079472779 
 35.632860597112959056 131.75933692556023402 5.9535282299079472779 
 45.065952892742977554 183.98018304798654299 5.9535282299079472779 
 31.491755875472627224 147.21415014618531814 5.9535282299079472779 
 49.207057614383323596 168.52536982736143045 5.9535282299079472779 
 19.068441710551638835 193.5785898080605989 5.9535282299079472779 
 14.927336988911296345 209.03340302868571143 5.9535282299079472779 
 32.642638727821989164 230.34462270986182375 5.9535282299079472779 
 112.4745112913376488 19.833644081661525149 5.9535282299079472779 
 121.90760358696768151 72.054490204087812799 5.9535282299079472779 
 108.33340656969733118 35.288457302286609263 5.9535282299079472779 
 126.04870830860799913 56.59967698346272158 5.9535282299079472779 
 95.910092404776321473 81.652896964161897131 5.9535282299079472779 
 105.34318470040635418 133.8737430865882061 5.9535282299079472779 
 91.768987683135989641 97.107710184786995455 5.9535282299079472779 
 109.4842894220466718 118.41892986596310777 5.9535282299079472779 
 79.345673518214994147 143.47214984666226201 5.9535282299079472779 
 88.778765813845012644 195.6929959690885994 5.9535282299079472779 
 75.204568796574662315 158.92696306728734612 5.9535282299079472779 
 92.919870535485358687 180.23818274846348686 5.9535282299079472779 
 62.78125463165366682 205.29140272916265531 5.9535282299079472779 
 138.47202247352902305 10.235237321587430159 5.9535282299079472779 
 58.640149910013334988 220.74621594978776784 5.9535282299079472779 
 76.35545164892401715 242.05743563096385174 5.9535282299079472779 
 156.18732421243967678 31.546457002763563793 5.9535282299079472779 
 165.6204165080697237 83.767303125189854995 5.9535282299079472779 
 152.04621949079935916 47.001270223388644354 5.9535282299079472779 
 169.76152122971004133 68.312489904564756671 5.9535282299079472779 
 139.62290532587834946 93.365709885263939327 5.9535282299079472779 
 149.05599762150839638 145.58655600769023408 5.9535282299079472779 
 135.48180060423803184 108.82052310588902344 5.9535282299079472779 
  153.197102343148714 130.13174278706514997 5.9535282299079472779 
 123.05848643931702213 155.18496276776431841 5.9535282299079472779 
 132.49157873494706905 207.40580889019062738 5.9535282299079472779 
 118.91738171767670451 170.63977598838937411 5.9535282299079472779 
 136.63268345658738667 191.95099566956551485 5.9535282299079472779 
 106.49406755275569481 217.00421565026468329 5.9535282299079472779 
 182.18483539463105103 21.948050242689468803 5.9535282299079472779 
 102.35296283111537718 232.45902887088979583 5.9535282299079472779 
 120.06826457002604513 253.77024855206587972 5.9535282299079472779 
 199.90013713354173319 43.25926992386558112 5.9535282299079472779 
 209.33322942917175169 95.480116046291882981 5.9535282299079472779 
 195.75903241190135873 58.714083144490672339 5.9535282299079472779 
 213.47433415081206931 80.025302825666798867 5.9535282299079472779 
 183.33571824698037744 105.07852280636598152 5.9535282299079472779 
 192.76881054261042436 157.29936892879226207 5.9535282299079472779 
 179.19461352534005982 120.53333602699105143 5.9535282299079472779 
 196.90991526425074198 141.84455570816717795 5.9535282299079472779 
 166.77129936041905012 166.8977756888663464 5.9535282299079472779 
 176.20439165604909704 219.11862181129265537 5.9535282299079472779 
 162.6301946387787325 182.35258890949143051 5.9535282299079472779 
 180.34549637768944308 203.66380859066754283 5.9535282299079472779 
 150.20688047385772279 228.71702857136671128 5.9535282299079472779 
 225.89764831573307902 33.660863163791482577 5.9535282299079472779 
 146.06577575221737675 244.17184179199179539 5.9535282299079472779 
 243.61295005464373276 54.972082844967616211 5.9535282299079472779 
 34.481977744763625537 48.628864361883749723 5.9535282299079472779 
 239.47184533300344356 70.426896065592714535 5.9535282299079472779 
 38.62308246640397158 33.174051141258658504 5.9535282299079472779 
 227.04853116808243385 116.7913357274679953 5.9535282299079472779 
 17.917558858202315974 110.4481172443841217 5.9535282299079472779 
 222.90742644644205939 132.24614894809309362 5.9535282299079472779 
 22.058663579842637148 94.993304023759037591 5.9535282299079472779 
 210.48411228152110652 178.61058860996837439 5.9535282299079472779 
 1.3531399716409846512  172.267370126884515 5.9535282299079472779 
 206.3430075598807889 194.0654018305934585 5.9535282299079472779 
 5.494244693281307157 156.81255690625940247 5.9535282299079472779 
 193.9196933949597792 240.42984149246876768 5.9535282299079472779 
 189.77858867331940473 255.88465471309382337 5.9535282299079472779 
