 148.69115575965463449 38.641768665371373004 5.9535282299079472779 
 165.09026018177189599 3.045850723105939295 5.9535282299079472779 
 162.54756222020563428 30.641768665371365898 5.9535282299079472779 
 123.52104080011885401 27.045850723105949953 5.9535282299079472779 
 93.265529917450564312 70.641768665371373004 5.9535282299079472779 
 109.6646343395678258 35.045850723105949953 5.9535282299079472779 
 107.12193637800156409 62.641768665371373004 5.9535282299079472779 
 68.095414957914783827 59.045850723105949953 5.9535282299079472779 
 37.839904075246508341  102.641768665371373 5.9535282299079472779 
 54.239008497363755623 67.045850723105942848 5.9535282299079472779 
 51.696310535797508123 94.641768665371387215 5.9535282299079472779 
 12.66978911571070654 91.045850723105957059 5.9535282299079472779 
 204.11678160185871889 6.6417686653713552403 5.9535282299079472779 
 201.57408364029242875 34.237686607636781844 5.9535282299079472779 
 171.31857275762413906 77.833604549902204894 5.9535282299079472779 
 187.71767717974142897 42.237686607636788949 5.9535282299079472779 
 185.17497921817516726 69.833604549902204894 5.9535282299079472779 
 146.14845779808837278 66.23768660763680316 5.9535282299079472779 
 115.89294691542008309 109.83360454990220489 5.9535282299079472779 
 132.29205133753734458 74.23768660763680316 5.9535282299079472779 
 129.74935337597108287 101.83360454990221911 5.9535282299079472779 
 90.722831955884302602 98.23768660763680316 5.9535282299079472779 
 60.467321073216027116 141.83360454990221911 5.9535282299079472779 
 76.866425495333288609 106.23768660763681737 5.9535282299079472779 
 74.323727533767026898 133.83360454990221911 5.9535282299079472779 
 35.297206113680225315 130.23768660763681737 5.9535282299079472779 
 226.74419859982822345 45.833604549902197789 5.9535282299079472779 
 21.440799653129197111 138.23768660763684579 5.9535282299079472779 
 18.898101691562960269 165.83360454990224753 5.9535282299079472779 
 224.20150063826193332 73.42952249216762084 5.9535282299079472779 
 193.94598975559367204 117.02544043443306521 5.9535282299079472779 
 210.34509417771096196 81.42952249216762084 5.9535282299079472779 
 207.80239621614467183  109.025440434433051 5.9535282299079472779 
 168.77587479605790577 105.42952249216763505 5.9535282299079472779 
 138.52036391338961607  149.025440434433051 5.9535282299079472779 
 154.91946833550687757 113.42952249216762084 5.9535282299079472779 
 152.37677037394061585  141.025440434433051 5.9535282299079472779 
 113.35024895385382138 137.42952249216762084 5.9535282299079472779 
 83.094738071185545891  181.025440434433051 5.9535282299079472779 
 99.493842493302793173 145.42952249216764926 5.9535282299079472779 
 96.951144531736559884 173.02544043443307942 5.9535282299079472779 
 57.924623111649751195 169.42952249216764926 5.9535282299079472779 
 249.37161559779775644 85.025440434433036785 5.9535282299079472779 
 44.06821665109870878 177.42952249216767768 5.9535282299079472779 
 41.525518689532468386 205.02544043443307942 5.9535282299079472779 
 246.8289176362314663 112.62135837669846694 5.9535282299079472779 
 216.57340675356317661 156.21727631896388289 5.9535282299079472779 
 232.9725111756804381 120.62135837669848115 5.9535282299079472779 
 230.42981321411420481 148.21727631896391131 5.9535282299079472779 
 191.40329179402741033 144.62135837669848115 5.9535282299079472779 
 161.14778091135912064 188.21727631896391131 5.9535282299079472779 
 177.54688533347638213 152.62135837669848115 5.9535282299079472779 
 175.00418737191012042 180.21727631896391131 5.9535282299079472779 
 135.97766595182335436 176.62135837669848115 5.9535282299079472779 
 105.72215506915506467 220.21727631896391131 5.9535282299079472779 
 122.12125949127234037 184.62135837669850957 5.9535282299079472779 
 119.57856152970606445 212.21727631896391131 5.9535282299079472779 
 80.55204010961926997 208.62135837669848115 5.9535282299079472779 
 66.695633649068241766 216.62135837669850957 5.9535282299079472779 
 64.152935687502008477 244.21727631896391131 5.9535282299079472779 
 239.20082375153270959 195.40911220349471478 5.9535282299079472779 
 255.59992817364999951 159.81319426122931304 5.9535282299079472779 
 253.05723021208376622 187.4091122034947432 5.9535282299079472779 
 214.03070879199694332 183.81319426122931304 5.9535282299079472779 
 183.77519790932865362 227.4091122034947432 5.9535282299079472779 
 200.17430233144591512 191.81319426122931304 5.9535282299079472779 
 197.63160436987962498 219.4091122034947432 5.9535282299079472779 
 158.60508294979285893 215.81319426122931304 5.9535282299079472779 
 144.74867648924185914 223.81319426122931304 5.9535282299079472779 
 142.20597852767556901 251.4091122034947432 5.9535282299079472779 
 103.17945710758878874 247.81319426122936989 5.9535282299079472779 
 89.323050647037760541 255.81319426122936989 5.9535282299079472779 
