 224.84561509885162423 39.596128276393095291 5.9535282299079472779 
 176.8456150988515958 62.223545274362628277 5.9535282299079472779 
 208.8456150988515958 39.596128276393102396 5.9535282299079472779 
 192.84561509885156738 62.223545274362628277 5.9535282299079472779 
 160.8456150988515958 39.596128276393102396 5.9535282299079472779 
 112.8456150988515958 62.223545274362628277 5.9535282299079472779 
 144.8456150988515958 39.596128276393102396 5.9535282299079472779 
 128.8456150988515958 62.223545274362628277 5.9535282299079472779 
 96.845615098851595803 39.596128276393102396 5.9535282299079472779 
 48.845615098851588698 62.223545274362628277 5.9535282299079472779 
 80.845615098851581592 39.596128276393102396 5.9535282299079472779 
 64.845615098851567382 62.223545274362628277 5.9535282299079472779 
 32.845615098851567382 39.596128276393116607 5.9535282299079472779 
 240.8456150988515958 62.223545274362614066 5.9535282299079472779 
 16.845615098851549618 39.596128276393116607 5.9535282299079472779 
 256.84561509885156738 62.223545274362614066 5.9535282299079472779 
 224.84561509885162423 84.850962272332139946 5.9535282299079472779 
 176.8456150988515958 107.47837927030165872 5.9535282299079472779 
 208.8456150988515958 84.850962272332139946 5.9535282299079472779 
 192.84561509885156738 107.47837927030165872 5.9535282299079472779 
 160.8456150988515958 84.850962272332139946 5.9535282299079472779 
 112.8456150988515958 107.47837927030165872 5.9535282299079472779 
 144.8456150988515958 84.850962272332139946 5.9535282299079472779 
 128.8456150988515958 107.47837927030165872 5.9535282299079472779 
 96.845615098851595803 84.850962272332139946 5.9535282299079472779 
 48.845615098851588698 107.47837927030165872 5.9535282299079472779 
 80.845615098851595803 84.850962272332139946 5.9535282299079472779 
 64.845615098851567382 107.47837927030165872 5.9535282299079472779 
 32.845615098851567382 84.850962272332139946 5.9535282299079472779 
 240.8456150988515958 107.47837927030165872 5.9535282299079472779 
 16.845615098851549618 84.850962272332139946 5.9535282299079472779 
 256.84561509885156738 107.47837927030165872 5.9535282299079472779 
 224.84561509885162423 130.1057962682711775 5.9535282299079472779 
 176.8456150988515958 152.73321326624068206 5.9535282299079472779 
 208.8456150988515958 130.1057962682711775 5.9535282299079472779 
 192.84561509885156738 152.73321326624068206 5.9535282299079472779 
 160.8456150988515958 130.1057962682711775 5.9535282299079472779 
 112.8456150988515958 152.73321326624068206 5.9535282299079472779 
 144.8456150988515958 130.1057962682711775 5.9535282299079472779 
 128.8456150988515958 152.73321326624068206 5.9535282299079472779 
 96.845615098851595803 130.1057962682711775 5.9535282299079472779 
 48.845615098851588698 152.73321326624068206 5.9535282299079472779 
 80.845615098851595803 130.1057962682711775 5.9535282299079472779 
 64.845615098851567382 152.73321326624068206 5.9535282299079472779 
 32.845615098851567382 130.1057962682711775 5.9535282299079472779 
 240.8456150988515958 152.73321326624068206 5.9535282299079472779 
 16.845615098851549618 130.1057962682711775 5.9535282299079472779 
 256.84561509885156738 152.73321326624068206 5.9535282299079472779 
 224.84561509885162423 175.36063026421021505 5.9535282299079472779 
 176.8456150988515958 197.98804726217971961 5.9535282299079472779 
 208.8456150988515958 175.36063026421021505 5.9535282299079472779 
 192.84561509885156738 197.98804726217971961 5.9535282299079472779 
 160.8456150988515958 175.36063026421021505 5.9535282299079472779 
 112.8456150988515958 197.98804726217971961 5.9535282299079472779 
 144.8456150988515958 175.36063026421021505 5.9535282299079472779 
 128.8456150988515958 197.98804726217971961 5.9535282299079472779 
 96.845615098851595803 175.36063026421021505 5.9535282299079472779 
 48.845615098851588698 197.98804726217971961 5.9535282299079472779 
 80.845615098851595803 175.36063026421021505 5.9535282299079472779 
 64.845615098851567382 197.98804726217971961 5.9535282299079472779 
 32.845615098851567382 175.36063026421021505 5.9535282299079472779 
 240.8456150988515958 197.98804726217971961 5.9535282299079472779 
 16.845615098851549618 175.36063026421021505 5.9535282299079472779 
 256.84561509885156738 197.98804726217971961 5.9535282299079472779 
 224.84561509885162423 220.6154642601492526 5.9535282299079472779 
 176.8456150988515958 16.968711278423590727 5.9535282299079472779 
 208.8456150988515958 220.6154642601492526 5.9535282299079472779 
 192.84561509885156738 16.968711278423590727 5.9535282299079472779 
 160.8456150988515958 220.6154642601492526 5.9535282299079472779 
 112.8456150988515958 16.968711278423590727 5.9535282299079472779 
 144.8456150988515958 220.6154642601492526 5.9535282299079472779 
 128.8456150988515958 16.968711278423590727 5.9535282299079472779 
 96.845615098851595803 220.6154642601492526 5.9535282299079472779 
 48.845615098851581592 16.968711278423590727 5.9535282299079472779 
 80.845615098851595803 220.6154642601492526 5.9535282299079472779 
 64.845615098851567382 16.968711278423590727 5.9535282299079472779 
 32.845615098851567382 220.6154642601492526 5.9535282299079472779 
 240.8456150988515958 16.968711278423590727 5.9535282299079472779 
 16.845615098851549618 220.6154642601492526 5.9535282299079472779 
 256.84561509885156738 16.968711278423590727 5.9535282299079472779 
