 105.87041322023874557 12.503178135588852271 6.6228237210550888747 
 69.666546023487498474 12.503178135588875364 6.6228237210550888747 
 69.666546023487498474 48.707045332340094035 6.6228237210550888747 
 33.462678826736272697 48.70704533234010114 6.6228237210550888747 
 33.462678826736286908 84.910912529091305601 6.6228237210550888747 
 142.07428041698997845 12.503178135588852271 6.6228237210550888747 
 142.07428041698997845 48.707045332340079824 6.6228237210550888747 
 105.87041322023874557 48.707045332340094035 6.6228237210550888747 
 105.87041322023873136 84.910912529091334022 6.6228237210550888747 
 69.666546023487512684 84.910912529091334022 6.6228237210550888747 
 69.666546023487526895 121.11477972584255269 6.6228237210550888747 
 33.462678826736286908 121.11477972584255269 6.6228237210550888747 
 33.462678826736286908 157.31864692259378558 6.6228237210550888747 
 178.27814761374119712 12.503178135588829178 6.6228237210550888747 
 178.27814761374119712 48.707045332340079824 6.6228237210550888747 
 178.27814761374119712 84.910912529091305601 6.6228237210550888747 
 142.07428041698997845 84.910912529091319811 6.6228237210550888747 
 142.07428041698997845 121.11477972584255269 6.6228237210550888747 
 105.87041322023875978 121.11477972584255269 6.6228237210550888747 
 105.87041322023875978 157.31864692259378558 6.6228237210550888747 
 69.666546023487512684 157.31864692259378558 6.6228237210550888747 
 69.666546023487526895 193.52251411934500425 6.6228237210550888747 
 33.462678826736272697 193.52251411934503267 6.6228237210550888747 
 214.48201481049247263 48.707045332340065613 6.6228237210550888747 
 214.48201481049247263 84.910912529091319811 6.6228237210550888747 
 214.48201481049247263 121.11477972584255269 6.6228237210550888747 
 178.27814761374119712 121.11477972584255269 6.6228237210550888747 
 178.27814761374122554  157.318646922593814 6.6228237210550888747 
 142.07428041699000687 157.31864692259378558 6.6228237210550888747 
 142.07428041699000687 193.52251411934500425 6.6228237210550888747 
 105.87041322023875978 193.52251411934500425 6.6228237210550888747 
 105.87041322023877399 229.72638131609625134 6.6228237210550888747 
 69.666546023487526895 229.72638131609625134 6.6228237210550888747 
 250.68588200724371973 84.910912529091305601 6.6228237210550888747 
 250.68588200724371973 121.11477972584255269 6.6228237210550888747 
 250.68588200724371973 157.31864692259375715 6.6228237210550888747 
 214.48201481049247263 157.31864692259378558 6.6228237210550888747 
 214.48201481049241579 193.52251411934500425 6.6228237210550888747 
 178.27814761374122554 193.52251411934500425 6.6228237210550888747 
 178.27814761374122554 229.72638131609625134 6.6228237210550888747 
 142.07428041699000687 229.72638131609625134 6.6228237210550888747 
