 53.633481104019089969 171.96692670307965045 8.1383426314937121759 
 102.65485830642069232 153.86799734671919282 8.1383426314937121759 
 94.846316359019354536 183.0098726274538592 8.1383426314937121759 
 78.144169705219866273 162.91746202489946427 8.1383426314937121759 
 70.335627757818528494 192.05933730563410222 8.1383426314937121759 
 87.037774411617988335 212.15174790818852557 8.1383426314937121759 
 127.16554690762147573 144.81853266853894979 8.1383426314937121759 
 119.35700496022013795 173.96040794927367301 8.1383426314937121759 
 143.86769356142090714 164.91094327109340156 8.1383426314937121759 
 136.05915161401958358 194.05281855182809636 8.1383426314937121759 
 111.54846301281877174 203.10228323000833939 8.1383426314937121759 
 128.25060966661823159 223.19469383256276274 8.1383426314937121759 
 103.73992106541741975 232.24415851074303418 8.1383426314937121759 
 160.5698402152203812 185.00335387364791018 8.1383426314937121759 
 152.76129826781900078 214.14522915438254813 8.1383426314937121759 
 177.27198686901982683 205.09576447620233353 8.1383426314937121759 
 69.250564998821786844 113.68317614161028928 8.1383426314937121759 
 61.442023051420434854 142.82505142234498408 8.1383426314937121759 
 44.739876397620996329 122.73264081979051809 8.1383426314937121759 
 36.931334450219630128 151.8745161005252271 8.1383426314937121759 
 118.27194220122341051 95.584246785249803224 8.1383426314937121759 
 110.46340025382204431 124.72612206598451223 8.1383426314937121759 
 93.761253600022598675 104.63371146343004625 8.1383426314937121759 
 85.952711652621232474 133.77558674416474105 8.1383426314937121759 
 134.97408885502284193 115.67665738780426921 8.1383426314937121759 
 159.48477745622363955 106.62719270962401197 8.1383426314937121759 
 151.67623550882228756 135.76906799035873519 8.1383426314937121759 
 176.18692411002308518 126.71960331217847795 8.1383426314937121759 
 168.37838216262173319 155.86147859291315854 8.1383426314937121759 
 192.88907076382255923 146.81201391473294393 8.1383426314937121759 
 185.08052881642117882 175.95388919546763873 8.1383426314937121759 
 209.59121741762200486 166.9044245172873957 8.1383426314937121759 
 201.78267547022065287 196.0462997980220905 8.1383426314937121759 
 77.059106946223153045 84.54130086087558027 8.1383426314937121759 
 52.548418345022348319 93.590765539055851718 8.1383426314937121759 
 101.56979554742395067 75.491836182695351454 8.1383426314937121759 
 126.0804841486247625 66.442371504515108427 8.1383426314937121759 
 142.78263080242419392 86.534782107069560197 8.1383426314937121759 
 167.29331940362499154 77.485317428889331381 8.1383426314937121759 
 183.99546605742446559 97.577728031443797363 8.1383426314937121759 
 200.69761271122391122 117.67013863399823492 8.1383426314937121759 
 217.39975936502335685 137.76254923655272933 8.1383426314937121759 
 150.59117274982554591 57.392906826334879611 8.1383426314937121759 
