 81.795220754165072208 164.18609297341527054 8.1383426314937121759 
 107.54683208614471823 168.60437097206158796 8.1383426314937121759 
 86.213498752811389636 189.93770430539493077 8.1383426314937121759 
 111.9651100847910925 194.35598230404127662 8.1383426314937121759 
 72.958664756872352086 112.68287030945589322 8.1383426314937121759 
 124.4618874208317294 121.51942630674859913 8.1383426314937121759 
 103.12855408749841502 142.85275964008192773 8.1383426314937121759 
 98.710276088852054954 117.10114830810225328 8.1383426314937121759 
 77.376942755518712147 138.43448164143558188 8.1383426314937121759 
 150.21349875281140385 125.93770430539491656 8.1383426314937121759 
 128.88016541947806104 147.27103763872824516 8.1383426314937121759 
 154.6317767514577497 151.68931563737459101 8.1383426314937121759 
 133.29844341812440689 173.02264897070793381 8.1383426314937121759 
 159.05005475010409555 177.44092696935430808 8.1383426314937121759 
 137.71672141677078116 198.77426030268759405 8.1383426314937121759 
 163.46833274875046982 203.19253830133399674 8.1383426314937121759 
 94.291998090205694893 91.349536976122550413 8.1383426314937121759 
 68.540386758226006236 86.931258977476204564 8.1383426314937121759 
  145.795220754165058 100.18609297341525632 8.1383426314937121759 
 120.04360942218536934 95.767814974768910474 8.1383426314937121759 
 171.54683208614471823 104.60437097206158796 8.1383426314937121759 
 175.9651100847910925 130.3559823040412482 8.1383426314937121759 
 180.38338808343743835 156.10759363602096528 8.1383426314937121759 
 184.80166608208375578 181.85920496800065393 8.1383426314937121759 
 189.21994408073015848 207.61081629998031417 8.1383426314937121759 
