 72.623854517357870009 108.84608706075782436 8.1383426314937121759 
 87.708799182670873051 130.17942039409115296 8.1383426314937121759 
 57.538909852044831439 130.17942039409115296 8.1383426314937121759 
 72.623854517357870009 151.51275372742446734 8.1383426314937121759 
 102.79374384798390452 66.179420394091152957 8.1383426314937121759 
 132.96363317860993902 108.84608706075782436 8.1383426314937121759 
 102.79374384798390452 108.84608706075782436 8.1383426314937121759 
 117.87868851329692177 87.512753727424481553 8.1383426314937121759 
 87.708799182670901473 87.512753727424481553 8.1383426314937121759 
 148.04857784392297049 130.17942039409115296 8.1383426314937121759 
 117.87868851329692177 130.17942039409115296 8.1383426314937121759 
 132.96363317860993902 151.51275372742446734 8.1383426314937121759 
 102.79374384798390452 151.51275372742446734 8.1383426314937121759 
 117.87868851329692177 172.84608706075781015 8.1383426314937121759 
 87.708799182670901473 172.84608706075781015 8.1383426314937121759 
 102.79374384798390452 194.17942039409115296 8.1383426314937121759 
 132.96363317860993902 66.179420394091152957 8.1383426314937121759 
 117.87868851329692177 44.846087060757817255 8.1383426314937121759 
 163.13352250923597353 108.84608706075782436 8.1383426314937121759 
 148.04857784392294207 87.512753727424481553 8.1383426314937121759 
 178.21846717454897657 130.17942039409115296 8.1383426314937121759 
 163.13352250923597353 151.51275372742446734 8.1383426314937121759 
 148.04857784392294207 172.84608706075781015 8.1383426314937121759 
 132.96363317860993902 194.17942039409115296 8.1383426314937121759 
 117.87868851329692177 215.51275372742449576 8.1383426314937121759 
