 84.113141179236791345 130.58792653236611159 8.1383426314937121759 
 136.36892235861128597 100.41803720174009129 8.1383426314937121759 
 130.84744939642416739 121.02445482924021292 8.1383426314937121759 
 110.24103176892401734 115.50298186705309433 8.1383426314937121759 
 104.71955880673692718 136.10939949455323017 8.1383426314937121759 
 125.32597643423704881 141.63087245674032033 8.1383426314937121759 
 119.80450347204995865 162.23729008424044196 8.1383426314937121759 
 99.198085844549822809 156.7158171220533518 8.1383426314937121759 
 114.28303050986284006  182.843707711740592 8.1383426314937121759 
 162.49681294829846934 85.333092536427074037 8.1383426314937121759 
 156.97533998611137918 105.93951016392718145 8.1383426314937121759 
 177.58175761361147238 111.46098312611430003 8.1383426314937121759 
 172.06028465142438222 132.06740075361443587 8.1383426314937121759 
 151.45386702392428901 126.54592779142731729 8.1383426314937121759 
 145.93239406173717043 147.15234541892743891 8.1383426314937121759 
 166.53881168923726364 152.6738183811145575 8.1383426314937121759 
 161.01733872705017347 173.2802360086146507 8.1383426314937121759 
 140.41092109955005185 167.75876304642756054 8.1383426314937121759 
 134.88944813736293327 188.36518067392773901 8.1383426314937121759 
 155.49586576486305489 193.88665363611482917 8.1383426314937121759 
 129.36797517517581468 208.97159830142786063 8.1383426314937121759 
 192.66670227892450384 137.58887371580152603 8.1383426314937121759 
 187.14522931673741368 158.19529134330167608 8.1383426314937121759 
 207.75164694423753531 163.71676430548876624 8.1383426314937121759 
 181.6237563545502951 178.80170897080176928 8.1383426314937121759 
  95.1560871036110143 89.375091277365868336 8.1383426314937121759 
 89.634614141423895717 109.98150890486600417 8.1383426314937121759 
 69.028196513923774091 104.4600359426788998 8.1383426314937121759 
 63.506723551736662614 125.06645357017900722 8.1383426314937121759 
 78.591668217049686973 151.19434415986623321 8.1383426314937121759 
 57.985250589549565348 145.67287119767911463 8.1383426314937121759 
 73.07019525486256839 171.80076178736638326 8.1383426314937121759 
 147.41186828298549472 59.205201946739833829 8.1383426314937121759 
 141.89039532079837613 79.811619574239969666 8.1383426314937121759 
 121.2839776932982403 74.290146612052851083 8.1383426314937121759 
 115.76250473111113592 94.896564239552972708 8.1383426314937121759 
 93.676612882362690016 177.32223474955350184 8.1383426314937121759 
 108.76155754767572148 203.45012533924071363 8.1383426314937121759 
 88.155139920175585644 197.92865237705362347 8.1383426314937121759 
 103.24008458548861711 224.0565429667408921 8.1383426314937121759 
 168.01828591048558792 64.726674908926952412 8.1383426314937121759 
 188.62470353798570954 70.248147871114056784 8.1383426314937121759 
 183.10323057579861938 90.854565498614178409 8.1383426314937121759 
 149.97439280267593631 214.49307126361495079 8.1383426314937121759 
 123.84650221298872452 229.57801592892798226 8.1383426314937121759 
 144.45291984048884615 235.09948889111510084 8.1383426314937121759 
 203.70964820329871259 96.376038460801296992 8.1383426314937121759 
  198.188175241111594 116.98245608830140441 8.1383426314937121759 
 218.79459286861174405 122.50392905048850878 8.1383426314937121759 
 213.27311990642462547 143.11034667798864461 8.1383426314937121759 
 202.23017398205044515 184.32318193298888787 8.1383426314937121759 
 176.10228339236317652 199.40812659830191933 8.1383426314937121759 
 196.70870101986329814 204.92959956048903791 8.1383426314937121759 
 170.58081043017605793 220.01454422580206938 8.1383426314937121759 
 233.87953753392477552 148.6318196401757632 8.1383426314937121759 
 228.35806457173765693 169.2382372676758564 8.1383426314937121759 
 222.83659160955056677 189.84465489517600645 8.1383426314937121759 
 100.67756006579813288 68.768673649865746711 8.1383426314937121759 
 74.549669476110878463 83.853618315178749754 8.1383426314937121759 
 52.463777627362446765 166.27928882517926468 8.1383426314937121759 
 67.548722292675449808 192.40717941486653331 8.1383426314937121759 
 126.80545065548535888 53.683728984552729457 8.1383426314937121759 
 82.633666957988467061 218.53507000455374509 8.1383426314937121759 
 209.23112116548580275 75.769620833301161156 8.1383426314937121759 
 224.31606583079883421 101.89751142298838715 8.1383426314937121759 
 191.18722805767620798 225.53601718798915954 8.1383426314937121759 
 165.05933746798893935  240.620961853302191 8.1383426314937121759 
 239.40101049611186568 128.02540201267561315 8.1383426314937121759 
 217.31511864736347661 210.45107252267612807 8.1383426314937121759 
