 38.073142332468727034 58.902559035097937112 8.0630599796429631709 
 30.082036174815186769 88.725773224137512329 8.0630599796429631709 
 79.285977587468991601 69.945504959472160067 8.0630599796429631709 
 71.29487142981543002 99.768719148511735284 8.0630599796429631709 
 65.700545830083285637 38.221356010794885094 8.0630599796429631709 
 100.86251550250827336 71.846439719109866928 8.0630599796429631709 
 92.871409344854711776 101.66965390814944215 8.0630599796429631709 
 57.709439672429731161 68.044570199834453206 8.0630599796429631709 
 22.090930017161625187 118.54898741317707334 8.0630599796429631709 
 14.099823859508063606 148.37220160221667697 8.0630599796429631709 
 63.303765272161875544 129.59193333755129629 8.0630599796429631709 
 55.312659114508321068 159.41514752659088572 8.0630599796429631709 
 49.718333514776169579 97.867784388874042634 8.0630599796429631709 
 84.880303187201150195 131.49286809718901736 8.0630599796429631709 
 76.889197029547588613 161.31608228622857837 8.0630599796429631709 
 41.727227357122622209 127.69099857791361785 8.0630599796429631709 
 6.1087177018545224527 178.19541579125623798 8.0630599796429631709 
 46.064248490122288615 29.079344846058365448 8.0630599796429631709 
 47.321552956854759486 189.23836171563047515 8.0630599796429631709 
 87.277083745122524761 40.122290770432577744 8.0630599796429631709 
 33.736121199469060628 157.51421276695316465 8.0630599796429631709 
 68.898090871894041243 191.1392964752681678 8.0630599796429631709 
 108.85362166016180652 42.023225530070305922 8.0630599796429631709 
 25.74501504181551681 187.33742695599269723 8.0630599796429631709 
 120.49881284246922064 80.988450883846368811 8.0630599796429631709 
 112.50770668481565906 110.81166507288597245 8.0630599796429631709 
 161.71164809746949231 92.031396808220591765 8.0630599796429631709 
 153.72054193981591652 121.85461099726018119 8.0630599796429631709 
 148.12621634008377214 60.307247859543323898 8.0630599796429631709 
 183.28818601250873144 93.932331567858298627 8.0630599796429631709 
 175.29707985485515565 123.75554575689788805 8.0630599796429631709 
 140.13511018243022477 90.130462048582899115 8.0630599796429631709 
 104.5166005271621259 140.63487926192550503 8.0630599796429631709 
 96.525494369508578529 170.45809345096509446 8.0630599796429631709 
 145.72943578216236915 151.67782518629971378 8.0630599796429631709 
 137.73832962450882178 181.50103937533930321 8.0630599796429631709 
 132.14400402477664898 119.95367623762246012 8.0630599796429631709 
 167.30597369720160827 153.57875994593746327 8.0630599796429631709 
 159.31486753954808933 183.40197413497702428 8.0630599796429631709 
 124.15289786712311582 149.77689042666204955 8.0630599796429631709 
 88.534388211855016948 200.28130764000468389 8.0630599796429631709 
 128.48991900012276801 51.165236694806793594 8.0630599796429631709 
 129.74722346685524599 211.32425356437889263 8.0630599796429631709 
 169.70275425512303968 62.208182619181016548 8.0630599796429631709 
 116.16179170946955423 179.60010461570161056 8.0630599796429631709 
 151.32376138189451353 213.22518832401658528 8.0630599796429631709 
 191.27929217016227881 64.109117378818751831 8.0630599796429631709 
 108.17068555181602107 209.42331880474117156 8.0630599796429631709 
 202.92448335246970714 103.07434273259481472 8.0630599796429631709 
 194.93337719481618819 132.89755692163438994 8.0630599796429631709 
 244.13731860746997882 114.11728865696903767 8.0630599796429631709 
 236.14621244981643144 143.9405028460086271 8.0630599796429631709 
 230.55188685008428706 82.393139708291769807 8.0630599796429631709 
 18.436844992507751329 49.760547870361428124 8.0630599796429631709 
 10.445738834854189747 79.583762059401010447 8.0630599796429631709 
 222.56078069243073969 112.21635389733133081 8.0630599796429631709 
 186.9422710371626124 162.72077111067395094 8.0630599796429631709 
 178.95116487950906503 192.54398529971354037 8.0630599796429631709 
 228.15510629216288407 173.76371703504818811 8.0630599796429631709 
 220.16400013450930828 203.58693122408777754 8.0630599796429631709 
 214.5696745347771639 142.03956808637090603 8.0630599796429631709 
 2.4546326772006294981 109.40697624844058566 8.0630599796429631709 
 206.57856837712361653 171.86278227541049546 8.0630599796429631709 
 170.96005872185551766 222.3671994887531298 8.0630599796429631709 
 210.91558951012325451 73.251128543555239503 8.0630599796429631709 
 212.17289397685576091 233.41014541312733854 8.0630599796429631709 
 252.12842476512355461 84.294074467929448247 8.0630599796429631709 
 198.58746221947006916 201.68599646445005646 8.0630599796429631709 
 26.427951150161291594 19.937333681321867118 8.0630599796429631709 
 190.59635606181652179 231.50921065348961747 8.0630599796429631709 
