 141.79297504054835599 37.702031099308079831 8.0630599796429631709 
 110.91771176736766336 37.702031099308079831 8.0630599796429631709 
 141.79297504054835599 80.36869776597475834 8.0630599796429631709 
 110.91771176736766336 80.36869776597475834 8.0630599796429631709 
 168.91998135236488565 59.035364432641422638 8.0630599796429631709 
 145.54123200191247633 101.70203109930808694 8.0630599796429631709 
 114.66596872873181212 101.70203109930808694 8.0630599796429631709 
 138.04471807918420723 59.035364432641422638 8.0630599796429631709 
 80.042448494187013353 37.702031099308079831 8.0630599796429631709 
 49.167185221006320717 37.702031099308079831 8.0630599796429631709 
 80.042448494187013353 80.36869776597475834 8.0630599796429631709 
 49.167185221006327822 80.368697765974772551 8.0630599796429631709 
 107.16945480600355722 59.035364432641422638 8.0630599796429631709 
 83.790705455551133696 101.70203109930808694 8.0630599796429631709 
 52.91544218237044106 101.70203109930808694 8.0630599796429631709 
 76.294191532822864588 59.035364432641422638 8.0630599796429631709 
 203.54350158690968442 37.702031099308079831 8.0630599796429631709 
 172.66823831372903442 37.702031099308079831 8.0630599796429631709 
 203.54350158690968442 80.36869776597475834 8.0630599796429631709 
 172.66823831372903442 80.36869776597475834 8.0630599796429631709 
 45.418928259642171952 59.035364432641429744 8.0630599796429631709 
 207.29175854827386161 101.70203109930808694 8.0630599796429631709 
 176.41649527509312634 101.70203109930808694 8.0630599796429631709 
 199.79524462554556408 59.035364432641422638 8.0630599796429631709 
 141.79297504054835599 123.03536443264142974 8.0630599796429631709 
 110.91771176736766336 123.03536443264142974 8.0630599796429631709 
 141.79297504054835599 165.70203109930807273 8.0630599796429631709 
 110.91771176736766336 165.70203109930807273 8.0630599796429631709 
 168.91998135236491407 144.36869776597478676 8.0630599796429631709 
 145.54123200191247633 187.03536443264141553 8.0630599796429631709 
 114.66596872873181212 187.03536443264141553 8.0630599796429631709 
 138.04471807918420723 144.36869776597478676 8.0630599796429631709 
 80.042448494187013353 123.03536443264142974 8.0630599796429631709 
 49.167185221006327822 123.03536443264142974 8.0630599796429631709 
 80.042448494187013353 165.70203109930807273 8.0630599796429631709 
 49.167185221006327822 165.70203109930807273 8.0630599796429631709 
 107.16945480600355722 144.36869776597478676 8.0630599796429631709 
 83.790705455551133696 187.03536443264141553 8.0630599796429631709 
 52.91544218237044106 187.03536443264141553 8.0630599796429631709 
 76.294191532822864588 144.36869776597478676 8.0630599796429631709 
 203.54350158690968442 123.03536443264142974 8.0630599796429631709 
 172.66823831372903442 123.03536443264142974 8.0630599796429631709 
 203.54350158690968442 165.70203109930807273 8.0630599796429631709 
 172.66823831372903442 165.70203109930807273 8.0630599796429631709 
 45.418928259642171952 144.36869776597478676 8.0630599796429631709 
 207.29175854827386161 187.03536443264141553 8.0630599796429631709 
 176.41649527509312634 187.03536443264141553 8.0630599796429631709 
 199.79524462554556408 144.36869776597478676 8.0630599796429631709 
 141.79297504054835599 208.36869776597475834 8.0630599796429631709 
 110.91771176736766336 208.36869776597475834 8.0630599796429631709 
 141.79297504054835599 251.03536443264144395 8.0630599796429631709 
 110.91771176736766336 251.03536443264144395 8.0630599796429631709 
 168.91998135236491407 229.70203109930810115 8.0630599796429631709 
 145.54123200191247633 16.36869776597475834 8.0630599796429631709 
 114.66596872873181212 16.36869776597475834 8.0630599796429631709 
 138.04471807918420723 229.70203109930810115 8.0630599796429631709 
 80.042448494187027563 208.36869776597475834 8.0630599796429631709 
 49.167185221006334928 208.36869776597475834 8.0630599796429631709 
 80.042448494187027563 251.03536443264144395 8.0630599796429631709 
 49.167185221006334928 251.03536443264144395 8.0630599796429631709 
 107.16945480600355722 229.70203109930810115 8.0630599796429631709 
 83.790705455551119485 16.36869776597475834 8.0630599796429631709 
 52.915442182370433954 16.36869776597475834 8.0630599796429631709 
 76.294191532822878798 229.70203109930810115 8.0630599796429631709 
 203.54350158690971284 208.36869776597475834 8.0630599796429631709 
 172.66823831372906284 208.36869776597475834 8.0630599796429631709 
 203.54350158690971284 251.03536443264144395 8.0630599796429631709 
 172.66823831372906284 251.03536443264144395 8.0630599796429631709 
 45.418928259642186163 229.70203109930810115 8.0630599796429631709 
 207.29175854827383318 16.36869776597475834 8.0630599796429631709 
 176.41649527509312634 16.36869776597475834 8.0630599796429631709 
 199.7952446255455925 229.70203109930810115 8.0630599796429631709 
