 56.286370942062291078 3.8861877709258290103 8.855193890133261192 
 45.243425017688068124  45.0990230259260656 8.855193890133261192 
 71.371315607375308332 18.971132436238814734 8.855193890133261192 
 65.84984264518820396 39.577550063738961228 8.855193890133261192 
 39.721952055500963752 65.705440653426194331 8.855193890133261192 
 28.679006131126751455 106.91827590842643758 8.855193890133261192 
 54.806896720813981005 80.790385318739197373 8.855193890133261192 
 49.285423758626876634 101.39680294623930479 8.855193890133261192 
 23.157533168939625767 127.52469353592657342 8.855193890133261192 
 12.114587244565415247 168.73752879092677404 8.855193890133261192 
 38.242477834252653679 142.60963820123959067 8.855193890133261192 
 32.721004872065549307 163.2160558287397123 8.855193890133261192 
 6.5931142823783108753 189.34394641842692408 8.855193890133261192 
 21.678058947691319247 204.42889108373992713 8.855193890133261192 
 16.156585985504214875 225.03530871124002033 8.855193890133261192 
 91.977733234875429957 13.449659474051731678 8.855193890133261192 
 80.934787310501207003 54.662494729051971376 8.855193890133261192 
 107.06267790018844721 28.53460413936472051 8.855193890133261192 
 101.54120493800134284 49.141021766864867004 8.855193890133261192 
 75.413314348314102631 75.268912356552093001 8.855193890133261192 
 64.370368423939879676 116.48174761155233625 8.855193890133261192 
 90.498259013627105674 90.353857021865096044 8.855193890133261192 
 84.976786051440001302 110.96027464936523188 8.855193890133261192 
 58.84889546175278241 137.08816523905247209 8.855193890133261192 
 47.805949537378566561 178.30100049405268692 8.855193890133261192 
 73.933840127065792558 152.17310990436547513 8.855193890133261192 
 68.412367164878688186 172.77952753186559676 8.855193890133261192 
 42.284476575191455083 198.90741812155283696 8.855193890133261192 
 57.369421240504458126 213.99236278686586843 8.855193890133261192 
 51.847948278317353754 234.59878041436590479 8.855193890133261192 
 127.66909552768856884 23.013131177177633901 8.855193890133261192 
 116.62614960331434588 64.225966432177870047 8.855193890133261192 
 142.7540401930016003 38.098075842490629839 8.855193890133261192 
 137.23256723081448172 58.704493469990765675 8.855193890133261192 
 111.10467664112724151 84.832384059677991672 8.855193890133261192 
 100.06173071675301856 126.04521931467824913 8.855193890133261192 
 126.18962130644025876 99.917328724991008926 8.855193890133261192 
 120.66814834425315439 120.52374635249113055 8.855193890133261192 
 94.540257754565914183 146.65163694217838497 8.855193890133261192 
 83.49731183019170544 187.86447219717857138 8.855193890133261192 
 109.62520241987894565 161.73658160749138801 8.855193890133261192 
 104.10372945769184128 182.34299923499150964 8.855193890133261192 
 77.975838868004601068 208.47088982467872142 8.855193890133261192 
 133.19056848987568742 2.4067135496774794134 8.855193890133261192 
 93.06078353331760411 223.55583448999175289 8.855193890133261192 
 87.539310571130513949 244.16225211749184609 8.855193890133261192 
 163.3604578205016935 32.576602880303539678 8.855193890133261192 
 152.31751189612748476 73.789438135303768718 8.855193890133261192 
 178.44540248581472497 47.661547545616535615 8.855193890133261192 
 172.92392952362760639 68.267965173116664346 8.855193890133261192 
 146.79603893394036618 94.395855762803904554 8.855193890133261192 
 135.75309300956615743 135.6086910178041478 8.855193890133261192 
 161.88098359925339764 109.4808004281169076 8.855193890133261192 
 156.35951063706627906 130.08721805561702922 8.855193890133261192 
 130.23162004737903885 156.21510864530426943 8.855193890133261192 
 119.1886741230048159 197.42794390030451268 8.855193890133261192 
 145.31656471269207032 171.30005331061730089 8.855193890133261192 
 139.79509175050495173 191.9064709381173941 8.855193890133261192 
 113.66720116081771152 218.03436152780463431 8.855193890133261192 
 168.88193078268881209 11.970185252803382525 8.855193890133261192 
 128.75214582613074299 233.11930619311763735 8.855193890133261192 
 123.23067286394363862 253.72572382061775897 8.855193890133261192 
 199.05182011331487502 42.140074583429438349 8.855193890133261192 
 188.00887418894063785 83.352909838429681599 8.855193890133261192 
 214.13676477862784964 57.225019248742441391 8.855193890133261192 
 208.61529181644075948 77.831436876242577227 8.855193890133261192 
 182.48740122675351927 103.95932746592980322 8.855193890133261192 
 171.44445530237931052 145.17216272093006069 8.855193890133261192 
 197.57234589206655073 119.04427213124280627 8.855193890133261192 
 192.05087292987943215 139.6506897587429421 8.855193890133261192 
 165.92298234019219194 165.77858034843018231 8.855193890133261192 
 154.8800364158179832 206.99141560343039714 8.855193890133261192 
 181.00792700550519498 180.86352501374318535 8.855193890133261192 
 175.48645404331810482 201.4699426412433354 8.855193890133261192 
 149.35856345363089304 227.59783323093057561 8.855193890133261192 
 204.57329307550196518 21.533656955929284749 8.855193890133261192 
 164.44350811894389608 242.68277789624355023 8.855193890133261192 
 234.74318240612799968 51.703546286555344125 8.855193890133261192 
 223.70023648175379094 92.91638154155558027 8.855193890133261192 
 249.82812707144097431 66.788490951868325851 8.855193890133261192 
 244.3066541092538273 87.394908579368461687 8.855193890133261192 
 218.17876351956664394 113.5227991690557019 8.855193890133261192 
 207.13581759519240677 154.73563442405594515 8.855193890133261192 
 233.26370818487961856 128.60774383436870494 8.855193890133261192 
 227.74223522269255682 149.21416146186882656 8.855193890133261192 
 201.61434463300531661 175.34205205155609519 8.855193890133261192 
 190.57139870863110787 216.55488730655631002 8.855193890133261192 
 216.69928929831829123 190.42699671686909824 8.855193890133261192 
 211.17781633613120107 211.03341434436921986 8.855193890133261192 
 185.04992574644398928 237.16130493405643165 8.855193890133261192 
 240.26465536831506142 31.097128659055186972 8.855193890133261192 
 200.13487041175699233 252.24624959936946311 8.855193890133261192 
