 56.928509870033032314 17.591120967372415151 8.855193890133261192 
 45.885563945658802254 58.803956222372661955 8.855193890133261192 
 72.013454535346042462 32.676065632685421747 8.855193890133261192 
 66.49198157315893809 53.282483260185536267 8.855193890133261192 
 40.364090983471697882 79.41037384987276937 8.855193890133261192 
 29.321145059097485586 120.62320910487304104 8.855193890133261192 
 55.449035648784715136 94.495318515185786623 8.855193890133261192 
 49.927562686597610764 115.10173614268592246 8.855193890133261192 
 23.799672096910381214 141.22962673237313425 8.855193890133261192 
 12.756726172536149377 182.4424619873733775 8.855193890133261192 
 38.884616762223387809 156.31457139768616571 8.855193890133261192 
 33.363143800036283437 176.92098902518628734 8.855193890133261192 
 7.2352532103490450055 203.04887961487349912 8.855193890133261192 
 22.320197875662053377 218.13382428018653059 8.855193890133261192 
 92.619872162846149877 27.154592670498317375 8.855193890133261192 
 81.576926238471941133 68.367427925498560626 8.855193890133261192 
 107.70481682815918134 42.239537335811313312 8.855193890133261192 
 102.18334386597207697 62.845954963311442043 8.855193890133261192 
 76.05545327628482255 88.973845552998682251 8.855193890133261192 
 65.012507351910613806 130.18668080799895392 8.855193890133261192 
 91.140397941597854015 104.05879021831168529 8.855193890133261192 
 85.618924979410735432 124.66520784581182113 8.855193890133261192 
 59.491034389723502329 150.79309843549904713 8.855193890133261192 
 48.448088465349293585 192.00593369049929038 8.855193890133261192 
 74.575979055036526688 165.87804310081205017 8.855193890133261192 
 69.054506092849408105 186.48446072831220022 8.855193890133261192 
 42.926615503162175003  212.612351317999412 8.855193890133261192 
 98.14134512503328267 6.5481750429981842032 8.855193890133261192 
 58.011560168475192256 227.69729598331244347 8.855193890133261192 
 118.74776275253341851 1.026702080811058293 8.855193890133261192 
 128.31123445565930297 36.71806437362420894 8.855193890133261192 
 117.26828853128508001 77.930899628624459297 8.855193890133261192 
 143.39617912097233443 51.803009038937226194 8.855193890133261192 
 137.87470615878521585 72.409426666437354925 8.855193890133261192 
 111.74681556909797564 98.537317256124580922 8.855193890133261192 
 100.7038696447237669 139.75015251112483838 8.855193890133261192 
 126.8317602344110071 113.62226192143758396 8.855193890133261192 
 121.31028727222388852 134.2286795489377198 8.855193890133261192 
 95.182396682536662524 160.35657013862493159 8.855193890133261192 
 84.13945075816243957 201.56940539362517484 8.855193890133261192 
 110.26734134784967978 175.44151480393796305 8.855193890133261192 
 104.74586838566254698 196.0479324314381131 8.855193890133261192 
 78.617977795975335198 222.17582302112535331 8.855193890133261192 
 133.83270741784642155 16.111646746124087315 8.855193890133261192 
 93.702922461288338241 237.26076768643832793 8.855193890133261192 
 154.43912504534654317 10.590173783936961627 8.855193890133261192 
 164.00259674847242763 46.281536076750114717 8.855193890133261192 
 152.95965082409821889 87.494371331750357967 8.855193890133261192 
 179.0875414137854591 61.366480742063124865 8.855193890133261192 
 173.56606845159834052 81.972898369563239385 8.855193890133261192 
 147.43817786191110031 108.10078895925047959 8.855193890133261192 
 136.39523193753689156 149.31362421425075127 8.855193890133261192 
 162.52312252722413177 123.18573362456349685 8.855193890133261192 
 157.00164956503701319 143.79215125206363268 8.855193890133261192 
 130.87375897534977298 169.92004184175084447 8.855193890133261192 
 119.83081305097557845 211.13287709675108772 8.855193890133261192 
 145.95870364066280445 185.00498650706384751 8.855193890133261192 
 140.43723067847568586 205.61140413456399756 8.855193890133261192 
 114.30934008878844566 231.73929472425123777 8.855193890133261192 
 169.52406971065954622 25.675118449249989538 8.855193890133261192 
 129.39428475410147712 246.82423938956426923 8.855193890133261192 
 190.13048733815966784 20.15364548706286385 8.855193890133261192 
 199.69395904128558072 55.845007779876027598 8.855193890133261192 
 188.65101311691137198 97.057843034876270849 8.855193890133261192 
 214.77890370659861219 70.929952445189030641 8.855193890133261192 
 209.25743074441149361 91.536370072689152266 8.855193890133261192 
 183.1295401547242534 117.66426066237639247 8.855193890133261192 
 172.08659423035004465 158.87709591737666415 8.855193890133261192 
 198.21448482003728486 132.74920532768939552 8.855193890133261192 
 192.69301185785013786 153.35562295518951714 8.855193890133261192 
 166.56512126816292607 179.48351354487675735 8.855193890133261192 
 155.52217534378871733 220.69634879987697218 8.855193890133261192 
 181.65006593347592911 194.56845821018978882 8.855193890133261192 
 176.12859297128883895 215.17487583768991044 8.855193890133261192 
 150.00070238160159874 241.30276642737712223 8.855193890133261192 
 205.21543200347267089 35.238590152375891762 8.855193890133261192 
 165.08564704691463021 256.38771109269021053 8.855193890133261192 
 225.82184963097282093 29.717117190188766074 8.855193890133261192 
 235.38532133409870539 65.408479483001926269 8.855193890133261192 
 224.34237540972449665 106.62131473800218373 8.855193890133261192 
 250.47026599941173686 80.493424148314929312 8.855193890133261192 
 244.94879303722461827 101.09984177581505094 8.855193890133261192 
 218.82090244753737807 127.22773236550229115 8.855193890133261192 
 207.77795652316316932 168.44056762050254861 8.855193890133261192 
 233.90584711285040953 142.3126770308153084 8.855193890133261192 
 228.38437415066326253 162.91909465831543002 8.855193890133261192 
 202.25648356097607916 189.04698524800264181 8.855193890133261192 
 191.21353763660187042 230.25982050300288506 8.855193890133261192 
 217.34142822628905378 204.13192991331564485 8.855193890133261192 
 211.81995526410196362 224.73834754081582332 8.855193890133261192 
 185.69206467441472341 250.86623813050303511 8.855193890133261192 
 240.9067942962858524 44.802061855501797538 8.855193890133261192 
