 183.67379113953992942 6.615800822807043069 8.855193890133261192 
 142.46095588453968617 17.658746747181272241 8.855193890133261192 
 178.15231817735283926 27.222218450307178017 8.855193890133261192 
 157.54590054985271763 32.743691412494285942 8.855193890133261192 
 121.85453825703957875 23.180219709368380165 8.855193890133261192 
 80.641703002039321291 34.223165633742588909 8.855193890133261192 
 116.33306529485246017 43.786637336868501791 8.855193890133261192 
 95.726647667352338544 49.308110299055606163 8.855193890133261192 
 60.035285374539199665 39.744638595929707492 8.855193890133261192 
 18.822450119538952862 50.787584520303916236 8.855193890133261192 
 54.513812412352073977 60.351056223429829117 8.855193890133261192 
 33.907394784851938141 65.872529185616940595 8.855193890133261192 
 204.28020876704007947 1.0943278606199378089 8.855193890133261192 
 219.36515343235311093 16.179272525932944404 8.855193890133261192 
 193.23726284266581388 42.307163115620184612 8.855193890133261192 
 152.02442758766559905 53.350109039994393356 8.855193890133261192 
 187.71578988047875214 62.913580743120299132 8.855193890133261192 
 167.10937225297860209 68.43505370530741061 8.855193890133261192 
 131.41800996016547742 58.871582002181497728 8.855193890133261192 
 90.205174705165219962 69.914527926555720683 8.855193890133261192 
 125.89653699797835884 79.477999629681619354 8.855193890133261192 
 105.29011937047825143 84.999472591868737936 8.855193890133261192 
 69.598757077665098336 75.436000888742839265 8.855193890133261192 
 28.385921822664858638 86.478946813117048009 8.855193890133261192 
 64.077284115477979753 96.042418516242975102 8.855193890133261192 
 43.470866487977843917 101.56389147843007947 8.855193890133261192 
 7.7795041951647654344 92.000419775304152381 8.855193890133261192 
 213.84368047016596392 36.78569015343306603 8.855193890133261192 
 2.258031232977638858 112.60683740280428822 8.855193890133261192 
 228.92862513547899539 51.870634818746076178 8.855193890133261192 
 202.80073454579175518 77.998525408433323491 8.855193890133261192 
 161.58789929079151193 89.041471332807532235 8.855193890133261192 
 197.2792615836046366 98.604943035933445117 8.855193890133261192 
 176.67284395610451497 104.1264159981205637 8.855193890133261192 
 140.9814816632913903 94.562944294994636607 8.855193890133261192 
 99.768646408291118632 105.60589021936887377 8.855193890133261192 
 135.46000870110427172 115.16936192249477244 8.855193890133261192 
 114.8535910736041501 120.69083488468187682 8.855193890133261192 
 79.162228780791011218 111.12736318155597814 8.855193890133261192 
 37.949393525790760862 122.17030910593018689 8.855193890133261192 
 73.640755818603878424 131.73378080905609977 8.855193890133261192 
 53.034338191103749693 137.25525377124321835 8.855193890133261192 
 17.342975898290667658 127.69178206811729126 8.855193890133261192 
 223.40715217329187681 72.477052446246204909 8.855193890133261192 
 11.82150293610354197 148.2981996956174271 8.855193890133261192 
 238.49209683860487985 87.561997111559236373 8.855193890133261192 
 212.36420624891766806 113.68988770124644816 8.855193890133261192 
 171.15137099391739639 124.7328336256206569 8.855193890133261192 
 206.84273328673052106 134.29630532874656978 8.855193890133261192 
 186.23631565923039943 139.81777829093368837 8.855193890133261192 
 150.54495336641730319 130.25430658780777549 8.855193890133261192 
 109.3321181114170173 141.29725251218198423 8.855193890133261192 
 145.02348040423015618 150.86072421530789711 8.855193890133261192 
 124.41706277673004877 156.38219717749501569 8.855193890133261192 
 88.725700483916909889 146.81872547436910281 8.855193890133261192 
 47.512865228916666638 157.86167139874331156 8.855193890133261192 
 83.204227521729791306 167.42514310186922444 8.855193890133261192 
 62.597809894229648364 172.94661606405634302 8.855193890133261192 
 26.906447601416548565 163.38314436093040172 8.855193890133261192 
 232.97062387641776127 108.16841473905934379 8.855193890133261192 
 21.384974639229444193 183.98956198843055176 8.855193890133261192 
 248.05556854173079273 123.25335940437234683 8.855193890133261192 
 221.92767795204355252 149.38124999405960125 8.855193890133261192 
 180.71484269704333769 160.42419591843380999 8.855193890133261192 
 216.40620498985646236 169.98766762155972287 8.855193890133261192 
 195.79978736235631231 175.50914058374684146 8.855193890133261192 
 160.10842506954318765 165.94566888062092858 8.855193890133261192 
 118.89558981454293018 176.98861480499513732 8.855193890133261192 
 154.58695210735609749 186.5520865081210502 8.855193890133261192 
 133.98053447985594744 192.07355947030816878 8.855193890133261192 
 98.289172187042808559 182.51008776718222748 8.855193890133261192 
 57.076336932042565309 193.55303369155646465 8.855193890133261192 
 92.767699224855689977 203.11650539468237753 8.855193890133261192 
 72.16128159735555414 208.63797835686946769 8.855193890133261192 
 36.469919304542464999 199.07450665374355481 8.855193890133261192 
 242.53409557954370257 143.85977703187248267 8.855193890133261192 
 30.948446342355346417 219.68092428124370485 8.855193890133261192 
 231.49114965516943698 185.07261228687275434 8.855193890133261192 
 190.27831440016922215 196.1155582112469915 8.855193890133261192 
 225.96967669298237524 205.67902991437287596 8.855193890133261192 
 205.36325906548225362 211.20050287655996613 8.855193890133261192 
 169.67189677266912895 201.63703117343408167 8.855193890133261192 
 128.45906151766885728 212.67997709780829041 8.855193890133261192 
 164.15042381048198195 222.24344880093417487 8.855193890133261192 
 143.54400618298186032 227.76492176312132187 8.855193890133261192 
 107.85264389016872144 218.20145005999540899 8.855193890133261192 
 66.63980863516847819 229.24439598436961774 8.855193890133261192 
 102.33117092798158865 238.80786768749553062 8.855193890133261192 
 81.724753300481452811 244.3293406496826492 8.855193890133261192 
 46.033391007668377881 234.76586894655676474 8.855193890133261192 
 252.09756728266955861 179.55113932468563576 8.855193890133261192 
 40.511918045481252193 255.37228657405685794 8.855193890133261192 
