 219.05040364778082562 43.41424679322584268 8.855193890133261192 
 176.38373698111416843 43.414246793225856891 8.855193890133261192 
 208.38373698111414001 61.889455407293873179 8.855193890133261192 
 187.05040364778082562 61.889455407293873179 8.855193890133261192 
 155.05040364778082562 43.414246793225856891 8.855193890133261192 
 112.38373698111416843 43.414246793225856891 8.855193890133261192 
 144.38373698111416843 61.889455407293873179 8.855193890133261192 
 123.05040364778083983 61.889455407293873179 8.855193890133261192 
 91.050403647780839833 43.414246793225856891 8.855193890133261192 
 48.383736981114175535 43.414246793225856891 8.855193890133261192 
 80.383736981114154219 61.889455407293873179 8.855193890133261192 
 59.050403647780811411 61.889455407293873179 8.855193890133261192 
 27.050403647780825622 43.414246793225863996 8.855193890133261192 
 240.38373698111416843 43.41424679322584268 8.855193890133261192 
 16.383736981114150666 61.88945540729388739 8.855193890133261192 
 251.05040364778085404 61.889455407293866074 8.855193890133261192 
 219.05040364778082562 80.364664021361889468 8.855193890133261192 
 176.38373698111416843 80.364664021361889468 8.855193890133261192 
 208.38373698111414001 98.839872635429927072 8.855193890133261192 
 187.05040364778082562 98.839872635429927072 8.855193890133261192 
 155.05040364778082562 80.364664021361889468 8.855193890133261192 
 112.38373698111416843 80.364664021361889468 8.855193890133261192 
 144.38373698111416843 98.839872635429927072 8.855193890133261192 
 123.05040364778083983 98.839872635429927072 8.855193890133261192 
 91.050403647780839833 80.364664021361889468 8.855193890133261192 
 48.383736981114175535 80.364664021361889468 8.855193890133261192 
 80.383736981114154219 98.839872635429927072 8.855193890133261192 
 59.050403647780811411 98.839872635429927072 8.855193890133261192 
 27.050403647780825622 80.364664021361903679 8.855193890133261192 
 240.38373698111416843 80.364664021361889468 8.855193890133261192 
 16.383736981114150666 98.839872635429927072 8.855193890133261192 
 251.05040364778085404 98.839872635429927072 8.855193890133261192 
 219.05040364778082562 117.31508124949795047 8.855193890133261192 
 176.38373698111416843 117.31508124949795047 8.855193890133261192 
 208.38373698111414001 135.79028986356598807 8.855193890133261192 
 187.05040364778082562 135.79028986356598807 8.855193890133261192 
 155.05040364778082562 117.31508124949795047 8.855193890133261192 
 112.38373698111416843 117.31508124949795047 8.855193890133261192 
 144.38373698111416843 135.79028986356598807 8.855193890133261192 
 123.05040364778083983 135.79028986356598807 8.855193890133261192 
 91.050403647780839833 117.31508124949795047 8.855193890133261192 
 48.383736981114175535 117.31508124949795047 8.855193890133261192 
 80.383736981114154219 135.79028986356598807 8.855193890133261192 
 59.050403647780811411 135.79028986356598807 8.855193890133261192 
 27.050403647780825622 117.31508124949795047 8.855193890133261192 
 240.38373698111416843 117.31508124949795047 8.855193890133261192 
 16.383736981114150666 135.79028986356598807 8.855193890133261192 
 251.05040364778085404 135.79028986356598807 8.855193890133261192 
 219.05040364778082562 154.26549847763399725 8.855193890133261192 
 176.38373698111416843 154.26549847763399725 8.855193890133261192 
 208.38373698111414001 172.74070709170200644 8.855193890133261192 
 187.05040364778082562 172.74070709170200644 8.855193890133261192 
 155.05040364778082562 154.26549847763399725 8.855193890133261192 
 112.38373698111416843 154.26549847763399725 8.855193890133261192 
 144.38373698111416843 172.74070709170200644 8.855193890133261192 
 123.05040364778083983 172.74070709170200644 8.855193890133261192 
 91.050403647780839833 154.26549847763399725 8.855193890133261192 
 48.383736981114175535 154.26549847763399725 8.855193890133261192 
 80.383736981114154219 172.74070709170200644 8.855193890133261192 
 59.050403647780811411 172.74070709170200644 8.855193890133261192 
 27.050403647780825622 154.26549847763399725 8.855193890133261192 
 240.38373698111416843 154.26549847763399725 8.855193890133261192 
 16.383736981114150666 172.74070709170200644 8.855193890133261192 
 251.05040364778085404 172.74070709170200644 8.855193890133261192 
 219.05040364778082562 191.21591570577004404 8.855193890133261192 
 176.38373698111416843 191.21591570577004404 8.855193890133261192 
 208.38373698111414001 209.69112431983805322 8.855193890133261192 
 187.05040364778082562 209.69112431983805322 8.855193890133261192 
 155.05040364778082562 191.21591570577004404 8.855193890133261192 
 112.38373698111416843 191.21591570577004404 8.855193890133261192 
 144.38373698111416843 209.69112431983805322 8.855193890133261192 
 123.05040364778083983 209.69112431983805322 8.855193890133261192 
 91.050403647780839833 191.21591570577004404 8.855193890133261192 
 48.383736981114175535 191.21591570577004404 8.855193890133261192 
 80.383736981114154219 209.69112431983805322 8.855193890133261192 
 59.050403647780811411 209.69112431983805322 8.855193890133261192 
 27.050403647780825622 191.21591570577004404 8.855193890133261192 
 240.38373698111416843 191.21591570577004404 8.855193890133261192 
 16.383736981114150666 209.69112431983811007 8.855193890133261192 
 251.05040364778085404 209.69112431983805322 8.855193890133261192 
 219.05040364778085404 228.16633293390611925 8.855193890133261192 
 176.38373698111416843 228.16633293390611925 8.855193890133261192 
 208.38373698111414001 24.939038179157826391 8.855193890133261192 
 187.05040364778082562 24.939038179157826391 8.855193890133261192 
 155.05040364778082562 228.16633293390611925 8.855193890133261192 
 112.38373698111416843 228.16633293390611925 8.855193890133261192 
 144.38373698111416843 24.939038179157826391 8.855193890133261192 
 123.05040364778083983 24.939038179157826391 8.855193890133261192 
 91.050403647780839833 228.16633293390611925 8.855193890133261192 
 48.383736981114189746 228.16633293390611925 8.855193890133261192 
 80.383736981114154219 24.939038179157826391 8.855193890133261192 
 59.050403647780797201 24.939038179157826391 8.855193890133261192 
 27.050403647780825622 228.16633293390611925 8.855193890133261192 
 240.38373698111416843 228.16633293390611925 8.855193890133261192 
 16.383736981114150666 24.939038179157826391 8.855193890133261192 
 251.05040364778085404 24.939038179157826391 8.855193890133261192 
