 218.91402185260889723 18.613372417957336324 8.855193890133261192 
 176.24735518594224004 18.613372417957336324 8.855193890133261192 
 208.24735518594224004 37.088581032025352613 8.855193890133261192 
 186.91402185260892566 37.088581032025352613 8.855193890133261192 
 154.91402185260892566 18.613372417957336324 8.855193890133261192 
 112.24735518594225425 18.613372417957336324 8.855193890133261192 
 144.24735518594226846 37.088581032025352613 8.855193890133261192 
 122.91402185260892566 37.088581032025352613 8.855193890133261192 
 90.914021852608925656 18.613372417957336324 8.855193890133261192 
 48.247355185942254252 18.613372417957336324 8.855193890133261192 
 80.247355185942240041 37.088581032025352613 8.855193890133261192 
 58.914021852608890129 37.088581032025352613 8.855193890133261192 
 26.914021852608914998 18.613372417957336324 8.855193890133261192 
 240.24735518594226846 18.613372417957336324 8.855193890133261192 
 16.247355185942240041 37.088581032025366824 8.855193890133261192 
 250.91402185260892566 37.088581032025345507 8.855193890133261192 
 218.91402185260889723 55.563789646093361796 8.855193890133261192 
 176.24735518594224004 55.563789646093376007 8.855193890133261192 
 208.24735518594224004 74.038998260161392295 8.855193890133261192 
 186.91402185260892566 74.038998260161392295 8.855193890133261192 
 154.91402185260892566 55.563789646093376007 8.855193890133261192 
 112.24735518594225425 55.563789646093376007 8.855193890133261192 
 144.24735518594226846 74.038998260161392295 8.855193890133261192 
 122.91402185260892566 74.038998260161392295 8.855193890133261192 
 90.914021852608925656 55.563789646093376007 8.855193890133261192 
 48.247355185942268463 55.563789646093376007 8.855193890133261192 
 80.247355185942254252 74.038998260161392295 8.855193890133261192 
 58.914021852608897234 74.038998260161392295 8.855193890133261192 
 26.914021852608914998 55.563789646093383112 8.855193890133261192 
 240.24735518594226846 55.563789646093361796 8.855193890133261192 
 16.247355185942240041 74.038998260161406506 8.855193890133261192 
 250.91402185260892566 74.038998260161378084 8.855193890133261192 
 218.91402185260889723 92.514206874229415689 8.855193890133261192 
 176.24735518594224004 92.514206874229415689 8.855193890133261192 
 208.24735518594224004 110.98941548829743908 8.855193890133261192 
 186.91402185260892566 110.98941548829743908 8.855193890133261192 
 154.91402185260892566 92.514206874229415689 8.855193890133261192 
 112.24735518594225425 92.514206874229415689 8.855193890133261192 
 144.24735518594226846 110.9894154882974675 8.855193890133261192 
 122.91402185260892566 110.9894154882974675 8.855193890133261192 
 90.914021852608925656 92.514206874229415689 8.855193890133261192 
 48.247355185942268463  92.5142068742294299 8.855193890133261192 
 80.247355185942254252 110.9894154882974675 8.855193890133261192 
 58.914021852608897234 110.9894154882974675 8.855193890133261192 
 26.914021852608914998  92.5142068742294299 8.855193890133261192 
 240.24735518594226846 92.514206874229415689 8.855193890133261192 
 16.247355185942240041 110.9894154882974675 8.855193890133261192 
 250.91402185260892566 110.98941548829743908 8.855193890133261192 
 218.91402185260889723 129.46462410236546248 8.855193890133261192 
 176.24735518594224004 129.46462410236546248 8.855193890133261192 
 208.24735518594224004 147.93983271643350008 8.855193890133261192 
 186.91402185260892566 147.93983271643350008 8.855193890133261192 
 154.91402185260892566 129.46462410236546248 8.855193890133261192 
 112.24735518594225425 129.46462410236546248 8.855193890133261192 
 144.24735518594226846 147.93983271643350008 8.855193890133261192 
 122.91402185260892566 147.93983271643350008 8.855193890133261192 
 90.914021852608925656 129.46462410236546248 8.855193890133261192 
 48.247355185942268463 129.46462410236546248 8.855193890133261192 
 80.247355185942254252 147.93983271643350008 8.855193890133261192 
 58.914021852608897234 147.93983271643350008 8.855193890133261192 
 26.914021852608914998 129.46462410236546248 8.855193890133261192 
 240.24735518594226846 129.46462410236546248 8.855193890133261192 
 16.247355185942240041 147.93983271643350008 8.855193890133261192 
 250.91402185260892566 147.93983271643350008 8.855193890133261192 
 218.91402185260889723 166.41504133050153769 8.855193890133261192 
 176.24735518594224004 166.41504133050153769 8.855193890133261192 
 208.24735518594224004 184.89024994456954687 8.855193890133261192 
 186.91402185260892566 184.89024994456954687 8.855193890133261192 
 154.91402185260892566 166.41504133050153769 8.855193890133261192 
 112.24735518594225425 166.41504133050153769 8.855193890133261192 
 144.24735518594226846 184.89024994456954687 8.855193890133261192 
 122.91402185260892566 184.89024994456954687 8.855193890133261192 
 90.914021852608925656 166.41504133050153769 8.855193890133261192 
 48.247355185942268463 166.41504133050153769 8.855193890133261192 
 80.247355185942254252 184.89024994456954687 8.855193890133261192 
 58.914021852608897234 184.89024994456954687 8.855193890133261192 
 26.914021852608914998 166.41504133050153769 8.855193890133261192 
 240.24735518594226846 166.41504133050153769 8.855193890133261192 
 16.247355185942240041 184.89024994456957529 8.855193890133261192 
 250.91402185260892566 184.89024994456954687 8.855193890133261192 
 218.91402185260889723 203.36545855863758447 8.855193890133261192 
 176.24735518594226846 203.36545855863758447 8.855193890133261192 
 208.24735518594226846 221.84066717270559366 8.855193890133261192 
 186.91402185260892566 221.84066717270559366 8.855193890133261192 
 154.91402185260892566 203.36545855863758447 8.855193890133261192 
 112.24735518594225425 203.36545855863758447 8.855193890133261192 
 144.24735518594226846 221.84066717270559366 8.855193890133261192 
 122.91402185260892566 221.84066717270559366 8.855193890133261192 
 90.914021852608925656 203.36545855863758447 8.855193890133261192 
 48.247355185942268463 203.36545855863758447 8.855193890133261192 
 80.247355185942254252 221.84066717270559366 8.855193890133261192 
 58.914021852608911445 221.84066717270559366 8.855193890133261192 
 26.914021852608914998 203.36545855863758447 8.855193890133261192 
 240.24735518594226846 203.36545855863758447 8.855193890133261192 
 16.247355185942240041 221.84066717270559366 8.855193890133261192 
 250.91402185260892566 221.84066717270556524 8.855193890133261192 
