 84.295418610017520678 88.214514101598794582 9.5111511285717451614 
 78.37965403394488817 119.22891891297278733 9.5111511285717451614 
 17.038817871926596581 118.24364372434673953 9.5111511285717451614 
 94.657147956763026286 25.343312418758106475 9.5111511285717451614 
 11.122713055660181425 149.2599178490231111 9.5111511285717451614 
 88.741937636948804879 56.358037230132076445 9.5111511285717451614 
 139.72104445222160507 120.21451410159879458 9.5111511285717451614 
 133.80527987614897256 151.22891891297274469 9.5111511285717451614 
 72.464443714130680974 150.24364372434675374 9.5111511285717451614 
 150.08277379896708226 57.343312418758095816 9.5111511285717451614 
 66.54833889786426937 181.25991784902308268 9.5111511285717451614 
 144.16756347915287506 88.35803723013206934 9.5111511285717451614 
 195.14667029442568946 152.21451410159878037 9.5111511285717451614 
 189.23090571835305695 183.22891891297274469 9.5111511285717451614 
 127.89006955633473694 182.24364372434672532 9.5111511285717451614 
 205.50839964117119507 89.343312418758102922 9.5111511285717451614 
 121.97396474006833955 213.2599178490231111 9.5111511285717451614 
 199.59318932135695945 120.35803723013206934 9.5111511285717451614 
 28.869792767813457601 56.214514101598794582 9.5111511285717451614 
 22.954028191740835751 87.228918912972787325 9.5111511285717451614 
 183.31569539853884976 214.24364372434675374 9.5111511285717451614 
 177.39959058227245237 245.2599178490231111 9.5111511285717451614 
 255.01881516356104385 152.35803723013205513 9.5111511285717451614 
