 40.247944980871331211 30.563424448971908021 9.7660111577924535453 
 65.847944980871332632 56.163424448971902336 9.7660111577924535453 
 65.847944980871332632 30.563424448971908021 9.7660111577924535453 
 40.247944980871331211 56.163424448971902336 9.7660111577924535453 
 40.247944980871331211 81.763424448971903757 9.7660111577924535453 
 65.847944980871332632 107.36342444897189807 9.7660111577924535453 
 65.847944980871332632 81.763424448971903757 9.7660111577924535453 
 40.247944980871331211 107.36342444897189807 9.7660111577924535453 
 40.247944980871331211 132.96342444897189239 9.7660111577924535453 
 65.847944980871332632 158.5634244489718867 9.7660111577924535453 
 65.847944980871332632 132.96342444897189239 9.7660111577924535453 
 40.247944980871331211 158.5634244489718867 9.7660111577924535453 
 40.247944980871331211 184.16342444897190944 9.7660111577924535453 
 65.847944980871332632 209.76342444897187534 9.7660111577924535453 
 65.847944980871332632 184.16342444897190944 9.7660111577924535453 
 40.247944980871331211 209.76342444897187534 9.7660111577924535453 
 40.247944980871331211 235.36342444897186965 9.7660111577924535453 
 65.847944980871332632 4.9634244489718870597 9.7660111577924535453 
 65.847944980871332632 235.36342444897186965 9.7660111577924535453 
 40.247944980871331211 4.9634244489718870597 9.7660111577924535453 
 91.447944980871326948 30.563424448971908021 9.7660111577924535453 
 117.04794498087132126 56.163424448971902336 9.7660111577924535453 
 117.04794498087132126 30.563424448971908021 9.7660111577924535453 
 91.447944980871326948 56.163424448971902336 9.7660111577924535453 
 91.447944980871326948 81.763424448971903757 9.7660111577924535453 
 117.04794498087132126 107.36342444897189807 9.7660111577924535453 
 117.04794498087132126 81.763424448971903757 9.7660111577924535453 
 91.447944980871326948 107.36342444897189807 9.7660111577924535453 
 91.447944980871326948 132.96342444897189239 9.7660111577924535453 
 117.04794498087132126 158.5634244489718867 9.7660111577924535453 
 117.04794498087132126 132.96342444897189239 9.7660111577924535453 
 91.447944980871326948 158.5634244489718867 9.7660111577924535453 
 91.447944980871326948 184.16342444897190944 9.7660111577924535453 
 117.04794498087132126 209.76342444897187534 9.7660111577924535453 
 117.04794498087132126 184.16342444897190944 9.7660111577924535453 
 91.447944980871326948 209.76342444897187534 9.7660111577924535453 
 91.447944980871326948 235.36342444897186965 9.7660111577924535453 
 117.04794498087132126 4.9634244489718870597 9.7660111577924535453 
 117.04794498087132126 235.36342444897186965 9.7660111577924535453 
 91.447944980871326948 4.9634244489718870597 9.7660111577924535453 
 142.64794498087130137 30.563424448971908021 9.7660111577924535453 
 168.24794498087132411 56.163424448971902336 9.7660111577924535453 
 168.24794498087132411 30.563424448971908021 9.7660111577924535453 
 142.64794498087130137 56.163424448971902336 9.7660111577924535453 
 142.64794498087130137 81.763424448971903757 9.7660111577924535453 
 168.24794498087132411 107.36342444897189807 9.7660111577924535453 
 168.24794498087132411 81.763424448971903757 9.7660111577924535453 
 142.64794498087130137 107.36342444897189807 9.7660111577924535453 
 142.64794498087130137 132.96342444897189239 9.7660111577924535453 
 168.24794498087132411 158.5634244489718867 9.7660111577924535453 
 168.24794498087132411 132.96342444897189239 9.7660111577924535453 
 142.64794498087130137 158.5634244489718867 9.7660111577924535453 
 142.64794498087130137 184.16342444897190944 9.7660111577924535453 
 168.24794498087132411 209.76342444897187534 9.7660111577924535453 
 168.24794498087132411 184.16342444897190944 9.7660111577924535453 
 142.64794498087130137 209.76342444897187534 9.7660111577924535453 
 142.64794498087130137 235.36342444897186965 9.7660111577924535453 
 168.24794498087132411 4.9634244489718870597 9.7660111577924535453 
 168.24794498087132411 235.36342444897186965 9.7660111577924535453 
 142.64794498087130137 4.9634244489718870597 9.7660111577924535453 
 193.84794498087131842 30.563424448971908021 9.7660111577924535453 
 219.44794498087128432 56.163424448971902336 9.7660111577924535453 
 219.44794498087128432 30.563424448971908021 9.7660111577924535453 
 193.84794498087131842 56.163424448971902336 9.7660111577924535453 
 193.84794498087131842 81.763424448971903757 9.7660111577924535453 
 219.44794498087128432 107.36342444897189807 9.7660111577924535453 
 219.44794498087128432 81.763424448971903757 9.7660111577924535453 
 193.84794498087131842 107.36342444897189807 9.7660111577924535453 
 193.84794498087131842 132.96342444897189239 9.7660111577924535453 
 219.44794498087128432 158.5634244489718867 9.7660111577924535453 
 219.44794498087128432 132.96342444897189239 9.7660111577924535453 
 193.84794498087131842 158.5634244489718867 9.7660111577924535453 
 193.84794498087131842 184.16342444897190944 9.7660111577924535453 
 219.44794498087128432 209.76342444897187534 9.7660111577924535453 
 219.44794498087128432 184.16342444897190944 9.7660111577924535453 
 193.84794498087131842 209.76342444897187534 9.7660111577924535453 
 193.84794498087131842 235.36342444897186965 9.7660111577924535453 
 219.44794498087128432 4.9634244489718870597 9.7660111577924535453 
 219.44794498087128432 235.36342444897186965 9.7660111577924535453 
 193.84794498087131842 4.9634244489718870597 9.7660111577924535453 
 245.04794498087130705 30.563424448971908021 9.7660111577924535453 
 14.647944980871308474 56.163424448971902336 9.7660111577924535453 
 14.647944980871308474 30.563424448971908021 9.7660111577924535453 
 245.04794498087130705 56.163424448971902336 9.7660111577924535453 
 245.04794498087130705 81.763424448971903757 9.7660111577924535453 
 14.647944980871308474 107.36342444897189807 9.7660111577924535453 
 14.647944980871308474 81.763424448971903757 9.7660111577924535453 
 245.04794498087130705 107.36342444897189807 9.7660111577924535453 
 245.04794498087130705 132.96342444897189239 9.7660111577924535453 
 14.647944980871308474 158.5634244489718867 9.7660111577924535453 
 14.647944980871308474 132.96342444897189239 9.7660111577924535453 
 245.04794498087130705 158.5634244489718867 9.7660111577924535453 
 245.04794498087130705 184.16342444897190944 9.7660111577924535453 
 14.647944980871308474 209.76342444897187534 9.7660111577924535453 
 14.647944980871308474 184.16342444897190944 9.7660111577924535453 
 245.04794498087130705 209.76342444897187534 9.7660111577924535453 
 245.04794498087130705 235.36342444897186965 9.7660111577924535453 
 14.647944980871308474 4.9634244489718870597 9.7660111577924535453 
 14.647944980871308474 235.36342444897186965 9.7660111577924535453 
 245.04794498087130705 4.9634244489718870597 9.7660111577924535453 
