 94.959459422875184487 16.503925983549304846 9.7660111577924535453 
 72.789209085993562098 3.7039259835492992501 9.7660111577924535453 
 59.989209085993557835 25.874176320430965603 9.7660111577924535453 
 69.359459422875190171 60.844426657312567386 9.7660111577924535453 
 82.159459422875173118 38.674176320430944997 9.7660111577924535453 
 47.189209085993574888 48.044426657312570228 9.7660111577924535453 
 34.389209085993570625 70.214676994194206827 9.7660111577924535453 
 43.75945942287518875 105.18492733107584058 9.7660111577924535453 
 56.559459422875193013 83.014676994194203985 9.7660111577924535453 
 21.589209085993569914 92.384927331075857637 9.7660111577924535453 
 8.7892090859935869673 114.55517766795748003 9.7660111577924535453 
 18.15945942287520154 149.52542800483908536 9.7660111577924535453 
 30.959459422875195145 127.35517766795746297 9.7660111577924535453 
 5.3594594228751963882 171.69567834172073617 9.7660111577924535453 
 129.92970975975680403 7.1336756466676902733 9.7660111577924535453 
 139.29996009663844347 42.103925983549288503 9.7660111577924535453 
 152.09996009663842642 19.93367564666767322 9.7660111577924535453 
 117.12970975975682109 29.303925983549309109 9.7660111577924535453 
 104.32970975975682393 51.474176320430949261 9.7660111577924535453 
 113.69996009663844916 86.444426657312547491 9.7660111577924535453 
 126.49996009663843211 64.274176320430939313 9.7660111577924535453 
 91.52970975975682677 73.644426657312564544 9.7660111577924535453 
 78.729709759756829612 95.814676994194215354 9.7660111577924535453 
 88.099960096638440632 130.7849273310758349 9.7660111577924535453 
  100.899960096638452 108.6146769941941983 9.7660111577924535453 
 65.929709759756832455 117.98492733107585195 9.7660111577924535453 
 53.129709759756835297 140.15517766795747434 9.7660111577924535453 
 62.499960096638460527 175.12542800483907968 9.7660111577924535453 
 75.299960096638457685 152.95517766795745729 9.7660111577924535453 
 40.329709759756845244 162.32542800483909673 9.7660111577924535453 
 27.529709759756837428 184.49567834172071912 9.7660111577924535453 
 36.899960096638466212 219.46592867860235287 9.7660111577924535453 
 49.699960096638456264 197.29567834172070206 9.7660111577924535453 
 14.729709759756833165 206.66592867860234151 9.7660111577924535453 
 174.27021043352007723 32.733675646667677483 9.7660111577924535453 
 183.64046077040171667 67.70392598354929703 9.7660111577924535453 
 196.44046077040169962 45.533675646667681747 9.7660111577924535453 
 161.47021043352009428 54.903925983549292766 9.7660111577924535453 
 148.67021043352008292 77.074176320430936471 9.7660111577924535453 
 158.04046077040175078 112.04442665731255602 9.7660111577924535453 
 170.84046077040173373 89.87417632043094784 9.7660111577924535453 
 135.87021043352009997 99.244426657312558859 9.7660111577924535453 
 123.0702104335200886 121.41467699419419546 9.7660111577924535453 
 132.44046077040172804 156.38492733107582922 9.7660111577924535453 
 145.24046077040173941 134.21467699419420683 9.7660111577924535453 
 110.27021043352009144 143.58492733107584627 9.7660111577924535453 
 97.470210433520094284 165.75517766795746866 9.7660111577924535453 
 106.84046077040174794 200.72542800483907399 9.7660111577924535453 
 119.64046077040173088 178.5551776679574516 9.7660111577924535453 
 84.670210433520097126 187.92542800483906262 9.7660111577924535453 
 71.870210433520099969 210.09567834172068501 9.7660111577924535453 
 81.24046077040173941 245.06592867860237561 9.7660111577924535453 
 94.040460770401736568 222.89567834172075322 9.7660111577924535453 
 59.070210433520095705 232.26592867860236424 9.7660111577924535453 
 218.61071110728332201 58.333675646667671799 9.7660111577924535453 
 227.98096144416493303 93.303925983549291345 9.7660111577924535453 
 240.7809614441649444 71.133675646667668957 9.7660111577924535453 
 205.81071110728333906 80.503925983549294187 9.7660111577924535453 
 193.01071110728332769 102.67417632043093079 9.7660111577924535453 
 202.38096144416496713 137.64442665731255033 9.7660111577924535453 
 215.1809614441649785 115.47417632043092794 9.7660111577924535453 
 180.21071110728334475 124.84442665731256739 9.7660111577924535453 
 167.4107111072833618 147.01467699419418977 9.7660111577924535453 
 176.78096144416497282 181.98492733107579511 9.7660111577924535453 
 189.58096144416498419 159.81467699419420114 9.7660111577924535453 
 154.61071110728335043 169.18492733107581216 9.7660111577924535453 
 141.81071110728333906 191.35517766795746297 9.7660111577924535453 
 151.1809614441649785 226.32542800483903989 9.7660111577924535453 
 163.98096144416496145 204.15517766795744592 9.7660111577924535453 
 129.01071110728335611 213.52542800483908536 9.7660111577924535453 
 116.21071110728335896 235.69567834172070775 9.7660111577924535453 
 138.38096144416496713 248.49567834172071912 9.7660111577924535453 
 250.15121178104655542 106.10392598354926008 9.7660111577924535453 
 237.35121178104660089 128.27417632043091089 9.7660111577924535453 
 246.72146211792821191 163.24442665731254465 9.7660111577924535453 
 224.55121178104658952 150.44442665731253328 9.7660111577924535453 
 211.75121178104657815 172.61467699419415567 9.7660111577924535453 
 221.12146211792821759 207.58492733107581785 9.7660111577924535453 
 233.92146211792820054 185.41467699419416704 9.7660111577924535453 
 198.95121178104659521 194.78492733107580648 9.7660111577924535453 
 186.15121178104658384 216.95517766795742887 9.7660111577924535453 
 195.5214621179282517 251.92542800483906262 9.7660111577924535453 
 208.32146211792823465 229.75517766795744024 9.7660111577924535453 
 173.35121178104660089 239.12542800483905125 9.7660111577924535453 
