 234.71560398644814427 34.910196602645093833 9.7660111577924535453 
 209.11560398644812153 60.510196602645102359 9.7660111577924535453 
 234.71560398644814427 60.510196602645088149 9.7660111577924535453 
 209.11560398644812153 34.910196602645108044 9.7660111577924535453 
 183.51560398644812722 34.910196602645108044 9.7660111577924535453 
 157.91560398644810448 60.510196602645102359 9.7660111577924535453 
 183.51560398644812722 60.510196602645102359 9.7660111577924535453 
 157.91560398644810448 34.910196602645108044 9.7660111577924535453 
 132.31560398644813858 34.910196602645108044 9.7660111577924535453 
 106.71560398644811585 60.510196602645102359 9.7660111577924535453 
 132.31560398644813858 60.510196602645102359 9.7660111577924535453 
 106.71560398644811585 34.910196602645108044 9.7660111577924535453 
 81.115603986448135743 34.910196602645108044 9.7660111577924535453 
 55.515603986448148532 60.510196602645102359 9.7660111577924535453 
 81.115603986448135743 60.510196602645102359 9.7660111577924535453 
 55.515603986448148532 34.910196602645108044 9.7660111577924535453 
 29.915603986448115137 34.910196602645115149 9.7660111577924535453 
 4.3156039864481066104 60.51019660264511657 9.7660111577924535453 
 29.915603986448115137 60.51019660264511657 9.7660111577924535453 
 4.3156039864481066104 34.910196602645115149 9.7660111577924535453 
 234.71560398644814427 86.11019660264508957 9.7660111577924535453 
 209.11560398644812153 111.7101966026450981 9.7660111577924535453 
 234.71560398644814427 111.7101966026450981 9.7660111577924535453 
 209.11560398644812153 86.11019660264508957 9.7660111577924535453 
 183.51560398644812722 86.11019660264508957 9.7660111577924535453 
 157.91560398644810448 111.7101966026450981 9.7660111577924535453 
 183.51560398644812722 111.7101966026450981 9.7660111577924535453 
 157.91560398644810448 86.110196602645103781 9.7660111577924535453 
 132.31560398644813858 86.110196602645103781 9.7660111577924535453 
 106.71560398644811585 111.7101966026450981 9.7660111577924535453 
 132.31560398644813858 111.7101966026450981 9.7660111577924535453 
 106.71560398644811585 86.110196602645103781 9.7660111577924535453 
 81.115603986448135743 86.110196602645117991 9.7660111577924535453 
 55.515603986448148532 111.7101966026450981 9.7660111577924535453 
 81.115603986448135743 111.7101966026450981 9.7660111577924535453 
 55.515603986448148532 86.110196602645117991 9.7660111577924535453 
 29.915603986448115137 86.110196602645117991 9.7660111577924535453 
 4.3156039864481066104 111.7101966026450981 9.7660111577924535453 
 29.915603986448115137 111.7101966026450981 9.7660111577924535453 
 4.3156039864481066104 86.110196602645117991 9.7660111577924535453 
 234.71560398644814427 137.31019660264510662 9.7660111577924535453 
 209.11560398644812153 162.91019660264512936 9.7660111577924535453 
 234.71560398644814427 162.91019660264512936 9.7660111577924535453 
 209.11560398644812153 137.31019660264510662 9.7660111577924535453 
 183.51560398644812722 137.31019660264510662 9.7660111577924535453 
 157.91560398644810448 162.91019660264512936 9.7660111577924535453 
 183.51560398644812722 162.91019660264512936 9.7660111577924535453 
 157.91560398644810448 137.31019660264510662 9.7660111577924535453 
 132.31560398644813858 137.31019660264510662 9.7660111577924535453 
 106.71560398644811585 162.91019660264512936 9.7660111577924535453 
 132.31560398644813858 162.91019660264512936 9.7660111577924535453 
 106.71560398644811585 137.31019660264510662 9.7660111577924535453 
 81.115603986448135743 137.31019660264510662 9.7660111577924535453 
 55.515603986448148532 162.91019660264512936 9.7660111577924535453 
 81.115603986448135743 162.91019660264512936 9.7660111577924535453 
 55.515603986448148532 137.31019660264510662 9.7660111577924535453 
 29.915603986448115137 137.31019660264510662 9.7660111577924535453 
 4.3156039864481066104 162.91019660264512936 9.7660111577924535453 
 29.915603986448115137 162.91019660264512936 9.7660111577924535453 
 4.3156039864481066104 137.31019660264510662 9.7660111577924535453 
 234.71560398644814427 188.51019660264506683 9.7660111577924535453 
 209.11560398644812153 214.11019660264508957 9.7660111577924535453 
 234.71560398644814427 214.11019660264508957 9.7660111577924535453 
 209.11560398644812153 188.51019660264506683 9.7660111577924535453 
 183.51560398644812722 188.51019660264506683 9.7660111577924535453 
 157.9156039864481329 214.11019660264508957 9.7660111577924535453 
 183.51560398644812722 214.11019660264508957 9.7660111577924535453 
 157.9156039864481329 188.51019660264506683 9.7660111577924535453 
 132.31560398644813858 188.51019660264506683 9.7660111577924535453 
 106.71560398644811585 214.11019660264508957 9.7660111577924535453 
 132.31560398644813858 214.11019660264508957 9.7660111577924535453 
 106.71560398644811585 188.51019660264506683 9.7660111577924535453 
 81.115603986448135743 188.51019660264506683 9.7660111577924535453 
 55.515603986448148532 214.11019660264508957 9.7660111577924535453 
 81.115603986448135743 214.11019660264508957 9.7660111577924535453 
 55.515603986448148532 188.51019660264506683 9.7660111577924535453 
 29.915603986448115137 188.51019660264506683 9.7660111577924535453 
 4.3156039864481066104 214.11019660264508957 9.7660111577924535453 
 29.915603986448115137 214.11019660264508957 9.7660111577924535453 
 4.3156039864481066104 188.51019660264506683 9.7660111577924535453 
 234.71560398644814427 239.71019660264511231 9.7660111577924535453 
 209.11560398644812153 9.3101966026451083991 9.7660111577924535453 
 234.71560398644814427 9.3101966026451083991 9.7660111577924535453 
 209.11560398644812153 239.71019660264511231 9.7660111577924535453 
 183.51560398644812722 239.71019660264511231 9.7660111577924535453 
 157.91560398644810448 9.3101966026451083991 9.7660111577924535453 
 183.51560398644812722 9.3101966026451083991 9.7660111577924535453 
 157.9156039864481329 239.71019660264511231 9.7660111577924535453 
 132.31560398644813858 239.71019660264511231 9.7660111577924535453 
 106.71560398644811585 9.3101966026451083991 9.7660111577924535453 
 132.31560398644813858 9.3101966026451083991 9.7660111577924535453 
 106.71560398644811585 239.71019660264511231 9.7660111577924535453 
 81.115603986448135743 239.71019660264511231 9.7660111577924535453 
 55.515603986448134322 9.3101966026451083991 9.7660111577924535453 
 81.115603986448135743 9.3101966026451083991 9.7660111577924535453 
 55.515603986448162743 239.71019660264511231 9.7660111577924535453 
 29.915603986448129348 239.71019660264511231 9.7660111577924535453 
 4.3156039864481066104 9.3101966026451083991 9.7660111577924535453 
 29.915603986448104479 9.3101966026451083991 9.7660111577924535453 
 4.3156039864481066104 239.71019660264511231 9.7660111577924535453 
