 33.239123903466662568 17.910409988498432909 9.7660111577924535453 
 51.341057501842286115 43.510409988498416567 9.7660111577924535453 
 33.239123903466662568 69.110409988498432199 9.7660111577924535453 
 51.341057501842286115 94.710409988498412304 9.7660111577924535453 
 33.239123903466662568 120.31040998849842083 9.7660111577924535453 
 51.341057501842286115 145.91040998849842936 9.7660111577924535453 
 33.239123903466662568 171.51040998849842367 9.7660111577924535453 
 51.341057501842286115 197.11040998849841799 9.7660111577924535453 
 33.239123903466662568 222.71040998849838388 9.7660111577924535453 
 51.341057501842286115 248.31040998849840662 9.7660111577924535453 
 69.44299110021789545 17.910409988498432909 9.7660111577924535453 
 87.544924698593518997 43.510409988498416567 9.7660111577924535453 
 69.44299110021789545 69.110409988498432199 9.7660111577924535453 
 87.544924698593518997 94.710409988498412304 9.7660111577924535453 
 69.44299110021789545 120.31040998849842083 9.7660111577924535453 
 87.544924698593518997 145.91040998849842936 9.7660111577924535453 
 69.44299110021789545 171.51040998849842367 9.7660111577924535453 
 87.544924698593518997 197.11040998849841799 9.7660111577924535453 
 69.44299110021789545 222.71040998849838388 9.7660111577924535453 
 87.544924698593518997 248.31040998849840662 9.7660111577924535453 
 105.64685829696912833 17.910409988498432909 9.7660111577924535453 
 123.74879189534473767 43.510409988498416567 9.7660111577924535453 
 105.64685829696912833 69.110409988498432199 9.7660111577924535453 
 123.74879189534473767 94.710409988498412304 9.7660111577924535453 
 105.64685829696912833 120.31040998849842083 9.7660111577924535453 
 123.74879189534473767 145.91040998849842936 9.7660111577924535453 
 105.64685829696912833 171.51040998849842367 9.7660111577924535453 
 123.74879189534473767 197.11040998849841799 9.7660111577924535453 
 105.64685829696912833 222.71040998849838388 9.7660111577924535453 
 123.74879189534473767 248.31040998849840662 9.7660111577924535453 
  141.850725493720347 17.910409988498432909 9.7660111577924535453 
 159.95265909209595634 43.510409988498416567 9.7660111577924535453 
  141.850725493720347 69.110409988498432199 9.7660111577924535453 
 159.95265909209595634 94.710409988498412304 9.7660111577924535453 
  141.850725493720347 120.31040998849842083 9.7660111577924535453 
 159.95265909209595634 145.91040998849842936 9.7660111577924535453 
  141.850725493720347 171.51040998849842367 9.7660111577924535453 
 159.95265909209595634 197.11040998849841799 9.7660111577924535453 
  141.850725493720347 222.71040998849838388 9.7660111577924535453 
 159.95265909209595634 248.31040998849840662 9.7660111577924535453 
 178.05459269047156567 17.910409988498432909 9.7660111577924535453 
 196.15652628884720343 43.510409988498416567 9.7660111577924535453 
 178.05459269047156567 69.110409988498432199 9.7660111577924535453 
 196.15652628884720343 94.710409988498412304 9.7660111577924535453 
 178.05459269047156567 120.31040998849842083 9.7660111577924535453 
 196.15652628884720343 145.91040998849842936 9.7660111577924535453 
 178.05459269047156567 171.51040998849842367 9.7660111577924535453 
 196.15652628884720343 197.11040998849841799 9.7660111577924535453 
 178.05459269047156567 222.71040998849838388 9.7660111577924535453 
 196.15652628884720343 248.31040998849840662 9.7660111577924535453 
 214.25845988722281277 17.910409988498432909 9.7660111577924535453 
 232.36039348559845052 43.510409988498416567 9.7660111577924535453 
 214.25845988722281277 69.110409988498432199 9.7660111577924535453 
 232.36039348559845052 94.710409988498412304 9.7660111577924535453 
 214.25845988722281277 120.31040998849842083 9.7660111577924535453 
 232.36039348559845052 145.91040998849842936 9.7660111577924535453 
 214.25845988722281277 171.51040998849842367 9.7660111577924535453 
 232.36039348559845052 197.11040998849841799 9.7660111577924535453 
 214.25845988722281277 222.71040998849838388 9.7660111577924535453 
 232.36039348559845052 248.31040998849840662 9.7660111577924535453 
 250.46232708397408828 17.910409988498432909 9.7660111577924535453 
 15.137190305091094089 43.510409988498416567 9.7660111577924535453 
 250.46232708397408828 69.110409988498432199 9.7660111577924535453 
 15.137190305091094089 94.710409988498412304 9.7660111577924535453 
 250.46232708397408828 120.31040998849842083 9.7660111577924535453 
 15.137190305091094089 145.91040998849842936 9.7660111577924535453 
 250.46232708397408828 171.51040998849842367 9.7660111577924535453 
 15.137190305091094089 197.11040998849841799 9.7660111577924535453 
 250.46232708397408828 222.71040998849838388 9.7660111577924535453 
 15.137190305091094089 248.31040998849840662 9.7660111577924535453 
