 6.6423955772042129198 48.641217754779368931 9.7660111577924535453 
 24.744329175579835578 74.241217754779370352 9.7660111577924535453 
 6.6423955772042129198 99.841217754779364668 9.7660111577924535453 
 24.744329175579835578 125.44121775477937319 9.7660111577924535453 
 6.6423955772042129198 151.0412177547793533 9.7660111577924535453 
 24.744329175579835578 176.64121775477937604 9.7660111577924535453 
 6.6423955772042129198 202.24121775477937035 9.7660111577924535453 
 24.744329175579835578 227.84121775477936467 9.7660111577924535453 
 6.6423955772042129198 253.44121775477938741 9.7660111577924535453 
 24.744329175579835578 23.041217754779385274 9.7660111577924535453 
 42.846262773955452019 48.641217754779368931 9.7660111577924535453 
 60.948196372331075565 74.241217754779370352 9.7660111577924535453 
 42.846262773955452019 99.841217754779364668 9.7660111577924535453 
 60.948196372331075565 125.44121775477937319 9.7660111577924535453 
 42.846262773955452019 151.0412177547793533 9.7660111577924535453 
 60.948196372331075565 176.64121775477937604 9.7660111577924535453 
 42.846262773955452019 202.24121775477937035 9.7660111577924535453 
 60.948196372331075565 227.84121775477936467 9.7660111577924535453 
 42.846262773955452019 253.44121775477938741 9.7660111577924535453 
 60.948196372331075565 23.041217754779385274 9.7660111577924535453 
 79.050129970706677796 48.641217754779368931 9.7660111577924535453 
 97.152063569082301342 74.241217754779370352 9.7660111577924535453 
 79.050129970706677796 99.841217754779364668 9.7660111577924535453 
 97.152063569082301342 125.44121775477937319 9.7660111577924535453 
 79.050129970706677796 151.0412177547793533 9.7660111577924535453 
 97.152063569082301342 176.64121775477937604 9.7660111577924535453 
 79.050129970706677796 202.24121775477937035 9.7660111577924535453 
 97.152063569082301342 227.84121775477936467 9.7660111577924535453 
 79.050129970706677796 253.44121775477938741 9.7660111577924535453 
 97.152063569082301342 23.041217754779385274 9.7660111577924535453 
 115.25399716745791068 48.641217754779368931 9.7660111577924535453 
 133.35593076583353422 74.241217754779370352 9.7660111577924535453 
 115.25399716745791068 99.841217754779364668 9.7660111577924535453 
 133.35593076583353422 125.44121775477937319 9.7660111577924535453 
 115.25399716745791068 151.0412177547793533 9.7660111577924535453 
 133.35593076583353422 176.64121775477937604 9.7660111577924535453 
 115.25399716745791068 202.24121775477937035 9.7660111577924535453 
 133.35593076583353422 227.84121775477936467 9.7660111577924535453 
 115.25399716745791068 253.44121775477938741 9.7660111577924535453 
 133.35593076583353422 23.041217754779385274 9.7660111577924535453 
 151.45786436420914356 48.641217754779368931 9.7660111577924535453 
 169.5597979625847529 74.241217754779370352 9.7660111577924535453 
 151.45786436420914356 99.841217754779364668 9.7660111577924535453 
 169.5597979625847529 125.44121775477937319 9.7660111577924535453 
 151.45786436420914356 151.0412177547793533 9.7660111577924535453 
 169.5597979625847529 176.64121775477937604 9.7660111577924535453 
 151.45786436420914356 202.24121775477937035 9.7660111577924535453 
 169.5597979625847529 227.84121775477936467 9.7660111577924535453 
 151.45786436420914356 253.44121775477938741 9.7660111577924535453 
 169.5597979625847529 23.041217754779385274 9.7660111577924535453 
 187.66173156096036223 48.641217754779368931 9.7660111577924535453 
 205.76366515933597157 74.241217754779370352 9.7660111577924535453 
 187.66173156096036223 99.841217754779364668 9.7660111577924535453 
 205.76366515933597157 125.44121775477937319 9.7660111577924535453 
 187.66173156096036223 151.0412177547793533 9.7660111577924535453 
 205.76366515933597157 176.64121775477937604 9.7660111577924535453 
 187.66173156096036223 202.24121775477937035 9.7660111577924535453 
 205.76366515933597157 227.84121775477936467 9.7660111577924535453 
 187.66173156096036223 253.44121775477938741 9.7660111577924535453 
 205.76366515933597157 23.041217754779385274 9.7660111577924535453 
 223.86559875771160932 48.641217754779368931 9.7660111577924535453 
 241.96753235608724708 74.241217754779370352 9.7660111577924535453 
 223.86559875771160932 99.841217754779364668 9.7660111577924535453 
 241.96753235608724708 125.44121775477937319 9.7660111577924535453 
 223.86559875771160932 151.0412177547793533 9.7660111577924535453 
 241.96753235608724708 176.64121775477937604 9.7660111577924535453 
 223.86559875771160932 202.24121775477937035 9.7660111577924535453 
 241.96753235608724708 227.84121775477936467 9.7660111577924535453 
 223.86559875771160932 253.44121775477938741 9.7660111577924535453 
 241.96753235608724708 23.041217754779385274 9.7660111577924535453 
