 89.045606485191896695 16.326317912897543749 9.7660111577924535453 
 91.922340839004235136 47.547535048966985016 9.7660111577924535453 
 63.445606485191902379 60.666818586660802737 9.7660111577924535453 
 66.32234083900424082 91.888035722730236898 9.7660111577924535453 
 37.845606485191908064 105.00731926042406883 9.7660111577924535453 
 40.722340839004239399 136.22853639649349589 9.7660111577924535453 
 12.245606485191919077 149.34781993418732782 9.7660111577924535453 
 15.122340839004250412 180.56903707025674066 9.7660111577924535453 
 117.52234083900424366 3.207034375203722032 9.7660111577924535453 
 120.39907519281656789 34.42825151127316019 9.7660111577924535453 
 123.27580954662893475 65.649468647342601457 9.7660111577924535453 
 94.799075192816587787 78.768752185036433389 9.7660111577924535453 
 97.675809546628926228 109.98996932110586044 9.7660111577924535453 
 69.199075192816593471 123.10925285879967817 9.7660111577924535453 
 72.075809546628917701 154.33046999486910522 9.7660111577924535453 
 43.59907519281659205 167.44975353256293715 9.7660111577924535453 
 46.475809546628944702 198.67097066863237842 9.7660111577924535453 
 17.99907519281660484 211.79025420632621035 9.7660111577924535453 
 148.87580954662891486 21.308967973579335364 9.7660111577924535453 
 151.7525439004412533 52.530185109648769526 9.7660111577924535453 
 154.62927825425359174 83.751402245718210793 9.7660111577924535453 
 126.15254390044125898 96.870685783412028513 9.7660111577924535453 
 129.02927825425362585 128.09190291948146978 9.7660111577924535453 
 100.55254390044127888 141.21118645717530171 9.7660111577924535453 
 103.42927825425360311 172.43240359324471456 9.7660111577924535453 
 74.952543900441270353 185.55168713093854649 9.7660111577924535453 
 77.829278254253623004 216.77290426700795933 9.7660111577924535453 
 49.352543900441276037 229.89218780470181969 9.7660111577924535453 
 180.22927825425361448  39.4109015719549447 9.7660111577924535453 
 183.10601260806595292 70.632118708024393072 9.7660111577924535453 
 185.98274696187826294 101.85333584409382013 9.7660111577924535453 
 157.5060126080659586 114.97261938178763785 9.7660111577924535453 
 160.38274696187829704 146.19383651785707912 9.7660111577924535453 
 131.90601260806596429 159.31312005555093947 9.7660111577924535453 
 134.78274696187827431 190.53433719162035231 9.7660111577924535453 
 106.30601260806595576 203.65362072931415582 9.7660111577924535453 
 109.1827469618782942 234.87483786538359709 9.7660111577924535453 
 80.706012608065975655 247.9941214030774006 9.7660111577924535453 
 211.58274696187828567 57.512835170330561141 9.7660111577924535453 
 214.45948131569062411 88.734052306399988197 9.7660111577924535453 
 217.33621566950293413 119.95526944246942946 9.7660111577924535453 
 188.8594813156906298 133.07455298016324718 9.7660111577924535453 
 191.73621566950293982 164.29577011623266003 9.7660111577924535453 
 163.25948131569063548 177.41505365392652038 9.7660111577924535453 
 166.13621566950291708 208.63627078999596165 9.7660111577924535453 
 137.65948131569064117 221.75555432768979358 9.7660111577924535453 
 140.53621566950297961  252.976771463759178 9.7660111577924535453 
 242.93621566950295687 75.614768768706170476 9.7660111577924535453 
 245.81295002331529531 106.83598590477561174 9.7660111577924535453 
 248.68968437712763375 138.05720304084505301 9.7660111577924535453 
 220.21295002331532942 151.17648657853885652 9.7660111577924535453 
 223.08968437712761101 182.39770371460826937 9.7660111577924535453 
 194.61295002331530668 195.51698725230212972 9.7660111577924535453 
 197.4896843771276167 226.73820438837154256 9.7660111577924535453 
 169.01295002331531236 239.8574879260653745 9.7660111577924535453 
 60.568872131379571044 29.445601450591393444 9.7660111577924535453 
 251.56641873094000061 169.27842017691446586 9.7660111577924535453 
 34.968872131379583834 73.786102124354627563 9.7660111577924535453 
 225.96641873093997788 213.61892085067773905 9.7660111577924535453 
 9.3688721313795859658 118.12660279811791497 9.7660111577924535453 
