 133.86346223990287285 8.6446458812494455515 9.7660111577924535453 
 102.6422451038334458 5.7679115274371142164 9.7660111577924535453 
 89.522961566139613865 34.244645881249454078 9.7660111577924535453 
 58.301744430070186809 31.367911527437112085 9.7660111577924535453 
 45.182460892376361983 59.844645881249455499 9.7660111577924535453 
 13.961243756306949138 56.967911527437109953 9.7660111577924535453 
 165.0846793759722857 11.521380235061778663 9.7660111577924535453 
 151.96539583827848219 39.998114588874116748 9.7660111577924535453 
 120.74417870220905513 37.121380235061785413 9.7660111577924535453 
 107.62489516451523741 65.598114588874125275 9.7660111577924535453 
 76.403678028445796144 62.721380235061786834 9.7660111577924535453 
 63.284394490751971318 91.19811458887411959 9.7660111577924535453 
 32.063177354682551368 88.32138023506178115 9.7660111577924535453 
 18.943893816988762069 116.7981145888740997 9.7660111577924535453 
 196.30589651204178381 14.398114588874109998 9.7660111577924535453 
 183.18661297434792345 42.874848942686448083 9.7660111577924535453 
 170.06732943665411995 71.351583296498787945 9.7660111577924535453 
 138.84611230058467868 68.474848942686463715 9.7660111577924535453 
 125.72682876289084675 96.951583296498796471 9.7660111577924535453 
 94.505611626821419691 94.074848942686458031 9.7660111577924535453 
 81.38632808912760197  122.551583296498805 9.7660111577924535453 
 50.165110953058174914 119.67484894268645235 9.7660111577924535453 
 37.045827415364385615 148.1515832964987851 9.7660111577924535453 
 5.8246102792949363547 145.27484894268644666 9.7660111577924535453 
 214.40783011041736472 45.751583296498772313 9.7660111577924535453 
 201.28854657272356121 74.228317650311140596 9.7660111577924535453 
 188.16926303502972928 102.70505200412347335 9.7660111577924535453 
 156.94804589896031644 99.828317650311149123 9.7660111577924535453 
 143.8287623612664845 128.30505200412349609 9.7660111577924535453 
 112.60754522519704324 125.42831765031114344 9.7660111577924535453 
 99.488261687503225517 153.90505200412349041 9.7660111577924535453 
 68.26704455143379846 151.02831765031115197 9.7660111577924535453 
 55.147761013740009162 179.5050520041234563 9.7660111577924535453 
 23.926543877670550131 176.62831765031114628 9.7660111577924535453 
 232.50976370879300248 77.105052004123450615 9.7660111577924535453 
 219.39048017109914213 105.58178635793579758 9.7660111577924535453 
 206.27119663340536704 134.05852071174814455 9.7660111577924535453 
 175.04997949733592577 131.18178635793580611 9.7660111577924535453 
 161.93069595964209384 159.65852071174813887 9.7660111577924535453 
 130.70947882357265257 156.78178635793582885 9.7660111577924535453 
 117.59019528587883485 185.2585207117481616 9.7660111577924535453 
 86.368978149809407796 182.38178635793582316 9.7660111577924535453 
 73.249694612115618497 210.85852071174815592 9.7660111577924535453 
 42.028477476046170125 207.98178635793581748 9.7660111577924535453 
 250.61169730716864024 108.45852071174813602 9.7660111577924535453 
 237.49241376947477988 136.93525506556048299 9.7660111577924535453 
 224.37313023178094795 165.41198941937281575 9.7660111577924535453 
 193.15191309571153511 162.53525506556047731 9.7660111577924535453 
 180.03262955801770318 191.01198941937281006 9.7660111577924535453 
 148.81141242194826191 188.13525506556050004 9.7660111577924535453 
 135.6921288842544584 216.6119894193728328 9.7660111577924535453 
 104.47091174818503134 213.73525506556049436 9.7660111577924535453 
 91.351628210491242044 242.21198941937282711 9.7660111577924535453 
 60.130411074421793671 239.33525506556046025 9.7660111577924535453 
 255.59434736785038922 168.28872377318515419 9.7660111577924535453 
 242.47506383015658571 196.76545812699751536 9.7660111577924535453 
 211.25384669408714444 193.8887237731851485 9.7660111577924535453 
 198.13456315639334093 222.36545812699748126 9.7660111577924535453 
 166.91334602032389967 219.48872377318517124 9.7660111577924535453 
 153.79406248263006773  247.965458126997504 9.7660111577924535453 
 122.57284534656064068 245.08872377318516556 9.7660111577924535453 
