 42.761830064463268286 2.8222610290181737724 9.1585559183125404559 
 68.361830064463276813 2.8222610290181737724 9.1585559183125404559 
 68.361830064463276813 28.422261029018194733 9.1585559183125404559 
 42.761830064463268286 28.422261029018194733 9.1585559183125404559 
 42.761830064463268286 54.022261029018181944 9.1585559183125404559 
 68.361830064463276813 54.022261029018181944 9.1585559183125404559 
 68.361830064463276813 79.62226102901819047 9.1585559183125404559 
 42.761830064463268286 79.62226102901819047 9.1585559183125404559 
 42.761830064463268286 105.22226102901817058 9.1585559183125404559 
 68.361830064463276813 105.22226102901817058 9.1585559183125404559 
 68.361830064463276813 130.82226102901816489 9.1585559183125404559 
 42.761830064463268286 130.82226102901816489 9.1585559183125404559 
 42.761830064463268286 156.42226102901818763 9.1585559183125404559 
 68.361830064463276813 156.42226102901818763 9.1585559183125404559 
 68.361830064463276813 182.02226102901818194 9.1585559183125404559 
 42.761830064463268286 182.02226102901818194 9.1585559183125404559 
 42.761830064463268286 207.62226102901820468 9.1585559183125404559 
 68.361830064463276813 207.62226102901820468 9.1585559183125404559 
 68.361830064463276813  233.222261029018199 9.1585559183125404559 
 42.761830064463268286  233.222261029018199 9.1585559183125404559 
 93.961830064463271128 2.8222610290181737724 9.1585559183125404559 
 119.56183006446326544 2.8222610290181737724 9.1585559183125404559 
 119.56183006446326544 28.422261029018194733 9.1585559183125404559 
 93.961830064463271128 28.422261029018194733 9.1585559183125404559 
 93.961830064463271128 54.022261029018181944 9.1585559183125404559 
 119.56183006446326544 54.022261029018181944 9.1585559183125404559 
 119.56183006446326544 79.62226102901819047 9.1585559183125404559 
 93.961830064463271128 79.62226102901819047 9.1585559183125404559 
 93.961830064463271128 105.22226102901817058 9.1585559183125404559 
 119.56183006446326544 105.22226102901817058 9.1585559183125404559 
 119.56183006446326544 130.82226102901816489 9.1585559183125404559 
 93.961830064463271128 130.82226102901816489 9.1585559183125404559 
 93.961830064463271128 156.42226102901818763 9.1585559183125404559 
 119.56183006446326544 156.42226102901818763 9.1585559183125404559 
 119.56183006446326544 182.02226102901818194 9.1585559183125404559 
 93.961830064463271128 182.02226102901818194 9.1585559183125404559 
 93.961830064463271128 207.62226102901820468 9.1585559183125404559 
 119.56183006446326544 207.62226102901820468 9.1585559183125404559 
 119.56183006446326544  233.222261029018199 9.1585559183125404559 
 93.961830064463271128  233.222261029018199 9.1585559183125404559 
 145.16183006446325976 2.8222610290181737724 9.1585559183125404559 
 170.7618300644632825 2.8222610290181737724 9.1585559183125404559 
 170.7618300644632825 28.422261029018194733 9.1585559183125404559 
 145.16183006446325976 28.422261029018194733 9.1585559183125404559 
 145.16183006446325976 54.022261029018181944 9.1585559183125404559 
 170.7618300644632825 54.022261029018181944 9.1585559183125404559 
 170.7618300644632825 79.62226102901819047 9.1585559183125404559 
 145.16183006446325976 79.62226102901819047 9.1585559183125404559 
 145.16183006446325976 105.22226102901817058 9.1585559183125404559 
 170.7618300644632825 105.22226102901817058 9.1585559183125404559 
 170.7618300644632825 130.82226102901816489 9.1585559183125404559 
 145.16183006446325976 130.82226102901816489 9.1585559183125404559 
 145.16183006446325976 156.42226102901818763 9.1585559183125404559 
 170.7618300644632825 156.42226102901818763 9.1585559183125404559 
 170.7618300644632825 182.02226102901818194 9.1585559183125404559 
 145.16183006446325976 182.02226102901818194 9.1585559183125404559 
 145.16183006446325976 207.62226102901820468 9.1585559183125404559 
 170.7618300644632825 207.62226102901820468 9.1585559183125404559 
 170.7618300644632825  233.222261029018199 9.1585559183125404559 
 145.16183006446325976  233.222261029018199 9.1585559183125404559 
 196.36183006446327681 2.8222610290181737724 9.1585559183125404559 
 221.96183006446324271 2.8222610290181737724 9.1585559183125404559 
 221.96183006446324271 28.422261029018194733 9.1585559183125404559 
 196.36183006446327681 28.422261029018194733 9.1585559183125404559 
 196.36183006446327681 54.022261029018181944 9.1585559183125404559 
 221.96183006446324271 54.022261029018181944 9.1585559183125404559 
 221.96183006446324271 79.62226102901819047 9.1585559183125404559 
 196.36183006446327681 79.62226102901819047 9.1585559183125404559 
 196.36183006446327681 105.22226102901817058 9.1585559183125404559 
 221.96183006446324271 105.22226102901817058 9.1585559183125404559 
 221.96183006446324271 130.82226102901816489 9.1585559183125404559 
 196.36183006446327681 130.82226102901816489 9.1585559183125404559 
 196.36183006446327681 156.42226102901818763 9.1585559183125404559 
 221.96183006446324271 156.42226102901818763 9.1585559183125404559 
 221.96183006446324271 182.02226102901818194 9.1585559183125404559 
 196.36183006446327681 182.02226102901818194 9.1585559183125404559 
 196.36183006446327681 207.62226102901820468 9.1585559183125404559 
 221.96183006446324271 207.62226102901820468 9.1585559183125404559 
 221.96183006446324271  233.222261029018199 9.1585559183125404559 
 196.36183006446327681  233.222261029018199 9.1585559183125404559 
 247.56183006446323702 2.8222610290181737724 9.1585559183125404559 
 17.161830064463249101 2.8222610290181737724 9.1585559183125404559 
 17.161830064463249101 28.422261029018194733 9.1585559183125404559 
 247.56183006446323702 28.422261029018194733 9.1585559183125404559 
 247.56183006446323702 54.022261029018181944 9.1585559183125404559 
 17.161830064463249101 54.022261029018181944 9.1585559183125404559 
 17.161830064463249101 79.62226102901819047 9.1585559183125404559 
 247.56183006446323702 79.62226102901819047 9.1585559183125404559 
 247.56183006446323702 105.22226102901817058 9.1585559183125404559 
 17.161830064463249101 105.22226102901817058 9.1585559183125404559 
 17.161830064463249101 130.82226102901816489 9.1585559183125404559 
 247.56183006446323702 130.82226102901816489 9.1585559183125404559 
 247.56183006446323702 156.42226102901818763 9.1585559183125404559 
 17.161830064463249101 156.42226102901818763 9.1585559183125404559 
 17.161830064463249101 182.02226102901818194 9.1585559183125404559 
 247.56183006446323702 182.02226102901818194 9.1585559183125404559 
 247.56183006446323702 207.62226102901820468 9.1585559183125404559 
 17.161830064463249101 207.62226102901820468 9.1585559183125404559 
 17.161830064463249101  233.222261029018199 9.1585559183125404559 
 247.56183006446323702  233.222261029018199 9.1585559183125404559 
