 93.815716357777603207 18.73524433913513576 9.1585559183125404559 
 69.08801520477744873 12.109476784510606606 9.1585559183125404559 
 62.46224765015293201 36.837177937510752201 9.1585559183125404559 
 87.189948803153086487 43.462945492135283132 9.1585559183125404559 
 80.564181248528541346 68.190646645135430504 9.1585559183125404559 
 55.836480095528393974 61.564879090510899573 9.1585559183125404559 
 49.210712540903870149 86.29258024351105405 9.1585559183125404559 
 73.938413693904010415 92.918347798135584981 9.1585559183125404559 
 67.312646139279479485 117.64604895113573946 9.1585559183125404559 
 42.584944986279339219 111.02028139651120853 9.1585559183125404559 
 35.959177431654808288  135.747982549511363 9.1585559183125404559 
 60.68687858465495566 142.37375010413589393 9.1585559183125404559 
 54.061111030030424729 167.1014512571360342 9.1585559183125404559 
 29.33340987703028091 160.47568370251150327 9.1585559183125404559 
 22.707642322405753532 185.20338485551164354 9.1585559183125404559 
 47.435343475405886693 191.82915241013617447 9.1585559183125404559 
 40.809575920781355762 216.55685356313634315 9.1585559183125404559 
 16.081874767781201285 209.9310860085117838 9.1585559183125404559 
 149.89688621840241467 7.2590782953840458092 9.1585559183125404559 
 143.27111866377788374 31.986779448384201174 9.1585559183125404559 
 118.54341751077774347 25.361011893759663138 9.1585559183125404559 
 111.91764995615321254 50.088713046759806957 9.1585559183125404559 
 136.64535110915335281 56.714480601384337888 9.1585559183125404559 
 130.01958355452882188 81.442181754384478154 9.1585559183125404559 
 105.29188240152868161 74.816414199759961434 9.1585559183125404559 
 98.666114846904164892 99.544115352760115911 9.1585559183125404559 
 123.39381599990430516 106.16988290738464684 9.1585559183125404559 
 116.76804844527977423 130.89758406038478711 9.1585559183125404559 
 92.040347292279633962 124.27181650576027039 9.1585559183125404559 
 85.414579737655103031 148.99951765876042487 9.1585559183125404559 
 110.1422808906552433 155.6252852133849558 9.1585559183125404559 
 103.51651333603071237 180.35298636638509606 9.1585559183125404559 
 78.788812183030572101 173.72721881176056513 9.1585559183125404559 
 72.163044628406026959 198.4549199647607054 9.1585559183125404559 
 96.890745781406181436 205.08068751938523633 9.1585559183125404559 
 90.264978226781636295 229.80838867238534817 9.1585559183125404559 
 65.537277073781510239 223.18262111776087409 9.1585559183125404559 
 174.62458737140258336 13.884845850008597168 9.1585559183125404559 
 199.35228852440272362 20.510613404633126322 9.1585559183125404559 
 192.72652096977819269 45.238314557633259483 9.1585559183125404559 
 167.99881981677802401 38.612547003008728552 9.1585559183125404559 
 161.37305226215349307 63.340248156008868818 9.1585559183125404559 
 186.10075341515366176 69.966015710633399749 9.1585559183125404559 
 179.47498586052913083 94.693716863633554226 9.1585559183125404559 
 154.74728470752899057 88.067949309009009085 9.1585559183125404559 
 148.12151715290445964 112.79565046200917777 9.1585559183125404559 
 172.8492183059045999 119.4214180166337087 9.1585559183125404559 
 166.22345075128006897 144.14911916963384897 9.1585559183125404559 
 141.4957495982799287 137.52335161500931804 9.1585559183125404559 
 134.86998204365539777 162.2510527680094583 9.1585559183125404559 
 159.59768319665553804 168.87682032263398924 9.1585559183125404559 
 152.97191564203100711 193.60452147563415792 9.1585559183125404559 
 128.24421448903086684 186.97875392100962699 9.1585559183125404559 
 121.61844693440630749 211.70645507400976726 9.1585559183125404559 
 146.34614808740647618 218.33222262863429819 9.1585559183125404559 
 139.72038053278194525 243.05992378163446688 9.1585559183125404559 
 114.99267937978179077 236.43415622700993595 9.1585559183125404559 
 224.07998967740286389  27.1363809592576537 9.1585559183125404559 
 248.80769083040300416 33.762148513882181078 9.1585559183125404559 
 242.18192327577847323 58.489849666882328449 9.1585559183125404559 
 217.45422212277830454 51.864082112257797519 9.1585559183125404559 
 210.82845456815383045 76.591783265257916469 9.1585559183125404559 
 235.5561557211539423 83.217550819882447399 9.1585559183125404559 
 228.93038816652941136 107.94525197288260188 9.1585559183125404559 
 204.20268701352924268 101.31948441825807095 9.1585559183125404559 
 197.57691945890471175 126.04718557125823963 9.1585559183125404559 
 222.30462061190488043 132.67295312588277056 9.1585559183125404559 
 215.6788530572803495 157.40065427888291083 9.1585559183125404559 
 190.95115190428020924 150.7748867242583799 9.1585559183125404559 
 184.32538434965567831 175.50258787725852017 9.1585559183125404559 
 209.05308550265581857 182.1283554318830511 9.1585559183125404559 
 202.42731794803128764 206.85605658488321978 9.1585559183125404559 
 177.69961679503114738 200.23028903025868885 9.1585559183125404559 
 171.07384924040661645 224.95799018325885754 9.1585559183125404559 
 195.80155039340678513 231.58375773788338847 9.1585559183125404559 
 189.1757828387822542 256.31145889088350032 9.1585559183125404559 
 164.44808168578208551 249.68569133625899781 9.1585559183125404559 
 44.360314051777308464 5.483709229886077452 9.1585559183125404559 
 37.734546497152777533 30.211410382886199955 9.1585559183125404559 
 31.108778942528250155 54.939111535886368642 9.1585559183125404559 
 253.65808931952958005 114.57101952750714702 9.1585559183125404559 
 247.03232176490504912 139.29872068050730149 9.1585559183125404559 
 24.483011387903722778 79.666812688886508909 9.1585559183125404559 
 17.857243833279170531 104.39451384188666339 9.1585559183125404559 
 240.40655421028051819 164.02642183350747018 9.1585559183125404559 
 233.78078665565598726 188.75412298650758203 9.1585559183125404559 
 11.231476278654641376 129.12221499488683207 9.1585559183125404559 
 4.6057087240301139985 153.84991614788694392 9.1585559183125404559 
 227.15501910103145633 213.48182413950775071 9.1585559183125404559 
 220.5292515464069254 238.2095252925079194 9.1585559183125404559 
