 193.56328682135011832 10.844169959884991883 9.1585559183125404559 
 200.18905437597464925 35.57187111288512682 9.1585559183125404559 
 175.4613532229745374 42.197638667509664856 9.1585559183125404559 
 168.83558566834997805 17.469937514509521037 9.1585559183125404559 
 144.10788451534983778 24.095705069134048415 9.1585559183125404559 
 150.73365206997436871 48.823406222134195787 9.1585559183125404559 
 126.00595091697421424 55.449173776758719612 9.1585559183125404559 
 119.38018336234968331 30.721472623758575793 9.1585559183125404559 
 94.65248220934952883 37.347240178383103171 9.1585559183125404559 
 101.27824976397407397 62.074941331383250542 9.1585559183125404559 
 76.550548610973905284 68.700708886007774367 9.1585559183125404559 
 69.924781056349388564 43.973007733007634101 9.1585559183125404559 
 45.197079903349226981 50.598775287632165032 9.1585559183125404559 
 51.822847457973765017 75.326476440632305298 9.1585559183125404559 
 27.095146304973606988 81.95224399525685044 9.1585559183125404559 
 20.46937875034907961 57.224542842256703068 9.1585559183125404559 
 2.3674451519734627247 88.57801154988138137 9.1585559183125404559 
 224.91675552897481793 28.946103558260585231 9.1585559183125404559 
  218.290987974350287 4.2184024052604627286 9.1585559183125404559 
 206.81482193059918018 60.299572265885281297 9.1585559183125404559 
 213.44058948522371111 85.027273418885428669 9.1585559183125404559 
 188.71288833222357084 91.653040973509959599 9.1585559183125404559 
 182.08712077759906833 66.925339820509805122 9.1585559183125404559 
 157.35941962459889965 73.551107375134336053 9.1585559183125404559 
 163.98518717922340215 98.27880852813449053 9.1585559183125404559 
 139.25748602622326189 104.90457608275900725 9.1585559183125404559 
 132.63171847159873096 80.176874929758866983 9.1585559183125404559 
 107.90401731859859069 86.802642484383397914 9.1585559183125404559 
 114.52978487322312162 111.53034363738353818 9.1585559183125404559 
 89.802083720222981356 118.15611119200806911 9.1585559183125404559 
 83.176316165598450425 93.428410039007943055 9.1585559183125404559 
 58.448615012598295948 100.05417759363245978 9.1585559183125404559 
 65.074382567222826879 124.78187874663262846 9.1585559183125404559 
 40.346681414222679507 131.40764630125715939 9.1585559183125404559 
 33.720913859598148576 106.67994514825700492 9.1585559183125404559 
 8.9932127065979905467 113.30571270288153585 9.1585559183125404559 
 15.618980261222519701 138.03341385588169032 9.1585559183125404559 
 238.1682906382238798 78.401505864260897738 9.1585559183125404559 
 231.54252308359934887 53.673804711260750366 9.1585559183125404559 
 220.06635703984824204 109.75497457188556893 9.1585559183125404559 
 226.69212459447277297 134.48267572488572341 9.1585559183125404559 
 201.9644234414726327 141.10844327951025434 9.1585559183125404559 
 195.33865588684810177 116.38074212651009987 9.1585559183125404559 
 170.61095473384793308 123.0065096811346308 9.1585559183125404559 
 177.23672228847246402 147.73421083413478527 9.1585559183125404559 
 152.50902113547232375 154.3599783887593162 9.1585559183125404559 
 145.88325358084779282 129.63227723575914752 9.1585559183125404559 
 121.15555242784765255 136.25804479038367845 9.1585559183125404559 
 127.78131998247218348 160.98574594338384713 9.1585559183125404559 
 103.05361882947202901 167.61151349800837806 9.1585559183125404559 
 96.427851274847512286 142.8838123450082378 9.1585559183125404559 
 71.700150121847357809 149.50957989963276873 9.1585559183125404559 
 78.32591767647188874  174.237281052632909 9.1585559183125404559 
 53.598216523471741368 180.86304860725743993 9.1585559183125404559 
 46.972448968847203332 156.13534745425729966 9.1585559183125404559 
 22.244747815847048855 162.76111500888183059 9.1585559183125404559 
 28.870515370471576233 187.48881616188197086 9.1585559183125404559 
 251.41982574747294166 127.85690817026119248 9.1585559183125404559 
 244.79405819284841073  103.129207017261038 9.1585559183125404559 
 233.3178921490973039 159.21037687788586368 9.1585559183125404559 
 239.94365970372183483 183.93807803088603237 9.1585559183125404559 
 215.21595855072169456 190.5638455855105633 9.1585559183125404559 
 208.59019099609716363 165.83614443251039461 9.1585559183125404559 
 183.86248984309702337 172.46191198713492554 9.1585559183125404559 
 190.4882573977215543 197.18961314013509423 9.1585559183125404559 
 165.76055624472141403 203.81538069475962516 9.1585559183125404559 
 159.1347886900968831 179.08767954175945647 9.1585559183125404559 
 134.40708753709671441 185.7134470963839874 9.1585559183125404559 
 141.03285509172124534 210.44114824938415609 9.1585559183125404559 
 116.30515393872109087 217.06691580400868702 9.1585559183125404559 
 109.67938638409655994 192.33921465100851833 9.1585559183125404559 
 84.95168523109641967 198.96498220563307768 9.1585559183125404559 
 91.577452785720950601 223.69268335863321795 9.1585559183125404559 
 66.849751632720796124 230.31845091325772046 9.1585559183125404559 
 60.223984078096272299 205.59074976025760861 9.1585559183125404559 
 35.496282925096117822 212.21651731488213954 9.1585559183125404559 
 42.122050479720648752 236.94421846788225139 9.1585559183125404559 
 246.56942725834633734 208.66577918388614421 9.1585559183125404559 
 221.84172610534622549 215.29154673851067514 9.1585559183125404559 
 197.11402495234611365 221.91731429313526291 9.1585559183125404559 
 112.75441580772515238 5.9937714707584097695 9.1585559183125404559 
 172.38632379934594496  228.543081847759737 9.1585559183125404559 
 147.65862264634577627 235.16884940238432478 9.1585559183125404559 
 88.026714654724997899 12.619539025382959352 9.1585559183125404559 
 63.299013501724850528 19.245306580007490282 9.1585559183125404559 
 122.93092149334565022 241.79461695700885571 9.1585559183125404559 
 98.203220340345481532 248.42038451163335822 9.1585559183125404559 
 38.571312348724696051 25.87107413463201766 9.1585559183125404559 
 13.843611195724550456 32.496841689256541486 9.1585559183125404559 
 73.475519187345327055 255.04615206625788915 9.1585559183125404559 
