 207.59347813548961881 15.832905325379478256 9.1585559183125404559 
 207.59347813548961881 41.432905325379479677 9.1585559183125404559 
 181.99347813548962449 41.432905325379479677 9.1585559183125404559 
 181.99347813548962449 15.832905325379478256 9.1585559183125404559 
 156.39347813548963018 15.832905325379478256 9.1585559183125404559 
 156.39347813548963018 41.432905325379479677 9.1585559183125404559 
 130.79347813548963586 41.432905325379479677 9.1585559183125404559 
 130.79347813548963586 15.832905325379478256 9.1585559183125404559 
 105.19347813548962733 15.832905325379478256 9.1585559183125404559 
 105.19347813548962733 41.432905325379479677 9.1585559183125404559 
 79.593478135489633019 41.432905325379479677 9.1585559183125404559 
 79.593478135489618808 15.832905325379478256 9.1585559183125404559 
 53.993478135489624492 15.832905325379478256 9.1585559183125404559 
 53.993478135489631597 41.432905325379479677 9.1585559183125404559 
 28.393478135489633729 41.432905325379486783 9.1585559183125404559 
 28.393478135489633729 15.832905325379478256 9.1585559183125404559 
 2.793478135489632308 15.832905325379478256 9.1585559183125404559 
 2.793478135489632308 41.432905325379486783 9.1585559183125404559 
 233.19347813548964155 41.432905325379465467 9.1585559183125404559 
 233.19347813548964155 15.832905325379478256 9.1585559183125404559 
 207.59347813548961881 67.032905325379473993 9.1585559183125404559 
 207.59347813548961881 92.63290532537948252 9.1585559183125404559 
 181.99347813548962449 92.63290532537948252 9.1585559183125404559 
 181.99347813548962449 67.032905325379473993 9.1585559183125404559 
 156.39347813548963018 67.032905325379473993 9.1585559183125404559 
 156.39347813548963018 92.63290532537948252 9.1585559183125404559 
 130.79347813548963586 92.63290532537948252 9.1585559183125404559 
 130.79347813548963586 67.032905325379473993 9.1585559183125404559 
 105.19347813548962733 67.032905325379473993 9.1585559183125404559 
 105.19347813548962733 92.63290532537948252 9.1585559183125404559 
 79.593478135489633019 92.63290532537948252 9.1585559183125404559 
 79.593478135489633019 67.032905325379473993 9.1585559183125404559 
 53.993478135489631597 67.032905325379473993 9.1585559183125404559 
 53.993478135489631597 92.63290532537948252 9.1585559183125404559 
 28.393478135489633729 92.63290532537948252 9.1585559183125404559 
 28.393478135489633729 67.032905325379488204 9.1585559183125404559 
 2.793478135489632308 67.032905325379488204 9.1585559183125404559 
 2.793478135489632308 92.63290532537948252 9.1585559183125404559 
 233.19347813548964155 92.63290532537948252 9.1585559183125404559 
 233.19347813548964155 67.032905325379459782 9.1585559183125404559 
 207.59347813548961881 118.23290532537947684 9.1585559183125404559 
 207.59347813548961881 143.83290532537947115 9.1585559183125404559 
 181.99347813548962449 143.83290532537947115 9.1585559183125404559 
 181.99347813548962449 118.23290532537947684 9.1585559183125404559 
 156.39347813548963018 118.23290532537947684 9.1585559183125404559 
 156.39347813548963018 143.83290532537947115 9.1585559183125404559 
 130.79347813548963586 143.83290532537947115 9.1585559183125404559 
 130.79347813548963586 118.23290532537947684 9.1585559183125404559 
 105.19347813548962733 118.23290532537947684 9.1585559183125404559 
 105.19347813548962733 143.83290532537947115 9.1585559183125404559 
 79.593478135489633019 143.83290532537947115 9.1585559183125404559 
 79.593478135489633019 118.23290532537947684 9.1585559183125404559 
 53.993478135489631597 118.23290532537947684 9.1585559183125404559 
 53.993478135489631597 143.83290532537947115 9.1585559183125404559 
 28.393478135489633729 143.83290532537947115 9.1585559183125404559 
 28.393478135489633729 118.23290532537947684 9.1585559183125404559 
 2.793478135489632308 118.23290532537947684 9.1585559183125404559 
 2.793478135489632308 143.83290532537947115 9.1585559183125404559 
 233.19347813548964155 143.83290532537947115 9.1585559183125404559 
 233.19347813548964155 118.23290532537947684 9.1585559183125404559 
 207.59347813548961881 169.43290532537946547 9.1585559183125404559 
 207.59347813548961881 195.0329053253794882 9.1585559183125404559 
 181.99347813548962449 195.0329053253794882 9.1585559183125404559 
 181.99347813548962449 169.43290532537946547 9.1585559183125404559 
 156.39347813548963018 169.43290532537946547 9.1585559183125404559 
 156.39347813548963018 195.0329053253794882 9.1585559183125404559 
 130.79347813548963586 195.0329053253794882 9.1585559183125404559 
 130.79347813548963586 169.43290532537946547 9.1585559183125404559 
 105.19347813548962733 169.43290532537946547 9.1585559183125404559 
 105.19347813548962733 195.0329053253794882 9.1585559183125404559 
 79.593478135489633019 195.0329053253794882 9.1585559183125404559 
 79.593478135489633019 169.43290532537946547 9.1585559183125404559 
 53.993478135489631597 169.43290532537946547 9.1585559183125404559 
 53.993478135489631597 195.0329053253794882 9.1585559183125404559 
 28.393478135489633729 195.0329053253794882 9.1585559183125404559 
 28.393478135489633729 169.43290532537946547 9.1585559183125404559 
 2.793478135489632308 169.43290532537946547 9.1585559183125404559 
 2.793478135489632308 195.0329053253794882 9.1585559183125404559 
 233.19347813548964155 195.03290532537945978 9.1585559183125404559 
 233.19347813548964155 169.43290532537946547 9.1585559183125404559 
 207.59347813548961881 220.63290532537951094 9.1585559183125404559 
 207.59347813548961881 246.23290532537950526 9.1585559183125404559 
 181.99347813548962449 246.23290532537950526 9.1585559183125404559 
 181.99347813548962449 220.63290532537951094 9.1585559183125404559 
 156.39347813548963018 220.63290532537951094 9.1585559183125404559 
 156.39347813548963018 246.23290532537950526 9.1585559183125404559 
 130.79347813548963586 246.23290532537950526 9.1585559183125404559 
 130.79347813548963586 220.63290532537951094 9.1585559183125404559 
 105.19347813548962733 220.63290532537951094 9.1585559183125404559 
 105.19347813548962733 246.23290532537950526 9.1585559183125404559 
 79.593478135489647229 246.23290532537950526 9.1585559183125404559 
 79.593478135489647229 220.63290532537951094 9.1585559183125404559 
 53.993478135489645808 220.63290532537951094 9.1585559183125404559 
 53.993478135489645808 246.23290532537950526 9.1585559183125404559 
 28.393478135489633729 246.23290532537950526 9.1585559183125404559 
 28.393478135489633729 220.63290532537951094 9.1585559183125404559 
 2.793478135489632308 220.63290532537951094 9.1585559183125404559 
 2.793478135489632308 246.23290532537950526 9.1585559183125404559 
 233.19347813548964155 246.23290532537950526 9.1585559183125404559 
 233.19347813548964155 220.63290532537951094 9.1585559183125404559 
