 67.455893418639178094 16.124394292238896753 8.8079246591538797873 
 47.341373705773364122 44.570260958905571158 8.8079246591538797873 
 87.569809707982088298 73.016127625572238458 8.8079246591538797873 
 57.398633562206278214 73.016127625572238458 8.8079246591538797873 
 37.284717272863375115 16.124394292238896753 8.8079246591538797873 
 77.512549851549181312 44.570260958905571158 8.8079246591538797873 
 67.455893418639178094 101.45772762557224667 8.8079246591538797873 
 47.341373705773364122 129.90359429223892107 8.8079246591538797873 
 87.569809707982088298 158.34946095890558126 8.8079246591538797873 
 57.398633562206278214 158.34946095890558126 8.8079246591538797873 
 37.284717272863375115 101.45772762557224667 8.8079246591538797873 
 77.512549851549181312 129.90359429223892107 8.8079246591538797873 
 67.455893418639178094 186.79106095890557526 8.8079246591538797873 
 47.341373705773364122 215.23692762557223546 8.8079246591538797873 
 87.569809707982088298 243.68279429223892407 8.8079246591538797873 
 57.398633562206278214 243.68279429223892407 8.8079246591538797873 
 37.284717272863375115 186.79106095890557526 8.8079246591538797873 
 77.512549851549181312 215.23692762557223546 8.8079246591538797873 
 127.79824571019081247 16.124394292238896753 8.8079246591538797873 
 107.68372599732498429 44.570260958905571158 8.8079246591538797873 
 147.91216199953370847 73.016127625572238458 8.8079246591538797873 
 117.74098585375790549 73.016127625572238458 8.8079246591538797873 
 97.627069564414995284 16.124394292238896753 8.8079246591538797873 
 137.85490214310081569 44.570260958905571158 8.8079246591538797873 
 127.79824571019081247 101.45772762557224667 8.8079246591538797873 
 107.68372599732498429 129.90359429223892107 8.8079246591538797873 
 147.91216199953370847 158.34946095890558126 8.8079246591538797873 
 117.74098585375790549 158.34946095890558126 8.8079246591538797873 
 97.627069564414995284 101.45772762557224667 8.8079246591538797873 
 137.85490214310081569 129.90359429223892107 8.8079246591538797873 
 127.79824571019081247 186.79106095890557526 8.8079246591538797873 
 107.68372599732498429 215.23692762557223546 8.8079246591538797873 
 147.91216199953370847 243.68279429223892407 8.8079246591538797873 
 117.74098585375790549 243.68279429223892407 8.8079246591538797873 
 97.627069564414995284 186.79106095890557526 8.8079246591538797873 
 137.85490214310081569 215.23692762557223546 8.8079246591538797873 
 188.14059800174243264 16.124394292238896753 8.8079246591538797873 
 168.02607828887659025 44.570260958905571158 8.8079246591538797873 
 208.25451429108534285 73.016127625572238458 8.8079246591538797873 
 178.08333814530951145 73.016127625572238458 8.8079246591538797873 
 157.96942185596662966 16.124394292238896753 8.8079246591538797873 
 198.19725443465242165 44.570260958905571158 8.8079246591538797873 
 188.14059800174243264 101.45772762557224667 8.8079246591538797873 
 168.02607828887659025 129.90359429223892107 8.8079246591538797873 
 208.25451429108534285 158.34946095890558126 8.8079246591538797873 
 178.08333814530951145 158.34946095890558126 8.8079246591538797873 
 157.96942185596662966 101.45772762557224667 8.8079246591538797873 
 198.19725443465242165 129.90359429223892107 8.8079246591538797873 
 188.14059800174243264 186.79106095890557526 8.8079246591538797873 
 168.02607828887659025 215.23692762557223546 8.8079246591538797873 
 208.25451429108534285 243.68279429223892407 8.8079246591538797873 
 178.08333814530951145 243.68279429223892407 8.8079246591538797873 
 157.96942185596662966 186.79106095890557526 8.8079246591538797873 
 198.19725443465242165 215.23692762557223546 8.8079246591538797873 
 248.48295029329409545 16.124394292238896753 8.8079246591538797873 
 228.36843058042825305 44.570260958905571158 8.8079246591538797873 
 27.227457416430478787 73.016127625572238458 8.8079246591538797873 
 238.42569043686117425 73.016127625572238458 8.8079246591538797873 
 218.31177414751826404 16.124394292238896753 8.8079246591538797873 
 17.170197559997607328 44.570260958905571158 8.8079246591538797873 
 248.48295029329409545 101.45772762557224667 8.8079246591538797873 
 228.36843058042825305 129.90359429223892107 8.8079246591538797873 
 27.227457416430478787 158.34946095890558126 8.8079246591538797873 
 238.42569043686117425 158.34946095890558126 8.8079246591538797873 
 218.31177414751826404 101.45772762557224667 8.8079246591538797873 
 17.170197559997607328 129.90359429223892107 8.8079246591538797873 
 248.48295029329409545 186.79106095890557526 8.8079246591538797873 
 228.36843058042825305 215.23692762557223546 8.8079246591538797873 
 27.227457416430478787 243.68279429223892407 8.8079246591538797873 
 238.42569043686117425 243.68279429223892407 8.8079246591538797873 
 218.31177414751826404 186.79106095890557526 8.8079246591538797873 
 17.170197559997607328 215.23692762557223546 8.8079246591538797873 
