 94.42465753698920139 11.323155485659437858 8.8079246591538797873 
 67.633191415151244996 33.593731965388350602 8.8079246591538797873 
 99.128544653121323904 71.482214621956543965 8.8079246591538797873 
 69.985426404399802891 63.673339622286896144 8.8079246591538797873 
 65.281539288267694587 3.514280485989794478 8.8079246591538797873 
 96.77630966387278022 41.402606965057991317 8.8079246591538797873 
 72.338765688240769691 93.748825995659942123 8.8079246591538797873 
 45.547299566402813298 116.01940247538884421 8.8079246591538797873 
 77.042652804372877995 153.90788513195704468 8.8079246591538797873 
 47.899534555651364087 146.09901013228738975 8.8079246591538797873 
 43.195647439519241573 85.939950995990301408 8.8079246591538797873 
 74.690417815124348522 123.82827747505849914 8.8079246591538797873 
 50.252873839492330887 176.17449650566041441 8.8079246591538797873 
 23.461407717654378047 198.4450729853893165 8.8079246591538797873 
 54.956760955624446296 236.3335556419575596 8.8079246591538797873 
 25.813642706902914625 228.52468064228787625 8.8079246591538797873 
 21.10975559077081698 168.36562150599078791 8.8079246591538797873 
 52.604525966375909718 206.25394798505897143 8.8079246591538797873 
 152.71089403443227184 26.940905484998744157 8.8079246591538797873 
 125.91942791259431544 49.211481964727646243 8.8079246591538797873 
 157.41478115056438014 87.099964621295839606 8.8079246591538797873 
 128.27166290184283071 79.29108962162618468 8.8079246591538797873 
 123.56777578571073661 19.132030485329082126 8.8079246591538797873 
 155.06254616131585067 57.020356964397286959 8.8079246591538797873 
 130.62500218568382593 109.36657599499923776 8.8079246591538797873 
 103.83353606384586953 131.63715247472813985 8.8079246591538797873 
 135.32888930181596265 169.52563513129635453 8.8079246591538797873 
 106.18577105309442743 161.71676013162667118 8.8079246591538797873 
 101.48188393696230492 101.55770099532959705 8.8079246591538797873 
 132.97665431256743318 139.44602747439779478 8.8079246591538797873 
 108.53911033693540844 191.79224650499969584 8.8079246591538797873 
 81.747644215097437836 214.06282298472859793 8.8079246591538797873 
 113.24299745306750253 251.95130564129684103 8.8079246591538797873 
 84.09987920434598152 244.14243064162715768 8.8079246591538797873 
 79.395992088213873217 183.98337150533009776 8.8079246591538797873 
 110.89076246381900148 221.87169798439825286 8.8079246591538797873 
 210.99713053187534229 42.558655484338032693 8.8079246591538797873 
 184.20566441003734326 64.829231964066934779 8.8079246591538797873 
 215.70101764800745059 102.71771462063513525 8.8079246591538797873 
 186.55789939928590115 94.908839620965480322 8.8079246591538797873 
 181.85401228315379285 34.749780484668384872 8.8079246591538797873 
 213.34878265875892112 72.638106963736589705 8.8079246591538797873 
 188.91123868312686795 124.98432599433854762 8.8079246591538797873 
 162.11977256128892577 147.25490247406742128 8.8079246591538797873 
 193.61512579925900468 185.14338513063563596 8.8079246591538797873 
 164.47200755053745524 177.33451013096598103 8.8079246591538797873 
 159.76812043440537536 117.17545099466887848 8.8079246591538797873 
 191.26289081001047521 155.06377747373710463 8.8079246591538797873 
 166.82534683437845047 207.40999650433903412 8.8079246591538797873 
 140.03388071254047986 229.6805729840679362 8.8079246591538797873 
 137.68222858565692945 199.60112150466937919 8.8079246591538797873 
 169.1769989612620293 237.48944798373753429 8.8079246591538797873 
 242.49190090748047055 80.44698196340623042 8.8079246591538797873 
 40.842308155678253456 55.864464622617248324 8.8079246591538797873 
 244.84413589672900002 110.52658962030480438 8.8079246591538797873 
 240.14024878059689172 50.367530484007687619 8.8079246591538797873 
 38.49007316642975951 25.784856965718702781 8.8079246591538797873 
 247.19747518056999525 140.60207599367782905 8.8079246591538797873 
 220.40600905873199622 162.87265247340673113 8.8079246591538797873 
 18.756416306929807547 138.29013513261773483 8.8079246591538797873 
 222.75824404798058254 192.95226013030529089 8.8079246591538797873 
 218.05435693184844581 132.79320099400817412 8.8079246591538797873 
 16.404181317681313601 108.21052747571920349 8.8079246591538797873 
 225.11158333182154934 223.02774650367831555 8.8079246591538797873 
 198.32011720998357873 245.29832298340721763 8.8079246591538797873 
 195.9684650830999999 215.21887150400868904 8.8079246591538797873 
