 97.686378808046612221 31.715855633546066628 8.8079246591538797873 
 70.894912686208641617 53.986432113274958056 8.8079246591538797873 
 102.39026592417870631 91.874914769843172735 8.8079246591538797873 
 73.24714767545717109 84.06603977017353202 8.8079246591538797873 
 68.543260559325076997 23.906980633876404596 8.8079246591538797873 
 100.03803093493019105 61.795307112944612982 8.8079246591538797873 
 75.600486959298166312 114.1415261435465851 8.8079246591538797873 
 48.809020837460209918 136.41210262327547298 8.8079246591538797873 
 80.304374075430274615 174.30058527984365924 8.8079246591538797873 
 51.161255826708739392 166.49171028017403273 8.8079246591538797873 
 46.457368710576631088 106.33265114387691597 8.8079246591538797873 
 77.952139086181745142 144.22097762294509948 8.8079246591538797873 
 53.514595110549727508 196.56719665354708582 8.8079246591538797873 
 26.723128988711771115 218.83777313327595948 8.8079246591538797873 
 124.47615777292715222 9.4492442598426791278 8.8079246591538797873 
 95.333039524205616999  1.64036926017301532 8.8079246591538797873 
 24.371476861828188731 188.75832165387743089 8.8079246591538797873 
 55.866247237433299233 226.64664813294558598 8.8079246591538797873 
 155.97261530548968267 47.333605632885365821 8.8079246591538797873 
 129.18114918365171206 69.604182112614267908 8.8079246591538797873 
 160.67650242162176255 107.49266476918248259 8.8079246591538797873 
 131.53338417290024154 99.683789769512841872 8.8079246591538797873 
 126.82949705676814744 39.524730633215710895 8.8079246591538797873 
 158.3242674323732615 77.413057112283922834 8.8079246591538797873 
 133.88672345674123676 129.75927614288588074 8.8079246591538797873 
 107.09525733490328037 152.02985262261475441 8.8079246591538797873 
 138.59061057287334506 189.91833527918294067 8.8079246591538797873 
 109.44749232415180984 182.10946027951334258 8.8079246591538797873 
 104.74360520801970154 121.95040114321622582 8.8079246591538797873 
 136.23837558362481559 159.83872762228440934 8.8079246591538797873 
 111.80083160799280506 212.18494665288636725 8.8079246591538797873 
 85.009365486154834457 234.45552313261524091 8.8079246591538797873 
 182.76239427037020846 25.066994259181964111 8.8079246591538797873 
 153.61927602164868745 17.258119259512323396 8.8079246591538797873 
 82.657713359271255626 204.37607165321674074 8.8079246591538797873 
 114.15248373487638389 242.26439813228492426 8.8079246591538797873 
 214.25885180293272469 62.951355632224647252 8.8079246591538797873 
 187.46738568109475409 85.221932111953549338 8.8079246591538797873 
 218.96273891906480458 123.11041476852176402 8.8079246591538797873 
 189.81962067034331199 115.3015397688521233 8.8079246591538797873 
 185.11573355421120368 55.142480632555006537 8.8079246591538797873 
 216.6105039298162751 93.030807111623204264 8.8079246591538797873 
 192.17295995418427879 145.37702614222516218 8.8079246591538797873 
 165.38149383234630818 167.64760262195403584 8.8079246591538797873 
 196.87684707031638709 205.53608527852227894 8.8079246591538797873 
 167.73372882159486608 197.72721027885262401 8.8079246591538797873 
 163.02984170546275777 137.56815114255553567 8.8079246591538797873 
 194.52461208106785762 175.45647762162371919 8.8079246591538797873 
 170.08706810543583288 227.8026966522256771 8.8079246591538797873 
 143.29560198359786227 250.07327313195457918 8.8079246591538797873 
 241.04863076781327891 40.684744258521263305 8.8079246591538797873 
 211.90551251909172947 32.875869258851629695 8.8079246591538797873 
 140.94394985671431186 219.99382165255602217 8.8079246591538797873 
 39.400142310603548879 16.098105634206760328 8.8079246591538797873 
 245.75362217853779612 100.83968211129285919 8.8079246591538797873 
 44.104029426735635866 76.257164770503877094 8.8079246591538797873 
 248.10585716778635401 130.91928976819141894 8.8079246591538797873 
 243.40197005165421729 70.760230631894302178 8.8079246591538797873 
 41.75179443748714192 46.177557113605310235 8.8079246591538797873 
 17.314250461855102969 98.523776144207289462 8.8079246591538797873 
 223.66773032978940705 183.26535262129334569 8.8079246591538797873 
 22.018137577987200615 158.68283528050437781 8.8079246591538797873 
 226.01996531903793652 213.34496027819190545 8.8079246591538797873 
 221.3160782029057998 153.1859011418948171 8.8079246591538797873 
 19.665902588738706669 128.60322762360578963 8.8079246591538797873 
 199.23018635415738231 235.6115716518953036 8.8079246591538797873 
