 150.42536385139928257 29.31912515203383407 8.8079246591538797873 
 118.78274546180128368 43.89670846159923201 8.8079246591538797873 
 139.39865966089720928 88.645769628701899023 8.8079246591538797873 
 113.26965465660029508 73.560181555813983323 8.8079246591538797873 
 124.29635884710235416 14.233537079145941462 8.8079246591538797873 
 144.91175046609819788 58.982296534487133499 8.8079246591538797873 
 107.75869718473262537 103.21995960830594186 8.8079246591538797873 
 76.116078795134626489 117.7975429178713398 8.8079246591538797873 
 96.731992994230566296 162.54660408497400681 8.8079246591538797873 
 70.602987989933637891 147.4610160120860769 8.8079246591538797873 
 81.62969218043571118 88.134371535418040366 8.8079246591538797873 
 102.24508379943154068 132.88313099075924129 8.8079246591538797873 
 65.092030518065968181 177.12079406457803543 8.8079246591538797873 
 33.449412128467962191 191.69837737414346179 8.8079246591538797873 
 182.06532632756386647 14.744935172429844528 8.8079246591538797873 
 38.963025513769046881 162.03520599169013394 8.8079246591538797873 
 59.578417132764876385 206.78396544703136328 8.8079246591538797873 
 202.6833738599931678 59.49030129780965126 8.8079246591538797873 
 171.04075547039514049  74.0678846073750492 8.8079246591538797873 
 191.65666966949106609  118.816945774477702 8.8079246591538797873 
 165.52766466519415189 103.73135770158980051 8.8079246591538797873 
 176.55436885569619676 44.404713224921735559 8.8079246591538797873 
 197.16976047469208311  89.1534726802629649 8.8079246591538797873 
 160.01670719332648218 133.39113575408174484 8.8079246591538797873 
 128.37408880372845488 147.96871906364714278 8.8079246591538797873 
 148.99000300282438047 192.71778023074980979 8.8079246591538797873 
 122.8609979985274947 177.6321921578619083 8.8079246591538797873 
 133.88770218902956799 118.30554768119384335 8.8079246591538797873 
 154.50309380802539749 163.05430713653507269 8.8079246591538797873 
 117.35004052665982499 207.29197021035386683 8.8079246591538797873 
 85.707422137061811895 221.86955351991929319 8.8079246591538797873 
 234.32333633615766644 44.916111318205629743 8.8079246591538797873 
 208.19433133186080909 29.830523245317738912 8.8079246591538797873 
 91.221035522362896586 192.20638213746593692 8.8079246591538797873 
 111.8364271413587403 236.95514159280716626 8.8079246591538797873 
 254.94138386858696776 89.661477443585454239 8.8079246591538797873 
 223.29876547898896888 104.23906075315085218 8.8079246591538797873 
 243.91467967808495132 148.98812192025351919 8.8079246591538797873 
 217.7856746737880087 133.9025338473656177 8.8079246591538797873 
 228.81237886429005357 74.575889370697538538 8.8079246591538797873 
 249.42777048328593992 119.32464882603875367 8.8079246591538797873 
 212.27471720192031057 163.56231189985754781 8.8079246591538797873 
 180.63209881232231169 178.13989520942294575 8.8079246591538797873 
 201.24801301141829413 222.88895637652558435 8.8079246591538797873 
 175.11900800712135151 207.8033683036377397 8.8079246591538797873 
 186.14571219762339638 148.47672382696964632 8.8079246591538797873 
 206.7611038166192543 193.22548328231084724 8.8079246591538797873 
 169.60805053525365338 237.46314635612969823 8.8079246591538797873 
 137.96543214565565449 252.04072966569506775 8.8079246591538797873 
 143.47904553095673919 222.37755828324176832 8.8079246591538797873 
 66.524735453207455294 13.725532315823443241 8.8079246591538797873 
 87.14064965230338089 58.474593482926081833 8.8079246591538797873 
 61.011644648006480907 43.38900541003820166 8.8079246591538797873 
 92.65374045750441212 28.811120388711358942 8.8079246591538797873 
 55.500687176138818302 73.048783462530153088 8.8079246591538797873 
 23.858068786540812312 87.626366772095536817 8.8079246591538797873 
 44.473982985636716592 132.37542793919820383 8.8079246591538797873 
 18.344977981339813056 117.28983986631030234 8.8079246591538797873 
 238.40372220621725319 178.64789997274547773 8.8079246591538797873 
 49.987073790837740717 102.71195484498345252 8.8079246591538797873 
 12.834020509472159333 146.94961791880226087 8.8079246591538797873 
  195.737055539550596 252.5487344290175713 8.8079246591538797873 
 7.3204071241710764184 176.61278930125558873 8.8079246591538797873 
