 98.339438035807162919 24.912569930974438392 10.416511683322381643 
 110.05225095690920512 68.625382852076469931 10.416511683322381643 
 66.339438035807162919 80.338195773178526338 10.416511683322381643 
 78.052250956909219326 124.05100869428054011 10.416511683322381643 
 34.339438035807170024 135.7638216153825681 10.416511683322381643 
 46.052250956909212221 179.4766345364846245 10.416511683322381643 
 2.3394380358071908965 191.18944745758665249 10.416511683322381643 
 142.05225095690920512 13.199757009872397973 10.416511683322381643 
 153.7650638780112331 56.912569930974427734 10.416511683322381643 
 165.47787679911328951 100.62538285207645572 10.416511683322381643 
 121.76506387801126152 112.33819577317852634 10.416511683322381643 
 133.47787679911326109 156.05100869428054011 10.416511683322381643 
 89.765063878011261522 167.76382161538259652 10.416511683322381643 
 101.4778767991132753 211.4766345364846245 10.416511683322381643 
 57.765063878011275733 223.18944745758665249 10.416511683322381643 
 197.47787679911326109 45.199757009872378433 10.416511683322381643 
 209.19068972021531749 88.912569930974427734 10.416511683322381643 
 220.9035026413173739 132.62538285207645572 10.416511683322381643 
 177.19068972021531749 144.33819577317851213 10.416511683322381643 
 188.9035026413173739 188.05100869428054011 10.416511683322381643 
 145.19068972021534591 199.7638216153825681 10.416511683322381643 
 156.9035026413173739 243.47663453648459608 10.416511683322381643 
 113.19068972021536013 255.18944745758665249 10.416511683322381643 
 252.90350264131740232 77.199757009872385538 10.416511683322381643 
 54.626625114705127828 36.625382852076477036 10.416511683322381643 
 232.61631556241940189 176.33819577317848371 10.416511683322381643 
 22.626625114705134934 92.051008694280540112 10.416511683322381643 
 200.61631556241940189 231.7638216153825681 10.416511683322381643 
