 164.25370806425195269 1.0314859356698566906 10.416511683322381643 
 108.82808222204788251 33.031485935669863352 10.416511683322381643 
 65.115269300945826103 21.318673014567835367 10.416511683322381643 
 53.402456379843783907 65.031485935669877563 10.416511683322381643 
 9.6896434587417612505 53.318673014567828261 10.416511683322381643 
 207.96652098535395226 12.74429885677189489 10.416511683322381643 
 196.25370806425195269 56.457111777873912217 10.416511683322381643 
 152.54089514314989628 44.744298856771898443 10.416511683322381643 
 140.8280822220478683 88.457111777873919323 10.416511683322381643 
 97.115269300945826103 76.744298856771905548 10.416511683322381643 
 85.402456379843783907 120.45711177787394774 10.416511683322381643 
 41.689643458741770132 108.74429885677191976 10.416511683322381643 
 29.976830537639752805 152.45711177787393353 10.416511683322381643 
 239.96652098535398068 68.169924698975961519 10.416511683322381643 
 228.25370806425195269 111.88273762007800372 10.416511683322381643 
 184.54089514314992471 100.16992469897596152 10.416511683322381643 
 172.8280822220478683 143.88273762007801793 10.416511683322381643 
 129.11526930094584031 132.16992469897596152 10.416511683322381643 
 117.40245637984379812 175.88273762007801793 10.416511683322381643 
 73.689643458741770132 164.16992469897596152 10.416511683322381643 
 61.976830537639756358 207.88273762007801793 10.416511683322381643 
 216.54089514314992471 155.59555054118001749 10.416511683322381643 
 204.8280822220478683 199.3083634622820739 10.416511683322381643 
 161.11526930094584031 187.59555054118001749 10.416511683322381643 
 149.40245637984381233 231.30836346228210232 10.416511683322381643 
 105.68964345874178434 219.59555054118001749 10.416511683322381643 
