 68.967435430327057588 26.566080174384520518 9.2412407035548724821 
 101.97180574571618195 19.421614999531975343 9.2412407035548724821 
 28.818599940085377398 66.714915664626204261 9.2412407035548724821 
 61.822970255474508861 59.570450489773662639 9.2412407035548724821 
 21.674134765232832223 99.71928598001534283 9.2412407035548724821 
 94.827340570863654534 52.425985314921128122 9.2412407035548724821 
 127.8317108862527931  45.2815201400685865 9.2412407035548724821 
 54.678505080621967238 92.574820805162815418 9.2412407035548724821 
 87.682875396011112912 85.430355630310259585 9.2412407035548724821 
 14.529669590380306587 132.7236562954044814 9.2412407035548724821 
 47.534039905769425616 125.57919112055193978 9.2412407035548724821 
 134.97617606110532051 12.277149824679449708 9.2412407035548724821 
 7.385204415527759636 165.72802661079361997 9.2412407035548724821 
 120.68724571140025148 78.285890455457703752 9.2412407035548724821 
 153.69161602678937584 71.14142528060517634 9.2412407035548724821 
 80.538410221158557079 118.43472594569939815 9.2412407035548724821 
 113.54278053654769565 111.29026077084684232 9.2412407035548724821 
 40.389574730916898204 158.58356143594107834 9.2412407035548724821 
 73.393945046306029667 151.43909626108853672 9.2412407035548724821 
 160.83608120164191746 38.137054965216044877 9.2412407035548724821 
 33.245109556064363687 191.58793175133021691 9.2412407035548724821 
 146.54715085193686264 104.14579559599431491 9.2412407035548724821 
 179.55152116732597278 97.001330421141759075 9.2412407035548724821 
 106.39831536169518245 144.2946310862359951 9.2412407035548724821 
 139.40268567708429259 137.15016591138342505 9.2412407035548724821 
 66.249479871453516466 184.44346657647767529 9.2412407035548724821 
 99.253850186842612402 177.29900140162513367 9.2412407035548724821 
 186.69598634217851441 63.996960105752648929 9.2412407035548724821 
 59.105014696600953528 217.44783689186678544 9.2412407035548724821 
 172.40705599247345958 130.00570073653091185 9.2412407035548724821 
 205.41142630786254131 122.86123556167834181 9.2412407035548724821 
 132.25822050223177939 170.15453622677256362 9.2412407035548724821 
 165.26259081762088954  163.010071051920022 9.2412407035548724821 
 92.109385011990099201 210.30337171701427224 9.2412407035548724821 
 125.11375532737919514 203.15890654216170219 9.2412407035548724821 
 212.55589148271513977 89.856865246289231663 9.2412407035548724821 
 84.964919837137543368 243.3077420324034108 9.2412407035548724821 
 198.26696113301005653 155.86560587706748038 9.2412407035548724821 
 231.27133144839916667 148.72114070221493876 9.2412407035548724821 
 158.11812564276837634 196.01444136730918899 9.2412407035548724821 
 191.12249595815748648 188.86997619245659052 9.2412407035548724821 
 117.96929015252669615 236.16327685755086918 9.2412407035548724821 
 150.97366046791580629 229.01881168269829914 9.2412407035548724821 
 238.4157966232517083 115.7167703868258144 9.2412407035548724821 
 224.12686627354665347 181.72551101760407732 9.2412407035548724821 
 183.97803078330494486 221.87434650784575751 9.2412407035548724821 
 216.98240109869411185 214.72988133299321589 9.2412407035548724821 
 176.83356560845243166 254.8787168232349245 9.2412407035548724821 
