 182.77996740176971002 3.0382567678177108128 9.2412407035548724821 
 95.780782473275010602 7.4188536697893914251 9.2412407035548724821 
 127.93563818973731827 17.733750489608432588 9.2412407035548724821 
 40.936453261242640167 22.114347391580089663 9.2412407035548724821 
 73.091308977704912309 32.429244211399137043 9.2412407035548724821 
 18.246979765672541873 47.124737933189841499 9.2412407035548724821 
 160.09049390619961173 28.048647309427451546 9.2412407035548724821 
 192.24534962266187677 38.363544129246513137 9.2412407035548724821 
 105.24616469416719156 42.744141031218170212 9.2412407035548724821 
 137.40102041062951344 53.059037851037210487 9.2412407035548724821 
 50.401835482134828226 57.439634753008881773 9.2412407035548724821 
 82.556691198597107473 67.754531572827929153 9.2412407035548724821 
 214.93482311823200348 13.353153587636750643 9.2412407035548724821 
 27.712361986564729932 82.450025294618626504 9.2412407035548724821 
 169.55587612709180689 63.373934670856250762 9.2412407035548724821 
 201.71073184355407193 73.688831490675283931 9.2412407035548724821 
 114.71154691505940093 78.069428392646955217 9.2412407035548724821 
 146.86640263152168018 88.384325212465995492 9.2412407035548724821 
 59.867217703027016285 92.764922114437666778 9.2412407035548724821 
 92.022073419489274215 103.07981893425670705 9.2412407035548724821 
 224.40020533912419864 48.678440949065532095 9.2412407035548724821 
 37.177744207456925096 117.7753126560474044 9.2412407035548724821 
 179.02125834798400206 98.699222032285035766 9.2412407035548724821 
 211.17611406444626709 109.01411885210407604 9.2412407035548724821 
 124.17692913595158188 113.39471575407574733 9.2412407035548724821 
 156.33178485241387534 123.70961257389477339 9.2412407035548724821 
 69.332599923919204343 128.09020947586645889 9.2412407035548724821 
 101.48745564038146938 138.40510629568549916 9.2412407035548724821 
 233.86558756001636539 84.003728310494324205 9.2412407035548724821 
 46.643126428349113155 153.1006000174761823 9.2412407035548724821 
 188.4866405688761688 134.02450939371379945 9.2412407035548724821 
 220.64149628533843384 144.33940621353283973 9.2412407035548724821 
 133.64231135684377705 148.72000311550453944 9.2412407035548724821 
 165.79716707330607051 159.03489993532355129 9.2412407035548724821 
 78.797982144811385297 163.41549683729522258 9.2412407035548724821 
 110.95283786127365033 173.73039365711426285 9.2412407035548724821 
 243.33096978090856055 119.32901567192308789 9.2412407035548724821 
 56.108508649241301214 188.42588737890497441 9.2412407035548724821 
 197.95202278976833554 169.34979675514259156 9.2412407035548724821 
  230.106878506230629 179.66469357496163184 9.2412407035548724821 
 143.10769357773594379 184.04529047693330313 9.2412407035548724821 
 175.26254929419823725 194.36018729675231498 9.2412407035548724821 
 88.263364365703580461 198.74078419872401469 9.2412407035548724821 
 120.4182200821658455 209.05568101854308338 9.2412407035548724821 
 252.79635200180075572   154.65430303335188 9.2412407035548724821 
 65.573890870133482167 223.7511747403337381 9.2412407035548724821 
 207.41740501066055913 204.67508411657138367 9.2412407035548724821 
 239.57226072712282416 214.98998093639042395 9.2412407035548724821 
 152.57307579862813895 219.37057783836212366 9.2412407035548724821 
 184.72793151509046083 229.68547465818116393 9.2412407035548724821 
 97.728746586595761414 234.06607156015283522 9.2412407035548724821 
 129.88360230305804066 244.38096837997187549 9.2412407035548724821 
