 155.3526316375277645 33.401649095527560007 9.2412407035548724821 
 183.74214546942079096 51.687363381241844706 9.2412407035548724821 
 98.573603973741739992 33.401649095527560007 9.2412407035548724821 
 126.96311780563476646 51.687363381241844706 9.2412407035548724821 
 41.794576309955715487 33.401649095527560007 9.2412407035548724821 
 70.18409014184872774 51.687363381241844706 9.2412407035548724821 
  212.131659301313789 33.401649095527560007 9.2412407035548724821 
 240.52117313320681546 51.687363381241830496 9.2412407035548724821 
 155.3526316375277645 69.973077666956129406 9.2412407035548724821 
 183.74214546942079096 88.258791952670406999 9.2412407035548724821 
 98.573603973741739992 69.973077666956129406 9.2412407035548724821 
 126.96311780563476646 88.258791952670406999 9.2412407035548724821 
 41.794576309955729698 69.973077666956129406 9.2412407035548724821 
 70.18409014184872774 88.258791952670406999 9.2412407035548724821 
 212.13165930131381742 69.973077666956129406 9.2412407035548724821 
 240.52117313320681546 88.258791952670406999 9.2412407035548724821 
 155.3526316375277645 106.54450623838468459 9.2412407035548724821 
 183.74214546942079096 124.8302205240989764 9.2412407035548724821 
 98.573603973741739992 106.54450623838468459 9.2412407035548724821 
 126.96311780563476646 124.8302205240989764 9.2412407035548724821 
 41.794576309955729698 106.54450623838468459 9.2412407035548724821 
 70.18409014184872774 124.8302205240989764 9.2412407035548724821 
 212.13165930131381742 106.54450623838468459 9.2412407035548724821 
 240.52117313320681546 124.8302205240989764 9.2412407035548724821 
 155.3526316375277645 143.1159348098132682 9.2412407035548724821 
 183.74214546942079096 161.40164909552757422 9.2412407035548724821 
 98.573603973741739992 143.1159348098132682 9.2412407035548724821 
 126.96311780563476646 161.40164909552757422 9.2412407035548724821 
 41.794576309955729698 143.1159348098132682 9.2412407035548724821 
 70.18409014184872774 161.40164909552757422 9.2412407035548724821 
 212.13165930131381742 143.1159348098132682 9.2412407035548724821 
 240.52117313320681546 161.40164909552757422 9.2412407035548724821 
 155.3526316375277645 179.68736338124185181 9.2412407035548724821 
 183.74214546942079096 197.97307766695612941 9.2412407035548724821 
 98.573603973741739992 179.68736338124185181 9.2412407035548724821 
 126.96311780563476646 197.97307766695612941 9.2412407035548724821 
 41.794576309955729698 179.68736338124185181 9.2412407035548724821 
 70.18409014184872774 197.97307766695612941 9.2412407035548724821 
 212.13165930131381742 179.68736338124185181 9.2412407035548724821 
 240.52117313320681546 197.97307766695612941 9.2412407035548724821 
 155.3526316375277645 216.25879195267037858 9.2412407035548724821 
 183.74214546942081938 234.54450623838468459 9.2412407035548724821 
 98.573603973741739992 216.25879195267037858 9.2412407035548724821 
 126.96311780563476646 234.54450623838468459 9.2412407035548724821 
 41.794576309955729698 216.25879195267037858 9.2412407035548724821 
 70.184090141848741951 234.54450623838468459 9.2412407035548724821 
 212.13165930131381742 216.25879195267037858 9.2412407035548724821 
 240.52117313320681546 234.54450623838468459 9.2412407035548724821 
 155.3526316375277645 252.83022052409899061 9.2412407035548724821 
 183.74214546942076254 15.115934809813300177 9.2412407035548724821 
 98.573603973741739992 252.83022052409899061 9.2412407035548724821 
 126.96311780563476646 15.115934809813300177 9.2412407035548724821 
 41.794576309955736804 252.83022052409899061 9.2412407035548724821 
 70.184090141848713529 15.115934809813300177 9.2412407035548724821 
 212.13165930131381742 252.83022052409899061 9.2412407035548724821 
 240.52117313320681546 15.115934809813300177 9.2412407035548724821 
