 162.98962238059738183 28.013447294293431611 9.2412407035548724821 
 191.37913621249037988 46.299161580007712757 9.2412407035548724821 
 106.21059471681132891 28.013447294293431611 9.2412407035548724821 
 134.60010854870435537 46.299161580007712757 9.2412407035548724821 
 49.431567053025304403 28.013447294293431611 9.2412407035548724821 
 77.821080884918316656 46.299161580007712757 9.2412407035548724821 
 219.76865004438337792 28.013447294293431611 9.2412407035548724821 
 21.04205322113231702 46.299161580007726968 9.2412407035548724821 
 162.98962238059738183 64.584875865721997457 9.2412407035548724821 
 191.37913621249037988 82.87059015143627505 9.2412407035548724821 
 106.21059471681132891 64.584875865721997457 9.2412407035548724821 
 134.60010854870435537 82.870590151436289261 9.2412407035548724821 
 49.431567053025318614 64.584875865721997457 9.2412407035548724821 
 77.821080884918316656 82.870590151436303472 9.2412407035548724821 
 219.76865004438343476 64.584875865721983246 9.2412407035548724821 
 21.04205322113231702 82.870590151436303472 9.2412407035548724821 
 162.98962238059738183 101.15630443715056686 9.2412407035548724821 
 191.37913621249037988 119.44201872286487287 9.2412407035548724821 
 106.21059471681132891 101.15630443715056686 9.2412407035548724821 
 134.60010854870435537 119.44201872286487287 9.2412407035548724821 
 49.431567053025318614 101.15630443715056686 9.2412407035548724821 
 77.821080884918316656 119.44201872286487287 9.2412407035548724821 
 219.76865004438343476 101.15630443715056686 9.2412407035548724821 
 21.04205322113231702 119.44201872286487287 9.2412407035548724821 
 162.98962238059738183 137.72773300857915046 9.2412407035548724821 
 191.37913621249037988 156.01344729429342806 9.2412407035548724821 
 106.21059471681132891 137.72773300857915046 9.2412407035548724821 
 134.60010854870435537 156.01344729429342806 9.2412407035548724821 
 49.431567053025318614 137.72773300857915046 9.2412407035548724821 
 77.821080884918316656 156.01344729429342806 9.2412407035548724821 
 219.76865004438343476 137.72773300857915046 9.2412407035548724821 
 21.04205322113231702 156.01344729429342806 9.2412407035548724821 
 162.98962238059738183 174.29916158000770565 9.2412407035548724821 
 191.37913621249037988 192.58487586572198325 9.2412407035548724821 
 106.21059471681132891 174.29916158000770565 9.2412407035548724821 
 134.60010854870435537 192.58487586572198325 9.2412407035548724821 
 49.431567053025318614 174.29916158000770565 9.2412407035548724821 
 77.821080884918316656 192.58487586572198325 9.2412407035548724821 
 219.76865004438343476 174.29916158000770565 9.2412407035548724821 
 21.04205322113231702 192.58487586572198325 9.2412407035548724821 
 162.98962238059738183 210.87059015143626084 9.2412407035548724821 
 191.37913621249037988 229.15630443715056686 9.2412407035548724821 
 106.21059471681132891 210.87059015143626084 9.2412407035548724821 
 134.60010854870435537 229.15630443715056686 9.2412407035548724821 
 49.431567053025318614 210.87059015143626084 9.2412407035548724821 
 77.821080884918330867 229.15630443715056686 9.2412407035548724821 
 219.76865004438343476 210.87059015143626084 9.2412407035548724821 
 21.04205322113231702 229.15630443715056686 9.2412407035548724821 
 162.98962238059738183 247.44201872286487287 9.2412407035548724821 
 191.37913621249037988 9.7277330085791717806 9.2412407035548724821 
 106.21059471681132891 247.44201872286487287 9.2412407035548724821 
 134.60010854870435537 9.7277330085791717806 9.2412407035548724821 
 49.43156705302532572 247.44201872286487287 9.2412407035548724821 
 77.821080884918302445 9.7277330085791717806 9.2412407035548724821 
 219.76865004438343476 247.44201872286487287 9.2412407035548724821 
 21.04205322113231702 9.7277330085791717806 9.2412407035548724821 
