 125.93768076592932914 2.9426075272374330183 8.6651734449707547014 
 164.56509776389881949 9.5700245252069322532 8.6651734449707547014 
 148.56509776389884792 25.570024525206939359 8.6651734449707547014 
 93.937680765929329141 34.942607527237420584 8.6651734449707547014 
 132.56509776389884792 41.570024525206946464 8.6651734449707547014 
 116.56509776389884792 57.570024525206939359 8.6651734449707547014 
 109.93768076592932914 18.942607527237417031 8.6651734449707547014 
 61.937680765929336246 66.942607527237427689 8.6651734449707547014 
 100.56509776389884792 73.570024525206932253 8.6651734449707547014 
 84.565097763898847916 89.570024525206932253 8.6651734449707547014 
 77.937680765929343352 50.942607527237420584 8.6651734449707547014 
 29.937680765929322035 98.942607527237427689 8.6651734449707547014 
 68.565097763898847916 105.57002452520694646 8.6651734449707547014 
 52.565097763898847916 121.57002452520694646 8.6651734449707547014 
 45.937680765929329141 82.942607527237427689 8.6651734449707547014 
 36.565097763898855021 137.57002452520694646 8.6651734449707547014 
 20.56509776389887989 153.57002452520691804 8.6651734449707547014 
 13.937680765929339799 114.94260752723741348 8.6651734449707547014 
 171.19251476186835248 48.197441523176465239 8.6651734449707547014 
 209.81993175983785704 54.824858521145976908 8.6651734449707547014 
 193.81993175983785704 70.824858521145984014 8.6651734449707547014 
 187.1925147618683809 32.197441523176458134 8.6651734449707547014 
 139.1925147618683809 80.197441523176465239 8.6651734449707547014 
 177.81993175983788547 86.824858521145969803 8.6651734449707547014 
 161.81993175983788547 102.82485852114598401 8.6651734449707547014 
 155.19251476186835248 64.197441523176465239 8.6651734449707547014 
 107.1925147618683809 112.19744152317646524 8.6651734449707547014 
 145.81993175983788547 118.8248585211459698 8.6651734449707547014 
 129.81993175983788547 134.82485852114595559 8.6651734449707547014 
 123.19251476186836669 96.197441523176465239 8.6651734449707547014 
 75.192514761868380901 144.19744152317647945 8.6651734449707547014 
 113.81993175983788547 150.82485852114598401 8.6651734449707547014 
 97.819931759837885465 166.82485852114598401 8.6651734449707547014 
 91.192514761868380901 128.19744152317645103 8.6651734449707547014 
 43.192514761868402218 176.19744152317645103 8.6651734449707547014 
 81.819931759837899676 182.82485852114595559 8.6651734449707547014 
 65.819931759837913887 198.82485852114595559 8.6651734449707547014 
 59.192514761868380901 160.19744152317645103 8.6651734449707547014 
 216.44734875780739003   93.452275519115517 8.6651734449707547014 
 255.07476575577695144 100.07969251708503577 8.6651734449707547014 
 239.07476575577692302 116.07969251708502156 8.6651734449707547014 
 232.44734875780741845 77.452275519115502789 8.6651734449707547014 
 184.44734875780741845 125.45227551911550279 8.6651734449707547014 
 223.07476575577692302 132.07969251708502156 8.6651734449707547014 
 207.07476575577695144 148.07969251708502156 8.6651734449707547014 
 200.44734875780741845 109.45227551911550279 8.6651734449707547014 
 152.44734875780741845 157.45227551911548858 8.6651734449707547014 
 191.07476575577692302 164.07969251708502156 8.6651734449707547014 
 175.07476575577695144 180.07969251708502156 8.6651734449707547014 
 168.44734875780741845 141.45227551911548858 8.6651734449707547014 
 120.44734875780740424  189.452275519115517 8.6651734449707547014 
 159.07476575577695144 196.07969251708502156 8.6651734449707547014 
 143.07476575577695144 212.07969251708504999 8.6651734449707547014 
 136.44734875780741845 173.45227551911548858 8.6651734449707547014 
 88.447348757807461084 221.45227551911548858 8.6651734449707547014 
 127.07476575577695144 228.07969251708499314 8.6651734449707547014 
 111.07476575577697986 244.07969251708502156 8.6651734449707547014 
 104.44734875780741845 205.45227551911546016 8.6651734449707547014 
 229.70218275374642758 170.70710951505452613 8.6651734449707547014 
 71.310263767959781944 12.315190529267898256 8.6651734449707547014 
 245.70218275374642758 154.70710951505452613 8.6651734449707547014 
  197.702182753746456 202.70710951505452613 8.6651734449707547014 
 55.310263767959796155 28.315190529267901809 8.6651734449707547014 
 39.310263767959796155 44.315190529267894703 8.6651734449707547014 
  213.702182753746456 186.70710951505449771 8.6651734449707547014 
  165.702182753746456 234.70710951505452613 8.6651734449707547014 
 23.310263767959803261 60.315190529267901809 8.6651734449707547014 
 7.3102637679597979314 76.315190529267908914 8.6651734449707547014 
 181.70218275374642758 218.70710951505455455 8.6651734449707547014 
 149.70218275374648442 250.70710951505452613 8.6651734449707547014 
