 98.230069231100443972 6.2300459090556321584 8.6651734449707547014 
 136.85748622906996275 12.857462907025132282 8.6651734449707547014 
 120.85748622906996275 28.857462907025137611 8.6651734449707547014 
 66.230069231100458182 38.230045909055618836 8.6651734449707547014 
 104.85748622906997696 44.857462907025144716 8.6651734449707547014 
 88.857486229069962747 60.857462907025144716 8.6651734449707547014 
 82.230069231100458182 22.230045909055615283 8.6651734449707547014 
 34.230069231100465288 70.230045909055618836 8.6651734449707547014 
 72.857486229069976957 76.857462907025137611 8.6651734449707547014 
 56.857486229069976957 92.857462907025137611 8.6651734449707547014 
 50.230069231100465288 54.230045909055618836 8.6651734449707547014 
 2.2300692311004524093 102.23004590905561884 8.6651734449707547014 
 40.857486229069984063 108.85746290702513761 8.6651734449707547014 
 24.857486229069976957 124.85746290702515182 8.6651734449707547014 
 18.230069231100458182 86.230045909055633047 8.6651734449707547014 
 8.8574862290699734046 140.85746290702516603 8.6651734449707547014 
 143.48490322703949573 51.484879904994663491 8.6651734449707547014 
 182.1123202250090003 58.11229690296417516 8.6651734449707547014 
 166.11232022500902872 74.11229690296417516 8.6651734449707547014 
 159.48490322703946731 35.484879904994656385 8.6651734449707547014 
 111.48490322703948152 83.484879904994656385 8.6651734449707547014 
 150.1123202250090003 90.11229690296417516 8.6651734449707547014 
 134.1123202250090003 106.11229690296417516 8.6651734449707547014 
 127.48490322703948152 67.484879904994642175 8.6651734449707547014 
 79.484903227039509943 115.48487990499465639 8.6651734449707547014 
 118.11232022500902872 122.11229690296416095 8.6651734449707547014 
 102.11232022500901451 138.11229690296417516 8.6651734449707547014 
 95.484903227039495732 99.484879904994642175 8.6651734449707547014 
 47.484903227039502838 147.4848799049946706 8.6651734449707547014 
 86.112320225009028718 154.11229690296417516 8.6651734449707547014 
 70.112320225009014507 170.11229690296417516 8.6651734449707547014 
 63.484903227039495732 131.48487990499464217 8.6651734449707547014 
 175.48490322703949573 19.484879904994652833 8.6651734449707547014 
 54.112320225009014507 186.11229690296417516 8.6651734449707547014 
 198.1123202250090003 42.112296902964168055 8.6651734449707547014 
 31.484903227039499285 163.4848799049946706 8.6651734449707547014 
 188.73973722297853328 96.739713900933693935 8.6651734449707547014 
 227.36715422094806627 103.36713089890322692 8.6651734449707547014 
 211.36715422094806627 119.36713089890321271 8.6651734449707547014 
 204.73973722297853328 80.739713900933708146 8.6651734449707547014 
 156.73973722297853328 128.73971390093370815 8.6651734449707547014 
 195.36715422094809469 135.36713089890321271 8.6651734449707547014 
 179.36715422094806627 151.36713089890324113 8.6651734449707547014 
 172.73973722297853328 112.73971390093369394 8.6651734449707547014 
 124.73973722297854749 160.73971390093367972 8.6651734449707547014 
 163.36715422094806627 167.36713089890321271 8.6651734449707547014 
 147.36715422094809469 183.36713089890321271 8.6651734449707547014 
 140.7397372229785617 144.73971390093367972 8.6651734449707547014 
 92.739737222978547493 192.73971390093367972 8.6651734449707547014 
 131.36715422094809469 199.36713089890321271 8.6651734449707547014 
 115.36715422094808048 215.36713089890321271 8.6651734449707547014 
 108.73973722297853328 176.73971390093370815 8.6651734449707547014 
 220.7397372229785617 64.739713900933708146 8.6651734449707547014 
 99.367154220948080479 231.36713089890324113 8.6651734449707547014 
 243.36715422094806627 87.367130898903226921 8.6651734449707547014 
 76.739737222978547493 208.73971390093370815 8.6651734449707547014 
 233.99457121891754241 141.99454789687271727 8.6651734449707547014 
 256.6219882168870754 164.62196489484225026 8.6651734449707547014 
 249.99457121891757083 125.99454789687271727 8.6651734449707547014 
 201.99457121891757083 173.9945478968727457 8.6651734449707547014 
 240.62198821688710382 180.62196489484225026 8.6651734449707547014 
 224.62198821688710382 196.62196489484225026 8.6651734449707547014 
 217.99457121891757083 157.99454789687271727 8.6651734449707547014 
 169.99457121891757083 205.99454789687271727 8.6651734449707547014 
 208.62198821688713224 212.62196489484225026 8.6651734449707547014 
 192.62198821688710382 228.62196489484225026 8.6651734449707547014 
 185.99457121891759925 189.9945478968727457 8.6651734449707547014 
 137.99457121891757083 237.9945478968727457 8.6651734449707547014 
 176.62198821688710382 244.62196489484222184 8.6651734449707547014 
 153.99457121891759925 221.99454789687271727 8.6651734449707547014 
 121.99457121891758504 253.9945478968727457 8.6651734449707547014 
