 68.527201533523665944 182.21889305347491472 11.063125458174054572 
 111.19386820019033735 152.04900372284888022 11.063125458174054572 
 111.19386820019033735 182.21889305347491472 11.063125458174054572 
 89.86053486685699454 167.13394838816191168 11.063125458174054572 
 89.86053486685699454 197.30383771878794619 11.063125458174054572 
 111.19386820019033735 212.38878238410094923 11.063125458174054572 
 132.52720153352365173 136.96405905753587717 11.063125458174054572 
 132.52720153352365173 167.13394838816188326 11.063125458174054572 
 153.86053486685699454 152.04900372284888022 11.063125458174054572 
 153.86053486685699454 182.21889305347491472 11.063125458174054572 
 132.52720153352365173 197.30383771878794619 11.063125458174054572 
 153.86053486685699454 212.38878238410094923 11.063125458174054572 
 132.52720153352365173 227.47372704941398069 11.063125458174054572 
 175.19386820019033735 167.13394838816191168 11.063125458174054572 
 175.19386820019033735 197.30383771878794619 11.063125458174054572 
 196.52720153352368015 182.21889305347491472 11.063125458174054572 
 68.527201533523665944 121.87911439222285992 11.063125458174054572 
 68.527201533523665944 152.04900372284888022 11.063125458174054572 
 47.193868200190337348 136.96405905753587717 11.063125458174054572 
 47.193868200190337348 167.13394838816188326 11.063125458174054572 
 111.19386820019033735 91.709225061596839623 11.063125458174054572 
 111.19386820019033735 121.87911439222285992 11.063125458174054572 
 89.86053486685699454 106.79416972690982846 11.063125458174054572 
 89.86053486685699454 136.96405905753587717 11.063125458174054572 
 132.52720153352365173 106.79416972690984267 11.063125458174054572 
 153.86053486685699454 91.709225061596839623 11.063125458174054572 
 153.86053486685699454 121.87911439222285992 11.063125458174054572 
 175.19386820019033735 106.79416972690982846 11.063125458174054572 
 175.19386820019033735 136.96405905753587717 11.063125458174054572 
 196.52720153352368015 121.87911439222285992 11.063125458174054572 
 196.52720153352368015 152.04900372284888022 11.063125458174054572 
 217.86053486685702296 136.96405905753587717 11.063125458174054572 
 217.86053486685702296 167.13394838816188326 11.063125458174054572 
 68.527201533523665944 91.709225061596839623 11.063125458174054572 
 47.193868200190337348 106.79416972690984267 11.063125458174054572 
 89.86053486685699454 76.62428039628382237 11.063125458174054572 
 111.19386820019033735 61.539335730970812222 11.063125458174054572 
 132.52720153352365173 76.62428039628382237 11.063125458174054572 
 153.86053486685699454 61.539335730970812222 11.063125458174054572 
 175.19386820019033735 76.62428039628382237 11.063125458174054572 
 196.52720153352368015 91.709225061596839623 11.063125458174054572 
 217.86053486685702296 106.79416972690984267 11.063125458174054572 
 132.52720153352365173 46.454391065657794968 11.063125458174054572 
