 89.377408942001537184 170.48532953896605591 11.063125458174054572 
 115.39508988872604789 168.08805091078914984 11.063125458174054572 
 100.31014522341303064 194.21594150047636163 11.063125458174054572 
 126.32782617013756976 191.81866287229939871 11.063125458174054572 
 67.511936379178479228 123.02410561594552973 11.063125458174054572 
 119.54729827262755748 118.22954835959161812 11.063125458174054572 
 104.46235360731454023 144.35743894927884412 11.063125458174054572 
 93.529617325903018354 120.62682698776856682 11.063125458174054572 
 78.444672660590001101 146.75471757745580703 11.063125458174054572 
 145.56497921935209661 115.83226973141465521 11.063125458174054572 
 130.48003455403906514 141.96016032110190963 11.063125458174054572 
 156.49771550076360427 139.56288169292494672 11.063125458174054572 
 141.4127708354505728 165.69077228261218693 11.063125458174054572 
 167.43045178217511193 163.29349365443522402 11.063125458174054572 
 152.34550711686210889 189.42138424412246422 11.063125458174054572 
 178.36318806358661959 187.02410561594552973 11.063125458174054572 
 82.596881044491482271 96.896215026258303737 11.063125458174054572 
 56.579200097766964461 99.293493654435238227 11.063125458174054572 
 134.63224293794056052 92.101657769904377915 11.063125458174054572 
 108.6145619912160214 94.498936398081340826 11.063125458174054572 
 160.64992388466507123 89.704379141727429214 11.063125458174054572 
 171.58266016607660731 113.4349911032376923 11.063125458174054572 
 182.51539644748811497 137.16560306474801223 11.063125458174054572 
 193.44813272889965106 160.89621502625828953 11.063125458174054572 
 204.38086901031115872 184.62682698776856682 11.063125458174054572 
