 66.795394141878318806 150.5266768710301335 11.063125458174054572 
 118.83075603532738285 145.7321196146762361 11.063125458174054572 
 103.7458113700143798 171.8600102043634763 11.063125458174054572 
 92.813075088602815299 148.12939824285319901 11.063125458174054572 
 77.728130423289826467 174.25728883254043922 11.063125458174054572 
 88.660866704701362551 197.98790079405068809 11.063125458174054572 
 144.84843698205190776 143.33484098649927319 11.063125458174054572 
 129.7634923167388763 169.46273157618651339 11.063125458174054572 
 155.78117326346341542 167.06545294800955048 11.063125458174054572 
 140.69622859815041238 193.19334353769681911 11.063125458174054572 
 114.67854765142587325 195.5906221658737536 11.063125458174054572 
 125.61128393283739513 219.3212341273840309 11.063125458174054572 
 99.593602986112870212 221.71851275556099381 11.063125458174054572 
 166.71390954487495151 190.7960649095198562 11.063125458174054572 
 151.62896487956192004 216.92395549920709641 11.063125458174054572 
 177.64664582628645917 214.52667687103016192 11.063125458174054572 
 96.965283472504339102 98.270895691655667292 11.063125458174054572 
 81.880338807191321848 124.39878628134289329 11.063125458174054572 
 70.947602525779799976 100.6681743198326302 11.063125458174054572 
 55.862657860466789828 126.7960649095198562 11.063125458174054572 
 149.00064536595340314 93.476338435301769891 11.063125458174054572 
 133.91570070064037168 119.6042290249890101 11.063125458174054572 
 122.98296441922886402 95.873617063478704381 11.063125458174054572 
 107.89801975391584676 122.00150765316594459 11.063125458174054572 
 159.9333816473649108 117.20695039681204719 11.063125458174054572 
 185.95106259408944993 114.80967176863509849 11.063125458174054572 
 170.86611792877641847 140.9375623583223387 11.063125458174054572 
 196.88379887550098601 138.54028373014537578 11.063125458174054572 
 181.79885421018795455 164.66817431983261599 11.063125458174054572 
 207.8165351569125221 162.2708956916556815 11.063125458174054572 
 192.73159049159949063 188.39878628134292171 11.063125458174054572 
 218.74927143832402976 186.00150765316593038 11.063125458174054572 
 203.66432677301099829 212.12939824285317059 11.063125458174054572 
 112.05022813781734214 72.143005101968441295 11.063125458174054572 
 86.032547191092817229 74.540283730145389995 11.063125458174054572 
 138.06790908454186706 69.745726473791492595 11.063125458174054572 
 164.08559003126640619 67.348447845614543894 11.063125458174054572 
 175.01832631267791385 91.079059807124835402 11.063125458174054572 
 201.03600725940242455 88.68178117894787249 11.063125458174054572 
 211.96874354081398906 112.41239314045814979 11.063125458174054572 
 222.90147982222552514 136.14300510196844129 11.063125458174054572 
 233.83421610363706122 159.87361706347871859 11.063125458174054572 
 190.10327097799094531 64.951169217437580983 11.063125458174054572 
