 80.416204290604540006 187.43603464701627104 12.929298132503218355 
 90.800204290604540347 217.25317938495675207 12.929298132503218355 
 37.18484429060453067 68.17103368106312189 12.929298132503218355 
 57.954124290604532632 127.80711214984856383 12.929298132503218355 
 47.569484290604542309 97.989967411908068584 12.929298132503218355 
 68.338764290604544271 157.62425688778907329 12.929298132503218355 
 144.4162042906045258 187.43603464701627104 12.929298132503218355 
 154.80020429060454035 217.25317938495675207 12.929298132503218355 
 101.18484429060453067 68.17103368106312189 12.929298132503218355 
 121.95412429060452553 127.80711214984856383 12.929298132503218355 
 111.5694842906045352 97.989967411908068584 12.929298132503218355 
 132.33876429060453006 157.62425688778907329 12.929298132503218355 
 208.41620429060455422 187.43603464701627104 12.929298132503218355 
 218.80020429060454035 217.25317938495675207 12.929298132503218355 
 165.18484429060453067 68.17103368106312189 12.929298132503218355 
 185.95412429060453974 127.80711214984856383 12.929298132503218355 
 175.56948429060454941 97.989967411908068584 12.929298132503218355 
 196.33876429060453006 157.62425688778907329 12.929298132503218355 
 16.416204290604540006 187.43603464701627104 12.929298132503218355 
 26.800204290604561663 217.25317938495675207 12.929298132503218355 
 229.18484429060455909 68.17103368106312189 12.929298132503218355 
 249.95412429060456816 127.80711214984856383 12.929298132503218355 
 239.56948429060454941 97.989967411908068584 12.929298132503218355 
 4.3387642906045424951 157.62425688778907329 12.929298132503218355 
