 75.954906708160407902 115.46663824106320817 12.929298132503218355 
 62.213598284183021292 143.89314029672280526 12.929298132503218355 
 3.2179084126065307103 127.06526090478334368 12.929298132503218355 
 102.23583307320008373 57.419533700914058727 12.929298132503218355 
 115.97668894883750568 28.99257909691446855 12.929298132503218355 
 88.494977197562633364 85.846488304913634693 12.929298132503218355 
 121.20974070409944545 160.72147223700224572 12.929298132503218355 
 107.46843228012207305 189.14797429266184281 12.929298132503218355 
 48.472742408545585135 172.32009490072238123 12.929298132503218355 
 147.49066706913913549 102.67436769685309628 12.929298132503218355 
 161.23152294477657165  74.2474130928535061 12.929298132503218355 
 133.74981119350167091 131.10132230085267224 12.929298132503218355 
 166.46457470003846879 205.97630623294125485 12.929298132503218355 
 152.7232662760611106 234.40280828860088036 12.929298132503218355 
 93.727576404484636896 217.57492889666141878 12.929298132503218355 
 192.74550106507814462 147.92920169279213383 12.929298132503218355 
 206.48635694071558078 119.50224708879255786 12.929298132503218355 
 179.00464518944070846 176.35615629679173821 12.929298132503218355 
 30.700072712221341931 70.211804245124127988 12.929298132503218355 
 16.958764288243969531  98.6383063007837535 12.929298132503218355 
 238.00033506101723901 193.18403568873117138 12.929298132503218355 
 251.74119093665461833 164.75708108473159541 12.929298132503218355 
 43.240143201623581604 40.591654308974575827 12.929298132503218355 
