 161.67578512255832379 78.727311637026289759 12.929298132503218355 
 141.04538031118437402 102.62869179889416671 12.929298132503218355 
 88.415295499810412139 71.105000374816356157 12.929298132503218355 
 47.153576563760054796 118.90976370752112246 12.929298132503218355 
 67.78366137513401668 95.007829289394848615 12.929298132503218355 
 181.4548219940250533 53.362052904730340686 12.929298132503218355 
 193.67578512255838064 134.15293747923035994 12.929298132503218355 
 173.04538031118437402 158.05431764109820847 12.929298132503218355 
 120.41529549981039793 126.53062621702042634 12.929298132503218355 
 79.153576563760069007 174.33538954972519264 12.929298132503218355 
 99.783661375134030891 150.4334551315989188 12.929298132503218355 
 213.4548219940250533 108.78767874693440376 12.929298132503218355 
 225.67578512255838064 189.57856332143441591 12.929298132503218355 
 205.04538031118443087 213.47994348330229286 12.929298132503218355 
 152.41529549981044056 181.95625205922451073 12.929298132503218355 
 111.15357656376006901 229.76101539192924861 12.929298132503218355 
 131.7836613751340451 205.85908097380300319 12.929298132503218355 
 245.45482199402508172 164.21330458913848815 12.929298132503218355 
 129.67578512255832379 23.301685794822205366 12.929298132503218355 
 109.04538031118437402 47.203065956690075211 12.929298132503218355 
 184.41529549981044056 237.3818779014285667 12.929298132503218355 
 15.15357656376005302 63.484137865317087801 12.929298132503218355 
 35.783661375134009575 39.582203447190771328 12.929298132503218355 
