 125.78268932675051417 83.778161768932804421 12.929298132503218355 
 105.15228451537655019 107.67954193080066716 12.929298132503218355 
 52.522199704002566989 76.155850506722885029 12.929298132503218355 
 166.19181100959119135 34.510968618510560191 12.929298132503218355 
 31.890565579326203505 100.05867942130136328 12.929298132503218355 
 145.56172619821722947 58.412903036636855347 12.929298132503218355 
 157.78268932675052838 139.20378761113690302 12.929298132503218355 
 137.15228451537655019 163.10516777300475155 12.929298132503218355 
 84.522199704002559884  131.581476348926941 12.929298132503218355 
 198.19181100959119135 89.936594460714644583 12.929298132503218355 
 63.890565579326214163 155.48430526350543346 12.929298132503218355 
 177.56172619821722947 113.83852887884093263 12.929298132503218355 
 189.78268932675052838 194.62941345334095899 12.929298132503218355 
 169.15228451537657861 218.53079361520883594 12.929298132503218355 
 116.52219970400257409 187.00710219113102539 12.929298132503218355 
 230.19181100959119135 145.36222030291867213 12.929298132503218355 
 95.890565579326221268 210.90993110570954627 12.929298132503218355 
 209.56172619821720104 169.26415472104497439 12.929298132503218355 
 93.782689326750499959 28.352535926728716476 12.929298132503218355 
 73.152284515376535978 52.253916088596596978 12.929298132503218355 
 148.52219970400258831 242.43272803333505294 12.929298132503218355 
 113.56172619821721526 2.9872771944327638494 12.929298132503218355 
