 92.21493008392280899 3.4949350997056227719 13.27575054980886371 
 95.09166443773514743 34.716152235775084023 13.27575054980886371 
 66.614930083922828885 47.835435773468880427 13.27575054980886371 
 69.491664437735153115 79.05665290953834301 13.27575054980886371 
 41.014930083922827464 92.17593644723214652 13.27575054980886371 
 43.891664437735158799 123.39715358330157358 13.27575054980886371 
 15.414930083922829596 136.5164371209953913 13.27575054980886371 
  18.2916644377351858 167.73765425706483256 13.27575054980886371 
 123.56839879154748019 21.596868698081234328 13.27575054980886371 
 126.44513314535981863 52.818085834150679148 13.27575054980886371 
 97.968398791547500082 65.937369371844496868 13.27575054980886371 
 100.84513314535982431 97.158586507913938135 13.27575054980886371 
 72.368398791547505766 110.27787004560775586 13.27575054980886371 
 75.245133145359829996 141.49908718167719712 13.27575054980886371 
 46.768398791547504345 154.61837071937102905 13.27575054980886371 
 49.645133145359856996 185.8395878554404419 13.27575054980886371 
 21.168398791547517135 198.95887139313427383 13.27575054980886371 
 152.04513314535981294 8.4775851603874095019 13.27575054980886371 
 154.92186749917215138 39.698802296456847216 13.27575054980886371 
 157.79860185298448982 70.920019432526288483 13.27575054980886371 
 129.32186749917218549 84.039302970220106204 13.27575054980886371 
 132.19860185298449551 115.26052010628956168 13.27575054980886371 
 103.72186749917217696 128.37980364398336519 13.27575054980886371 
 106.5986018529845154 159.60102078005280646 13.27575054980886371 
 78.121867499172182647 172.72030431774663839 13.27575054980886371 
 80.998601852984535299 203.94152145381605123 13.27575054980886371 
 52.521867499172188332 217.06080499150988317 13.27575054980886371 
 183.39860185298451256 26.57951875876302239 13.27575054980886371 
  186.275336206796851 57.800735894832470763 13.27575054980886371 
 189.15207056060918944 89.02195303090191203 13.27575054980886371 
 160.67533620679685669 102.14123656859572975 13.27575054980886371 
 163.55207056060919513 133.36245370466517102 13.27575054980886371 
 135.07533620679686237 146.48173724235900295 13.27575054980886371 
 137.95207056060920081 177.70295437842844422 13.27575054980886371 
 109.47533620679686805 190.82223791612224773 13.27575054980886371 
 112.35207056060922071 222.04345505219168899 13.27575054980886371 
 83.87533620679688795 235.16273858988552092 13.27575054980886371 
 214.75207056060918376 44.681452357138645937 13.27575054980886371 
 217.62880491442155062 75.902669493208080098 13.27575054980886371 
 220.50553926823383222 107.12388662927753558 13.27575054980886371 
 192.02880491442152788 120.24317016697132487 13.27575054980886371 
 194.90553926823386632 151.46438730304078035 13.27575054980886371 
 166.42880491442153357 164.58367084073458386 13.27575054980886371 
 169.30553926823387201 195.80488797680402513 13.27575054980886371 
 140.82880491442153925 208.92417151449788548 13.27575054980886371 
 143.70553926823390611 240.14538865056726991 13.27575054980886371 
 115.22880491442155915 253.26467218826110184 13.27575054980886371 
 246.10553926823385495 62.783385955514248167 13.27575054980886371 
 248.98227362204622182 94.004603091583689434 13.27575054980886371 
 251.85900797585850341 125.22582022765311649 13.27575054980886371 
 223.3822736220462275 138.34510376534694842 13.27575054980886371 
 226.2590079758585091 169.56632090141638969 13.27575054980886371 
 197.78227362204620476 182.6856044391101932 13.27575054980886371 
 200.6590079758585432 213.90682157517966289 13.27575054980886371 
 172.18227362204621045 227.0261051128734664 13.27575054980886371 
 63.738195730110469128 16.614218637399467582 13.27575054980886371 
 254.7357423296708987 156.44703736372255776 13.27575054980886371 
 38.138195730110481918 60.954719311162726569 13.27575054980886371 
 229.13574232967087596 200.78753803748580253 13.27575054980886371 
 12.538195730110498261 105.29521998492599266 13.27575054980886371 
 203.53574232967091007 245.12803871124910415 13.27575054980886371 
