 114.53952404162933476 1.1300630078402282841 13.27575054980886371 
 109.23759044325372258 32.031996606215834333 13.27575054980886371 
 78.335656844878101879 37.333930204591453617 13.27575054980886371 
 73.033723246502489701 68.235863802967074321 13.27575054980886371 
 42.131789648126868997 73.537797401342700709 13.27575054980886371 
 36.829856049751249714 104.43973099971832141 13.27575054980886371 
 5.9279224513756556547 109.74166459809391938 13.27575054980886371 
 140.13952404162932908 26.730063007840225708 13.27575054980886371 
 134.83759044325373111 57.631996606215828649 13.27575054980886371 
 103.93565684487811041 62.933930204591462143 13.27575054980886371 
 98.633723246502484017 93.835863802967068636 13.27575054980886371 
 67.731789648126877523 99.137797401342695025 13.27575054980886371 
 62.429856049751244029 130.03973099971830152 13.27575054980886371 
 31.527922451375665958 135.34166459809389949 13.27575054980886371 
 26.225988853000036016 166.24359819646952019 13.27575054980886371 
 171.04145764000494978 21.428129409464585109 13.27575054980886371 
 165.73952404162932339 52.330063007840209366 13.27575054980886371 
 160.43759044325372543 83.23199660621583007 13.27575054980886371 
 129.53565684487810472 88.533930204591442248 13.27575054980886371 
 124.23372324650249254 119.43586380296706295 13.27575054980886371 
 93.331789648126857628 124.73779740134268934 13.27575054980886371 
 88.02985604975124545 155.63973099971832426 13.27575054980886371 
 57.127922451375653168 160.9416645980938938 13.27575054980886371 
 51.82598885300004099 191.84359819646954293 13.27575054980886371 
 20.924055254624427391 197.14553179484514089 13.27575054980886371 
 196.64145764000497252 47.028129409464590083 13.27575054980886371 
 191.33952404162934613 77.930063007840203682 13.27575054980886371 
 186.03759044325371974 108.83199660621582439 13.27575054980886371 
 155.13565684487809904 114.13393020459145077 13.27575054980886371 
 149.83372324650247265 145.03586380296704306 13.27575054980886371 
 118.93178964812686615 150.33779740134266945 13.27575054980886371 
 113.62985604975125398 181.23973099971831857 13.27575054980886371 
 82.727922451375661694 186.54166459809391654 13.27575054980886371 
 77.425988853000035306 217.44359819646950882 13.27575054980886371 
 46.524055254624421707 222.74553179484516363 13.27575054980886371 
 222.24145764000496683 72.628129409464591504 13.27575054980886371 
 216.9395240416292836 103.53006300784021221 13.27575054980886371 
 211.63759044325371406 134.4319966062158187 13.27575054980886371 
 180.73565684487812177 139.73393020459144509 13.27575054980886371 
 175.43372324650249539 170.63586380296706579 13.27575054980886371 
 144.53178964812687468 175.93779740134269218 13.27575054980886371 
 139.22985604975124829 206.83973099971828447 13.27575054980886371 
 108.32792245137567022 212.14166459809391085 13.27575054980886371 
 103.02598885300004383 243.04359819646950314 13.27575054980886371 
 72.124055254624423128 248.34553179484512953 13.27575054980886371 
 247.84145764000493273 98.228129409464571609 13.27575054980886371 
 242.53952404162930634 129.13006300784019231 13.27575054980886371 
 237.23759044325370837 160.0319966062157846 13.27575054980886371 
 206.33565684487808767 165.33393020459143941 13.27575054980886371 
 201.0337232465024897 196.23586380296706011 13.27575054980886371 
  170.131789648126869 201.53779740134265808 13.27575054980886371 
 164.82985604975124261 232.4397309997183072 13.27575054980886371 
 133.92792245137565033 237.74166459809387675 13.27575054980886371 
 83.637590443253728267 6.4319966062158586695 13.27575054980886371 
 231.93565684487808198 190.93393020459143372 13.27575054980886371 
 47.433723246502509596 42.635863802967094216 13.27575054980886371 
 195.73178964812686331 227.13779740134265239 13.27575054980886371 
 11.229856049751262503 78.839730999718341309 13.27575054980886371 
