 81.525107760311286142 76.574009380001854197 11.973343952524102107 
 61.41058804744545796 105.01987604666851439 11.973343952524102107 
 101.63902404965418214 133.46574271333517459 11.973343952524102107 
 71.467847903878364946 133.46574271333517459 11.973343952524102107 
 51.353931614535468952 76.574009380001854197 11.973343952524102107 
 91.581764193221289361 105.01987604666851439 11.973343952524102107 
 81.525107760311286142 161.90734271333516858 11.973343952524102107 
 61.41058804744545796 190.3532093800018572 11.973343952524102107 
 101.63902404965418214 218.79907604666851739 11.973343952524102107 
 71.467847903878364946 218.79907604666851739 11.973343952524102107 
 51.353931614535468952 161.90734271333516858 11.973343952524102107 
 91.581764193221289361 190.3532093800018572 11.973343952524102107 
 81.525107760311286142 247.24067604666851139 11.973343952524102107 
 61.41058804744545796 19.686542713335200006 11.973343952524102107 
 101.63902404965418214 48.132409380001888621 11.973343952524102107 
 71.467847903878364946 48.132409380001888621 11.973343952524102107 
 51.353931614535468952 247.24067604666851139 11.973343952524102107 
 91.581764193221289361 19.686542713335200006 11.973343952524102107 
 141.86746005186293473 76.574009380001854197 11.973343952524102107 
 121.75294033899709234 105.01987604666851439 11.973343952524102107 
 161.98137634120581652 133.46574271333517459 11.973343952524102107 
 131.81020019543001354 133.46574271333517459 11.973343952524102107 
 111.69628390608708912 76.574009380001854197 11.973343952524102107 
 151.92411648477292374 105.01987604666851439 11.973343952524102107 
 141.86746005186293473 161.90734271333516858 11.973343952524102107 
 121.75294033899709234 190.3532093800018572 11.973343952524102107 
 161.98137634120581652 218.79907604666851739 11.973343952524102107 
 131.81020019543001354 218.79907604666851739 11.973343952524102107 
 111.69628390608708912 161.90734271333516858 11.973343952524102107 
 151.92411648477292374 190.3532093800018572 11.973343952524102107 
 141.86746005186293473 247.24067604666851139 11.973343952524102107 
 121.75294033899709234 19.686542713335200006 11.973343952524102107 
 161.98137634120581652 48.132409380001888621 11.973343952524102107 
 131.81020019543001354 48.132409380001888621 11.973343952524102107 
 111.69628390608708912 247.24067604666851139 11.973343952524102107 
 151.92411648477292374 19.686542713335200006 11.973343952524102107 
 202.20981234341454069 76.574009380001854197 11.973343952524102107 
 182.0952926305486983 105.01987604666851439 11.973343952524102107 
 222.3237286327574509 133.46574271333517459 11.973343952524102107 
 192.1525524869816195 133.46574271333517459 11.973343952524102107 
 172.03863619763873771 76.574009380001854197 11.973343952524102107 
 212.2664687763245297 105.01987604666851439 11.973343952524102107 
 202.20981234341454069 161.90734271333516858 11.973343952524102107 
 182.0952926305486983 190.3532093800018572 11.973343952524102107 
 222.3237286327574509 218.79907604666851739 11.973343952524102107 
 192.1525524869816195 218.79907604666851739 11.973343952524102107 
 172.03863619763873771 161.90734271333516858 11.973343952524102107 
 212.2664687763245297 190.3532093800018572 11.973343952524102107 
 202.20981234341454069 247.24067604666851139 11.973343952524102107 
 182.0952926305486983 19.686542713335200006 11.973343952524102107 
 222.3237286327574509 48.132409380001888621 11.973343952524102107 
 192.1525524869816195 48.132409380001888621 11.973343952524102107 
 172.03863619763873771 247.24067604666851139 11.973343952524102107 
 212.2664687763245297 19.686542713335200006 11.973343952524102107 
 21.182755468759669526 76.574009380001854197 11.973343952524102107 
 242.4376449221003611 105.01987604666851439 11.973343952524102107 
 41.29667175810254065 133.46574271333517459 11.973343952524102107 
 11.125495612326755435 133.46574271333517459 11.973343952524102107 
 232.38098848919037209 76.574009380001854197 11.973343952524102107 
 31.239411901669669192 105.01987604666851439 11.973343952524102107 
 21.182755468759669526 161.90734271333516858 11.973343952524102107 
 242.4376449221003611 190.3532093800018572 11.973343952524102107 
 41.29667175810254065 218.79907604666851739 11.973343952524102107 
 11.125495612326755435 218.79907604666851739 11.973343952524102107 
 232.38098848919037209 161.90734271333516858 11.973343952524102107 
 31.239411901669669192 190.3532093800018572 11.973343952524102107 
 21.182755468759669526 247.24067604666851139 11.973343952524102107 
 242.4376449221003611 19.686542713335200006 11.973343952524102107 
 41.29667175810254065 48.132409380001888621 11.973343952524102107 
 11.125495612326755435 48.132409380001888621 11.973343952524102107 
 232.38098848919037209 247.24067604666851139 11.973343952524102107 
 31.239411901669669192 19.686542713335200006 11.973343952524102107 
