 103.39635748136710447 29.096734315760123479 11.973343952524102107 
 76.604891359529148076 51.367310795489039776 11.973343952524102107 
 108.10024459749924119 89.255793452057233139 11.973343952524102107 
 78.95712634877769176 81.446918452387578213 11.973343952524102107 
 74.253239232645583456 21.287859316090479211 11.973343952524102107 
 105.7480096082506833 59.176185795158694702 11.973343952524102107 
 81.310465632618672771 111.5224048257606313 11.973343952524102107 
 54.518999510780716378 133.79298130548954759 11.973343952524102107 
 86.014352748750795286 171.68146396205773385 11.973343952524102107 
 56.871234500029260062 163.87258896238807893 11.973343952524102107 
 52.167347383897137547 103.71352982609099058 11.973343952524102107 
 83.662117759502251602 141.60185630515920252 11.973343952524102107 
 59.224573783870233967 193.94807533576116043 11.973343952524102107 
 32.433107662032277574 216.21865181549000567 11.973343952524102107 
 130.18613644624767289 6.8301229420567555195 11.973343952524102107 
 30.081455535148695191 186.13920033609147708 11.973343952524102107 
 61.576225910753805692 224.0275268151596606 11.973343952524102107 
 161.68259397881018913 44.714484315099433331 11.973343952524102107 
 134.89112785697221852 66.985060794828342523 11.973343952524102107 
 166.38648109494226901 104.87354345139652878 11.973343952524102107 
  137.243362846220748 97.064668451726888065 11.973343952524102107 
 132.53947573008863969 36.905609315429785511 11.973343952524102107 
 164.03424610569373954 74.793935794497997449 11.973343952524102107 
 139.59670213006174322 127.14015482509994115 11.973343952524102107 
 112.80523600822377261 149.41073130482882902 11.973343952524102107 
 144.3005892461938231 187.29921396139701528 11.973343952524102107 
 115.1574709974723163 179.49033896172736036 11.973343952524102107 
 110.45358388134020799 119.33127982543028622 11.973343952524102107 
 141.94835425694532205 157.21960630449848395 11.973343952524102107 
 117.51081028131331152 209.56582533510044186 11.973343952524102107 
 90.719344159475340916 231.83640181482931553 11.973343952524102107 
 188.47237294369071492 22.447872941396042279 11.973343952524102107 
 159.32925469496919391 14.638997941726398011 11.973343952524102107 
 88.367692032591776297 201.75695033543075851 11.973343952524102107 
 119.86246240819687614 239.64527681449894203 11.973343952524102107 
 219.96883047625325958 60.332234314438728973 11.973343952524102107 
 193.17736435441528897 82.602810794167638164 11.973343952524102107 
 224.67271759238536788 120.49129345073583863 11.973343952524102107 
 195.52959934366381844 112.68241845106618371 11.973343952524102107 
 190.82571222753171014 52.523359314769074047 11.973343952524102107 
 222.32048260313683841 90.41168579383729309 11.973343952524102107 
 197.88293862750478525 142.75790482443923679 11.973343952524102107 
 171.09147250566681464 165.02848130416811046 11.973343952524102107 
 202.58682574363695039 202.91696396073635356 11.973343952524102107 
 173.44370749491537254 195.10808896106669863 11.973343952524102107 
 168.73982037878326423 134.94902982476958186 11.973343952524102107 
 200.23459075438836408 172.8373563038377938 11.973343952524102107 
 175.79704677875636776 225.18357533443975171 11.973343952524102107 
 149.00558065691836873 247.45415181416856854 11.973343952524102107 
 246.75860944113378537 38.065622940735345026 11.973343952524102107 
 217.61549119241223593 30.256747941065682994 11.973343952524102107 
 146.65392853003481832 217.37470033477009679 11.973343952524102107 
 178.14869890563994659 255.26302681383822346 11.973343952524102107 
 45.110120983924090865 13.47898431642083672 11.973343952524102107 
 251.46360085185838784 98.220560793506948016 11.973343952524102107 
 49.814008100056170747 73.638043452717937498 11.973343952524102107 
 253.81583584110691731 128.30016845040546514 11.973343952524102107 
 249.11194872497480901 68.141109314108376793 11.973343952524102107 
 47.461773110807669696 43.558435795819413272 11.973343952524102107 
 23.024229135175652061 95.904654826421349867 11.973343952524102107 
 229.37770900310991351 180.64623130350744873 11.973343952524102107 
 27.728116251307749707  156.063713962718424 11.973343952524102107 
 231.72994399235849983 210.72583896040598006 11.973343952524102107 
 227.0260568762263631 150.56677982410889172 11.973343952524102107 
 25.375881262059234444 125.98410630581990688 11.973343952524102107 
 204.94016502747791719 232.99245033410937822 11.973343952524102107 
 3.2899894133108089633 208.40977681582037917 11.973343952524102107 
