 176.42628503237523319 72.788211182071933081 11.973343952524102107 
 141.73418200994402127 69.59145945914059439 11.973343952524102107 
 137.21355684505007844 118.65324032490316597 11.973343952524102107 
 122.12796877216217695 92.524235320606251776 11.973343952524102107 
 161.3406969594873317 46.659206177775004676 11.973343952524102107 
 156.81977008283195119 95.720464463437522795 11.973343952524102107 
 102.52545057610313961 115.45487784873860448 11.973343952524102107 
 67.833347553671913488   112.25812612580728 11.973343952524102107 
 63.312722388777999072 161.31990699156983737 11.973343952524102107 
 48.227134315890090477 135.19090198727292318 11.973343952524102107 
 87.43986250321522391 89.325872844441676079 11.973343952524102107 
 82.918935626559829188 138.3871311301041942 11.973343952524102107 
 28.624616119831031824 158.12154451540530431 11.973343952524102107 
 215.63501646621611485 26.924792792473922987 11.973343952524102107 
 211.11439130132214359 75.986573658236508777 11.973343952524102107 
 196.0288032284342421 49.857568653939587477 11.973343952524102107 
 13.539028046943116124 131.99253951110836169 11.973343952524102107 
 230.72060453910401634 53.053797796770851392 11.973343952524102107 
 206.59746117815106459 125.04622119066577568 11.973343952524102107 
 171.90535815571982425 121.84946946773442278 11.973343952524102107 
 167.38473299082588142 170.91125033349703699 11.973343952524102107 
 152.29914491793797993 144.7822453292001228 11.973343952524102107 
 191.51187310526313468 98.917216186368847275 11.973343952524102107 
 186.99094622860775416 147.97847447203136539 11.973343952524102107 
 132.69662672187897101 167.71288785733247551 11.973343952524102107 
 98.004523699447744889 164.51613613440110839 11.973343952524102107 
 93.483898534553830473 213.57791700016369418 11.973343952524102107 
 78.398310461665914772 187.44891199586677999 11.973343952524102107 
 117.6110386489910411 141.58388285303550447 11.973343952524102107 
 113.09011177233566059 190.64514113869802259 11.973343952524102107 
 58.79579226560685612 210.3795545239991327 11.973343952524102107 
 245.80619261199194625 79.182802801067765586 11.973343952524102107 
 241.28556744709797499 128.24458366683035138 11.973343952524102107 
 226.1999793742100735 102.11557866253345139 11.973343952524102107 
 43.710204192718933314 184.25054951970219008 11.973343952524102107 
 236.76863732392689599 177.30423119925961828 11.973343952524102107 
 202.07653430149565565 174.10747947632827959 11.973343952524102107 
 197.55590913660171282 223.1692603420908938 11.973343952524102107 
 182.47032106371381133 197.04025533779395118 11.973343952524102107 
 221.68304925103896608 151.17522619496267566 11.973343952524102107 
 217.16212237438355714 200.23648448062519378 11.973343952524102107 
 162.86780286765477399 219.97089786592627547 11.973343952524102107 
 128.17569984522356208 216.77414614299493678 11.973343952524102107 
 108.56948660744171775 239.70692200446060838 11.973343952524102107 
 147.7822147947668725 193.8418928616293897 11.973343952524102107 
 143.26128791811146357 242.90315114729185098 11.973343952524102107 
 256.3711555199859049 154.37358867112726557 11.973343952524102107 
 73.881380338494750504 236.50855952829604689 11.973343952524102107 
 146.25510888659943021 20.530201173478115351 11.973343952524102107 
 111.56300586416820408 17.333449450546766002 11.973343952524102107 
 107.04238069927426125 66.395230316309351792 11.973343952524102107 
 91.956792626386359757 40.266225312012444704 11.973343952524102107 
 126.64859393705610557 43.462454454843701512 11.973343952524102107 
 72.354274430327336631 63.196867840144790307 11.973343952524102107 
 37.662171407896110509 60.000116117213451616 11.973343952524102107 
 33.141546243002188987 109.06189698297600899 11.973343952524102107 
 18.055958170114273287 82.932891978679109002 11.973343952524102107 
 57.268686357439420931 37.067862835847861902 11.973343952524102107 
 52.747759480784019104 86.129121121510380021 11.973343952524102107 
 180.94321515554634061 23.728563649642680389 11.973343952524102107 
