 71.314730265229869133 6.4902685776477344604 14.16002997258672913 
 93.942147263199387908 45.682104462178564575 14.16002997258672913 
 54.750311378668556017 68.309521460148090455 14.16002997258672913 
 77.377728376638074792 107.50135734467895077 14.16002997258672913 
 38.18589249210721448 130.12877434264848375 14.16002997258672913 
 60.813309490076733255 169.32061022717931564 14.16002997258672913 
 21.621473605545901364 191.94802722514884863 14.16002997258672913 
 44.248890603515413034 231.13986310967968052 14.16002997258672913 
 133.13398314773024822 23.054687464209049352 14.16002997258672913 
 155.76140014569978121 62.246523348739906112 14.16002997258672913 
 116.56956426116890668 84.873940346709417781 14.16002997258672913 
 139.19698125913845388 124.06577623124027809 14.16002997258672913 
 100.00514537460757936 146.69319322920981108 14.16002997258672913 
 122.63256237257709813 185.88502911374067139 14.16002997258672913 
 83.44072648804625203 208.51244611171017596 14.16002997258672913 
 106.06814348601578502 247.70428199624100785 14.16002997258672913 
 194.9532360302306131 39.619106350770380232 14.16002997258672913 
 217.58065302820014608 78.810942235301226333 14.16002997258672913 
 178.38881714366928577 101.43835923327074511 14.16002997258672913 
 201.01623414163881876 140.63019511780160542 14.16002997258672913 
 161.82439825710798686 163.25761211577113841 14.16002997258672913 
 184.45181525507749143 202.4494480003019703 14.16002997258672913 
 145.25997937054663112 225.0768649982715317 14.16002997258672913 
 256.77248891273097797 56.183525237331693347 14.16002997258672913 
 32.12289438069899461 29.117685575617237248 14.16002997258672913 
 240.20807002616965065 118.00277811983207243 14.16002997258672913 
 15.558475494137679718 90.93693845811760923 14.16002997258672913 
 223.6436511396082949 179.82203100233243731 14.16002997258672913 
 207.07923225304696757 241.64128388483280219 14.16002997258672913 
