 58.281030328802984286 20.542839166409716967 14.16002997258672913 
 80.908447326772503061 59.734675050940573726 14.16002997258672913 
 41.71661144224167117 82.362092048910085396 14.16002997258672913 
 64.344028440211161524 121.5539279334409315 14.16002997258672913 
 25.152192555680340291 144.18134493141045027 14.16002997258672913 
 47.779609553649841303 183.37318081594133901 14.16002997258672913 
 8.5877736691190129648 206.00059781391081515 14.16002997258672913 
 120.10028321130334916 37.107258052971047846 14.16002997258672913 
 142.72770020927285373 76.299093937501893947 14.16002997258672913 
 103.53586432474203605 98.926510935471426933 14.16002997258672913 
 126.1632813227115264 138.11834682000224461 14.16002997258672913 
 86.971445438180694509 160.74576381797180602 14.16002997258672913 
 109.59886243615021328 199.93759970250260949 14.16002997258672913 
 70.407026551619381394 222.5650167004721709 14.16002997258672913 
 159.29211909583418105 14.479841055001518413 14.16002997258672913 
 181.91953609380371404 53.671676939532375172 14.16002997258672913 
 204.54695309177324702 92.863512824063221274 14.16002997258672913 
 165.35511720724238671 115.49092982203274005 14.16002997258672913 
 187.9825342052119197 154.68276570656360036 14.16002997258672913 
 148.79069832068105939 177.31018270453310492 14.16002997258672913 
 171.41811531865056395 216.50201858906396524 14.16002997258672913 
 132.22627943411976048 239.12943558703349822 14.16002997258672913 
 221.11137197833457435 31.044259941562835081 14.16002997258672913 
 243.73878897630413576 70.236095826093702499 14.16002997258672913 
 227.17437008974280843 132.05534870859406738 14.16002997258672913 
 249.80178708771228457 171.24718459312492769 14.16002997258672913 
 210.60995120318145268 193.87460159109446067 14.16002997258672913 
 233.23736820115098567 233.06643747562529256 14.16002997258672913 
 194.04553231662012536 255.69385447359485397 14.16002997258672913 
