 70.35055002681122005 24.157915243676370665 14.16002997258672913 
 92.977967024780738825 63.349751128207223871 14.16002997258672913 
 53.786131140249892724 85.977168126176735541 14.16002997258672913 
 76.413548138219411499 125.16900401070756743 14.16002997258672913 
 37.221712253688565397 147.79642100867710042 14.16002997258672913 
 59.849129251658077067 186.98825689320796073 14.16002997258672913 
 20.657293367127245176 209.61567389117743687 14.16002997258672913 
 109.54238591134206615  1.53049824570683346 14.16002997258672913 
 132.16980290931158493 40.722334130237690886 14.16002997258672913 
 154.79721990728108949 79.914170014768544092 14.16002997258672913 
 115.60538402275024339 102.54158701273804866 14.16002997258672913 
 138.23280102071979059 141.73342289726892318 14.16002997258672913 
 99.040965136188930273 164.36083989523842774 14.16002997258672913 
 121.66838213415844905 203.55267577976931648 14.16002997258672913 
 82.476546249627617158 226.18009277773873578 14.16002997258672913 
 171.36163879384244524 18.094917132268175664 14.16002997258672913 
 193.9890557918119498 57.286753016799025318 14.16002997258672913 
 216.61647278978148279 96.47858890132988563 14.16002997258672913 
 177.4246369052506509 119.10600589929939019 14.16002997258672913 
 200.05205390322015546 158.29784178383022208 14.16002997258672913 
 160.86021801868932357 180.92525878179975507 14.16002997258672913 
 183.48763501665882814 220.11709466633061538 14.16002997258672913 
 144.29579913212799624 242.74451166430009152 14.16002997258672913 
 233.18089167634283854 34.659336018829499437 14.16002997258672913 
 255.80830867431231468 73.851171903360338433 14.16002997258672913 
 31.158714142280352632 46.785332241645882334 14.16002997258672913 
 239.24388978775098735 135.67042478586071752 14.16002997258672913 
 14.59429525571902353 108.6045851241462401 14.16002997258672913 
 222.6794709011896316 197.4896776683610824 14.16002997258672913 
