 82.371413615362854443 44.836669266420372537 14.16002997258672913 
 37.116579619423802683 44.836669266420400959 14.16002997258672913 
 37.116579619423802683 90.091503262359438509 14.16002997258672913 
 172.88108160724090112 44.836669266420386748 14.16002997258672913 
 127.62624761130187778 44.836669266420386748 14.16002997258672913 
 127.62624761130187778 90.091503262359410087 14.16002997258672913 
 82.371413615362840233 90.091503262359438509 14.16002997258672913 
 82.371413615362826022 135.34633725829846185 14.16002997258672913 
 37.116579619423816894 135.34633725829846185 14.16002997258672913 
 37.116579619423823999 180.6011712542374994 14.16002997258672913 
 218.13591560317996709 44.836669266420372537 14.16002997258672913 
 218.13591560317999551 90.091503262359424298 14.16002997258672913 
 172.88108160724092954 90.091503262359410087 14.16002997258672913 
 172.88108160724095796 135.34633725829846185 14.16002997258672913 
 127.62624761130187778 135.34633725829846185 14.16002997258672913 
 127.62624761130187778 180.60117125423752782 14.16002997258672913 
 82.371413615362854443 180.60117125423752782 14.16002997258672913 
 82.371413615362882865 225.85600525017653695 14.16002997258672913 
 218.13591560317996709 135.34633725829843343 14.16002997258672913 
 218.13591560317999551 180.60117125423747098 14.16002997258672913 
 172.88108160724090112 180.6011712542374994 14.16002997258672913 
 172.88108160724090112 225.85600525017653695 14.16002997258672913 
 127.62624761130187778 225.85600525017653695 14.16002997258672913 
