 136.72170560054419752 24.363921047317973034 14.16002997258672913 
 93.008892679442155327 12.651108126215934391 14.16002997258672913 
 81.296079758340113131 56.36392104731798014 14.16002997258672913 
 37.58326683723807804 44.651108126215952154 14.16002997258672913 
 25.870453916136050054 88.363921047317987245 14.16002997258672913 
 180.43451852164622551 36.076733968420008125 14.16002997258672913 
 168.72170560054419752 79.789546889522029005 14.16002997258672913 
 125.00889267944216954 68.07673396842000102 14.16002997258672913 
 113.29607975834012734 111.78954688952204322 14.16002997258672913 
 69.583266837238085145 100.07673396842002944 14.16002997258672913 
 57.87045391613605716 143.78954688952205743 14.16002997258672913 
 14.157640995034046938 132.07673396842000102 14.16002997258672913 
 224.14733144274828192  47.7895468895220219 14.16002997258672913 
 212.43451852164622551 91.502359810624071201 14.16002997258672913 
 200.72170560054422594 135.2151727317261134 14.16002997258672913 
 157.00889267944216954 123.5023598106240712 14.16002997258672913 
 145.29607975834014155 167.2151727317261134 14.16002997258672913 
 101.58326683723808515 155.50235981062408541 14.16002997258672913 
 89.87045391613605716 199.21517273172614182 14.16002997258672913 
 46.157640995034050491 187.50235981062408541 14.16002997258672913 
 256.14733144274828192 103.2151727317261134 14.16002997258672913 
 244.43451852164622551 146.92798565282814138 14.16002997258672913 
 232.72170560054422594 190.64079857393019779 14.16002997258672913 
 189.00889267944216954 178.9279856528281698 14.16002997258672913 
 177.29607975834016997 222.64079857393019779 14.16002997258672913 
 133.58326683723808515 210.9279856528281698 14.16002997258672913 
 121.87045391613608558 254.64079857393019779 14.16002997258672913 
 78.157640995034057596 242.92798565282811296 14.16002997258672913 
