 2.1961555538595369796 84.100201966109224827 12.562386461461581888 
 20.481869839573818126 55.710688134216198364 12.562386461461581888 
 2.1961555538595369796 140.87922962989523512 12.562386461461581888 
 20.481869839573818126 112.48971579800222287 12.562386461461581888 
 2.1961555538595369796 197.65825729368125963 12.562386461461581888 
 20.481869839573818126 169.26874346178826158 12.562386461461581888 
 2.1961555538595369796 27.321174302323182559 12.562386461461581888 
 20.481869839573818126 226.04777112557428609 12.562386461461581888 
 38.767584125288109931 84.100201966109224827 12.562386461461581888 
 57.053298411002408841 55.710688134216198364 12.562386461461581888 
 38.767584125288109931 140.87922962989523512 12.562386461461581888 
 57.053298411002408841 112.48971579800222287 12.562386461461581888 
 38.767584125288109931 197.65825729368125963 12.562386461461581888 
 57.053298411002408841 169.26874346178826158 12.562386461461581888 
 38.767584125288109931 27.321174302323182559 12.562386461461581888 
 57.053298411002408841 226.04777112557428609 12.562386461461581888 
 75.33901269671669354 84.100201966109224827 12.562386461461581888 
 93.624726982430971134 55.710688134216198364 12.562386461461581888 
 75.33901269671669354 140.87922962989523512 12.562386461461581888 
 93.624726982430971134 112.48971579800222287 12.562386461461581888 
 75.33901269671669354 197.65825729368125963 12.562386461461581888 
 93.624726982430971134 169.26874346178826158 12.562386461461581888 
 75.33901269671669354 27.321174302323182559 12.562386461461581888 
 93.624726982430971134 226.04777112557428609 12.562386461461581888 
 111.91044126814524873 84.100201966109224827 12.562386461461581888 
 130.19615555385954053 55.710688134216198364 12.562386461461581888 
 111.91044126814524873 140.87922962989523512 12.562386461461581888 
 130.19615555385954053 112.48971579800222287 12.562386461461581888 
 111.91044126814524873 197.65825729368125963 12.562386461461581888 
 130.19615555385954053 169.26874346178826158 12.562386461461581888 
 111.91044126814524873 27.321174302323182559 12.562386461461581888 
 130.19615555385954053 226.04777112557428609 12.562386461461581888 
 148.48186983957381813 84.100201966109224827 12.562386461461581888 
 166.76758412528809572 55.710688134216198364 12.562386461461581888 
 148.48186983957381813 140.87922962989523512 12.562386461461581888 
 166.76758412528809572 112.48971579800222287 12.562386461461581888 
 148.48186983957381813 197.65825729368125963 12.562386461461581888 
 166.76758412528809572 169.26874346178826158 12.562386461461581888 
 148.48186983957381813 27.321174302323182559 12.562386461461581888 
 166.76758412528809572 226.04777112557428609 12.562386461461581888 
 185.05329841100237331 84.100201966109224827 12.562386461461581888 
 203.33901269671667933 55.710688134216198364 12.562386461461581888 
 185.05329841100237331 140.87922962989523512 12.562386461461581888 
 203.33901269671667933 112.48971579800222287 12.562386461461581888 
 185.05329841100237331 197.65825729368125963 12.562386461461581888 
 203.33901269671667933 169.26874346178826158 12.562386461461581888 
 185.05329841100237331 27.321174302323182559 12.562386461461581888 
 203.33901269671667933 226.04777112557428609 12.562386461461581888 
 221.62472698243098534 84.100201966109224827 12.562386461461581888 
 239.91044126814529136 55.710688134216198364 12.562386461461581888 
 221.62472698243098534 140.87922962989523512 12.562386461461581888 
 239.91044126814529136 112.48971579800222287 12.562386461461581888 
 221.62472698243098534 197.65825729368125963 12.562386461461581888 
 239.91044126814529136 169.26874346178826158 12.562386461461581888 
 221.62472698243098534 27.321174302323182559 12.562386461461581888 
 239.91044126814529136 226.04777112557428609 12.562386461461581888 
