 256.32400830192750618 44.916578048430451986 14.16002997258672913 
 224.32400830192750618 76.916578048430466197 14.16002997258672913 
 192.3240083019275346 44.916578048430459091 14.16002997258672913 
 160.3240083019275346 76.916578048430466197 14.16002997258672913 
 128.32400830192750618 44.916578048430459091 14.16002997258672913 
 96.324008301927520392 76.916578048430466197 14.16002997258672913 
 64.324008301927534603 44.916578048430459091 14.16002997258672913 
 32.324008301927534603 76.916578048430466197 14.16002997258672913 
 256.32400830192750618 108.9165780484304662 14.16002997258672913 
 224.32400830192750618 140.9165780484304662 14.16002997258672913 
 192.3240083019275346 108.91657804843048041 14.16002997258672913 
 160.32400830192756302 140.9165780484304662 14.16002997258672913 
 128.32400830192750618 108.91657804843048041 14.16002997258672913 
 96.324008301927520392 140.9165780484304662 14.16002997258672913 
 64.324008301927534603 108.91657804843048041 14.16002997258672913 
 32.324008301927534603 140.9165780484304662 14.16002997258672913 
 256.32400830192750618 172.9165780484304662 14.16002997258672913 
 224.32400830192750618 204.9165780484304662 14.16002997258672913 
 192.3240083019275346 172.9165780484304662 14.16002997258672913 
 160.32400830192756302 204.9165780484304662 14.16002997258672913 
 128.32400830192750618 172.9165780484304662 14.16002997258672913 
 96.324008301927520392 204.9165780484304662 14.16002997258672913 
 64.324008301927534603 172.9165780484304662 14.16002997258672913 
 32.324008301927534603 204.9165780484304662 14.16002997258672913 
 256.32400830192750618 236.91657804843043778 14.16002997258672913 
 224.32400830192750618 12.916578048430455539 14.16002997258672913 
 192.32400830192756302 236.91657804843043778 14.16002997258672913 
 160.3240083019275346 12.916578048430455539 14.16002997258672913 
 128.32400830192750618 236.91657804843043778 14.16002997258672913 
 96.324008301927520392 12.916578048430455539 14.16002997258672913 
 64.324008301927548814 236.91657804843043778 14.16002997258672913 
 32.324008301927520392 12.916578048430455539 14.16002997258672913 
