 22.701063622898466576 87.095082994203707472 12.562386461461581888 
 47.711454164508218412 64.405609498633609178 12.562386461461581888 
 8.0055699011077443572 141.93941220623611343 12.562386461461581888 
 33.015960442717506851 119.24993871066598672 12.562386461461581888 
 18.320466720926784632 174.09426792269837847 12.562386461461581888 
 37.396557344689163926 32.25075378217131572 12.562386461461581888 
 62.406947886298922867 9.561280286601220979 12.562386461461581888 
 58.026350984327244475 96.560465215095888425 12.562386461461581888 
 83.036741525936989206 73.870991719525790131 12.562386461461581888 
 43.330857262536525809 151.40479442712828018 12.562386461461581888 
 68.341247804146277645 128.71532093155818188 12.562386461461581888 
 28.635363540745824906 206.24912363916067193 12.562386461461581888 
 53.645754082355566084 183.55965014359057363 12.562386461461581888 
 72.721844706117948931 41.716136003063503779 12.562386461461581888 
 97.732235247727700767 19.026662507493409038 12.562386461461581888 
 93.35163834575602948 106.02584743598808359 12.562386461461581888 
 118.3620288873657671 83.336373940417985295 12.562386461461581888 
 78.656144623965317919 160.87017664802047534 12.562386461461581888 
 103.66653516557504133 138.18070315245037705 12.562386461461581888 
 63.960650902174606358 215.71450586005286709 12.562386461461581888 
 88.971041443784343983 193.02503236448274038 12.562386461461581888 
 108.04713206754672683 51.181518223955691838 12.562386461461581888 
 133.05752260915647867 28.492044728385593544 12.562386461461581888 
 128.67692570718480738 115.49122965688026454 12.562386461461581888 
 153.68731624879455921 92.801756161310166249 12.562386461461581888 
 113.98143198539411003 170.3355588689126705 12.562386461461581888 
 138.99182252700384765 147.64608537334254379 12.562386461461581888 
 99.285938263603412679 225.17988808094506226 12.562386461461581888 
 124.2963288052131503 202.49041458537493554 12.562386461461581888 
 143.37241942897551894 60.646900444847879896 12.562386461461581888 
 168.3828099705852992 37.957426949277767392 12.562386461461581888 
 164.00221306861359949 124.9566118777724455 12.562386461461581888 
 189.01260361022335132 102.2671383822023472 12.562386461461581888 
 149.30671934682288793 179.80094108980486567 12.562386461461581888 
 174.31710988843263976 157.11146759423473895 12.562386461461581888 
 134.61122562503217637 234.64527030183725742 12.562386461461581888 
 159.6216161666419282 211.95579680626713071 12.562386461461581888 
 178.69770679040431105 70.112282665740067955 12.562386461461581888 
 203.70809733201403446 47.422809170169955451 12.562386461461581888 
 199.32750043004242002 134.42199409866464066 12.562386461461581888 
 224.33789097165208659 111.73252060309454237 12.562386461461581888 
 184.63200670825165162 189.26632331069703241 12.562386461461581888 
 209.64239724986140345 166.57684981512693412 12.562386461461581888 
 169.93651298646096848 244.11065252272942416 12.562386461461581888 
 194.94690352807069189 221.42117902715929745 12.562386461461581888 
 214.02299415183307474 79.577664886632248908 12.562386461461581888 
 239.03338469344279815 56.888191391062143509 12.562386461461581888 
 234.65278779147115529 143.88737631955683582 12.562386461461581888 
 219.95729406968044373 198.73170553158919915 12.562386461461581888 
 244.96768461129019556 176.04223203601910086 12.562386461461581888 
 205.26180034788976059 253.57603474362161933 12.562386461461581888 
  230.272190889499484 230.88656124805154946 12.562386461461581888 
 249.34828151326183843 89.043047107524444073 12.562386461461581888 
