 61.085941305423318681 53.370535105248087859 12.562386461461581888 
 91.116591319142401062 37.927352068596157153 12.562386461461581888 
 32.696427473530306429 102.54261546426617713 12.562386461461581888 
 62.727077487249410126 87.099432427614260632 12.562386461461581888 
 4.3069136416372977294 151.71469582328430192 12.562386461461581888 
 34.337563655356390768 136.27151278663239964 12.562386461461581888 
 89.475455137316316723 4.198454746229969281 12.562386461461581888 
 5.9480498234633900623 185.44359314565051022 12.562386461461581888 
 92.757727500968499612 71.656249390962372559 12.562386461461581888 
 122.7883775146875962 56.213066354310441852 12.562386461461581888 
 64.36821366907548736 120.82832974998046893 12.562386461461581888 
 94.398863682794598162 105.38514671332853823 12.562386461461581888 
 35.978699837182482213 170.00041010899857952 12.562386461461581888 
 66.009349850901571699 154.55722707234664881 12.562386461461581888 
 121.14724133286149765 22.484169031944251316 12.562386461461581888 
 37.619836019008552341 203.7293074313647594 12.562386461461581888 
 124.42951369651368054 89.941963676676635941 12.562386461461581888 
 154.46016371023276292 74.498780640024719446 12.562386461461581888 
 96.039999864620682501 139.11404403569474653 12.562386461461581888 
 126.07064987833977909 123.67086099904281582 12.562386461461581888 
 67.650486032727656038 188.28612439471285711 12.562386461461581888 
 97.68113604644675263 172.84294135806095483 12.562386461461581888 
 152.81902752840667858 40.769883317658532462 12.562386461461581888 
 69.291622214553740378 222.01502171707906541 12.562386461461581888 
 156.10129989205887568 108.22767796239092775 12.562386461461581888 
 186.13194990577798649 92.784494925739011251 12.562386461461581888 
 127.71178606016587764 157.39975832140902412 12.562386461461581888 
 157.74243607388496002 141.95657528475712184 12.562386461461581888 
 99.32227222827285118 206.57183868042716313 12.562386461461581888 
 129.35292224199193356 191.12865564377523242 12.562386461461581888 
 184.49081372395190215 59.055597603372831372 12.562386461461581888 
 100.96340841009894973 240.30073600279337143 12.562386461461581888 
 187.7730860876040424 126.51339224810521955 12.562386461461581888 
 217.80373610132315321 111.07020921145328884 12.562386461461581888 
 159.38357225571104436 175.68547260712330171 12.562386461461581888 
 189.41422226943015517 160.24228957047139943 12.562386461461581888 
 130.99405842381804632 224.85755296614144072 12.562386461461581888 
 161.0247084375371287 209.41436992948951001 12.562386461461581888 
 216.16259991949704045 77.341311889087094755 12.562386461461581888 
 219.44487228314923755 144.79910653381946872 12.562386461461581888 
 249.47552229686834835 129.35592349716756644 12.562386461461581888 
 191.05535845125621108 193.97118689283757931 12.562386461461581888 
 221.08600846497532189 178.52800385618567702 12.562386461461581888 
 162.66584461936321304 243.14326725185568989 12.562386461461581888 
 192.69649463308232384 227.70008421520378761 12.562386461461581888 
 247.83438611504226401 95.62702617480138656 12.562386461461581888 
 251.11665847869443269 163.08482081953377474 12.562386461461581888 
 59.444805123597241447 19.641637782881897323 12.562386461461581888 
 222.72714464680143465 212.25690117855188532 12.562386461461581888 
 31.055291291704236301 68.813718141899997249 12.562386461461581888 
 2.6657774598112258246 117.98579850091813626 12.562386461461581888 
