 11.126509678108812196 7.9057343687098038387 13.326745750384317191 
 36.726509678108811841 33.505734368709802595 13.326745750384317191 
 11.126509678108812196 59.105734368709796911 13.326745750384317191 
 36.726509678108811841 84.705734368709812543 13.326745750384317191 
 11.126509678108812196 110.30573436870979265 13.326745750384317191 
 36.726509678108811841 135.90573436870980117 13.326745750384317191 
 11.126509678108812196 161.50573436870982391 13.326745750384317191 
 36.726509678108811841 187.10573436870981823 13.326745750384317191 
 11.126509678108812196 212.70573436870981254 13.326745750384317191 
 36.726509678108811841 238.30573436870977844 13.326745750384317191 
 62.326509678108806156 7.9057343687098038387 13.326745750384317191 
 87.926509678108814683 33.505734368709802595 13.326745750384317191 
 62.326509678108806156 59.105734368709796911 13.326745750384317191 
 87.926509678108814683 84.705734368709812543 13.326745750384317191 
 62.326509678108806156 110.30573436870979265 13.326745750384317191 
 87.926509678108814683 135.90573436870980117 13.326745750384317191 
 62.326509678108806156 161.50573436870982391 13.326745750384317191 
 87.926509678108814683 187.10573436870981823 13.326745750384317191 
 62.326509678108806156 212.70573436870981254 13.326745750384317191 
 87.926509678108814683 238.30573436870977844 13.326745750384317191 
  113.526509678108809 7.9057343687098038387 13.326745750384317191 
 139.12650967810881752 33.505734368709802595 13.326745750384317191 
  113.526509678108809 59.105734368709796911 13.326745750384317191 
 139.12650967810881752 84.705734368709812543 13.326745750384317191 
  113.526509678108809 110.30573436870979265 13.326745750384317191 
 139.12650967810881752 135.90573436870980117 13.326745750384317191 
  113.526509678108809 161.50573436870982391 13.326745750384317191 
 139.12650967810881752 187.10573436870981823 13.326745750384317191 
  113.526509678108809 212.70573436870981254 13.326745750384317191 
 139.12650967810881752 238.30573436870977844 13.326745750384317191 
 164.72650967810881184 7.9057343687098038387 13.326745750384317191 
 190.32650967810883458 33.505734368709802595 13.326745750384317191 
 164.72650967810881184 59.105734368709796911 13.326745750384317191 
 190.32650967810883458 84.705734368709812543 13.326745750384317191 
 164.72650967810881184 110.30573436870979265 13.326745750384317191 
 190.32650967810883458 135.90573436870980117 13.326745750384317191 
 164.72650967810881184 161.50573436870982391 13.326745750384317191 
 190.32650967810883458 187.10573436870981823 13.326745750384317191 
 164.72650967810881184 212.70573436870981254 13.326745750384317191 
 190.32650967810883458 238.30573436870977844 13.326745750384317191 
 215.92650967810880047 7.9057343687098038387 13.326745750384317191 
 241.52650967810879479 33.505734368709802595 13.326745750384317191 
 215.92650967810880047 59.105734368709796911 13.326745750384317191 
 241.52650967810879479 84.705734368709812543 13.326745750384317191 
 215.92650967810880047 110.30573436870979265 13.326745750384317191 
 241.52650967810879479 135.90573436870980117 13.326745750384317191 
 215.92650967810880047 161.50573436870982391 13.326745750384317191 
 241.52650967810879479 187.10573436870981823 13.326745750384317191 
 215.92650967810880047 212.70573436870981254 13.326745750384317191 
 241.52650967810879479 238.30573436870977844 13.326745750384317191 
