 91.616590569236308284 1.5902304279420378386 13.326745750384317191 
 100.98684090611794772 36.560480764823658717 13.326745750384317191 
 66.016590569236328179 45.930731101705291053 13.326745750384317191 
 75.386840906117953409 80.90098143858692481 13.326745750384317191 
 40.416590569236333863 90.27123177546853583 13.326745750384317191 
 49.786840906117959094 125.2414821123501838 13.326745750384317191 
 14.816590569236332442 134.61173244923182324 13.326745750384317191 
 24.186840906117971883  169.581982786113457 13.326745750384317191 
 135.95709124299958148 27.190230427942022828 13.326745750384317191 
 145.32734157988122092 62.160480764823660138 13.326745750384317191 
 110.35709124299958717 71.530731101705285369 13.326745750384317191 
 119.72734157988122661 106.50098143858693334 13.326745750384317191 
 84.75709124299957864 115.87123177546854436 13.326745750384317191 
 94.127341579881218081 150.84148211235017811 13.326745750384317191 
 59.157091242999584324 160.21173244923181755 13.326745750384317191 
 68.527341579881237976 195.18198278611342289 13.326745750384317191 
 33.557091242999590008 204.55223312299506233 13.326745750384317191 
 170.92734157988121524 17.819980091060362071 13.326745750384317191 
 180.29759191676282626 52.790230427942020697 13.326745750384317191 
 189.6678422536444657 87.760480764823654454 13.326745750384317191 
 154.69759191676283194 97.130731101705279684 13.326745750384317191 
 164.06784225364449981 132.10098143858692765 13.326745750384317191 
 129.09759191676283763 141.47123177546853867 13.326745750384317191 
 138.46784225364447707 176.44148211235017243 13.326745750384317191 
 103.49759191676284331 185.81173244923181187 13.326745750384317191 
 112.86784225364449696 220.78198278611341721 13.326745750384317191 
 77.897591916762848996 230.15223312299508507 13.326745750384317191 
 215.26784225364451686 43.419980091060359939 13.326745750384317191 
 224.63809259052612788 78.390230427942015012 13.326745750384317191 
 234.0083429274077389 113.36048076482366298 13.326745750384317191 
 199.03809259052610514 122.73073110170528821 13.326745750384317191 
 208.40834292740774458 157.70098143858692197 13.326745750384317191 
 173.43809259052613925 167.07123177546853299 13.326745750384317191 
 182.80834292740777869 202.04148211235019517 13.326745750384317191 
 147.83809259052611651 211.41173244923180619 13.326745750384317191 
 157.20834292740775595 246.38198278611343994 13.326745750384317191 
 122.23809259052613641 255.75223312299505096 13.326745750384317191 
 56.646340232354681632 10.960480764823676836 13.326745750384317191 
 243.37859326428934992 148.3307311017052541 13.326745750384317191 
 31.046340232354680211 55.300981438586930494 13.326745750384317191 
 217.7785932642893556 192.6712317754685273 13.326745750384317191 
 5.446340232354694777 99.641482112350175271 13.326745750384317191 
 192.17859326428936129 237.01173244923182892 13.326745750384317191 
