 135.60992200038390365 12.542590169882483764 13.326745750384317191 
 100.63967166350226989 3.1723398330008687473 13.326745750384317191 
 91.269421326620644663 38.142590169882481632 13.326745750384317191 
 56.299170989739010906 28.77233983300086706 13.326745750384317191 
 46.928920652857399887 63.742590169882475948 13.326745750384317191 
 11.958670315975771459 54.372339833000864928 13.326745750384317191 
 2.588419979094110257 89.342590169882498685 13.326745750384317191 
 170.58017233726553741 21.912840506764098336 13.326745750384317191 
 161.20992200038389797 56.883090843645746304 13.326745750384317191 
 126.23967166350226421 47.512840506764106863 13.326745750384317191 
 116.86942132662063898 82.48309084364574062 13.326745750384317191 
 81.899170989739005222 73.112840506764115389 13.326745750384317191 
 72.528920652857408413 108.08309084364573494 13.326745750384317191 
 37.558670315975760445 98.712840506764123916 13.326745750384317191 
 28.188419979094121004 133.68309084364577188 13.326745750384317191 
 205.55042267414717116 31.283090843645727119 13.326745750384317191 
 196.18017233726556015 66.253341180527343113 13.326745750384317191 
 186.80992200038389228 101.22359151740899108 13.326745750384317191 
 151.83967166350225853 91.85334118052736585 13.326745750384317191 
 142.46942132662064751 126.82359151740899961 13.326745750384317191 
 107.49917098973901375 117.45334118052736017 13.326745750384317191 
 98.128920652857402729 152.42359151740899392 13.326745750384317191 
 63.158670315975768972 143.05334118052735448 13.326745750384317191 
 53.78841997909412953 178.02359151740901666 13.326745750384317191 
 18.818169642212481563 168.65334118052740564 13.326745750384317191 
 231.1504226741471939 75.623591517408982554 13.326745750384317191 
 221.78017233726555446 110.59384185429063052 13.326745750384317191 
 212.40992200038391502 145.56409219117227849 13.326745750384317191 
 177.43967166350228126 136.19384185429063905 13.326745750384317191 
 168.06942132662067024 171.16409219117227281 13.326745750384317191 
 133.09917098973903649 161.79384185429063336 13.326745750384317191 
 123.72892065285742547 196.76409219117226712 13.326745750384317191 
 88.758670315975777498 187.39384185429062768 13.326745750384317191 
 79.388419979094138057 222.36409219117228986 13.326745750384317191 
  44.4181696422125043 212.99384185429067884 13.326745750384317191 
 256.75042267414721664 119.96409219117226996 13.326745750384317191 
 247.3801723372655772 154.93434252805388951 13.326745750384317191 
 238.00992200038390934 189.90459286493549484 13.326745750384317191 
 203.03967166350227558 180.53434252805388383 13.326745750384317191 
 193.66942132662066456 215.50459286493551758 13.326745750384317191 
 158.69917098973905922 206.13434252805390656 13.326745750384317191 
 149.32892065285741978 241.10459286493554032 13.326745750384317191 
 114.35867031597578602 231.7343425280539293 13.326745750384317191 
