 30.189839690926486782 23.341337026142561228 6.0976760127718385718 
 25.490879994709349177 41.01459026550786291 6.0976760127718385718 
 46.34499847705886566 14.768934255522776056 6.0976760127718385718 
 13.64530551937766667 108.44515475909228996 6.0976760127718385718 
 5.2691378190473185938 140.6876224792396215 6.0976760127718385718 
 29.091287261531213915 71.505459408047059355 6.0976760127718385718 
 36.794785331993054456 53.928577702046332831 6.0976760127718385718 
 4.5719307721532000954 169.86647324686512661 6.0976760127718385718 
 65.141409337927171919 19.961122903829711106 6.0976760127718385718 
 45.321235945061957295 80.823851747668257417 6.0976760127718385718 
 75.499071074586908026 3.7847670651498903638 6.0976760127718385718 
 55.776333288642049979 50.924473448575398038 6.0976760127718385718 
 33.915874873862847494 110.57435489852079513 6.0976760127718385718 
 23.635790516854900289 142.34032858723270465 6.0976760127718385718 
 5.6198516547182411074 200.08870883437512589 6.0976760127718385718 
 59.598952837574145747 68.303785901518381252 6.0976760127718385718 
 36.401387693061636242 128.7574177967675837 6.0976760127718385718 
 70.340013960262780301 37.85052332560413646 6.0976760127718385718 
 23.172103258697895001 173.15258776551732467 6.0976760127718385718 
 50.763708303272892408 98.114694423357065034 6.0976760127718385718 
 32.619489933659068015 158.24684240680133485 6.0976760127718385718 
 21.895609614820887856 202.74709528980162077 6.0976760127718385718 
 33.161525602238143051 189.13749709483903416 6.0976760127718385718 
 76.175057876938936374 74.662174414022487667 6.0976760127718385718 
 52.600829361337687828 137.72428853160715789 6.0976760127718385718 
 89.592519520460498939 42.40680185666832358 6.0976760127718385718 
 72.55837191329320035 93.452052786134657936 6.0976760127718385718 
 50.483794198967146372 157.15174193444320849 6.0976760127718385718 
 27.204658408895216581 219.6931614304810978 6.0976760127718385718 
 107.18770169907698175 8.0607942780312669129 6.0976760127718385718 
 105.69294955898826061 28.459091064580583463 6.0976760127718385718 
 91.266232638333832483 62.278311975292396596 6.0976760127718385718 
 69.981794148671923494 133.5062883706275727 6.0976760127718385718 
 47.702815084921745381 200.26651173125941341 6.0976760127718385718 
 88.541207409012628204  102.519107401166508 6.0976760127718385718 
 44.305440569643849358 218.66619241935131868 6.0976760127718385718 
 66.887033194027580407 167.5716544984933023 6.0976760127718385718 
 84.793941350332985962 121.09602882574954208 6.0976760127718385718 
 106.77207901504307586 72.664095313612719451 6.0976760127718385718 
 76.559171344615691623 151.71238868031167613 6.0976760127718385718 
 124.07442995728918333 34.152850413979180644 6.0976760127718385718 
 105.36531799221840799 91.720663586668109701 6.0976760127718385718 
 64.759535546603345324 200.89902003142597664 6.0976760127718385718 
 138.35870478618801371 2.9631287926561982182 6.0976760127718385718 
 74.804159616984421177 186.13475180134940956 6.0976760127718385718 
 57.219729900347985563 231.50825512763034908 6.0976760127718385718 
 137.75146206401117865 21.347399649895329787 6.0976760127718385718 
 98.817001537908339515  132.274356139602844 6.0976760127718385718 
 93.365283389266636505 149.73027154811637729 6.0976760127718385718 
 125.31122154530881119 67.180555388351450574 6.0976760127718385718 
 71.306879737257915508 219.68703136466029946 6.0976760127718385718 
 133.59285243610548832 50.565204846777326964 6.0976760127718385718 
 89.228161526486275079 199.66041810532118461 6.0976760127718385718 
 123.60776652636407391 97.484241864026841995 6.0976760127718385718 
 116.77258965647740752 131.65360471896701711 6.0976760127718385718 
 106.35351229442107979 160.92894613409623616 6.0976760127718385718 
 136.5685769467467594 81.959149755397419312 6.0976760127718385718 
 154.88414249750013596 28.175079178021508852 6.0976760127718385718 
 89.039059445912599244 220.37185601866264051 6.0976760127718385718 
 126.62909086863710684 115.89064926853430393 6.0976760127718385718 
 153.28490350980865742 46.992033852629823798 6.0976760127718385718 
 104.92292710958561486 194.24043282675427236 6.0976760127718385718 
 111.03299848271072392 177.90906997014235458 6.0976760127718385718 
 120.85805584655432199 150.05440939192880023 6.0976760127718385718 
 167.47901704524321076 13.928636830336632357 6.0976760127718385718 
 103.42778857481944499 235.2818674723500294 6.0976760127718385718 
 155.97678228247235666 77.466594830631180457 6.0976760127718385718 
 143.79550692181356908 120.79966741636948768 6.0976760127718385718 
 117.27245265804806706 206.68283376772006932 6.0976760127718385718 
 166.70055253431672782 60.315095644439153943 6.0976760127718385718 
 133.44511088029562984 162.68846599580894008 6.0976760127718385718 
 129.02967005250724242 179.89410991682728991 6.0976760127718385718 
 186.28202082266261641 17.036402873060136898 6.0976760127718385718 
 118.53671430021179845 224.77931127690868607 6.0976760127718385718 
 158.00144476222217804 109.52323972708640554 6.0976760127718385718 
 150.17507638351736432 138.04569772517919546 6.0976760127718385718 
 165.62853671515671294 92.771067972865353113 6.0976760127718385718 
 132.4188927422998745 197.84836158730891498 6.0976760127718385718 
 148.4809843129225726 155.76068188054858865 6.0976760127718385718 
 188.36714586374534974 55.188787941418084415 6.0976760127718385718 
 194.67343241820972821 35.506476506729164555 6.0976760127718385718 
 136.75735721356710428 228.18463424319230626 6.0976760127718385718 
 171.77658667688763217 120.82662222225322068 6.0976760127718385718 
 144.6871367146528371 211.06937591619529826 6.0976760127718385718 
 167.84271008061620023 137.40318056661016044 6.0976760127718385718 
 184.11085636208986216 95.626600196178486613 6.0976760127718385718 
 162.61595167749555912 166.46795408962498186 6.0976760127718385718 
 142.24296385211030724 245.89955500241322284 6.0976760127718385718 
 213.58631673268524764 32.948042645314401966 6.0976760127718385718 
 175.19403207547685497 153.46716158528039387 6.0976760127718385718 
 203.61442846141281393 69.082541226693962244 6.0976760127718385718 
 187.23363726385832706 113.54457557276870716 6.0976760127718385718 
 165.1816284653877176 184.46855573321386146 6.0976760127718385718 
 199.64481523505952509 87.148537621438464384 6.0976760127718385718 
 159.98751518236755942 202.53773670437377064 6.0976760127718385718 
 200.63939607731001047 124.90110978732181479 6.0976760127718385718 
 192.15811741785614686 156.04230379770933723 6.0976760127718385718 
 160.9784420595743768 247.74451093038686622 6.0976760127718385718 
 228.75824866765833576 43.526611576457391095 6.0976760127718385718 
 173.7885049303956464 213.99341444576467097 6.0976760127718385718 
 223.52406710558824443 72.800095478263529003 6.0976760127718385718 
 214.47563137444225845 99.093638743347142395 6.0976760127718385718 
 183.1495795071093653 186.30410861192589778 6.0976760127718385718 
 203.69807379413427384 142.68542777366369023 6.0976760127718385718 
 172.88043745593407152 232.08001940847634614 6.0976760127718385718 
 195.25112209654554363 173.48041349413151124 6.0976760127718385718 
 216.34993799211596865 116.84710363919482745 6.0976760127718385718 
 235.52202253413958033 60.233419753861518586 6.0976760127718385718 
 188.46053516096978342 203.31031760213676307 6.0976760127718385718 
 243.95709953090309341 33.765588859897619045 6.0976760127718385718 
 230.08146728307229978 90.750388948419299595 6.0976760127718385718 
 212.02316167034859973 177.39047280109025451 6.0976760127718385718 
 190.47704266167912124 237.30983770187930304 6.0976760127718385718 
 221.5527727693905149 145.89516505885450215 6.0976760127718385718 
 230.04589325390838894 129.19031855087058602 6.0976760127718385718 
 254.38166474697942476 61.314300459281206201 6.0976760127718385718 
 205.49777918010354938 207.98727633463767006 6.0976760127718385718 
 189.12131077086218056 255.58843248222009947 6.0976760127718385718 
 245.18815711928499468 102.65650712547571288 6.0976760127718385718 
 224.59694689511533738 163.67970479555779661 6.0976760127718385718 
 217.91925050533868102 194.54525180288175079 6.0976760127718385718 
 205.93830365801153448 226.35188326606868259 6.0976760127718385718 
 246.82648104848982484 122.25999728959384072 6.0976760127718385718 
  239.318104209496056 173.15674291770909576 6.0976760127718385718 
 235.82947786590912642 191.06909663073162164 6.0976760127718385718 
 223.07566454629517239 232.23134442769961083 6.0976760127718385718 
 220.53209774165824797 251.27192494424679126 6.0976760127718385718 
