                    1 67.369663999999971793 6.0976760127718385718 
 3.2648320000000010666 222.10156799999998611 6.0976760127718385718 
 8.6225280000000115166 48.835903999999985103 6.0976760127718385718 
 16.336832000000004683 9.1849600000000002353 6.0976760127718385718 
 5.1955840000000081957 172.49503999999993198 6.0976760127718385718 
 5.1504000000000136339 191.16435199999992278 6.0976760127718385718 
 9.4176640000000126918 97.840319999999934453 6.0976760127718385718 
 13.426880000000005921 248.99654399999994325 6.0976760127718385718 
 14.394048000000021048 79.920703999999972211 6.0976760127718385718 
 14.129472000000010468 141.43955199999996353 6.0976760127718385718 
 31.304512000000023875 22.202176000000008571 6.0976760127718385718 
 20.281536000000006226 216.11347199999994473 6.0976760127718385718 
 28.122048000000017254 41.460287999999991371 6.0976760127718385718 
 19.231808000000000902 160.86444799999995325 6.0976760127718385718 
 22.235328000000002646 198.01708799999991584 6.0976760127718385718 
 24.43667200000002282 110.11411199999997734 6.0976760127718385718 
 27.672896000000015704 129.08639999999991232 6.0976760127718385718 
 31.158848000000013201 244.03756799999996474 6.0976760127718385718 
 32.407488000000014949 79.980863999999968428 6.0976760127718385718 
 33.756480000000010477 226.7066239999999766 6.0976760127718385718 
 50.075456000000009738 16.807360000000016953 6.0976760127718385718 
 37.958592000000024314 97.308735999999996125 6.0976760127718385718 
 45.299136000000018498 50.958656000000019048 6.0976760127718385718 
 36.384320000000002437 170.01772799999994845 6.0976760127718385718 
 38.63404800000000705 189.52313599999993698 6.0976760127718385718 
 46.840000000000031832 69.115839999999977294 6.0976760127718385718 
 43.579712000000014882 138.71993599999990465 6.0976760127718385718 
 48.592191999999997165 251.62284799999991947 6.0976760127718385718 
 50.535232000000021912 221.28633599999997728 6.0976760127718385718 
 49.399232000000004916 157.2405119999999954 6.0976760127718385718 
 53.123776000000020758 202.92127999999996746 6.0976760127718385718 
 65.580352000000019075 27.350336000000016412 6.0976760127718385718 
 63.299392000000011649  45.0903679999999909 6.0976760127718385718 
 55.960128000000011639 96.469695999999970581 6.0976760127718385718 
 60.318144000000003757 237.30489599999995676 6.0976760127718385718 
 58.427840000000038856 129.29414399999990337 6.0976760127718385718 
 62.795456000000037022 79.141311999999970794 6.0976760127718385718 
 63.82035200000002817 112.17324799999991569 6.0976760127718385718 
 68.541759999999996467 158.12550399999994966 6.0976760127718385718 
 71.409856000000019094 203.13209599999996158 6.0976760127718385718 
 84.548416000000017334 24.715839999999978716 6.0976760127718385718 
 80.731328000000004863 53.448255999999993548 6.0976760127718385718 
 72.705984000000015044 140.58681599999994205 6.0976760127718385718 
 89.652799999999999159 7.6397440000000189642 6.0976760127718385718 
 78.599872000000033267 238.52396799999991117 6.0976760127718385718 
 80.325312000000010926 71.974719999999933862 6.0976760127718385718 
 82.264256000000003155 219.49190399999991996 6.0976760127718385718 
 81.414592000000013172 112.46918399999999849 6.0976760127718385718 
 82.055104000000000042 188.10566399999993337 6.0976760127718385718 
 83.262272000000010053 169.77452799999997524 6.0976760127718385718 
 89.114815999999990481 255.78463999999999601 6.0976760127718385718 
 86.979392000000032681 130.40799999999995862 6.0976760127718385718 
 95.262016000000016902 40.125376000000002819 6.0976760127718385718 
 94.604608000000027346 100.30291199999996365 6.0976760127718385718 
 96.797887999999986164 81.229631999999995173 6.0976760127718385718 
 98.658624000000031629 194.79174399999996581 6.0976760127718385718 
 99.068608000000011771 212.90873600000000465 6.0976760127718385718 
 102.92576000000001102 165.61350399999997762 6.0976760127718385718 
 104.67155199999999127 132.47532799999993358 6.0976760127718385718 
 107.92864000000001568 254.15865599999992241 6.0976760127718385718 
 107.58457599999999843 113.7868159999999591 6.0976760127718385718 
 115.49804799999999716 37.863871999999993534 6.0976760127718385718 
 115.04659200000003239 72.978495999999950072 6.0976760127718385718 
 112.85420799999999986 149.56217599999996537 6.0976760127718385718 
 111.80447999999998387 182.86470399999993219 6.0976760127718385718 
 114.29689599999998961 221.73087999999992803 6.0976760127718385718 
 123.04569600000002083 1.5891840000000230226 6.0976760127718385718 
 118.11104000000003111 239.47193599999997105 6.0976760127718385718 
 126.57926399999999489 20.469824000000016895 6.0976760127718385718 
 125.89280000000000825 54.754239999999981592 6.0976760127718385718 
 122.62585599999999886 106.84447999999997592 6.0976760127718385718 
 125.47603200000000356 88.366783999999967136 6.0976760127718385718 
 127.20275200000003224 193.56998399999997673 6.0976760127718385718 
 129.49369600000002833 211.76403199999998606 6.0976760127718385718 
 131.8513279999999952 151.79654399999995462 6.0976760127718385718 
 136.3679360000000429 119.00396799999994357 6.0976760127718385718 
 136.35935999999998103 239.6327039999999613 6.0976760127718385718 
 145.4445440000000076 18.781759999999984245 6.0976760127718385718 
 143.00537600000001248 89.446463999999963335 6.0976760127718385718 
 146.06022400000000516 51.227455999999939706 6.0976760127718385718 
 142.05881600000000731 167.33062399999994341 6.0976760127718385718 
 142.46444800000000441 136.27833599999999592 6.0976760127718385718 
 142.94406399999999735 186.21151999999997884 6.0976760127718385718 
 144.23712000000003286 223.41919999999996094 6.0976760127718385718 
 154.26131200000003219                    1 6.0976760127718385718 
 146.46764800000002538 253.92198399999992375 6.0976760127718385718 
 148.54303999999999064 106.83513599999992039 6.0976760127718385718 
 154.51551999999998088 34.311743999999997357 6.0976760127718385718 
 157.36108799999999519 79.695807999999985327 6.0976760127718385718 
 161.3941120000000069 62.676799999999957436 6.0976760127718385718 
 159.57728000000000179 164.82975999999993633 6.0976760127718385718 
 160.57299199999999928 194.57887999999996964 6.0976760127718385718 
 162.71865600000003838 225.53158399999998096 6.0976760127718385718 
 161.27507200000002285 136.18502399999994168 6.0976760127718385718 
 165.15193600000000629 256.52921599999996261 6.0976760127718385718 
 172.68409600000001092 31.154496000000015954 6.0976760127718385718 
 165.64870400000000927 108.34207999999993888 6.0976760127718385718 
 170.22841599999998152 91.598015999999958581 6.0976760127718385718 
 171.53683200000003239 209.80998399999992898 6.0976760127718385718 
 170.19091199999999731 151.14169599999999605 6.0976760127718385718 
 169.30860800000002087 179.35763199999996687 6.0976760127718385718 
 181.49920000000000186 14.730432000000018178 6.0976760127718385718 
 174.94944000000003825 240.67078399999996918 6.0976760127718385718 
 180.21100800000002096 61.03686399999992318 6.0976760127718385718 
 174.25798400000002175 123.51801599999994608 6.0976760127718385718 
 185.47859199999999191 44.193856000000003803 6.0976760127718385718 
 186.63763199999999642 89.95334399999997288 6.0976760127718385718 
 185.88601599999998371 174.53228799999993726 6.0976760127718385718 
 187.50700800000001323 156.31865599999997585 6.0976760127718385718 
 190.23327999999997928 215.20223999999993225 6.0976760127718385718 
 193.99724800000001323 73.891647999999946705 6.0976760127718385718 
 193.54604799999998477 233.81049599999991528 6.0976760127718385718 
 199.46745600000002696 19.199040000000014317 6.0976760127718385718 
 202.45075199999999427 38.512447999999992021 6.0976760127718385718 
 196.15174400000003629 104.94790399999996566 6.0976760127718385718 
 193.04723200000000816 122.16684799999998745 6.0976760127718385718 
 198.91385600000000977 185.94348799999994526 6.0976760127718385718 
 203.72409600000003138 203.60044799999991483 6.0976760127718385718 
 203.71449600000002533 148.53855999999990445 6.0976760127718385718 
 215.16447999999999752 10.626240000000006347 6.0976760127718385718 
 210.9234559999999874 80.877887999999941826 6.0976760127718385718 
 209.31897600000002058 131.55654399999997395 6.0976760127718385718 
 212.41555200000001946 240.92486399999992841 6.0976760127718385718 
 213.13363200000003417 176.28575999999998203 6.0976760127718385718 
 212.40403200000000083 99.529919999999989955 6.0976760127718385718 
 220.99193599999998128 44.331839999999964164 6.0976760127718385718 
  217.183039999999977 159.46079999999997767 6.0976760127718385718 
 226.2298240000000078 26.509632000000010521 6.0976760127718385718 
 222.44870399999999222 203.28659199999998464 6.0976760127718385718 
 227.56268799999998009 77.07423999999996056 6.0976760127718385718 
 227.06220799999999826 186.25798399999999333 6.0976760127718385718 
 233.44377599999998552 60.213311999999994839 6.0976760127718385718 
 228.2020480000000191 108.59193599999994717 6.0976760127718385718 
 233.85606399999997507 231.79167999999995686 6.0976760127718385718 
 228.63110400000005029 127.35878399999997157 6.0976760127718385718 
 242.69830400000000736 1.9731839999999920554 6.0976760127718385718 
 237.28761599999998566 213.40499199999999291 6.0976760127718385718 
 241.95027200000004086 20.245312000000012631 6.0976760127718385718 
 235.18675199999998426 157.52902399999999261 6.0976760127718385718 
 238.74963200000001962 93.527487999999948443 6.0976760127718385718 
 240.59744000000000597 175.19417599999991353 6.0976760127718385718 
 244.20921600000002627 141.73881599999998571 6.0976760127718385718 
 250.8769919999999729 69.54489599999992322 6.0976760127718385718 
 251.81510399999996253 239.49932799999993449 6.0976760127718385718 
 253.74521599999997079 202.65465599999993174 6.0976760127718385718 
