 60.410944000000007748                    1 6.0976760127718385718 
 247.46540800000002491 5.8017792000000101282 6.0976760127718385718 
 179.88883200000000784 7.2779520000000044178 6.0976760127718385718 
 210.36857600000001867 8.5281152000000020053 6.0976760127718385718 
 161.68940800000001445 11.374425600000018122 6.0976760127718385718 
 228.41798399999998992 13.409664000000020678 6.0976760127718385718 
 119.26559999999999206 16.163584000000014385 6.0976760127718385718 
 86.77369600000001526 18.967680000000019191 6.0976760127718385718 
 53.061184000000039873 18.835456000000000643 6.0976760127718385718 
 35.412160000000028504 20.352384000000007802 6.0976760127718385718 
 193.14924800000000005 19.562240000000020501 6.0976760127718385718 
 104.01427199999997697 25.601791999999999661 6.0976760127718385718 
 153.62080000000005953 27.532544000000008566 6.0976760127718385718 
 134.95148800000006872 27.487360000000013116 6.0976760127718385718 
 228.27552000000005705 31.754623999999999739 6.0976760127718385718 
 77.119296000000019831 35.763840000000001851 6.0976760127718385718 
 246.19513599999999087 36.731008000000009872 6.0976760127718385718 
 59.430208000000035895 36.432640000000013458 6.0976760127718385718 
 184.67628800000002798 36.466432000000011726 6.0976760127718385718 
 110.00236800000001836 42.618496000000007484 6.0976760127718385718 
 165.25139200000003825 41.568767999999998608 6.0976760127718385718 
 128.09875200000004725 44.572288000000000352 6.0976760127718385718 
 216.00172800000001416 46.773632000000020525 6.0976760127718385718 
 34.436416000000008353 53.821824000000027866 6.0976760127718385718 
 197.02944000000007918 50.00985600000001341 6.0976760127718385718 
 82.078272000000012554 53.495808000000010907 6.0976760127718385718 
 246.13497599999999466 54.744447999999998444 6.0976760127718385718 
 51.70118400000001202 54.612352000000008445 6.0976760127718385718 
 99.409216000000014901 56.093440000000008183 6.0976760127718385718 
 228.80710399999998117 60.295552000000007808 6.0976760127718385718 
 156.09811200000004305 58.721280000000000143 6.0976760127718385718 
 136.59270400000005452 60.971008000000004756 6.0976760127718385718 
 187.39590400000005843 65.916672000000019693 6.0976760127718385718 
 74.492992000000043618 70.929152000000001976 6.0976760127718385718 
 56.139072000000034279 73.650176000000030285 6.0976760127718385718 
 104.82950400000000002 72.872192000000012513 6.0976760127718385718 
 168.87532799999999611 71.736192000000002622 6.0976760127718385718 
 123.19455999999999563 75.46073600000002557 6.0976760127718385718 
 229.6461439999999925 78.297088000000002239 6.0976760127718385718 
 88.810944000000020537 82.655104000000008568 6.0976760127718385718 
 196.82169600000005971 80.764800000000036562 6.0976760127718385718 
 246.97452800000002071 85.132416000000034728 6.0976760127718385718 
 213.94259200000004739 86.15731200000001877 6.0976760127718385718 
 42.81504000000004595 90.188928000000004204 6.0976760127718385718 
 167.99033600000001343 90.878720000000001278 6.0976760127718385718 
 122.98374400000002993 93.746816000000009694 6.0976760127718385718 
 185.52902400000002103 95.042944000000005644 6.0976760127718385718 
 87.591872000000051912 100.93683200000002387 6.0976760127718385718 
 254.14112000000005764 102.66227200000000153 6.0976760127718385718 
 106.62393600000004312 104.60121599999999376 6.0976760127718385718 
 213.6466559999999788 103.75155200000001798 6.0976760127718385718 
 138.01017600000005814 104.39206400000000485 6.0976760127718385718 
 50.444991999999999166 108.55948800000003018 6.0976760127718385718 
 156.34131200000001627 105.59923200000000065 6.0976760127718385718 
 70.331199999999995498 111.45177599999999529 6.0976760127718385718 
 195.70784000000003289 109.31635200000002328 6.0976760127718385718 
 225.81292799999999943 116.94156800000003216 6.0976760127718385718 
 244.88620799999998212 119.13484799999999098 6.0976760127718385718 
 131.32409599999999728 120.99558400000003644 6.0976760127718385718 
 113.20710399999998685 121.40556800000001658 6.0976760127718385718 
 40.906048000000012621 129.71865600000003838 6.0976760127718385718 
 160.50233600000001388 125.26272000000001583 6.0976760127718385718 
 193.6405120000000295 127.00851199999999608 6.0976760127718385718 
 71.95718400000005488 130.26560000000000628 6.0976760127718385718 
 212.3290240000000324 129.92153600000000324 6.0976760127718385718 
 253.13734400000004143 137.3835520000000372 6.0976760127718385718 
 176.55366400000002614 135.19116800000000467 6.0976760127718385718 
 143.25113600000003089 134.14143999999998869 6.0976760127718385718 
 104.38496000000004926 136.63385599999998021 6.0976760127718385718 
 56.146752000000013538 140.30924799999999664 6.0976760127718385718 
 86.64390400000002046 140.44800000000003593 6.0976760127718385718 
 219.27136000000001559 144.96281600000000367 6.0976760127718385718 
 237.74905600000002437 147.81299200000000837 6.0976760127718385718 
 132.54585600000001477 149.53971200000003705 6.0976760127718385718 
 114.35180799999997703 151.83065600000003315 6.0976760127718385718 
 174.31929600000003688 154.18828800000000001 6.0976760127718385718 
 57.233215999999991652 158.78681600000001595 6.0976760127718385718 
 207.11187200000003372 158.70489600000001928 6.0976760127718385718 
 86.483136000000015997 158.69631999999998584 6.0976760127718385718 
 236.66937599999999975 165.34233599999998887 6.0976760127718385718 
 158.7852160000000481 164.39577600000001212 6.0976760127718385718 
 189.83750399999999559 164.80140800000000922 6.0976760127718385718 
 139.90432000000001267 165.28102400000000216 6.0976760127718385718 
 102.69664000000003057 166.57408000000003767 6.0976760127718385718 
 72.193856000000053541 168.80460800000003019 6.0976760127718385718 
 44.20972799999999836 171.34438400000001934 6.0976760127718385718 
 219.28070400000007112 170.87999999999999545 6.0976760127718385718 
 246.42003199999999197           179.698048 6.0976760127718385718 
 161.28608000000002676 181.9142400000000066 6.0976760127718385718 
 131.53695999999999344 182.90995200000000409 6.0976760127718385718 
 100.58425600000001054 185.05561600000004319 6.0976760127718385718 
 189.93081600000004983 183.61203200000002767 6.0976760127718385718 
  69.5866240000000289 187.4888960000000111 6.0976760127718385718 
 50.880832000000012272 189.82694400000002588 6.0976760127718385718 
 217.77376000000003842 187.98566400000001408 6.0976760127718385718 
 234.51782400000001871 192.56537599999995791 6.0976760127718385718 
 116.3058560000000341 193.87379200000003721 6.0976760127718385718 
 174.97414399999996704 192.52787200000000212 6.0976760127718385718 
 146.75820800000002464 191.64556800000002568 6.0976760127718385718 
 85.445056000000022323 197.28640000000001464 6.0976760127718385718 
 202.59782400000003122 196.59494399999999814 6.0976760127718385718 
 40.569408000000024117 205.9712000000000387 6.0976760127718385718 
 236.16249600000000441 208.97459200000002966 6.0976760127718385718 
 151.58355200000005425 208.22297600000001694 6.0976760127718385718 
 169.79718400000001566 209.84396800000004646 6.0976760127718385718 
 110.91360000000004504 212.57024000000001251 6.0976760127718385718 
 252.2241920000000448 216.33420800000004647 6.0976760127718385718 
 92.30534400000006201 215.88300799999996116 6.0976760127718385718 
 221.16793599999999742 218.48870400000004111 6.0976760127718385718 
 203.94899200000000405 215.38419199999998455 6.0976760127718385718 
 140.17235200000004625  221.250816000000043 6.0976760127718385718 
 46.736192000000038149 225.17439999999996303 6.0976760127718385718 
 122.51539200000006247 226.06105600000000777 6.0976760127718385718 
 177.57728000000005864 226.05145600000005857 6.0976760127718385718 
 245.23795200000003547 233.26041599999999221 6.0976760127718385718 
 194.55929599999998914 231.65593600000002539 6.0976760127718385718 
 65.79257600000002526 235.88249600000000328 6.0976760127718385718 
 85.190976000000048884 234.75251200000002427 6.0976760127718385718 
 149.83008000000000948 235.47059200000003898 6.0976760127718385718 
 226.58591999999998734 234.74099200000000565 6.0976760127718385718 
 166.65504000000001383 239.51999999999998181 6.0976760127718385718 
 122.82924800000000687 244.78566399999999703 6.0976760127718385718 
 249.04160000000001673 249.8996479999999849 6.0976760127718385718 
 139.85785599999999818 249.39916800000000308 6.0976760127718385718 
 61.683520000000058303 254.03379200000000537 6.0976760127718385718 
 43.700032000000021526 255.32659199999997668 6.0976760127718385718 
 217.52390400000004433 250.53900800000002391 6.0976760127718385718 
 94.324160000000034643 256.19302399999997988 6.0976760127718385718 
 198.75705600000000572 250.9680640000000551 6.0976760127718385718 
