 64.070880141712947875 25.389418991645044343 5.7335928657939252417 
 84.972913336151407293 4.4870316877651967857 5.7335928657939252417 
 80.555734966401715269 20.972165789765313093 5.7335928657939252417 
 59.653701771963262956 41.874553093645126012 5.7335928657939252417 
 50.819345032463886014 74.844821297645324876 5.7335928657939252417 
 71.721378226902345432 53.942433993765511957 5.7335928657939252417 
 67.304199857152653408 70.427568095765607836 5.7335928657939252417 
 46.402166662714201095 91.32995539964542786 5.7335928657939252417 
 37.567809923214824153 124.30022360364566225 5.7335928657939252417 
 58.469843117653276465 103.39783629976581381 5.7335928657939252417 
 54.052664747903584441 119.88297040176591679 5.7335928657939252417 
 33.150631553465132129 140.78535770564573681 5.7335928657939252417 
 24.316274813965765844 173.75562590964594278 5.7335928657939252417 
 45.218308008404221709 152.85323860576610855 5.7335928657939252417 
 40.80112963865452258 169.33837270776623996 5.7335928657939252417 
 19.899096444216070267 190.24076001164604577 5.7335928657939252417 
 11.064739704716705759 223.21102821564622332 5.7335928657939252417 
 31.96677289915514919 202.3086409117664175 5.7335928657939252417 
 27.54959452940547493 218.79377501376646364 5.7335928657939252417 
 92.623411421340776428 33.040046689885677722 5.7335928657939252417 
 113.52544461577923585 12.137659386005848816 5.7335928657939252417 
 109.10826624602954382 28.622793488005964235 5.7335928657939252417 
 88.206233051591084404 49.525180791885766496 5.7335928657939252417 
 79.371876312091714567 82.495448995885979571 5.7335928657939252417 
 100.27390950653015977 61.593061692006152441 5.7335928657939252417 
 95.856731136780481961 78.078195794006262531 5.7335928657939252417 
 74.954697942342022543 98.980583097886096766 5.7335928657939252417 
 66.120341202842652706 131.95085130188627431 5.7335928657939252417 
 87.022374397281097913 111.04846399800645429 5.7335928657939252417 
 82.605196027531405889 127.53359810000657149 5.7335928657939252417 
 61.703162833092960682 148.4359854038863773 5.7335928657939252417 
 52.868806093593590845 181.40625360788658327 5.7335928657939252417 
 73.770839288032050263 160.50386630400677745 5.7335928657939252417 
 69.353660918282344028 176.98900040600688044 5.7335928657939252417 
 48.451627723843905926 197.89138770988665783 5.7335928657939252417 
 39.617270984344528983 230.8616559138868638 5.7335928657939252417 
 60.519304178782981296 209.95926861000705799 5.7335928657939252417 
 56.102125809033303483 226.44440271200710413 5.7335928657939252417 
 130.01029944046797482 7.7204061841261157895 5.7335928657939252417 
 121.17594270096859077 40.690674388126325312 5.7335928657939252417 
 142.07797589540703598 19.788287084246498182 5.7335928657939252417 
 137.66079752565735816 36.273421186246601167 5.7335928657939252417 
 116.75876433121892717 57.175808490126421191 5.7335928657939252417 
 107.92440759171954312 90.146076694126634266 5.7335928657939252417 
 128.82644078615797412 69.243689390246800031 5.7335928657939252417 
 124.40926241640828209 85.728823492246903015 5.7335928657939252417 
 103.50722922196986531 106.63121079612672304 5.7335928657939252417 
 94.672872482470481259 139.60147900012694322 5.7335928657939252417 
 115.57490567690891226 118.69909169624709477 5.7335928657939252417 
 111.15772730715922023 135.18422579824721197 5.7335928657939252417 
 90.255694112720789235 156.08661310212701778 5.7335928657939252417 
 81.421337373221419398 189.05688130612722375 5.7335928657939252417 
 102.32337056765986461 168.15449400224738952 5.7335928657939252417 
 97.90619219791015837 184.63962810424752092 5.7335928657939252417 
 77.004159003471727374 205.54201540812729831 5.7335928657939252417 
 68.169802263972357537 238.51228361212747586 5.7335928657939252417 
 89.071835458410802744 217.60989630824767005 5.7335928657939252417 
 84.65465708866111072 234.09503041024777303 5.7335928657939252417 
 158.56283072009577495 15.371033882366766932 5.7335928657939252417 
 149.72847398059641932 48.341302086366965796 5.7335928657939252417 
 170.63050717503486453 27.438914782487128008 5.7335928657939252417 
 166.2133288052851583 43.924048884487241651 5.7335928657939252417 
 145.31129561084674151 64.82643618836706878 5.7335928657939252417 
 136.47693887134735746 97.796704392367260539 5.7335928657939252417 
 157.37897206578580267 76.894317088487440515 5.7335928657939252417 
 152.96179369603609643 93.379451190487543499 5.7335928657939252417 
 132.05976050159767965 114.28183849436737773 5.7335928657939252417 
 123.2254037620982956 147.2521066983675837 5.7335928657939252417 
 144.12743695653674081 126.34971939448773526 5.7335928657939252417 
  139.710258586787063 142.83485349648785245 5.7335928657939252417 
 118.80822539234860358 163.73724080036768669 5.7335928657939252417 
 109.97386865284923374 196.70750900436786424 5.7335928657939252417 
 130.87590184728767895 175.80512170048805842 5.7335928657939252417 
 126.45872347753798692 192.29025580248816141 5.7335928657939252417 
 105.55669028309954172 213.19264310636796722 5.7335928657939252417 
 96.72233354360018609 246.16291131036814477 5.7335928657939252417 
 117.62436673803861709 225.26052400648833896 5.7335928657939252417 
 113.20718836828892506 241.74565810848841352 5.7335928657939252417 
 187.1153619997236035 23.021661580607418074 5.7335928657939252417 
 178.28100526022424788 55.99192978460760628 5.7335928657939252417 
 199.18303845466269308 35.08954248072777915 5.7335928657939252417 
 194.76586008491298685 51.574676582727882135 5.7335928657939252417 
 173.86382689047454164 72.477063886607695053 5.7335928657939252417 
 165.02947015097515759 105.44733209060791523 5.7335928657939252417 
 185.9315033454136028 84.544944786728080999 5.7335928657939252417 
 181.51432497566392499 101.03007888872818398 5.7335928657939252417 
 160.61229178122547978 121.93246619260800401 5.7335928657939252417 
 151.77793504172609573 154.90273439660822419 5.7335928657939252417 
 172.67996823616454094 134.00034709272838995 5.7335928657939252417 
 168.26278986641486313 150.48548119472849294 5.7335928657939252417 
 147.36075667197641792 171.38786849860829875 5.7335928657939252417 
 138.52639993247703387 204.35813670260850472 5.7335928657939252417 
 159.42843312691547908 183.45574939872869891 5.7335928657939252417 
 155.01125475716580127 199.94088350072880189 5.7335928657939252417 
 134.10922156272738448 220.8432708046086077 5.7335928657939252417 
 125.27486482322800043 253.81353900860878525 5.7335928657939252417 
 146.17689801766641722 232.91115170472897944 5.7335928657939252417 
 141.7597196479167394 249.39628580672902558 5.7335928657939252417 
 215.66789327935143206  30.6722892788480479 5.7335928657939252417 
 206.83353653985204801 63.642557482848260975 5.7335928657939252417 
 227.73556973429049322 42.740170178968433845 5.7335928657939252417 
 223.31839136454078698 59.225304280968522619 5.7335928657939252417 
 202.4163581701023702 80.127691584848349748 5.7335928657939252417 
 193.58200143060301457 113.09795978884856993 5.7335928657939252417 
 214.48403462504140293 92.195572484968735694 5.7335928657939252417 
 210.06685625529175354 108.68070658696882447 5.7335928657939252417 
 189.16482306085330833 129.5830938908486587 5.7335928657939252417 
 180.33046632135392429 162.55336209484886467 5.7335928657939252417 
 201.23249951579236949 141.65097479096903044 5.7335928657939252417 
 196.81532114604269168 158.13610889296913342 5.7335928657939252417 
 175.91328795160424647 179.03849619684896766 5.7335928657939252417 
 167.07893121210486242 212.00876440084911678 5.7335928657939252417 
 187.98096440654330763 191.10637709696931097 5.7335928657939252417 
 183.56378603679362982 207.59151119896941395 5.7335928657939252417 
 162.66175284235518461 228.49389850284921977 5.7335928657939252417 
 174.72942929729424577 240.56177940296961992 5.7335928657939252417 
 244.22042455897928903  38.3229169770887097 5.7335928657939252417 
 235.38606781947990498 71.29318518108891567 5.7335928657939252417 
 256.28810101391832177 50.390797877209074329 5.7335928657939252417 
 251.87092264416864396 66.875931979209170208 5.7335928657939252417 
 230.96888944973019875 87.778319283089004443 5.7335928657939252417 
 222.13453271023087154 120.74858748708921041 5.7335928657939252417 
 243.03656590466925991 99.846200183209390389 5.7335928657939252417 
 238.61938753491955367 116.33133428520947916 5.7335928657939252417 
 217.71735434048116531 137.23372158908929919 5.7335928657939252417 
 208.88299760098178126 170.20398979308950516 5.7335928657939252417 
 229.78503079542022647 149.30160248920967092 5.7335928657939252417 
 225.36785242567052023 165.78673659120977391 5.7335928657939252417 
 204.46581923123207503 186.68912389508960814 5.7335928657939252417 
 195.63146249173274782 219.65939209908981411 5.7335928657939252417 
 216.53349568617113619 198.7570047952100083 5.7335928657939252417 
 212.11631731642142995 215.24213889721008286 5.7335928657939252417 
 191.21428412198304159 236.14452620108988867 5.7335928657939252417 
 203.2819605769220459 248.21240710121028883 5.7335928657939252417 
 52.003203686773922243 13.321538091524683267 5.7335928657939252417 
 250.6870639898587001 128.39921518532986511 5.7335928657939252417 
  43.1688469472745453 46.291806295524871473 5.7335928657939252417 
 38.751668577524867487 62.776940397524974458 5.7335928657939252417 
 246.26988562010902228 144.88434928732996809 5.7335928657939252417 
 237.43552888060960981 177.85461749133017406 5.7335928657939252417 
 29.917311838025486992 95.747208601525173322 5.7335928657939252417 
 25.500133468275791415 112.23234270352529052 5.7335928657939252417 
  233.018350510859932 194.33975159333027705 5.7335928657939252417 
 224.18399377136054795 227.31001979733048302 5.7335928657939252417 
 16.665776728776428683 145.20261090752549649 5.7335928657939252417 
 12.248598359026733107 161.68774500952559947 5.7335928657939252417 
 219.76681540161084172 243.79515389933055758 5.7335928657939252417 
 3.4142416195273659341 194.6580132135257486 5.7335928657939252417 
