  90.0378032386428373 29.967748849313217363 5.6418187298156166065 
 125.72916553145596197 20.404277146187293823 5.6418187298156166065 
 110.64422086614294471 35.489221811500321735 5.6418187298156166065 
 74.952858573329820047 45.052693514626227511 5.6418187298156166065 
 44.782969242703792645 75.222582845252276229 5.6418187298156166065 
 80.474331535516938629 65.659111142126349137 5.6418187298156166065 
 65.389386870203907165 80.74405580743936639 5.6418187298156166065 
 29.698024577390782497 90.307527510565279272 5.6418187298156166065 
 35.219497539577886869 110.9139451380654009 5.6418187298156166065 
 20.134552874264858957 125.99888980337841815 5.6418187298156166065 
 146.3355831589560978 25.925750108374419511 5.6418187298156166065 
 116.16569382833007751 56.095639439000436255 5.6418187298156166065 
 151.85705612114318797 46.532167735874530479 5.6418187298156166065 
 136.77211145583018492 61.617112401187554838 5.6418187298156166065 
 101.08074916301704604 71.180584104313453508 5.6418187298156166065 
 70.910859832391011537 101.35047343493948802 5.6418187298156166065 
 106.60222212520416463 91.787001731813575134 5.6418187298156166065 
 91.517277459891161584 106.87194639712659239 5.6418187298156166065 
 55.825915167078008494 116.43541810025250527 5.6418187298156166065 
 25.656025836452005962 146.60530743087852557 5.6418187298156166065 
 61.347388129265127077 137.04183572775264111 5.6418187298156166065 
 46.262443463952109823 152.12678039306564415 5.6418187298156166065 
 10.571081171138976273 161.69025209619152861 5.6418187298156166065 
 161.42052782426912927  10.8408054430613916 5.6418187298156166065 
 16.092554133326082422 182.29666972369167866 5.6418187298156166065 
 182.02694545176925089 16.362278405248474655 5.6418187298156166065 
 172.46347374864333801 52.053640698061649061 5.6418187298156166065 
 142.29358441801730351 82.223530028687676463 5.6418187298156166065 
 177.98494671083042817 72.660058325561777792 5.6418187298156166065 
 162.90000204551742513 87.745002990874795046 5.6418187298156166065 
 127.20863975270430046 97.308474694000707927 5.6418187298156166065 
 97.038750422078265956 127.47836402462671401 5.6418187298156166065 
 132.73011271489141905 117.91489232150081534 5.6418187298156166065 
 117.64516804957840179 132.99983698681381838 5.6418187298156166065 
 81.953805756765262913 142.56330868993975969 5.6418187298156166065 
 51.783916426139242617 172.73319802056576577 5.6418187298156166065 
 87.475278718952367285 163.16972631743988131 5.6418187298156166065 
 72.390334053639350032 178.25467098275288436 5.6418187298156166065 
 36.698971760826225363 187.81814268587876882 5.6418187298156166065 
 187.54841841395636948 36.968696032748617597 5.6418187298156166065 
 42.220444723013329735 208.42456031337889044 5.6418187298156166065 
 208.1548360414564911 42.490168994935721969 5.6418187298156166065 
 198.59136433833057822 78.181531287748882164 5.6418187298156166065 
 168.42147500770454371 108.35142061837488825 5.6418187298156166065 
 204.11283730051766838 98.787948915248989579 5.6418187298156166065 
 189.02789263520466534 113.87289358056202104 5.6418187298156166065 
 153.33653034239151225 123.43636528368791971 5.6418187298156166065 
 123.16664101176549195 153.60625461431396843 5.6418187298156166065 
 158.85800330457863083 144.04278291118802713 5.6418187298156166065 
 143.77305863926562779 159.12772757650105859 5.6418187298156166065 
 108.0816963464524747 168.69119927962697147 5.6418187298156166065 
 77.911807015826468614 198.86108861025294914 5.6418187298156166065 
 113.60316930863957907 189.2976169071270931 5.6418187298156166065 
 98.518224643326576029 204.38256157244009614 5.6418187298156166065 
 62.826862350513451361 213.9460332755659806 5.6418187298156166065 
 213.67630900364360969  63.0965866224358507 5.6418187298156166065 
 68.348335312700555733 234.55245090306613065 5.6418187298156166065 
 234.28272663114370289 68.618059584622955072 5.6418187298156166065 
 224.71925492801776159 104.30942187743612237 5.6418187298156166065 
 194.54936559739178392 134.47931120806214267 5.6418187298156166065 
 230.24072789020490859 124.91583950493622979 5.6418187298156166065 
 215.15578322489193397 140.00078417024926125 5.6418187298156166065 
 179.46442093207875246 149.56425587337514571 5.6418187298156166065 
 149.29453160145271795 179.73414520400120864 5.6418187298156166065 
 184.98589389426587104 170.17067350087526734 5.6418187298156166065 
  169.900949228952868 185.2556181661882988 5.6418187298156166065 
 134.20958693613971491 194.81908986931418326 5.6418187298156166065 
 104.03969760551369461 224.98897919994024619 5.6418187298156166065 
 139.73105989832683349 215.42550749681433331 5.6418187298156166065 
 124.64611523301381624 230.51045216212730793 5.6418187298156166065 
 88.954752940200691569 240.07392386525322081 5.6418187298156166065 
 239.80419959333084989 89.224477212123090908 5.6418187298156166065 
 250.84714551770505864 130.43731246712334837 5.6418187298156166065 
 220.67725618707899571 160.60720179774938288 5.6418187298156166065 
 256.36861847989212038 151.04373009462346999 5.6418187298156166065 
 241.28367381457911733 166.12867475993647304 5.6418187298156166065 
 205.59231152176599267 175.69214646306238592 5.6418187298156166065 
 175.42242219113995816 205.86203579368844885 5.6418187298156166065 
 211.11378448395311125 196.29856409056250754 5.6418187298156166065 
 196.02883981864007978 211.38350875587553901 5.6418187298156166065 
 160.33747752582695512 220.94698045900142347 5.6418187298156166065 
 130.16758819520094903 251.11686978962742955 5.6418187298156166065 
 165.8589504880140737 241.55339808650157352 5.6418187298156166065 
 150.77400582270104223 256.63834275181454814 5.6418187298156166065 
