 135.43288270655708061 8.6977921785887684081 5.6418187298156166065 
 98.482465478421062244 30.031125511922098781 5.6418187298156166065 
 135.43288270655710903 30.031125511922098781 5.6418187298156166065 
 116.95767409248907143 40.697792178588770184 5.6418187298156166065 
 80.007256864353010428 40.697792178588770184 5.6418187298156166065 
 43.056839636216970746 62.031125511922105886 5.6418187298156166065 
 80.007256864353024639 62.031125511922105886 5.6418187298156166065 
 61.532048250285001245 72.697792178588770184 5.6418187298156166065 
 24.58163102214891893 72.697792178588784395 5.6418187298156166065 
 24.58163102214891893 94.031125511922127203 5.6418187298156166065 
 6.1064224080809124118 104.6977921785887844 5.6418187298156166065 
 172.38329993469318424 8.6977921785887470918 5.6418187298156166065 
 153.90809132062511821 40.697792178588770184 5.6418187298156166065 
 116.95767409248908564 62.031125511922105886 5.6418187298156166065 
 153.90809132062511821 62.031125511922105886 5.6418187298156166065 
 135.43288270655710903 72.697792178588770184 5.6418187298156166065 
 98.482465478421062244 72.697792178588784395 5.6418187298156166065 
 61.532048250285001245 94.031125511922112992 5.6418187298156166065 
 98.482465478421062244 94.031125511922112992 5.6418187298156166065 
 80.007256864353024639 104.6977921785887844 5.6418187298156166065 
 43.056839636216970746 104.6977921785887844 5.6418187298156166065 
 6.1064224080809541562 126.03112551192209878 5.6418187298156166065 
 43.05683963621696364 126.03112551192214141 5.6418187298156166065 
 24.581631022148961563 136.69779217858879861 5.6418187298156166065 
 172.38329993469315582 30.031125511922077465 5.6418187298156166065 
 209.33371716282920261 30.031125511922098781 5.6418187298156166065 
 190.85850854876119342 40.697792178588748868 5.6418187298156166065 
 172.3832999346931274 72.697792178588770184 5.6418187298156166065 
 135.43288270655710903 94.031125511922112992 5.6418187298156166065 
 172.38329993469315582 94.031125511922098781 5.6418187298156166065 
 153.90809132062511821 104.69779217858875597 5.6418187298156166065 
 116.95767409248907143 104.6977921785887844 5.6418187298156166065 
 80.007256864353024639 126.03112551192211299 5.6418187298156166065 
 116.95767409248908564 126.03112551192209878 5.6418187298156166065 
 98.482465478421062244 136.69779217858877018 5.6418187298156166065 
 61.532048250284987034 136.69779217858879861 5.6418187298156166065 
 24.581631022148982879 158.03112551192211299 5.6418187298156166065 
 61.532048250284987034 158.03112551192211299 5.6418187298156166065 
 43.056839636216984957 168.69779217858879861 5.6418187298156166065 
 6.1064224080809541562 168.69779217858879861 5.6418187298156166065 
 190.85850854876119342 62.031125511922091675 5.6418187298156166065 
 227.80892577689721179 62.031125511922091675 5.6418187298156166065 
 209.33371716282923103 72.697792178588741763 5.6418187298156166065 
 190.85850854876119342 104.69779217858874176 5.6418187298156166065 
 153.90809132062511821 126.03112551192209878 5.6418187298156166065 
 190.85850854876119342 126.03112551192209878 5.6418187298156166065 
 172.38329993469315582 136.69779217858877018 5.6418187298156166065 
 135.43288270655710903 136.69779217858877018 5.6418187298156166065 
 98.482465478421062244 158.03112551192208457 5.6418187298156166065 
 135.43288270655710903 158.03112551192211299 5.6418187298156166065 
 116.95767409248908564 168.69779217858877018 5.6418187298156166065 
 80.007256864353010428 168.69779217858877018 5.6418187298156166065 
 43.056839636217006273 190.03112551192208457 5.6418187298156166065 
 80.007256864353024639 190.03112551192214141 5.6418187298156166065 
 61.532048250285008351 200.69779217858877018 5.6418187298156166065 
 24.581631022148961563 200.69779217858874176 5.6418187298156166065 
 209.33371716282920261 94.031125511922070359 5.6418187298156166065 
 246.28413439096524939 94.031125511922098781 5.6418187298156166065 
 227.80892577689729706 104.69779217858874176 5.6418187298156166065 
 209.33371716282920261 136.69779217858877018 5.6418187298156166065 
 172.38329993469318424 158.03112551192208457 5.6418187298156166065 
 209.33371716282923103 158.03112551192211299 5.6418187298156166065 
 190.85850854876119342 168.69779217858879861 5.6418187298156166065 
 153.90809132062511821 168.69779217858877018 5.6418187298156166065 
 116.95767409248908564 190.03112551192211299 5.6418187298156166065 
 153.90809132062514664 190.03112551192211299 5.6418187298156166065 
 135.43288270655710903 200.69779217858877018 5.6418187298156166065 
 98.482465478421033822 200.69779217858877018 5.6418187298156166065 
 61.532048250285043878 222.03112551192208457 5.6418187298156166065 
 98.482465478421062244 222.03112551192214141 5.6418187298156166065 
 80.007256864353053061 232.69779217858877018 5.6418187298156166065 
 43.056839636216992062 232.69779217858877018 5.6418187298156166065 
 227.80892577689724021 126.03112551192207036 5.6418187298156166065 
 246.28413439096530624 136.69779217858877018 5.6418187298156166065 
 227.80892577689721179 168.69779217858877018 5.6418187298156166065 
 190.85850854876119342 190.03112551192211299 5.6418187298156166065 
 227.80892577689721179 190.03112551192208457 5.6418187298156166065 
 209.33371716282920261 200.69779217858874176 5.6418187298156166065 
 172.38329993469315582 200.69779217858877018 5.6418187298156166065 
 135.43288270655710903 222.03112551192208457 5.6418187298156166065 
 172.38329993469315582 222.03112551192208457 5.6418187298156166065 
 153.90809132062514664 232.69779217858877018 5.6418187298156166065 
 116.95767409248907143 232.69779217858877018 5.6418187298156166065 
 80.007256864353067272 254.03112551192211299 5.6418187298156166065 
 116.95767409248907143 254.03112551192211299 5.6418187298156166065 
 246.28413439096524939 158.03112551192208457 5.6418187298156166065 
