 195.49571669358576287 37.04368917693076213 5.6418187298156166065 
 152.82905002691910568 37.04368917693076213 5.6418187298156166065 
 184.82905002691910568 55.518897790998785524 5.6418187298156166065 
 163.49571669358576287 55.518897790998785524 5.6418187298156166065 
 131.49571669358579129 37.04368917693076213 5.6418187298156166065 
 88.829050026919105676 37.04368917693076213 5.6418187298156166065 
 120.82905002691910568 55.518897790998785524 5.6418187298156166065 
 99.49571669358577708 55.518897790998785524 5.6418187298156166065 
 67.495716693585762869 37.04368917693076213 5.6418187298156166065 
 24.829050026919112781 37.043689176930776341 5.6418187298156166065 
 56.82905002691909857 55.518897790998785524 5.6418187298156166065 
 35.495716693585784185 55.51889779099879263 5.6418187298156166065 
 3.4957166935857602041 37.043689176930776341 5.6418187298156166065 
 216.8290500269191341 37.043689176930755025 5.6418187298156166065 
 248.82905002691907725 55.518897790998771313 5.6418187298156166065 
 227.49571669358581971 55.518897790998771313 5.6418187298156166065 
 195.49571669358579129 73.994106405066801813 5.6418187298156166065 
 152.82905002691910568 73.994106405066801813 5.6418187298156166065 
 184.82905002691910568 92.469315019134825206 5.6418187298156166065 
 163.49571669358576287 92.469315019134825206 5.6418187298156166065 
 131.49571669358579129 73.994106405066801813 5.6418187298156166065 
 88.829050026919105676 73.994106405066801813 5.6418187298156166065 
 120.82905002691910568 92.469315019134825206 5.6418187298156166065 
 99.49571669358577708 92.469315019134825206 5.6418187298156166065 
 67.49571669358577708 73.994106405066801813 5.6418187298156166065 
 24.829050026919112781 73.994106405066816023 5.6418187298156166065 
 56.82905002691909857 92.469315019134825206 5.6418187298156166065 
 35.495716693585784185 92.469315019134825206 5.6418187298156166065 
 3.4957166935857602041 73.994106405066816023 5.6418187298156166065 
 216.8290500269191341 73.994106405066787602 5.6418187298156166065 
 248.82905002691907725 92.469315019134825206 5.6418187298156166065 
 227.49571669358581971 92.469315019134825206 5.6418187298156166065 
 195.49571669358579129 110.94452363320286281 5.6418187298156166065 
 152.82905002691910568 110.94452363320286281 5.6418187298156166065 
 184.82905002691910568 129.41973224727090042 5.6418187298156166065 
 163.49571669358576287 129.41973224727090042 5.6418187298156166065 
 131.49571669358579129 110.94452363320286281 5.6418187298156166065 
 88.829050026919105676 110.94452363320286281 5.6418187298156166065 
 120.82905002691910568 129.41973224727090042 5.6418187298156166065 
 99.49571669358577708 129.41973224727090042 5.6418187298156166065 
 67.49571669358577708 110.94452363320286281 5.6418187298156166065 
 24.829050026919112781 110.94452363320286281 5.6418187298156166065 
 56.82905002691909857 129.41973224727090042 5.6418187298156166065 
 35.495716693585784185 129.41973224727090042 5.6418187298156166065 
 3.4957166935857602041 110.94452363320286281 5.6418187298156166065 
 216.8290500269191341 110.94452363320286281 5.6418187298156166065 
 248.82905002691907725 129.41973224727090042 5.6418187298156166065 
 227.49571669358581971 129.41973224727090042 5.6418187298156166065 
 195.49571669358579129 147.8949408613389096 5.6418187298156166065 
 152.82905002691910568 147.8949408613389096 5.6418187298156166065 
 184.82905002691910568 166.37014947540691878 5.6418187298156166065 
 163.49571669358576287 166.37014947540691878 5.6418187298156166065 
 131.49571669358579129 147.8949408613389096 5.6418187298156166065 
 88.829050026919105676 147.8949408613389096 5.6418187298156166065 
 120.82905002691910568 166.37014947540691878 5.6418187298156166065 
 99.49571669358577708 166.37014947540691878 5.6418187298156166065 
 67.49571669358577708 147.8949408613389096 5.6418187298156166065 
 24.829050026919112781 147.8949408613389096 5.6418187298156166065 
 56.82905002691909857 166.37014947540691878 5.6418187298156166065 
 35.495716693585784185 166.37014947540691878 5.6418187298156166065 
 3.4957166935857602041 147.8949408613389096 5.6418187298156166065 
 216.8290500269191341 147.8949408613389096 5.6418187298156166065 
 248.82905002691907725 166.37014947540691878 5.6418187298156166065 
 227.49571669358581971 166.37014947540691878 5.6418187298156166065 
 195.49571669358579129 184.84535808947495639 5.6418187298156166065 
 152.82905002691910568 184.84535808947495639 5.6418187298156166065 
 184.82905002691910568 203.32056670354299399 5.6418187298156166065 
 163.49571669358576287 203.32056670354299399 5.6418187298156166065 
 131.49571669358579129 184.84535808947495639 5.6418187298156166065 
 88.829050026919105676 184.84535808947495639 5.6418187298156166065 
 120.82905002691910568 203.32056670354299399 5.6418187298156166065 
 99.49571669358577708 203.32056670354299399 5.6418187298156166065 
 67.49571669358577708 184.84535808947495639 5.6418187298156166065 
 24.829050026919112781 184.84535808947498481 5.6418187298156166065 
 56.82905002691909857 203.32056670354299399 5.6418187298156166065 
 35.495716693585784185 203.32056670354299399 5.6418187298156166065 
 3.4957166935857602041 184.84535808947498481 5.6418187298156166065 
 216.8290500269191341 184.84535808947492797 5.6418187298156166065 
 248.82905002691907725 203.32056670354299399 5.6418187298156166065 
 227.49571669358581971 203.32056670354299399 5.6418187298156166065 
 195.49571669358579129 221.79577531761100317 5.6418187298156166065 
 152.82905002691910568 221.79577531761100317 5.6418187298156166065 
 184.82905002691910568  18.5684805628627565 5.6418187298156166065 
 163.49571669358576287  18.5684805628627565 5.6418187298156166065 
 131.49571669358579129 221.79577531761100317 5.6418187298156166065 
 88.829050026919105676 221.79577531761100317 5.6418187298156166065 
 120.82905002691910568  18.5684805628627565 5.6418187298156166065 
 99.49571669358577708  18.5684805628627565 5.6418187298156166065 
 67.49571669358577708 221.79577531761100317 5.6418187298156166065 
 24.829050026919112781 221.7957753176110316 5.6418187298156166065 
 56.82905002691908436  18.5684805628627565 5.6418187298156166065 
 35.49571669358577708  18.5684805628627565 5.6418187298156166065 
 3.4957166935857602041 221.7957753176110316 5.6418187298156166065 
 216.8290500269191341 221.79577531761100317 5.6418187298156166065 
 248.82905002691907725  18.5684805628627565 5.6418187298156166065 
 227.49571669358581971  18.5684805628627565 5.6418187298156166065 
