 66.047892464801734036 164.04443039933985915 4.2476430598756396151 
 105.07441388488852851 160.44851245707445742 4.2476430598756396151 
 93.760705385903762021 180.04443039933985915 4.2476430598756396151 
 85.561153174845131275 162.24647142820711565 4.2476430598756396151 
 74.247444675860364782 181.84238937047260265 4.2476430598756396151 
 82.446996886919009739 199.64034834160528931 4.2476430598756396151 
 124.58767459493191154 158.65055348594174234 4.2476430598756396151 
 113.27396609594718768 178.24647142820714407 4.2476430598756396151 
 132.78722680599057071 176.44851245707445742 4.2476430598756396151 
 121.47351830700580422 196.04443039933988757 4.2476430598756396151 
 101.96025759696240698 197.84238937047257423 4.2476430598756396151 
 110.15980980802106615 215.64034834160528931 4.2476430598756396151 
 90.646549097977654696 217.43830731273800438 4.2476430598756396151 
 140.98677901704922988 194.24647142820714407 4.2476430598756396151 
 129.67307051806446339 213.84238937047260265 4.2476430598756396151 
 149.18633122810786062 212.04443039933988757 4.2476430598756396151 
 49.648788042684465438 128.44851245707440057 4.2476430598756396151 
 88.675309462771281233 124.85259451480899884 4.2476430598756396151 
 77.361600963786500529 144.44851245707440057 4.2476430598756396151 
 69.162048752727841361 126.65055348594172813 4.2476430598756396151 
 57.84834025374310329 146.24647142820714407 4.2476430598756396151 
 127.7018308828580615 121.25667657254355447 4.2476430598756396151 
 116.38812238387326659 140.85259451480902726 4.2476430598756396151 
 108.18857017281465005 123.05463554367629797 4.2476430598756396151 
 96.874861673829897768 142.65055348594174234 4.2476430598756396151 
 147.21509159290144453 119.4587176014108536 4.2476430598756396151 
 135.90138309391670646 139.05463554367628376 4.2476430598756396151 
 155.4146438039601037 137.25667657254354026 4.2476430598756396151 
 144.1009353049753372 156.85259451480902726 4.2476430598756396151 
 163.61419601501876286 155.05463554367628376 4.2476430598756396151 
 152.30048751603399637 174.65055348594171392 4.2476430598756396151 
 171.81374822607739361 172.85259451480899884 4.2476430598756396151 
 160.50003972709262712 192.44851245707440057 4.2476430598756396151 
 180.01330043713599594 190.65055348594171392 4.2476430598756396151 
 168.69959193815122944 210.24647142820714407 4.2476430598756396151 
 188.2128526481946551 208.44851245707440057 4.2476430598756396151 
 72.276205040653962897 89.256676572543568682 4.2476430598756396151 
 60.96249654166921772 108.85259451480899884 4.2476430598756396151 
 52.762944330610579868 91.054635543676297971 4.2476430598756396151 
 41.449235831625820481 110.65055348594171392 4.2476430598756396151 
 111.30272646074077159 85.660758630278152737 4.2476430598756396151 
 99.989017961756019304 105.25667657254358289 4.2476430598756396151 
 91.789465750697374347 87.458717601410867815 4.2476430598756396151 
 80.475757251712622065 107.05463554367629797 4.2476430598756396151 
 150.32924788082755185 82.064840688012694159 4.2476430598756396151 
 139.01553938184281378 101.66075863027813853 4.2476430598756396151 
 130.81598717078415461 83.862799659145437658 4.2476430598756396151 
 119.50227867179941654 103.4587176014108536 4.2476430598756396151 
 158.52880009188621102 99.862799659145409237 4.2476430598756396151 
 178.04206080192960826 98.06484068801270837 4.2476430598756396151 
 166.72835230294487019 117.66075863027813853 4.2476430598756396151 
 186.24161301298823901 115.86279965914543766 4.2476430598756396151 
 174.92790451400350094 135.45871760141088203 4.2476430598756396151 
 194.4411652240469266 133.66075863027816695 4.2476430598756396151 
 183.1274567250621601 153.2566765725435971 4.2476430598756396151 
 202.64071743510552892 151.4587176014108536 4.2476430598756396151 
 191.32700893612079085 171.05463554367631218 4.2476430598756396151 
 210.84026964616418809 169.25667657254356868 4.2476430598756396151 
 199.52656114717939317 188.85259451480899884 4.2476430598756396151 
 219.03982185722281883 187.05463554367628376 4.2476430598756396151 
 207.72611335823802392 206.65055348594171392 4.2476430598756396151 
  83.5899135396387436 69.660758630278152737 4.2476430598756396151 
 64.076652829595346361 71.458717601410867815 4.2476430598756396151 
 122.61643495972553808 66.06484068801272258 4.2476430598756396151 
 103.10317424968214084 67.862799659145437658 4.2476430598756396151 
 142.12969566976894953 64.266881716879993292 4.2476430598756396151 
 161.64295637981231835 62.468922745747306635 4.2476430598756396151 
 169.84250859087097751 80.266881716879993292 4.2476430598756396151 
 189.35576930091437475 78.468922745747306635 4.2476430598756396151 
 197.5553215119730055 96.266881716879993292 4.2476430598756396151 
 205.75487372303166467 114.06484068801270837 4.2476430598756396151 
 213.95442593409026699 131.86279965914542345 4.2476430598756396151 
 222.15397814514895458 149.66075863027813853 4.2476430598756396151 
 230.35353035620755691 167.45871760141082518 4.2476430598756396151 
 181.15621708985574401 60.670963774614584452 4.2476430598756396151 
