 56.186776153703668513 93.127415879935171006 4.2476430598756396151 
 78.814193151673194393 125.12741587993515679 4.2476430598756396151 
 56.186776153703668513 125.12741587993515679 4.2476430598756396151 
 67.500484652688442111 109.12741587993518522 4.2476430598756396151 
 44.873067654718894914 109.12741587993518522 4.2476430598756396151 
 33.559359155734156843 125.12741587993515679 4.2476430598756396151 
 90.127901650657932464 141.12741587993517101 4.2476430598756396151 
 67.500484652688442111 141.12741587993517101 4.2476430598756396151 
 78.814193151673194393 157.12741587993517101 4.2476430598756396151 
 56.186776153703668513 157.12741587993517101 4.2476430598756396151 
 44.873067654718894914 141.12741587993517101 4.2476430598756396151 
 33.559359155734156843 157.12741587993517101 4.2476430598756396151 
 22.245650656749379692 141.12741587993517101 4.2476430598756396151 
 67.500484652688442111 173.12741587993517101 4.2476430598756396151 
 44.873067654718894914 173.12741587993517101 4.2476430598756396151 
 56.186776153703668513 189.12741587993519943 4.2476430598756396151 
 78.814193151673222815  61.1274158799351639 4.2476430598756396151 
 101.44161014964274159 93.127415879935171006 4.2476430598756396151 
 78.814193151673222815 93.127415879935171006 4.2476430598756396151 
 90.127901650657960886 77.127415879935171006 4.2476430598756396151 
 67.500484652688442111 77.127415879935171006 4.2476430598756396151 
 124.06902714761224615 125.12741587993515679 4.2476430598756396151 
 101.44161014964269896 125.12741587993515679 4.2476430598756396151 
 112.75531864862747966 109.12741587993518522 4.2476430598756396151 
 90.127901650657960886 109.12741587993518522 4.2476430598756396151 
 135.38273564659701265 141.12741587993517101 4.2476430598756396151 
 112.75531864862747966 141.12741587993517101 4.2476430598756396151 
 124.06902714761224615 157.12741587993517101 4.2476430598756396151 
 101.44161014964269896 157.12741587993517101 4.2476430598756396151 
 112.75531864862747966 173.12741587993517101 4.2476430598756396151 
 90.127901650657960886 173.12741587993517101 4.2476430598756396151 
 101.44161014964274159 189.12741587993519943 4.2476430598756396151 
 78.814193151673222815 189.12741587993519943 4.2476430598756396151 
 90.127901650657960886 205.12741587993517101 4.2476430598756396151 
 67.500484652688442111 205.12741587993517101 4.2476430598756396151 
 78.814193151673222815 221.12741587993517101 4.2476430598756396151 
 124.06902714761221773  61.1274158799351639 4.2476430598756396151 
 101.44161014964274159  61.1274158799351639 4.2476430598756396151 
 112.75531864862747966 45.127415879935185217 4.2476430598756396151 
 90.127901650657960886 45.127415879935185217 4.2476430598756396151 
 146.69644414558175072 93.127415879935171006 4.2476430598756396151 
 124.06902714761221773 93.127415879935171006 4.2476430598756396151 
 135.38273564659698422 77.127415879935171006 4.2476430598756396151 
 112.75531864862747966 77.127415879935171006 4.2476430598756396151 
 169.3238611435512837 125.12741587993515679 4.2476430598756396151 
 146.69644414558177914 125.12741587993515679 4.2476430598756396151 
 158.01015264456651721 109.12741587993518522 4.2476430598756396151 
 135.38273564659698422 109.12741587993518522 4.2476430598756396151 
 158.01015264456654563 141.12741587993517101 4.2476430598756396151 
 169.3238611435512837 157.12741587993517101 4.2476430598756396151 
 146.69644414558177914 157.12741587993517101 4.2476430598756396151 
 158.01015264456651721 173.12741587993517101 4.2476430598756396151 
 135.38273564659698422 173.12741587993517101 4.2476430598756396151 
 146.69644414558177914 189.12741587993519943 4.2476430598756396151 
 124.06902714761221773 189.12741587993519943 4.2476430598756396151 
 135.38273564659698422 205.12741587993517101 4.2476430598756396151 
 112.75531864862747966 205.12741587993517101 4.2476430598756396151 
 124.06902714761221773 221.12741587993517101 4.2476430598756396151 
 101.44161014964274159 221.12741587993517101 4.2476430598756396151 
 112.75531864862747966 237.12741587993514258 4.2476430598756396151 
 90.127901650657960886 237.12741587993514258 4.2476430598756396151 
 146.69644414558175072  61.1274158799351639 4.2476430598756396151 
 135.38273564659698422 45.127415879935185217 4.2476430598756396151 
 169.3238611435512837 93.127415879935171006 4.2476430598756396151 
 158.01015264456651721 77.127415879935171006 4.2476430598756396151 
 180.63756964253602177 109.12741587993518522 4.2476430598756396151 
 191.95127814152081669 125.12741587993515679 4.2476430598756396151 
 180.63756964253602177 141.12741587993517101 4.2476430598756396151 
 191.95127814152081669 157.12741587993517101 4.2476430598756396151 
 180.63756964253602177 173.12741587993517101 4.2476430598756396151 
 169.3238611435512837 189.12741587993519943 4.2476430598756396151 
 158.01015264456651721 205.12741587993517101 4.2476430598756396151 
 146.69644414558177914 221.12741587993517101 4.2476430598756396151 
 135.38273564659698422 237.12741587993514258 4.2476430598756396151 
 203.26498664050558318 141.12741587993517101 4.2476430598756396151 
