 54.825519665284787152 104.1742728054804985 4.2476430598756396151 
 98.538332586386829348 92.461459884378456309 4.2476430598756396151 
 90.538332586386843559 106.3178663449294703 4.2476430598756396151 
 76.681926125835815355 98.317866344929470301 4.2476430598756396151 
 68.681926125835815355 112.17427280548048429 4.2476430598756396151 
 82.538332586386843559 120.1742728054804985 4.2476430598756396151 
 74.538332586386843559 134.03067926603154092 4.2476430598756396151 
 60.681926125835822461 126.03067926603152671 4.2476430598756396151 
 66.538332586386829348 147.8870857265825407 4.2476430598756396151 
 142.25114550748887154 80.748646963276414112 4.2476430598756396151 
 134.25114550748887154 94.605053423827428105 4.2476430598756396151 
 120.39473904693785755 86.605053423827442316 4.2476430598756396151 
 112.39473904693784334 100.4614598843784421 4.2476430598756396151 
 126.25114550748887154 108.4614598843784421 4.2476430598756396151 
 118.25114550748887154 122.3178663449294703 4.2476430598756396151 
 104.39473904693785755 114.31786634492945609 4.2476430598756396151 
 96.394739046937857552 128.17427280548048429 4.2476430598756396151 
 110.25114550748887154 136.17427280548048429 4.2476430598756396151 
 102.25114550748887154 150.0306792660315125 4.2476430598756396151 
 88.394739046937871763 142.0306792660315125 4.2476430598756396151 
 80.394739046937857552 155.8870857265825407 4.2476430598756396151 
 94.251145507488871544 163.88708572658251228 4.2476430598756396151 
 86.251145507488871544 177.7434921871335689 4.2476430598756396151 
 72.394739046937857552 169.7434921871335689 4.2476430598756396151 
 78.251145507488885755 191.59989864768456869 4.2476430598756396151 
 164.10755196803989975 74.892240502725385909 4.2476430598756396151 
 156.10755196803989975 88.748646963276414112 4.2476430598756396151 
 169.96395842859095637 96.748646963276414112 4.2476430598756396151 
 161.96395842859092795 110.60505342382744232 4.2476430598756396151 
 148.10755196803989975 102.60505342382744232 4.2476430598756396151 
 140.10755196803989975 116.46145988437845631 4.2476430598756396151 
 153.96395842859095637 124.46145988437845631 4.2476430598756396151 
 145.96395842859092795 138.31786634492945609 4.2476430598756396151 
 132.10755196803989975 130.31786634492945609 4.2476430598756396151 
 124.10755196803991396 144.17427280548048429 4.2476430598756396151 
 137.96395842859092795 152.17427280548051272 4.2476430598756396151 
 129.96395842859092795 166.0306792660315125 4.2476430598756396151 
 116.10755196803989975 158.0306792660315125 4.2476430598756396151 
 108.10755196803989975 171.8870857265825407 4.2476430598756396151 
 121.96395842859092795 179.8870857265825407 4.2476430598756396151 
 113.96395842859092795 193.7434921871335689 4.2476430598756396151 
 100.10755196803989975 185.7434921871335689 4.2476430598756396151 
 92.107551968039913959 199.59989864768456869 4.2476430598756396151 
 105.96395842859095637 207.59989864768456869 4.2476430598756396151 
 84.107551968039899748 213.45630510823559689 4.2476430598756396151 
 175.82036488914195616 118.60505342382745653 4.2476430598756396151 
 167.82036488914195616 132.46145988437845631 4.2476430598756396151 
 181.67677134969295594 140.46145988437845631 4.2476430598756396151 
 173.67677134969298436 154.31786634492945609 4.2476430598756396151 
 159.82036488914195616 146.31786634492945609 4.2476430598756396151 
 151.82036488914195616 160.17427280548051272 4.2476430598756396151 
 165.67677134969298436 168.17427280548051272 4.2476430598756396151 
 157.67677134969298436 182.0306792660315125 4.2476430598756396151 
 143.82036488914195616 174.0306792660315125 4.2476430598756396151 
 135.82036488914195616 187.88708572658256912 4.2476430598756396151 
 149.67677134969298436 195.8870857265825407 4.2476430598756396151 
 127.82036488914195616 201.7434921871335689 4.2476430598756396151 
 187.53317781024401256 162.31786634492945609 4.2476430598756396151 
 179.53317781024398414 176.17427280548048429 4.2476430598756396151 
 193.38958427079501234 184.17427280548048429 4.2476430598756396151 
 171.53317781024401256 190.03067926603148408 4.2476430598756396151 
 70.825519665284787152 76.461459884378456309 4.2476430598756396151 
 62.825519665284794257 90.317866344929470301 4.2476430598756396151 
 48.969113204733780265 82.317866344929456091 4.2476430598756396151 
 40.969113204733773159 96.174272805480498505 4.2476430598756396151 
 46.825519665284787152 118.03067926603152671 4.2476430598756396151 
 32.969113204733773159 110.0306792660315125 4.2476430598756396151 
 38.825519665284780046 131.8870857265825407 4.2476430598756396151 
 114.53833258638684356 64.748646963276428323 4.2476430598756396151 
 106.53833258638684356 78.605053423827442316 4.2476430598756396151 
 92.681926125835829566 70.605053423827442316 4.2476430598756396151 
 84.681926125835815355 84.461459884378456309 4.2476430598756396151 
 52.681926125835822461 139.8870857265825407 4.2476430598756396151 
 58.538332586386829348 161.7434921871335689 4.2476430598756396151 
 44.681926125835815355 153.7434921871335689 4.2476430598756396151 
 50.538332586386843559 175.59989864768459711 4.2476430598756396151 
 158.25114550748887154 53.035834042174357705 4.2476430598756396151 
 150.25114550748887154 66.892240502725371698 4.2476430598756396151 
 136.39473904693787176 58.892240502725378803 4.2476430598756396151 
 128.39473904693784334 72.748646963276414112 4.2476430598756396151 
 64.394739046937871763 183.59989864768456869 4.2476430598756396151 
 70.251145507488871544 205.45630510823562531 4.2476430598756396151 
 56.394739046937864657 197.45630510823556847 4.2476430598756396151 
 62.251145507488892861 219.31271156878659667 4.2476430598756396151 
 172.10755196803992817 61.035834042174364811 4.2476430598756396151 
 185.96395842859092795 69.035834042174371916 4.2476430598756396151 
 177.96395842859092795 82.892240502725385909 4.2476430598756396151 
 97.963958428590942162 221.45630510823562531 4.2476430598756396151 
 76.10755196803992817 227.31271156878659667 4.2476430598756396151 
 89.963958428590942162 235.31271156878659667 4.2476430598756396151 
 191.82036488914195616 90.89224050272540012 4.2476430598756396151 
 183.82036488914195616 104.74864696327642832 4.2476430598756396151 
 197.67677134969298436 112.74864696327642832 4.2476430598756396151 
 189.67677134969298436 126.60505342382745653 4.2476430598756396151 
 141.67677134969298436 209.7434921871335689 4.2476430598756396151 
 119.82036488914197037 215.59989864768459711 4.2476430598756396151 
 133.67677134969301278 223.59989864768459711 4.2476430598756396151 
 111.82036488914195616 229.45630510823559689 4.2476430598756396151 
 203.53317781024398414 134.60505342382745653 4.2476430598756396151 
 195.53317781024398414 148.46145988437845631 4.2476430598756396151 
 209.38958427079498392 156.46145988437845631 4.2476430598756396151 
 201.38958427079501234 170.31786634492948451 4.2476430598756396151 
 185.38958427079501234 198.03067926603154092 4.2476430598756396151 
 163.53317781024395572 203.8870857265825407 4.2476430598756396151 
 177.38958427079501234 211.8870857265825407 4.2476430598756396151 
 155.53317781024398414 217.7434921871335689 4.2476430598756396151 
 215.24599073134604055 178.31786634492945609 4.2476430598756396151 
 207.24599073134601213 192.17427280548048429 4.2476430598756396151 
 199.24599073134601213 206.0306792660315125 4.2476430598756396151 
 86.825519665284787152 48.748646963276414112 4.2476430598756396151 
 78.825519665284787152 62.605053423827442316 4.2476430598756396151 
 64.969113204733773159 54.605053423827435211 4.2476430598756396151 
 56.969113204733766054 68.461459884378442098 4.2476430598756396151 
 24.969113204733766054 123.8870857265825407 4.2476430598756396151 
 30.825519665284776494 145.7434921871335689 4.2476430598756396151 
 16.969113204733766054 137.7434921871335689 4.2476430598756396151 
 22.825519665284787152 159.59989864768459711 4.2476430598756396151 
 130.53833258638684356 37.035834042174364811 4.2476430598756396151 
 122.53833258638684356 50.892240502725393014 4.2476430598756396151 
 108.68192612583582957 42.892240502725385909 4.2476430598756396151 
 100.68192612583581536 56.748646963276414112 4.2476430598756396151 
 36.681926125835829566 167.59989864768456869 4.2476430598756396151 
 42.538332586386836454 189.45630510823559689 4.2476430598756396151 
 28.681926125835826014 181.45630510823559689 4.2476430598756396151 
 34.538332586386864875 203.31271156878662509 4.2476430598756396151 
 144.39473904693787176 45.035834042174357705 4.2476430598756396151 
 48.394739046937878868 211.31271156878659667 4.2476430598756396151 
 199.82036488914198458 77.035834042174371916 4.2476430598756396151 
 213.67677134969298436 85.035834042174371916 4.2476430598756396151 
 205.67677134969298436 98.89224050272540012 4.2476430598756396151 
 125.67677134969298436 237.45630510823562531 4.2476430598756396151 
 103.82036488914197037 243.31271156878659667 4.2476430598756396151 
 117.67677134969299857 251.31271156878662509 4.2476430598756396151 
 219.53317781024398414 106.89224050272538591 4.2476430598756396151 
 211.53317781024398414 120.7486469632763999 4.2476430598756396151 
 225.38958427079501234 128.7486469632763999 4.2476430598756396151 
 217.38958427079504077 142.60505342382745653 4.2476430598756396151 
 169.38958427079501234 225.74349218713354048 4.2476430598756396151 
 147.53317781024398414 231.59989864768456869 4.2476430598756396151 
 161.38958427079504077 239.59989864768456869 4.2476430598756396151 
 139.53317781024398414 245.45630510823559689 4.2476430598756396151 
 231.24599073134601213 150.60505342382742811 4.2476430598756396151 
 223.24599073134601213 164.46145988437842789 4.2476430598756396151 
 191.2459907313459837 219.88708572658251228 4.2476430598756396151 
 183.24599073134601213 233.7434921871335689 4.2476430598756396151 
 94.825519665284787152 34.892240502725385909 4.2476430598756396151 
 72.969113204733773159 40.748646963276421218 4.2476430598756396151 
 8.9691132047337749356 151.59989864768459711 4.2476430598756396151 
 14.825519665284783599 173.45630510823559689 4.2476430598756396151 
 116.68192612583581536 29.035834042174361258 4.2476430598756396151 
 20.681926125835836672 195.31271156878659667 4.2476430598756396151 
 227.53317781024398414 93.035834042174343494 4.2476430598756396151 
 233.38958427079504077 114.89224050272538591 4.2476430598756396151 
 153.38958427079504077 253.45630510823559689 4.2476430598756396151 
 239.24599073134601213 136.7486469632763999 4.2476430598756396151 
 175.24599073134601213 247.59989864768456869 4.2476430598756396151 
