 118.84377413586815919 91.891427003128939077 4.2476430598756396151 
 158.03561002039899108 114.51884400109845785 4.2476430598756396151 
 142.58079679977390697 118.65994872273878968 4.2476430598756396151 
 138.43969207813358935 103.20513550211370557 4.2476430598756396151 
 122.98487885750847681 107.3462402237540374 4.2476430598756396151 
 127.12598357914882286 122.80105344437912152 4.2476430598756396151 
 111.67117035852372453 126.94215816601946756 4.2476430598756396151 
 107.53006563688337849 111.48734494539436923 4.2476430598756396151 
 96.216357137898626206 131.08326288765979939 4.2476430598756396151 
 177.63152796266439282 125.83255250008321013 4.2476430598756396151 
 162.1767147420393087 129.97365722172352775 4.2476430598756396151 
 166.31781946367965475 145.42847044234864029 4.2476430598756396151 
 150.86300624305457063 149.56957516398898633 4.2476430598756396151 
 146.72190152141425301 134.1147619433638738 4.2476430598756396151 
 131.26708830078914048 138.25586666500419142 4.2476430598756396151 
 135.4081930224294581 153.71067988562930395 4.2476430598756396151 
 119.95337980180437398 157.85178460726962157 4.2476430598756396151 
 115.81227508016404215 142.39697138664453746 4.2476430598756396151 
 100.35746185953894383 146.5380761082848835 4.2476430598756396151 
 104.49856658117927566 161.99288932890996762 4.2476430598756396151 
 84.902648638913845502 150.67918082992520112 4.2476430598756396151 
 155.00411096469491667 165.02438838461407045 4.2476430598756396151 
 139.54929774406983256 169.16549310625438807 4.2476430598756396151 
 143.69040246571015018 184.6203063268795006 4.2476430598756396151 
 124.09448452344470581 173.30659782789473411 4.2476430598756396151 
 110.56156469258749553 60.981800561878742428 4.2476430598756396151 
 149.75340057711832742 83.609217559848289625 4.2476430598756396151 
 134.29858735649324331 87.750322281488621456 4.2476430598756396151 
 130.15748263485292568 72.295509060863523132 4.2476430598756396151 
 114.70266941422781315 76.436613782503840753 4.2476430598756396151 
 103.38896091524306087 96.03253172476928512 4.2476430598756396151 
 99.247856193602714825 80.577718504144186795 4.2476430598756396151 
 87.934147694617948332 100.17363644640961695 4.2476430598756396151 
 188.94523646164918773 106.23663455781779419 4.2476430598756396151 
 173.4904232410240752 110.37773927945814023 4.2476430598756396151 
 169.34931851938375758 94.922926058833041907 4.2476430598756396151 
 153.89450529875867346 99.064030780473373738 4.2476430598756396151 
 92.075252416258280164 115.62844966703470106 4.2476430598756396151 
 80.761543917273513671 135.22436760930014543 4.2476430598756396151 
 76.620439195633181839 119.76955438867504711 4.2476430598756396151 
 65.306730696648443768 139.36547233094046305 4.2476430598756396151 
 208.54115440391458947 117.55034305680254647 4.2476430598756396151 
 193.08634118328950535 121.6914477784428783 4.2476430598756396151 
 197.22744590492982297 137.14626099906797663 4.2476430598756396151 
 181.77263268430473886 141.28736572070832267 4.2476430598756396151 
 89.043753360554177334 166.13399405055031366 4.2476430598756396151 
  69.4478354182887756 154.82028555156554717 4.2476430598756396151 
 73.588940139929107431 170.27509877219063128 4.2476430598756396151 
 53.99302219766367017 158.96139027320589321 4.2476430598756396151 
 185.9137374059450849 156.7421789413334352 4.2476430598756396151 
 170.45892418532000079 160.88328366297375283 4.2476430598756396151 
 174.60002890696034683 176.33809688359883694 4.2476430598756396151 
 159.1452156863352343 180.47920160523918298 4.2476430598756396151 
 128.23558924508506607 188.76141104851981822 4.2476430598756396151 
 108.63967130281960749 177.44770254953508015 4.2476430598756396151 
 112.78077602445995353 192.90251577016016427 4.2476430598756396151 
 93.184858082194509166 181.58880727117539777 4.2476430598756396151 
 163.28632040797558034 195.93401482586423867 4.2476430598756396151 
 147.8315071873504678 200.07511954750458472 4.2476430598756396151 
 151.97261190899078542 215.52993276812969725 4.2476430598756396151 
 132.37669396672538369 204.21622426914493076 4.2476430598756396151 
 141.47119113383769218 52.699591118598078765 4.2476430598756396151 
 126.01637791321259385 56.840695840238403491 4.2476430598756396151 
 121.87527319157224781 41.385882619613326483 4.2476430598756396151 
 106.42045997094714949 45.52698734125366542 4.2476430598756396151 
 95.106751471962397204 65.12290528351907426 4.2476430598756396151 
 90.965646750322051162 49.668092062894004357 4.2476430598756396151 
 79.65193825133729888 69.264010005159420302 4.2476430598756396151 
 180.66302701836852407 75.327008116567611751 4.2476430598756396151 
 165.20821379774343995 79.468112838207957793 4.2476430598756396151 
 161.06710907610306549 64.013299617582845258 4.2476430598756396151 
 145.6122958554780098  68.1544043392231913 4.2476430598756396151 
  83.7930429729776165 84.718823225784518627 4.2476430598756396151 
 72.479334473992850008 104.31474116804994878 4.2476430598756396151 
 68.338229752352518176 88.859927947424850458 4.2476430598756396151 
 57.024521253367780105 108.4558458896902664 4.2476430598756396151 
 219.85486290289938438 97.954425114537130526 4.2476430598756396151 
 204.40004968227427185 102.09552983617746236 4.2476430598756396151 
 200.25894496063395422 86.640716615552378244 4.2476430598756396151 
 184.80413174000884169 90.781821337192710075 4.2476430598756396151 
 61.165625975008119042 123.91065911031536473 4.2476430598756396151 
 49.851917476023345444 143.50657705258078067 4.2476430598756396151 
 45.710812754383006506 128.05176383195569656 4.2476430598756396151 
 34.397104255398275541 147.64768177422112672 4.2476430598756396151 
  223.995967624539702 113.40923833516221464 4.2476430598756396151 
 228.13707234618001962 128.86405155578731296 4.2476430598756396151 
 212.68225912555496393 133.00515627742765901 4.2476430598756396151 
 58.134126919304009107 174.41620349383097732 4.2476430598756396151 
 38.538208977038600267 163.10249499484621083 4.2476430598756396151 
 42.679313698678939204 178.55730821547132336 4.2476430598756396151 
 216.82336384719528155 148.45996949805274312 4.2476430598756396151 
 201.36855062657016902 152.60107421969306074 4.2476430598756396151 
 205.50965534821051506 168.05588744031817328 4.2476430598756396151 
 190.05484212758540252 172.19699216195851932 4.2476430598756396151 
 97.325962803834855208 197.04362049180051031 4.2476430598756396151 
 77.730044861569439263 185.72991199281571539 4.2476430598756396151 
 81.871149583209785305 201.18472521344082793 4.2476430598756396151 
 62.275231640944333833 189.87101671445608986 4.2476430598756396151 
 194.19594684922572014 187.65180538258360343 4.2476430598756396151 
 178.74113362860066445 191.79291010422392105 4.2476430598756396151 
 182.88223835024098207 207.24772332484900517 4.2476430598756396151 
 167.42742512961589796 211.38882804648935121 4.2476430598756396151 
 136.51779868836570131 219.67103748977001487 4.2476430598756396151 
 116.92188074610027115 208.35732899078524838 4.2476430598756396151 
 121.06298546774060299 223.81214221141033249 4.2476430598756396151 
 101.46706752547517283  212.498433712425566 4.2476430598756396151 
 171.56852985125621558 226.8436412671144069 4.2476430598756396151 
 156.11371663063113147 230.98474598875472452 4.2476430598756396151 
 140.65890341000601893 235.12585071039509899 4.2476430598756396151 
 156.92600435446274787 48.558486396957754039 4.2476430598756396151 
 137.33008641219731771 37.244777897973001757 4.2476430598756396151 
 75.510833529696952837 53.809196784534329083 4.2476430598756396151 
 64.197125030712186344 73.405114726799752134 4.2476430598756396151 
 196.1178402389936366 71.18590339492729413 4.2476430598756396151 
 176.52192229672820645 59.872194895942513426 4.2476430598756396151 
 52.883416531727455379 93.001032669065168079 4.2476430598756396151 
 41.56970803274268178 112.59695061133061245 4.2476430598756396151 
 215.71375818125903834 82.499611893912046412 4.2476430598756396151 
 30.255999533757936604 132.19286855359601418 4.2476430598756396151 
 232.27817706782033724 144.3188647764124255 4.2476430598756396151 
 220.96446856883562759 163.91478271867785566 4.2476430598756396151 
 66.41633636258467277 205.32582993508117397 4.2476430598756396151 
 46.82041842031926393 194.01212143609640748 4.2476430598756396151 
 209.65076006985083268 183.51070066094322897 4.2476430598756396151 
 198.33705157086609461 203.10661860320868755 4.2476430598756396151 
 105.60817224711550466 227.95324693305067854 4.2476430598756396151 
 86.012254304850102926 216.63953843406588362 4.2476430598756396151 
 187.02334307188132811 222.70253654547408928 4.2476430598756396151 
 125.20409018938092061 239.26695543203541661 4.2476430598756396151 
