 42.607824373911050486 34.372839642332792209 4.4402028785900018448 
 66.17012780052441201 14.334343085669358331 4.4402028785900018448 
 29.116676520222728897 49.18865079288302411 4.4402028785900018448 
 58.916755415389680195 23.812467245955879491 4.4402028785900018448 
 20.072727237293232605 58.015775115171180687 4.4402028785900018448 
 86.295869643154162532 10.469314767390066834 4.4402028785900018448 
 77.672506719427175881 18.48584053712080788 4.4402028785900018448 
 52.029084326787220505 42.44285059186889697 4.4402028785900018448 
 62.032080085736531316 35.594152966303724384 4.4402028785900018448 
 38.748256805600597374 56.517906483662137873 4.4402028785900018448 
 6.6448878793763315187 84.221033254881788821 4.4402028785900018448 
 24.092864990599142772 70.603678720145609304 4.4402028785900018448 
 104.80641818864587833 3.5160422714270680444 4.4402028785900018448 
 1.353656484703939622 96.162842645862980362 4.4402028785900018448 
 98.165862629572728792 13.926385842140643234 4.4402028785900018448 
 50.673333975959003794 54.455378203441085816 4.4402028785900018448 
 81.210276214159293318 29.989836562091689132 4.4402028785900018448 
 36.134066064991159806 68.513424311629719909 4.4402028785900018448 
 73.155356243266396632 39.335339922858672423 4.4402028785900018448 
 19.555289499361531824 82.748121155827021767 4.4402028785900018448 
 117.35035219690985286 5.8287272060219343928 4.4402028785900018448 
 92.791573529573113888 34.183058970487401496 4.4402028785900018448 
 102.16796482303679738 25.866004899156418873 4.4402028785900018448 
 9.8919946263193505587 104.63384159449245203 4.4402028785900018448 
 56.113140007628999228 65.906474344459638814 4.4402028785900018448 
 79.126297142624196113 49.983941143594059042 4.4402028785900018448 
 46.761940571756412055 74.481619751058431689 4.4402028785900018448 
 27.681253525650209468 93.531811073029231807 4.4402028785900018448 
 7.0019485196042596797 116.09923222907585227 4.4402028785900018448 
 90.884474485205586802 46.453225368987418165 4.4402028785900018448 
 121.78707578209305495 17.488303316292999057 4.4402028785900018448 
 21.990868461155788083 104.33445974868678263 4.4402028785900018448 
 114.52155699951381962 27.629881444893605646 4.4402028785900018448 
 68.001765917698179464 69.28127816498346192 4.4402028785900018448 
 78.403728293155680262 62.473973627579923118 4.4402028785900018448 
 48.201122734539531223 86.811890603082900952 4.4402028785900018448 
 40.160473121299993693 96.625178097921235576 4.4402028785900018448 
 16.133571500928582054 123.95732384197577858 4.4402028785900018448 
 134.22358688240640845 20.519954815570297768 4.4402028785900018448 
 25.98384124610840118 116.48585332686997162 4.4402028785900018448 
 143.68217905634028853 11.994215619739330592 4.4402028785900018448 
 97.248070460223601685 56.558611698347007746 4.4402028785900018448 
 59.931954089431641819  89.1030463046514285 4.4402028785900018448 
 69.631295946246098083 81.338728741768960617 4.4402028785900018448 
 11.063093186488382358 135.38687868201228071 4.4402028785900018448 
 90.227114834536308763 67.243760723017501846 4.4402028785900018448 
 122.25648305621039924 37.721449964939772315 4.4402028785900018448 
 44.501328866146195651 109.38089869530831777 4.4402028785900018448 
 109.07618160627340842 56.744524590380173379 4.4402028785900018448 
 134.39340715547061222 33.416701543644435901 4.4402028785900018448 
 119.90729255552547272 49.744144829216352832 4.4402028785900018448 
 37.311427894185243304 120.62757573417829349 4.4402028785900018448 
 7.4701852020156058742 157.28547562944399374 4.4402028785900018448 
 156.4750267195376523 16.020960578808654873 4.4402028785900018448 
 63.592116791200282933 100.5556087022914511 4.4402028785900018448 
 165.80559598508594377 8.1395838453233722021 4.4402028785900018448 
 16.459116674761766319 146.92126785349483953 4.4402028785900018448 
 79.456874653997729752 88.727425148507251151 4.4402028785900018448 
 56.946414249007297315 110.52820528075123718 4.4402028785900018448 
 95.763983434160792285 78.814003790980578401 4.4402028785900018448 
 111.78678927920563524 68.395918626664766293 4.4402028785900018448 
 4.6987610661706948889 170.60618774432572309 4.4402028785900018448 
 75.459678084538793996 99.698476112430526541 4.4402028785900018448 
 36.966688636759890585 135.21138043577602161 4.4402028785900018448 
 144.1548326105495903 40.95062372966464892 4.4402028785900018448 
 91.690831151323109793 90.244433557807653301 4.4402028785900018448 
 185.08902830788068172 4.0696923241245261949 4.4402028785900018448 
 107.73623424347657362 79.606259050824945689 4.4402028785900018448 
 177.21238402323578498 12.741252852852751332 4.4402028785900018448 
 128.47296461687443525 58.977898919902692398 4.4402028785900018448 
 162.44880358849252389 27.765983849641905579 4.4402028785900018448 
 29.048166735530777771 145.93012664920510701 4.4402028785900018448 
 123.11768858113099157 69.056210790576997738 4.4402028785900018448 
 156.09505506535202812 37.711397357814789189 4.4402028785900018448 
 64.237106787243988038 120.71375904004017343 4.4402028785900018448 
 7.4619608901840672743 183.27995485433513068 4.4402028785900018448 
 58.966849499634250265 132.40537557278034342 4.4402028785900018448 
 48.365753786638876477 140.39882741115104636 4.4402028785900018448 
 84.179162275673164118 107.69484839608841753 4.4402028785900018448 
 145.97394418967328988 53.179336700224375534 4.4402028785900018448 
 77.441682930136423124 117.96679061648664799 4.4402028785900018448 
 26.534278808989924414 176.95344974126012971 4.4402028785900018448 
 96.303415021414508601  103.063710044058638 4.4402028785900018448 
 139.78244329737501062 62.848460395885240359 4.4402028785900018448 
 182.12879135024013522 23.573165717763217231 4.4402028785900018448 
  117.550499242729245 87.681290269945662885 4.4402028785900018448 
 126.68382983978966649 79.759944467075158059 4.4402028785900018448 
 174.82105885850947402 32.478816228001143429 4.4402028785900018448 
 19.227191952890976268 187.80405043901978956 4.4402028785900018448 
 163.29380184886468896 47.396082682392396634 4.4402028785900018448 
 51.949393581109312379 153.94456466259416061 4.4402028785900018448 
 67.943960409740682849 140.42887662092434198 4.4402028785900018448 
 156.95383493117043372 56.894112935659300945 4.4402028785900018448 
 85.878209763216688089 126.27551779836242929 4.4402028785900018448 
 79.032118816089692359  136.139804474125242 4.4402028785900018448 
 38.665289609941375204 177.40774793480068183 4.4402028785900018448 
 49.064790122429499775 167.3901982212383075 4.4402028785900018448 
 193.52271132719263846 27.00509139655229518 4.4402028785900018448 
 64.595404392934511861 152.50159919568898204 4.4402028785900018448 
 145.4341746996590814 74.231251907459252948 4.4402028785900018448 
 137.92971642755915695 83.234308922390042085 4.4402028785900018448 
 111.06656764712708707 112.50054972778517026 4.4402028785900018448 
 125.06081047335929668 97.723096574529876079 4.4402028785900018448 
 174.35769763021400536 51.591634206244449956 4.4402028785900018448 
 182.38794466561236618 43.49597885077731263 4.4402028785900018448 
 99.243048358233380668 129.11866782910195184 4.4402028785900018448 
 123.51182801534629618 109.63145359222129116 4.4402028785900018448 
 137.36849614623085358 95.079671211159109134 4.4402028785900018448 
 87.136656186975784522 143.80567165414399255 4.4402028785900018448 
 163.30289505350896206 66.96507542129263868 4.4402028785900018448 
 44.16121766974416829 189.18649510792775459 4.4402028785900018448 
 111.32693379205038298 125.24328520480437987 4.4402028785900018448 
 74.423849240172557984 159.58301527959486066 4.4402028785900018448 
 200.13190649310223534 37.475432619382111454 4.4402028785900018448 
 157.52962123506756598 77.510622334052470706 4.4402028785900018448 
 59.294735856879533742  175.378279819308176 4.4402028785900018448 
 84.789981855061029137 154.46415049664622643 4.4402028785900018448 
 174.93640437939836829 63.558050158963709464 4.4402028785900018448 
 98.390809324421852011 140.98195103213339507 4.4402028785900018448 
 31.538498012482218513 207.30182413716616452 4.4402028785900018448 
 194.73219624435262176 47.978922706415033872 4.4402028785900018448 
 55.718276496069769621 186.89895375910100483 4.4402028785900018448 
 42.48684915167309839 201.59784452053932569 4.4402028785900018448 
 212.16579420530118227 35.569818114588983349 4.4402028785900018448 
 136.02201398540503874 114.32256968424033516 4.4402028785900018448 
 144.34214538544773632 104.93370012454951734 4.4402028785900018448 
 79.530344368495661911 170.59436114770809922 4.4402028785900018448 
 103.21268171679986381 151.77866830754854277 4.4402028785900018448 
 71.554813444387349364 178.36847789064515268 4.4402028785900018448 
 94.96592348760920288 160.34184833603879383 4.4402028785900018448 
 123.34613498314250535 133.98301942565743161 4.4402028785900018448 
 165.53114653582315441 87.145207540407639613 4.4402028785900018448 
 183.77749132646874841 71.69174974487677332 4.4402028785900018448 
 64.896922266904795151 194.53422867133852492 4.4402028785900018448 
 202.86884041146433333 58.570418360625396303 4.4402028785900018448 
 177.39357291399758765 82.537312071118194012 4.4402028785900018448 
 91.821919320464672865 171.63087786555109915 4.4402028785900018448 
 122.76892466046896857 146.20797926198440564 4.4402028785900018448 
 52.437783749593471327 209.49336489814280071 4.4402028785900018448 
 114.16127421510536522 154.24433268298326993 4.4402028785900018448 
 143.49515591237974377 124.39201160745139418 4.4402028785900018448 
 156.60530030166731308 108.46098256575032792 4.4402028785900018448 
 221.48182816122798044 44.085274869078041604 4.4402028785900018448 
 75.687002166667213032 189.8744289244446577 4.4402028785900018448 
 196.61184068942930026 69.889322114552911103 4.4402028785900018448 
 137.53062913149364022 134.81661346786262357 4.4402028785900018448 
 166.51246442414682747 100.49531116147525722 4.4402028785900018448 
 63.793911112977099265 205.76780594426114135 4.4402028785900018448 
 156.32122062373011318 121.48351359642173009 4.4402028785900018448 
 216.85313320819534511 57.79800282000486078 4.4402028785900018448 
 100.38763361965870047 179.89984113328907256 4.4402028785900018448 
 184.44097546467213533 91.918741736100074036 4.4402028785900018448 
 54.517092522260220733 221.63710739239178338 4.4402028785900018448 
 117.4625841852197965 165.49927023755196842 4.4402028785900018448 
 132.92465246716562888 153.70175739326131747 4.4402028785900018448 
 203.21378482413717848 80.442942489697600195 4.4402028785900018448 
 179.2023241531251756 103.04450389251078946 4.4402028785900018448 
 85.998828980760507079 196.63176005716098871 4.4402028785900018448 
 142.72757358802996919 146.91908355350727788 4.4402028785900018448 
 112.0855858291583047 176.25616325905068038 4.4402028785900018448 
 196.3752484172985362 90.865420389899924203 4.4402028785900018448 
 97.305176026748625873 191.61076639520086928 4.4402028785900018448 
 129.71385216504307891 165.49359829835782421 4.4402028785900018448 
 73.185435622929006172 213.35927417719054233 4.4402028785900018448 
 224.17000114241528763 70.884789680972616566 4.4402028785900018448 
 165.34183651425138351 130.28968191358086415 4.4402028785900018448 
 215.94911661031463268 81.149261836772637935 4.4402028785900018448 
 84.894852390374268225 209.33074919465076391 4.4402028785900018448 
 67.177162502513510844 224.15575009349109337 4.4402028785900018448 
 154.24269626818599477 152.48035959360021252 4.4402028785900018448 
 189.67835964086719969 110.76042895290689216 4.4402028785900018448 
 162.78234378299833907 143.32500497732843314 4.4402028785900018448 
 199.63812798238359392 102.54592836938857658 4.4402028785900018448 
 121.9155391708628855 183.71971116121829937 4.4402028785900018448 
 107.08052186876474821 198.35126272967070804 4.4402028785900018448 
 132.67882820889968798 177.34770985503274687 4.4402028785900018448 
 178.86573076581908026 129.79362859320667667 4.4402028785900018448 
 237.95157038477807987 75.767400094551007328 4.4402028785900018448 
 219.53062641059827342 93.451354012162269669 4.4402028785900018448 
 189.82446638091758473 123.25864351087923865 4.4402028785900018448 
 119.10225733056067554 195.17521814005701231 4.4402028785900018448 
 211.6041034547186257 103.51849095582846871 4.4402028785900018448 
 95.408274404974847016 216.44511079770566653 4.4402028785900018448 
 249.3010127040838313 69.337459929497171629 4.4402028785900018448 
 73.110915996282372475 234.52640819177915432 4.4402028785900018448 
 173.46532057563703688 148.60817497757167871 4.4402028785900018448 
 105.88549255237867897 210.23813878615865747 4.4402028785900018448 
 158.96687855891138952 165.93172543121715989 4.4402028785900018448 
 182.70237525221611463 141.30344137284049566 4.4402028785900018448 
 65.876236874576889591 245.09256717292964822 4.4402028785900018448 
 143.22996258516351986 182.88521202233317808 4.4402028785900018448 
 154.6601268569644958 177.72398871476428894 4.4402028785900018448 
 231.56291529968203236 96.33747199928650673 4.4402028785900018448 
 241.09188779144642467 88.568731530628156179 4.4402028785900018448 
 215.15273410960980982 115.04527128122188628 4.4402028785900018448 
 126.02377300101424851 205.34397933894450716 4.4402028785900018448 
 200.56484440499670541 131.13151836955114504 4.4402028785900018448 
 96.968178362925513625 229.04972852136924644 4.4402028785900018448 
 86.569582947117311278 236.63926588138153306 4.4402028785900018448 
 177.75143607328172379 159.47880848184686897 4.4402028785900018448 
 117.41974294237027721 213.98131695540942587 4.4402028785900018448 
 211.43439782723390863 126.69865049622443109 4.4402028785900018448 
 171.5161647055426215 169.1527231559334723 4.4402028785900018448 
 144.23293038607087624 195.06371022909098656 4.4402028785900018448 
 192.57167012960786678 148.78738412019563953 4.4402028785900018448 
 75.565176153550154936 253.18998444993368935 4.4402028785900018448 
 226.62077969445428494 116.3685346952188695 4.4402028785900018448 
 234.52599667448868104 108.04274945791559048 4.4402028785900018448 
  138.208425865195494 205.77975322043610618 4.4402028785900018448 
 203.03406279339463936 143.92922941890864763 4.4402028785900018448 
 163.02038420981696731 187.5705354956007227 4.4402028785900018448 
 252.3184656500442884 96.065345631502111701 4.4402028785900018448 
 88.103842499136987954 248.9638466922782527 4.4402028785900018448 
 189.84817387995360605 160.67552731203551275 4.4402028785900018448 
 109.33481599954912156 232.7853642182873557 4.4402028785900018448 
 119.64139325289893634 225.2051795239676153 4.4402028785900018448 
 156.0708708820646109 197.38956733736762317 4.4402028785900018448 
 180.97032190574492461 178.28430389941271983 4.4402028785900018448 
 221.6417583825309805  134.582121020029291 4.4402028785900018448 
 230.9917630907860655 127.51947664126488746 4.4402028785900018448 
 244.50903806863468049 114.84756196246040361 4.4402028785900018448 
 254.19351220398695546 108.54983892380684551 4.4402028785900018448 
 175.62994979533081619 189.43491397667608567 4.4402028785900018448 
 147.32980918608097909 215.04293502117545245 4.4402028785900018448 
 193.37732685429290314 172.63631959738353316 4.4402028785900018448 
 212.64246656978866667 152.30714822497526484 4.4402028785900018448 
 115.59905046104569237 243.57532343849248946 4.4402028785900018448 
 158.70192659080984754 209.15606553542644974 4.4402028785900018448 
 131.60176315979634865 229.79794177676876643 4.4402028785900018448 
 99.097327792766463972 256.94999741743095001 4.4402028785900018448 
 223.52135455578471124 146.49571553050841999 4.4402028785900018448 
 243.0081765841040351 127.13186597110073706 4.4402028785900018448 
 128.01564943440081379 241.10609901611672967 4.4402028785900018448 
 144.36809149027206445 227.10425337777317623 4.4402028785900018448 
 112.97764911688624068 255.37235356455386182 4.4402028785900018448 
 180.1657512970757864 201.36209700530980626 4.4402028785900018448 
  214.759149801358177 165.06156548314322663 4.4402028785900018448 
 170.98523499310223883 210.8567421969937925 4.4402028785900018448 
 206.55082801117478652 175.66308357458922274 4.4402028785900018448 
 234.22141353976243749 153.51226031837560981 4.4402028785900018448 
 251.52043587338206976 136.10885016767198863 4.4402028785900018448 
 135.46640530349222331 250.30248468187812705 4.4402028785900018448 
 228.17373854388111454 165.2981275853847194 4.4402028785900018448 
 153.96477124767224609 236.1523238675852383 4.4402028785900018448 
 247.15925769108278587 149.21989965363948727 4.4402028785900018448 
 192.21071757365626809 206.42925059794575304 4.4402028785900018448 
 175.57202360781599282 222.18770787267567357 4.4402028785900018448 
 212.1141556037422049 187.91990281404935104 4.4402028785900018448 
 167.90959579518093392 233.46641930003690391 4.4402028785900018448 
 148.30725326061460123 248.18304995640164634 4.4402028785900018448 
 206.07305764373498391 201.20768751171561917 4.4402028785900018448 
 188.66466946129179405 219.41557776142047942 4.4402028785900018448 
 233.03189927914590385 176.6341980063412791 4.4402028785900018448 
 225.30425019975592704 186.84688053011632292 4.4402028785900018448 
 256.85703674762987703 157.59979760444613817 4.4402028785900018448 
 176.62422866811090216 242.88087292588008381 4.4402028785900018448 
 215.68633084026703273 209.98851312183705886 4.4402028785900018448 
 195.26783245952859147 229.63490369482607889 4.4402028785900018448 
 255.2738114652266006 171.18110515541010841 4.4402028785900018448 
 245.65079339444079665 179.78944950822830151 4.4402028785900018448 
 188.78915042466996965 240.04665318238247096 4.4402028785900018448 
 233.85065576977837054 196.28184968070436867 4.4402028785900018448 
 176.64890763758336334 255.52935766863043909 4.4402028785900018448 
 228.64954786851438939 207.20413403551356168 4.4402028785900018448 
