 83.575369722821207574 12.898462844894856616 4.4402028785900018448 
 37.202581098353526556 37.238575525331434335 4.4402028785900018448 
 101.70034592682526409 7.9674905162067259923 4.4402028785900018448 
 119.95237733428602667 1.8446589219383440206 4.4402028785900018448 
 26.77966062826471827 45.542625041221221238 4.4402028785900018448 
 67.296042809510495886 30.293052184683954664 4.4402028785900018448 
 59.179352157511431187 40.222243586102194968 4.4402028785900018448 
 46.87062244948677403 45.199559688504386656 4.4402028785900018448 
 89.928131256216531142 22.879133922438040116 4.4402028785900018448 
 80.761651675441683551 31.057280228659994492 4.4402028785900018448 
 16.32200449702997247  74.8582119605051588 4.4402028785900018448 
 102.83788691379423597 21.543785301329080539 4.4402028785900018448 
 127.34225749380317438 12.184658820067186369 4.4402028785900018448 
 138.21457255416578391 6.8971062338448820839 4.4402028785900018448 
 6.4555584764037119427 83.447874162644680496 4.4402028785900018448 
 46.826257898454862527 59.211251365395447976 4.4402028785900018448 
 65.77394055138489648 50.295797739295068141 4.4402028785900018448 
 86.760253992464186013 41.266428216143410168 4.4402028785900018448 
 77.594372679471987908 49.022698752561446156 4.4402028785900018448 
 27.922080104016639979 78.436766950113081975 4.4402028785900018448 
 40.559958880666577841 71.452145757833861239 4.4402028785900018448 
 59.414833285387913975 61.090482197141213305 4.4402028785900018448 
 157.75694583508533242 6.4097456568740502902 4.4402028785900018448 
 148.17803315814748544 13.163734219152017246 4.4402028785900018448 
 114.65556347668962189 34.480057535679783598 4.4402028785900018448 
 131.99765035608061226 23.828110453391914803 4.4402028785900018448 
 3.929291981370882425 96.428540239788887334 4.4402028785900018448 
 98.933835379536532173 47.471775021960823437 4.4402028785900018448 
 127.41933860335834083 34.929793884787223135 4.4402028785900018448 
 144.57013063770264694 24.460221078319076327 4.4402028785900018448 
 83.438682212720564735 58.524966465973726315 4.4402028785900018448 
 176.89742916730210709 4.0159232696987299249 4.4402028785900018448 
 30.182174860554187745 91.236613898356154095 4.4402028785900018448 
 111.60899523220624019 46.855982547508666869 4.4402028785900018448 
 67.075576646782721468 70.474393589489636724 4.4402028785900018448 
 168.59148650178673279 12.70790616827202868 4.4402028785900018448 
 48.37386001569408478 81.815744862354947031 4.4402028785900018448 
 78.413351553372606872 68.212902439149488032 4.4402028785900018448 
 189.01633930058957844 3.7359633529138895902 4.4402028785900018448 
 95.04019205621695221 58.710250959419987282 4.4402028785900018448 
 13.300971784532702458 105.46767781113227613 4.4402028785900018448 
 41.937495724379978412 92.018205560443533386 4.4402028785900018448 
 25.352565462818105857 102.79169837409848753 4.4402028785900018448 
 138.28910013611582031 42.698938459014229352 4.4402028785900018448 
 148.75574818756697937 35.783395335736138065 4.4402028785900018448 
 69.158126150170645019 82.432195138634881459 4.4402028785900018448 
 96.903367075620280957 70.387071423086311484 4.4402028785900018448 
 59.442265380284837306 87.877195979260719128 4.4402028785900018448 
 86.721296240868284144 76.524050077697339134 4.4402028785900018448 
 120.95664240855542459 58.408715721506538898 4.4402028785900018448 
 173.82675229642424597 24.08514798237830945 4.4402028785900018448 
 195.45101715525521513 13.880755527533134241 4.4402028785900018448 
 12.382280419539620553 117.9337590238227591 4.4402028785900018448 
 1.3797481689070385524 122.53019015381200063 4.4402028785900018448 
 48.827232162907918678 101.76892312273257346 4.4402028785900018448 
 186.47758740284933765 22.704484611549286655 4.4402028785900018448 
 80.762605574900405259 86.614687097654496029 4.4402028785900018448 
 117.23504761942962205 70.067727128223680211 4.4402028785900018448 
 32.920919141944011699 112.99367680932870428 4.4402028785900018448 
 106.84073443205501519 75.602424577907683556 4.4402028785900018448 
 142.90143758362356152 54.35946392641685776 4.4402028785900018448 
 159.68811835968875812 42.364426587668184254 4.4402028785900018448 
 60.455693926671031591 100.06058037810893779 4.4402028785900018448 
 208.31454926670230066 15.461518176019914961 4.4402028785900018448 
 134.44206162528726622 62.885122966251778109 4.4402028785900018448 
 171.31937151733109204 37.234341612400690735 4.4402028785900018448 
 44.854341459781032597 112.33424523866545996 4.4402028785900018448 
 156.04323941586901014 54.869700402867771061 4.4402028785900018448 
 20.225995394318609044 128.00681054689545135 4.4402028785900018448 
 86.896285060161716274 96.818862270136662573 4.4402028785900018448 
 2.3649646155836308026 135.38048576257497757 4.4402028785900018448 
 190.85676286721428596 33.590251811088364775 4.4402028785900018448 
 31.786345349959809425 125.26179602334268282 4.4402028785900018448 
 107.11656280221214388 87.328301329188761315 4.4402028785900018448 
 125.1051948925327082 79.934656734954600665 4.4402028785900018448 
  211.960059662264797 27.364241533987964772 4.4402028785900018448 
 182.91705513310796505 42.981050085035349184 4.4402028785900018448 
 68.667227771412711945 109.2565582052729809 4.4402028785900018448 
 136.32957474269716158 75.920279585558375857 4.4402028785900018448 
 99.138692442084234813 96.326992529249380937 4.4402028785900018448 
 202.65700495514883528 35.661638649003677415 4.4402028785900018448 
 80.887849169174060648 107.33294869959235029 4.4402028785900018448 
 118.95184695459788315 90.493684136468942825 4.4402028785900018448 
 14.900495636631376328 139.32882239088544907 4.4402028785900018448 
 51.961040973197455628 122.09774587002769408 4.4402028785900018448 
 162.47728119869782404 65.710513002081611944 4.4402028785900018448 
 64.314128028807687087 121.23710961399939379 4.4402028785900018448 
 43.363161207660446905 130.9712852787492352 4.4402028785900018448 
  146.012964978098438 84.272392796123099856 4.4402028785900018448 
 191.03910001162449817 53.145458875980530422 4.4402028785900018448 
 156.63121119941939696 77.639222738727227124 4.4402028785900018448 
 202.78556667357173637 47.788638343887150484 4.4402028785900018448 
 106.70198990493726399 106.08040534100096863 4.4402028785900018448 
 88.585539354080381713 116.37381386744101519 4.4402028785900018448 
 118.74772405605000358 102.71126890519578012 4.4402028785900018448 
 175.66874797498854832 68.731603684974004409 4.4402028785900018448 
 22.95151957980480617 150.25826624674863297 4.4402028785900018448 
 224.35409370555012742 44.152511541029873854 4.4402028785900018448 
 187.94545232785318944 65.255622306970892055 4.4402028785900018448 
 101.01966494133102969 116.41744446558463721 4.4402028785900018448 
 2.5275966275790171522 161.70249267028805207 4.4402028785900018448 
 214.09209369911684462 51.825084009281894737 4.4402028785900018448 
 72.627981598769736138 130.83012907052818719 4.4402028785900018448 
 46.410603128041138632 142.52434018463054599 4.4402028785900018448 
 165.58278937049860247 85.507330938960933508 4.4402028785900018448 
 84.354679764018257515 127.54635809776335975 4.4402028785900018448 
 147.09470499939089905 98.48812280691556964 4.4402028785900018448 
 176.39570321775542538 80.842225766941425036 4.4402028785900018448 
 36.687716541568718753 150.85799328729703461 4.4402028785900018448 
 127.50612622353584413 110.79091978573595156 4.4402028785900018448 
 16.664778401626307414 161.88980177877471078 4.4402028785900018448 
 139.88263998042080516 108.76390509990257272 4.4402028785900018448 
 214.53645741971246252 63.877552017060537537 4.4402028785900018448 
 105.07346662111498858 128.03113360544517718 4.4402028785900018448 
 196.28221089228568985 75.640049844336289198 4.4402028785900018448 
 70.872417995163900173 143.40898771316420834 4.4402028785900018448 
 58.863829313615362082 148.04856332285888243 4.4402028785900018448 
 166.90933204089549236 97.116884909163076145 4.4402028785900018448 
 94.527104303181843648 134.14727423575513399 4.4402028785900018448 
 207.92870389309337043 74.171475718397147148 4.4402028785900018448 
 158.38272903452516971 104.8473619528267875 4.4402028785900018448 
 125.32289144871275255 122.81403289755785124 4.4402028785900018448 
 183.99172311161811422 90.625520825082190868 4.4402028785900018448 
 43.950747413044730649 161.1871797736347105 4.4402028785900018448 
 225.27125305394432075 68.12387493108529668 4.4402028785900018448 
 235.06197808222586332 62.127804656338518896 4.4402028785900018448 
 25.423442760066656376 172.35787478736935441 4.4402028785900018448 
 116.73015092710647878 131.60567907121324538 4.4402028785900018448 
 195.35500135109441544 88.640770209730362694 4.4402028785900018448 
 145.40955463659068414 120.43873276015257545 4.4402028785900018448 
 57.155974002376709109 160.35028981848384433 4.4402028785900018448 
 178.2841498773215676 101.40369266202705489 4.4402028785900018448 
 38.008165636800804066 171.60097154238064832 4.4402028785900018448 
 81.850819008809807542 150.21805605466457223 4.4402028785900018448 
 93.768104322748428103 145.56369837336737305 4.4402028785900018448 
 136.1554877880572576 128.12452280185380005 4.4402028785900018448 
 165.15131663169344733 116.11470756660280301 4.4402028785900018448 
 215.74786475863410828 84.428182810067966102 4.4402028785900018448 
 23.924456919622024031 185.02734715189293979 4.4402028785900018448 
 226.60722265627256888 80.026151493018787164 4.4402028785900018448 
 242.94364051521637293 71.284550038384992376 4.4402028785900018448 
 157.10692303574271023 125.50317980900111081 4.4402028785900018448 
 123.14324277995369528 142.91401332728395346 4.4402028785900018448 
 178.59736904219741405 113.87034283616300456 4.4402028785900018448 
 202.46764176279424419 99.220056245428722264 4.4402028785900018448 
 85.108957915030700292 162.2616595116893734 4.4402028785900018448 
 135.65149861971744372 140.17105462249159586 4.4402028785900018448 
 104.13224016713829201 153.09553756572969974 4.4402028785900018448 
 65.707897463693669238 170.90964242259178718 4.4402028785900018448 
 45.887195619499216548 181.03818778677288037 4.4402028785900018448 
 214.47995009043316372 96.422306718415384807 4.4402028785900018448 
 238.31450781236029002 82.761825002059651979 4.4402028785900018448 
 97.741553845211868179 163.09022416091767127 4.4402028785900018448 
 58.308001391086840215 180.65290245410739089 4.4402028785900018448 
 117.1607442676624089 153.79780328112354937 4.4402028785900018448 
 31.143573077342473709 195.34464178947280288 4.4402028785900018448 
 79.523582583365353571 172.97824699123646042 4.4402028785900018448 
 158.40118872696496055 138.19790574469132594 4.4402028785900018448 
 201.21111466664208933 112.08771520713956704 4.4402028785900018448 
 147.07609592819019895 144.99293628344764784 4.4402028785900018448 
 190.53860986994743598 120.20352532190854333 4.4402028785900018448 
 42.623749613438775441 192.77154682985175782 4.4402028785900018448 
 222.99939798395871549 105.96914758910398291 4.4402028785900018448 
 244.21330442228597235 93.636060700632640419 4.4402028785900018448 
 28.317273407901303983 207.58905916458559204 4.4402028785900018448 
 102.55823160813523032 173.90164810332143475 4.4402028785900018448 
 61.717468026050603669 192.51641589257548048 4.4402028785900018448 
 214.10738560468197988 115.78816769999860981 4.4402028785900018448 
 124.08861212776729133 165.02137173628202049 4.4402028785900018448 
 91.995675884863857164 181.0543595995046644 4.4402028785900018448 
 236.60734047470461405 105.17160603621798032 4.4402028785900018448 
 51.561298718281541653 200.67662530791449171 4.4402028785900018448 
  168.724256876061105 146.20986693558842262 4.4402028785900018448 
 148.57392379460142706 157.12495691573107592 4.4402028785900018448 
 192.74007342016366806 133.48259870856063003 4.4402028785900018448 
 138.25344155668506119 166.03617332104769844 4.4402028785900018448 
 115.51008835317591661 175.17788737141890465 4.4402028785900018448 
 183.46568913447259774 144.75406191682532153 4.4402028785900018448 
 71.89931774709276624 198.72149692445151459 4.4402028785900018448 
 161.93792862722520454 157.83591094509813502 4.4402028785900018448 
 215.86601760557087459 127.99535541068799205 4.4402028785900018448 
 205.7584450445504558 135.85998646047818283 4.4402028785900018448 
 95.255806256820179101 192.86299104303137142 4.4402028785900018448 
 54.381865847228269217 213.32118021474221337 4.4402028785900018448 
 243.80579853738436213 115.77593580359975078 4.4402028785900018448 
 84.732083354223576066 199.85375762429120527 4.4402028785900018448 
 117.92370921620752711 187.38331866973123851 4.4402028785900018448 
 66.417485100248413232 210.40454026152735878 4.4402028785900018448 
 144.23449061767311719 177.38535017724117893 4.4402028785900018448 
 108.27720327569410586 195.70351759858033347 4.4402028785900018448 
 190.47875309055194748 155.72378633881811538 4.4402028785900018448 
 165.67113812274300244 169.41604613330022744 4.4402028785900018448 
 238.76141929669310571 128.48470266607677104 4.4402028785900018448 
 227.23829414996461651 134.30910444996843012 4.4402028785900018448 
 49.363307046234076836 225.80407739064835937 4.4402028785900018448 
 156.71845276474206798 177.79621756239794195 4.4402028785900018448 
 211.57168920044892957 147.18543936196388699 4.4402028785900018448 
 86.073103291339023713 211.7338056226712979 4.4402028785900018448 
 75.274341271871705317 217.39263847944218355 4.4402028785900018448 
 129.24811032727035354 193.53778875938149895 4.4402028785900018448 
 140.98465992854031015 189.60923564099996952 4.4402028785900018448 
 203.72090954625204517 156.38941012186685953 4.4402028785900018448 
 187.19146114703968919 168.54838700667636431 4.4402028785900018448 
 176.86390732022991301 175.37938706073953199 4.4402028785900018448 
 224.87094786887649889 147.40878307868123898 4.4402028785900018448 
 49.786786511868527327 238.97967734108922855 4.4402028785900018448 
 114.15979912910822236 207.02006716375424844 4.4402028785900018448 
 248.71263044437083067 135.94150597070037634 4.4402028785900018448 
 94.830073729869397425 219.90552600925130378 4.4402028785900018448 
 76.117945268131705916 228.79445412909927882 4.4402028785900018448 
 127.58818236009719271 205.81125318333303653 4.4402028785900018448 
 161.57627677828574519 189.09123956808375056 4.4402028785900018448 
 106.90720142082537336 217.12119677948405183 4.4402028785900018448 
 151.95199078853241303 197.20774858059101575 4.4402028785900018448 
 59.740375523434309457 243.82325522678047491 4.4402028785900018448 
 208.11084759097491315 168.08798185740644726 4.4402028785900018448 
 70.319369072366953333 239.00489221314191468 4.4402028785900018448 
 197.9805105257662774 174.76393136266685246 4.4402028785900018448 
 88.081758452383624558 230.50565574981936834 4.4402028785900018448 
 174.22939490677518393 188.31268304079827658 4.4402028785900018448 
 252.35934111195166452 148.24880852745380366 4.4402028785900018448 
 232.92493844678986648 158.15491516330820332 4.4402028785900018448 
 138.85510879723568678 212.84255821759791161 4.4402028785900018448 
 112.68539420653777938 227.52765626026587142 4.4402028785900018448 
 59.696593643537987361 255.51028145301589234 4.4402028785900018448 
 151.99563682859414371 209.8124977395270605 4.4402028785900018448 
 88.059601699735921443 242.3950017951694349 4.4402028785900018448 
 246.04133130237403293 158.73431106788012812 4.4402028785900018448 
 77.867324604742407246 248.42436135515347928 4.4402028785900018448 
 201.19373357899817734 186.29743961358283855 4.4402028785900018448 
 218.55093032196859326 175.76092224937656283 4.4402028785900018448 
 181.62820092980081199 198.64151898802535356 4.4402028785900018448 
 124.69789651768400063 228.90864058920971047 4.4402028785900018448 
 107.56289543821328891 238.66487079848553776 4.4402028785900018448 
 136.19039164279385545 224.60703671830427197 4.4402028785900018448 
 230.34603271211915398 171.09069220292778368 4.4402028785900018448 
 194.29399004798449369 196.28490925867245664 4.4402028785900018448 
 98.413369160916076339 246.21719175435353577 4.4402028785900018448 
 214.0505180612439915 187.9604328921290346 4.4402028785900018448 
 164.62593150039762691 217.60966315899051438 4.4402028785900018448 
 176.8770740815052136 211.30414456023936509 4.4402028785900018448 
 251.14588110198664594 171.59872480390805549 4.4402028785900018448 
 125.8630950823434631 240.73077037077285922 4.4402028785900018448 
 116.19438332794092616 246.69058770174262918 4.4402028785900018448 
 143.55692987972875585 234.66579655390776793 4.4402028785900018448 
 240.69180484528277475 178.77709251443081939 4.4402028785900018448 
 203.67144813637472112 204.5394311136120109 4.4402028785900018448 
 216.25365195805497365 201.25332207061620693 4.4402028785900018448 
 186.99875053696251825 219.01370643886511402 4.4402028785900018448 
 165.26399133728219226 231.3468792147436659 4.4402028785900018448 
 136.58240831831531636 244.5845041843883223 4.4402028785900018448 
 154.87630534351035294 237.99197796712590502 4.4402028785900018448 
 199.16272931803092661 215.22285837653197405 4.4402028785900018448 
 249.03881151047687581 206.88342814966298988 4.4402028785900018448 
 137.54842205835228697 256.25756106294204528 4.4402028785900018448 
 225.20679313516083653 211.75445214336721733 4.4402028785900018448 
 189.16408262260230799 231.15260895978562417 4.4402028785900018448 
 172.89701312098654284 242.48484475939960703 4.4402028785900018448 
  156.236644448462215 250.61426641242530877 4.4402028785900018448 
 207.48058961891084095 223.92340436124948155 4.4402028785900018448 
 219.51468082238244506 223.46854441524664026 4.4402028785900018448 
 184.47689129805291941 242.21674744087002296 4.4402028785900018448 
 200.93027986649479999 233.7160257314176306 4.4402028785900018448 
 167.52635171793124869 254.0378823390586831 4.4402028785900018448 
