 218.44213333333331661 1.3107584000000012114 4.4402028785900018448 
 230.69045333333329495 2.9928234666666715391 4.4402028785900018448 
 183.73988266666665936 6.9622229333333356394 4.4402028785900018448 
 171.75780266666666307 7.0958549333333396092 4.4402028785900018448 
 40.636736000000034608                    1 4.4402028785900018448 
 62.143552000000049418 2.5719168000000083296 4.4402028785900018448 
 206.77484799999999154 5.8073045333333386253 4.4402028785900018448 
 123.43788800000005779 3.4941653333333304587 4.4402028785900018448 
 51.370986666666702547 5.8137557333333313991 4.4402028785900018448 
 109.83652266666670982 5.9822890666666657111 4.4402028785900018448 
 146.60264533333335635 11.342698666666668927 4.4402028785900018448 
 248.80825600000000009 11.062702933333335764 4.4402028785900018448 
 21.58410666666668476 9.9229311999999936234 4.4402028785900018448 
 80.148629333333374802 9.5728853333333372433 4.4402028785900018448 
 33.526165333333395324 11.285875199999994223 4.4402028785900018448 
 235.77162666666666269 13.931276800000008009 4.4402028785900018448 
 188.74963199999999119 18.751381333333331014 4.4402028785900018448 
 167.61717333333334068 18.17556053333332855 4.4402028785900018448 
 132.84878933333340001 13.939494399999997398 4.4402028785900018448 
 202.4343680000000063 17.778914133333334036 4.4402028785900018448 
 69.032000000000053319 12.170338133333340025 4.4402028785900018448 
 256.79699200000004566 20.673975466666647094 4.4402028785900018448 
 155.67528533333333485 21.366250666666669389 4.4402028785900018448 
 101.96896000000006666 16.463458133333325861 4.4402028785900018448 
 89.402005333333391945 16.57365759999999355 4.4402028785900018448 
 52.018581333333379746 17.714709333333335195 4.4402028785900018448 
 177.3707733333333465 26.210854400000002329 4.4402028785900018448 
 16.746560000000044965 22.884868266666657632 4.4402028785900018448 
 225.21555200000000241 23.999816533333326873 4.4402028785900018448 
 41.136533333333346718 21.778632533333333043 4.4402028785900018448 
 4.4699093333333621558 23.528870400000005958 4.4402028785900018448 
 63.387370666666683405 22.100902399999995396 4.4402028785900018448 
 212.03701333333336265 25.979874133333336061 4.4402028785900018448 
 129.17288533333336886 26.730056533333328872 4.4402028785900018448 
 254.75001599999998803 33.031547733333312067 4.4402028785900018448 
 84.121834666666686076 27.714171733333326841 4.4402028785900018448 
 157.65851733333332163 34.491601066666667919 4.4402028785900018448 
 104.44166400000003136 28.547613866666658566 4.4402028785900018448 
 170.36294399999999882 37.126438399999990736 4.4402028785900018448 
 242.75615999999999417 37.572134400000003041 4.4402028785900018448 
 229.60782933333334199 35.728251733333323159 4.4402028785900018448 
 71.988885333333357153 30.445154133333335977 4.4402028785900018448 
 116.47460266666666939 31.801979733333336497 4.4402028785900018448 
 43.706346666666682665 33.637926399999997784 4.4402028785900018448 
 22.045077333333363612 35.507323733333336691 4.4402028785900018448 
 188.32262399999999047 46.139089066666656436 4.4402028785900018448 
 136.6933973333333654 38.420177066666653332 4.4402028785900018448 
 92.962112000000004741 35.903697066666673265 4.4402028785900018448 
 33.538794666666674971 39.930065066666657003 4.4402028785900018448 
 149.04923733333333757 43.501862400000000264 4.4402028785900018448 
 175.48320000000001073 48.64473173333332312 4.4402028785900018448 
 66.609813333333377727 41.217233066666658203 4.4402028785900018448 
 222.56356266666668375 47.840550399999997921 4.4402028785900018448 
 54.163605333333393332 41.187110400000001675 4.4402028785900018448 
 243.43046400000000062 49.593382400000002974 4.4402028785900018448 
 116.37962666666672362 44.03195306666666653 4.4402028785900018448 
 254.30380800000000363 54.401062399999986496 4.4402028785900018448 
 15.608810666666704137 46.704763733333329867 4.4402028785900018448 
 128.32603733333334617 47.34954240000000425 4.4402028785900018448 
 196.57930666666666752 55.038246399999998459 4.4402028785900018448 
 211.01634133333334375 55.308326400000005663 4.4402028785900018448 
 3.8160853333333761839 47.150630400000018483 4.4402028785900018448 
 232.52597333333332585 55.762299733333321683 4.4402028785900018448 
 87.313472000000032835 47.17315839999999838 4.4402028785900018448 
 166.80505600000000754 58.623185066666671617 4.4402028785900018448 
 37.530858666666702561 51.274534399999993184 4.4402028785900018448 
 153.9663146666666762 56.501542399999998167 4.4402028785900018448 
 74.363541333333373018  50.5747157333333206 4.4402028785900018448 
 49.59511466666672419 52.577062399999995534 4.4402028785900018448 
 108.19709866666669029 54.044625066666668545 4.4402028785900018448 
 254.61399466666668445 65.552422399999983327 4.4402028785900018448 
 192.1366826666666725 67.25328639999999325 4.4402028785900018448 
 95.548906666666724163 56.202107733333335204 4.4402028785900018448 
 18.914794666666693956 58.526075733333328799 4.4402028785900018448 
 234.46841600000001904 67.719377066666652354 4.4402028785900018448 
 128.28593066666667255   59.358502399999999 4.4402028785900018448 
 212.60157866666668269 68.190417066666682899 4.4402028785900018448 
 30.468757333333361004 60.257830399999996018 4.4402028785900018448 
 245.41796266666668203 71.429755733333337275 4.4402028785900018448 
 170.40160000000000196 71.137147733333321753 4.4402028785900018448 
 116.7340160000000111 63.059238400000005242 4.4402028785900018448 
 147.63406933333331494 67.952934400000003734 4.4402028785900018448 
 68.261354666666704816 62.009723733333323992 4.4402028785900018448 
 201.92629333333334785 73.807825066666651992 4.4402028785900018448 
 55.257749333333386232 63.509542400000000839 4.4402028785900018448 
 182.17657599999998297 74.845478400000004626 4.4402028785900018448 
 135.52928000000002839 68.980177066666684027 4.4402028785900018448 
 89.126549333333386471 66.806651733333339394 4.4402028785900018448 
 230.29305600000000709 79.116411733333308121 4.4402028785900018448 
 13.857941333333382516 70.148305066666665653 4.4402028785900018448 
 219.15637333333333459 78.973990400000005252 4.4402028785900018448 
 248.45727999999999724 82.781393066666652203 4.4402028785900018448 
 34.082282666666678494 71.443665066666682151 4.4402028785900018448 
 76.779498666666682993 70.68633173333333275 4.4402028785900018448 
 46.325653333333349337 73.169361066666681381 4.4402028785900018448 
 163.37294933333333802 81.473745066666666048 4.4402028785900018448 
 151.54626133333334792 79.953105066666665834 4.4402028785900018448 
 117.2933760000000234 75.060262399999999161 4.4402028785900018448 
 203.01762133333335214 85.697062399999992977 4.4402028785900018448 
 238.25158400000000825 88.540795733333325757 4.4402028785900018448 
 23.403242666666695726 77.965606400000012854 4.4402028785900018448 
 95.410410666666720658 76.705403733333341165 4.4402028785900018448 
 128.84563200000002325 79.617147733333339943 4.4402028785900018448 
 183.62997333333333927 87.464827733333322612 4.4402028785900018448 
 213.94233600000001161 90.031825066666655744 4.4402028785900018448 
 106.82434133333339332 80.300411733333334041 4.4402028785900018448 
 194.29433599999998705 92.860454399999980524 4.4402028785900018448 
 76.189504000000027872 83.448017066666650976 4.4402028785900018448 
  46.1851093333333651 85.360081066666680272 4.4402028785900018448 
 165.12928000000002271 94.119121066666664888 4.4402028785900018448 
 238.46141866666667397 100.44471039999999107 4.4402028785900018448 
 145.9743360000000223 91.574395733333332714 4.4402028785900018448 
 87.881962666666694872 86.224166400000001431 4.4402028785900018448 
 176.51334399999998936 97.522043733333319437 4.4402028785900018448 
 22.590528000000055897 90.153425066666684984 4.4402028785900018448 
 133.62336000000004788 91.303718399999993949 4.4402028785900018448 
 216.4557439999999815 102.10154239999999959 4.4402028785900018448 
 35.278570666666716704 92.596347733333331576 4.4402028785900018448 
 106.62705066666667619 92.029905066666671587 4.4402028785900018448 
 56.202730666666717241 92.456913066666672307 4.4402028785900018448 
 249.30958933333334926 106.13994239999998115 4.4402028785900018448 
 68.423488000000034504 93.261691733333321963 4.4402028785900018448 
 228.00091733333331945 106.5459583999999893 4.4402028785900018448 
 11.083413333333343331 97.163387733333337337 4.4402028785900018448 
 94.667840000000040845 95.739771733333341786 4.4402028785900018448 
 154.8562560000000019 101.26152106666667407 4.4402028785900018448 
 195.56716800000000944 104.86924373333333449 4.4402028785900018448 
 114.73789866666669468 100.8232490666666763 4.4402028785900018448 
 206.69557333333332849 110.30045439999999246 4.4402028785900018448 
 127.4534186666666784 102.28543573333331551 4.4402028785900018448 
 183.6844159999999988 108.2550143999999932 4.4402028785900018448 
 51.745344000000024209 103.52592640000001722 4.4402028785900018448 
 39.667349333333341121 103.79924906666666118 4.4402028785900018448 
 250.98289066666666258 118.36829439999998215 4.4402028785900018448 
 230.14687999999998169 118.22442239999999458 4.4402028785900018448 
 71.197504000000023439 106.37068373333333682 4.4402028785900018448 
 93.289621333333371922 107.53454506666665225 4.4402028785900018448 
 12.167402666666719213 109.70593706666667799 4.4402028785900018448 
 105.74862933333336912 109.47656106666664755 4.4402028785900018448 
 156.36392533333335564 114.75220906666665144 4.4402028785900018448 
 240.89333333333334508 124.4792703999999901 4.4402028785900018448 
 132.95417600000004654 114.45123840000000826 4.4402028785900018448 
 81.898389333333369677 112.98964906666665797 4.4402028785900018448 
 59.696704000000046619 112.28983039999998539 4.4402028785900018448 
 209.09907200000000671 122.76517973333334055 4.4402028785900018448 
 33.785920000000047025 113.95144106666664641 4.4402028785900018448 
 180.54705066666664948 119.78397440000000529 4.4402028785900018448 
 220.89657600000001025 125.78469973333332632 4.4402028785900018448 
 21.958549333333362341  116.494203733333336 4.4402028785900018448 
 167.95995733333333533  122.139686399999988 4.4402028785900018448 
 145.10368000000002553 121.68204373333333024 4.4402028785900018448 
 110.37685333333335791 119.50408106666665731 4.4402028785900018448 
 122.69531733333336376 121.40419839999999851 4.4402028785900018448 
 238.59718400000002703 136.56392106666666564 4.4402028785900018448 
 52.559850666666683594 122.55534506666667482 4.4402028785900018448 
 201.28927999999999088 132.78100906666665537 4.4402028785900018448 
 188.56974933333333411 130.79470506666663709 4.4402028785900018448 
 40.430485333333336939 124.08264106666666748 4.4402028785900018448 
 226.40569599999997763 136.58747306666666077 4.4402028785900018448 
 80.408810666666710176 125.6543957333333168 4.4402028785900018448 
 2.3514240000000121711 128.72008106666669391 4.4402028785900018448 
 102.2705280000000414 128.66546773333334386 4.4402028785900018448 
 21.851370666666692699 128.65975039999997875 4.4402028785900018448 
 169.08533333333335236 134.71653973333334875 4.4402028785900018448 
 121.97553066666668542 133.09042773333331411 4.4402028785900018448 
 147.45486933333339152 135.12699306666664256 4.4402028785900018448 
 246.90489600000000792 145.4879104000000325 4.4402028785900018448 
 70.052757333333374845 132.45938773333332961 4.4402028785900018448 
 90.754282666666682644 132.72980906666666101 4.4402028785900018448 
 57.465493333333355963 133.04955306666664683 4.4402028785900018448 
 32.660373333333367896 133.91159039999999436 4.4402028785900018448 
 180.93984000000000378 140.59438506666666058 4.4402028785900018448 
 12.325184000000051654 135.39860906666669393 4.4402028785900018448 
 110.38308266666672353 136.7822037333333185 4.4402028785900018448 
 158.73201066666666748 140.76385706666667375 4.4402028785900018448 
 207.39231999999998379 144.16703573333330723 4.4402028785900018448 
 220.04017066666665414 146.09488640000000714 4.4402028785900018448 
 128.47596800000002304 142.66090239999999767 4.4402028785900018448 
 139.82197333333337497 145.34958506666669109 4.4402028785900018448 
 71.720000000000041496 144.13836373333330698 4.4402028785900018448 
 51.887253333333347882 144.80217173333329583 4.4402028785900018448 
 246.80462933333333808 158.48776106666664987 4.4402028785900018448 
 31.252117333333352178 146.23261439999998856 4.4402028785900018448 
 204.19214933333333306 156.22617173333335927 4.4402028785900018448 
 90.816490666666723541 145.27022506666665436 4.4402028785900018448 
 225.24985599999999408 157.79971839999998906 4.4402028785900018448 
 10.587029333333369152 147.85480106666668121 4.4402028785900018448 
 183.06634666666664657 154.01501439999998411 4.4402028785900018448 
 160.83684266666665508 152.87624106666669377 4.4402028785900018448 
 109.3784533333333826 148.18597973333331197 4.4402028785900018448 
 120.54116266666669333 151.23912106666665522 4.4402028785900018448 
 41.733184000000044023  152.111398400000013 4.4402028785900018448 
 80.845376000000001682 151.21411840000001803 4.4402028785900018448 
 62.034752000000025873 150.62591573333332917 4.4402028785900018448 
 214.71801599999997734 163.26002773333337359 4.4402028785900018448 
 171.78621866666665596 158.75297706666665931 4.4402028785900018448 
 236.18173866666666072 164.92215039999999249 4.4402028785900018448 
 21.159317333333365951 154.38647040000003585 4.4402028785900018448 
 140.91526400000006447 157.89418240000000537 4.4402028785900018448 
 193.99677866666667114 162.71432106666665618 4.4402028785900018448 
  99.2611626666667064 153.92549973333333924 4.4402028785900018448 
 152.14393599999999651 161.40590506666666215 4.4402028785900018448 
 121.63761066666668853 162.17859839999999849 4.4402028785900018448 
 65.251648000000059824 161.67752106666665668 4.4402028785900018448 
 77.394069333333362692 162.75818240000000969 4.4402028785900018448 
 38.138346666666713247 164.5756970666666632 4.4402028785900018448 
 132.34540800000004879 167.08500906666668584 4.4402028785900018448 
 25.732842666666723375 166.78420906666664791 4.4402028785900018448 
 213.4836693333333244 175.03133440000001997 4.4402028785900018448 
 168.8071466666666538 170.73181440000001885 4.4402028785900018448 
 236.56966400000001727 178.10597973333332789 4.4402028785900018448 
 200.75987200000000144 175.94448639999998818 4.4402028785900018448 
 155.93154133333334244 172.72067839999999705 4.4402028785900018448 
 111.64123733333335053 168.52133973333334893 4.4402028785900018448 
 100.16194133333334548 166.45166506666663508 4.4402028785900018448 
 57.644181333333378348 170.3627477333333502 4.4402028785900018448 
 248.3293653333333566 186.06723840000000791 4.4402028785900018448 
 224.06218666666666195 182.6125183999999706 4.4402028785900018448 
 45.872874666666724863 173.56957439999999337 4.4402028785900018448 
 82.580800000000053274 173.56317440000003671 4.4402028785900018448 
 174.52234666666666385 181.19649706666666589 4.4402028785900018448 
 127.68791466666671397 178.36914773333330686 4.4402028785900018448 
 93.90214400000000694 177.29949440000001459 4.4402028785900018448 
 8.057664000000022142 180.1172010666666381 4.4402028785900018448 
 20.989930666666715808 179.36387840000000438 4.4402028785900018448 
 64.082666666666682431 179.84259840000001418 4.4402028785900018448 
 197.67891199999999685 187.80112640000001534 4.4402028785900018448 
 115.25322666666667715 179.35619839999998248 4.4402028785900018448 
 152.05194666666668013 185.08146773333331225 4.4402028785900018448 
 185.06971733333332963 188.59344640000000481 4.4402028785900018448 
 75.299306666666694809 182.5422037333333094 4.4402028785900018448 
 220.04972799999998756 194.38954239999995366 4.4402028785900018448 
 163.93341866666665396 188.57339306666665379 4.4402028785900018448 
  46.0821120000000235 186.05264639999998622 4.4402028785900018448 
 247.83451733333333777 198.88643839999997454 4.4402028785900018448 
 207.53550933333332296 196.77179306666664615 4.4402028785900018448 
 130.22368000000003008 189.46196906666665427 4.4402028785900018448 
 57.434517333333346301 189.12831573333332358 4.4402028785900018448 
 5.3182933333333801684 192.2180650666666395 4.4402028785900018448 
 141.46429866666667863 193.3826943999999628 4.4402028785900018448 
 109.21188266666671041 189.88820906666666133 4.4402028785900018448 
 27.078720000000036094 193.6575530666666225 4.4402028785900018448 
 96.700650666666689403 190.17424640000001546 4.4402028785900018448 
 180.29105066666667767 199.55237973333333912 4.4402028785900018448 
 39.33651200000000614 195.94525439999998184 4.4402028785900018448 
 168.10963200000000484 199.05369173333335198 4.4402028785900018448 
 76.587157333333351517 194.54467839999998091 4.4402028785900018448 
 226.7797119999999893 205.38167040000001862 4.4402028785900018448 
 119.25484800000003816 196.91993173333332834 4.4402028785900018448 
 238.90813866666667309 207.84771839999999088 4.4402028785900018448 
 64.810389333333404238 198.15180373333333819 4.4402028785900018448 
 87.113962666666665768 200.55965439999999944 4.4402028785900018448 
 135.24324266666673111 205.00483839999998281 4.4402028785900018448 
 206.97171199999999658 209.51351040000002968 4.4402028785900018448 
 9.7832746666667240731 204.15432106666668233 4.4402028785900018448 
 21.940288000000055746 205.63024639999997589 4.4402028785900018448 
 183.78894933333333483 211.00778239999999641 4.4402028785900018448 
 163.1393066666666698 209.34975573333335319 4.4402028785900018448 
 46.503402666666715959 206.91698773333331474 4.4402028785900018448 
 219.20544000000001006 215.18083839999999896 4.4402028785900018448 
 59.502741333333354135 208.41074773333329517 4.4402028785900018448 
 121.87347200000000669 208.45674240000002442 4.4402028785900018448 
 195.64021333333332109 214.63504639999999313 4.4402028785900018448 
 244.60686933333332149 219.91188906666667435 4.4402028785900018448 
 141.44151466666670558 214.1762944000000175 4.4402028785900018448 
 153.01237333333335755 215.2929663999999832 4.4402028785900018448 
 172.6446719999999857 216.81360640000002604 4.4402028785900018448 
 82.795840000000040959 213.89947306666667259 4.4402028785900018448 
 69.231509333333363543 216.62467840000002184 4.4402028785900018448 
 40.885738666666689767 217.7474944000000221 4.4402028785900018448 
 27.693120000000060799 217.7829930666666769 4.4402028785900018448 
 114.75488000000001421 220.29503573333332156 4.4402028785900018448 
 225.44723200000001384 226.90359040000004143 4.4402028785900018448 
 195.44104533333333507 226.5364010666666843 4.4402028785900018448 
 135.56008533333337596 224.27566506666667578 4.4402028785900018448 
 238.34229333333331624 230.84974506666671346 4.4402028785900018448 
 166.68081066666667311 227.09900373333337598 4.4402028785900018448 
 89.944384000000027868 224.61435306666669476 4.4402028785900018448 
 154.83935999999999922 227.22444373333334511 4.4402028785900018448 
 50.019989333333342074 226.95009706666667171 4.4402028785900018448 
 103.01395200000003172 227.35927039999998556 4.4402028785900018448 
 63.318592000000030851 227.44861440000005359 4.4402028785900018448 
 124.12499200000004862 228.2122624000000144 4.4402028785900018448 
 205.15368533333332834 233.73861973333333708 4.4402028785900018448 
 185.43622400000000994 233.62026240000002986 4.4402028785900018448 
 217.25727999999998019 235.75956906666669965 4.4402028785900018448 
 22.424554666666669078 230.00306773333335286 4.4402028785900018448 
 143.86250666666671805 232.50487040000001571 4.4402028785900018448 
 173.73634133333334262 235.58600106666665397 4.4402028785900018448 
 245.38186666666666724 243.91743573333332051 4.4402028785900018448 
 83.661632000000011544 235.99892906666670456 4.4402028785900018448 
 10.425749333333351743 238.85495039999997857 4.4402028785900018448 
 71.20535466666669322 237.34608639999999014 4.4402028785900018448 
 44.730517333333381202 237.77386240000001294 4.4402028785900018448 
 31.869845333333341131 238.41966506666668124 4.4402028785900018448 
 125.0760320000000263 240.53303040000002966 4.4402028785900018448 
 200.25171200000002614 244.55948373333333734 4.4402028785900018448 
 103.5537706666666935 240.5853397333333703 4.4402028785900018448 
 137.46566400000000385 242.68624640000004433 4.4402028785900018448 
 188.89845333333332178 244.88648106666667559 4.4402028785900018448 
 218.60750933333332569 248.15397973333335813 4.4402028785900018448 
 169.28031999999998902 246.5357184000000359 4.4402028785900018448 
 53.177493333333373471 247.24654506666666975 4.4402028785900018448 
 114.61501866666667127 247.12212906666670165 4.4402028785900018448 
 91.462634666666687622 246.27033173333336435 4.4402028785900018448 
 65.964522666666724149 248.59805439999999521 4.4402028785900018448 
 179.82248533333333285 252.39214506666667148 4.4402028785900018448 
 26.806250666666681326 249.72479573333336589 4.4402028785900018448 
 207.60804266666667672 253.25657173333334526 4.4402028785900018448 
 158.13151999999999475 251.29381973333335054 4.4402028785900018448 
 14.286144000000028598 251.53847039999999424 4.4402028785900018448 
 145.59963733333336222 251.06683306666667477 4.4402028785900018448 
