 58.397354433439765842 64.974578963269010501 4.2083508049114159988 
 58.397354433439765842 88.13102641815451932 4.2083508049114159988 
 90.397354433439787158 64.974578963269010501 4.2083508049114159988 
 90.397354433439787158 88.13102641815451932 4.2083508049114159988 
 74.397354433439772947 44.629324229406599045 4.2083508049114159988 
 106.39735443343977295 62.163386242245906033 4.2083508049114159988 
 106.39735443343977295 85.319833697131400641 4.2083508049114159988 
 74.397354433439772947 67.785771684292100758 4.2083508049114159988 
 58.397354433439765842 111.28747387304001393 4.2083508049114159988 
 58.397354433439765842 134.44392132792552275 4.2083508049114159988 
 90.397354433439787158 111.28747387304001393 4.2083508049114159988 
 90.397354433439787158 134.44392132792552275 4.2083508049114159988 
 74.397354433439772947 90.942219139177609577 4.2083508049114159988 
 106.39735443343977295 108.47628115201692367 4.2083508049114159988 
 106.39735443343977295 131.6327286069024467 4.2083508049114159988 
 74.397354433439772947 114.0986665940631184 4.2083508049114159988 
 58.397354433439765842 157.60036878281104578 4.2083508049114159988 
 58.397354433439765842 180.75681623769654038 4.2083508049114159988 
 90.397354433439787158 157.60036878281104578 4.2083508049114159988 
 90.397354433439787158 180.75681623769654038 4.2083508049114159988 
 74.397354433439772947 137.25511404894862721 4.2083508049114159988 
 106.39735443343977295 154.78917606178791289 4.2083508049114159988 
 106.39735443343977295 177.94562351667343592 4.2083508049114159988 
 74.397354433439772947 160.41156150383412182 4.2083508049114159988 
 58.397354433439765842 203.91326369258203499 4.2083508049114159988 
 58.397354433439765842 227.06971114746755802 4.2083508049114159988 
 90.397354433439787158 203.91326369258203499 4.2083508049114159988 
 90.397354433439787158 227.06971114746755802 4.2083508049114159988 
 74.397354433439772947 183.56800895871964485 4.2083508049114159988 
 106.39735443343977295 201.10207097155893052 4.2083508049114159988 
 106.39735443343977295 224.25851842644445355 4.2083508049114159988 
 74.397354433439772947 206.72445641360513946 4.2083508049114159988 
 58.397354433439765842 18.661684053497971547 4.2083508049114159988 
 58.397354433439765842 41.818131508383487471 4.2083508049114159988 
 90.397354433439787158 18.661684053497971547 4.2083508049114159988 
 90.397354433439787158 41.818131508383487471 4.2083508049114159988 
 74.397354433439772947 229.88090386849066249 4.2083508049114159988 
 106.39735443343977295 15.850491332474858197 4.2083508049114159988 
 106.39735443343977295 39.006938787360375898 4.2083508049114159988 
 74.397354433439772947 21.472876774521058252 4.2083508049114159988 
 122.39735443343977295 64.974578963269010501 4.2083508049114159988 
 122.39735443343977295 88.13102641815451932 4.2083508049114159988 
 154.39735443343977295 64.974578963269010501 4.2083508049114159988 
 154.39735443343977295 88.13102641815451932 4.2083508049114159988 
 138.39735443343977295 44.629324229406599045 4.2083508049114159988 
 170.39735443343977295 62.163386242245906033 4.2083508049114159988 
 170.39735443343977295 85.319833697131400641 4.2083508049114159988 
 138.39735443343977295 67.785771684292100758 4.2083508049114159988 
 122.39735443343977295 111.28747387304001393 4.2083508049114159988 
 122.39735443343977295 134.44392132792552275 4.2083508049114159988 
 154.39735443343977295 111.28747387304001393 4.2083508049114159988 
 154.39735443343977295 134.44392132792552275 4.2083508049114159988 
 138.39735443343977295 90.942219139177609577 4.2083508049114159988 
 170.39735443343977295 108.47628115201692367 4.2083508049114159988 
 170.39735443343977295 131.6327286069024467 4.2083508049114159988 
 138.39735443343977295 114.0986665940631184 4.2083508049114159988 
 122.39735443343977295 157.60036878281104578 4.2083508049114159988 
 122.39735443343977295 180.75681623769654038 4.2083508049114159988 
 154.39735443343977295 157.60036878281104578 4.2083508049114159988 
 154.39735443343977295 180.75681623769654038 4.2083508049114159988 
 138.39735443343977295 137.25511404894862721 4.2083508049114159988 
 170.39735443343977295 154.78917606178791289 4.2083508049114159988 
 170.39735443343977295 177.94562351667343592 4.2083508049114159988 
 138.39735443343977295 160.41156150383412182 4.2083508049114159988 
 122.39735443343977295 203.91326369258203499 4.2083508049114159988 
 122.39735443343977295 227.06971114746755802 4.2083508049114159988 
 154.39735443343977295 203.91326369258203499 4.2083508049114159988 
 154.39735443343977295 227.06971114746755802 4.2083508049114159988 
 138.39735443343977295 183.56800895871964485 4.2083508049114159988 
 170.39735443343977295 201.10207097155893052 4.2083508049114159988 
 170.39735443343977295 224.25851842644445355 4.2083508049114159988 
 138.39735443343977295 206.72445641360513946 4.2083508049114159988 
 122.39735443343977295 18.661684053497971547 4.2083508049114159988 
 122.39735443343977295 41.818131508383487471 4.2083508049114159988 
 154.39735443343977295 18.661684053497971547 4.2083508049114159988 
 154.39735443343977295 41.818131508383487471 4.2083508049114159988 
 138.39735443343977295 229.88090386849066249 4.2083508049114159988 
 170.39735443343977295 15.850491332474858197 4.2083508049114159988 
 170.39735443343977295 39.006938787360375898 4.2083508049114159988 
 138.39735443343977295 21.472876774521058252 4.2083508049114159988 
 186.39735443343977295 64.974578963269010501 4.2083508049114159988 
 186.39735443343977295 88.13102641815451932 4.2083508049114159988 
 218.39735443343977295 64.974578963269010501 4.2083508049114159988 
 218.39735443343977295 88.13102641815451932 4.2083508049114159988 
 202.39735443343977295 44.629324229406599045 4.2083508049114159988 
 234.39735443343977295 62.163386242245906033 4.2083508049114159988 
 234.39735443343977295 85.319833697131400641 4.2083508049114159988 
 202.39735443343977295 67.785771684292100758 4.2083508049114159988 
 186.39735443343977295 111.28747387304001393 4.2083508049114159988 
 186.39735443343977295 134.44392132792552275 4.2083508049114159988 
 218.39735443343977295 111.28747387304001393 4.2083508049114159988 
 218.39735443343977295 134.44392132792552275 4.2083508049114159988 
 202.39735443343977295 90.942219139177609577 4.2083508049114159988 
 234.39735443343977295 108.47628115201692367 4.2083508049114159988 
 234.39735443343977295 131.6327286069024467 4.2083508049114159988 
 202.39735443343977295 114.0986665940631184 4.2083508049114159988 
 186.39735443343977295 157.60036878281104578 4.2083508049114159988 
 186.39735443343977295 180.75681623769654038 4.2083508049114159988 
 218.39735443343977295 157.60036878281104578 4.2083508049114159988 
 218.39735443343977295 180.75681623769654038 4.2083508049114159988 
 202.39735443343977295 137.25511404894862721 4.2083508049114159988 
 234.39735443343977295 154.78917606178791289 4.2083508049114159988 
 234.39735443343977295 177.94562351667343592 4.2083508049114159988 
 202.39735443343977295 160.41156150383412182 4.2083508049114159988 
 186.39735443343977295 203.91326369258203499 4.2083508049114159988 
 186.39735443343977295 227.06971114746755802 4.2083508049114159988 
 218.39735443343977295 203.91326369258203499 4.2083508049114159988 
 218.39735443343977295 227.06971114746755802 4.2083508049114159988 
 202.39735443343977295 183.56800895871964485 4.2083508049114159988 
 234.39735443343977295 201.10207097155893052 4.2083508049114159988 
 234.39735443343977295 224.25851842644445355 4.2083508049114159988 
 202.39735443343977295 206.72445641360513946 4.2083508049114159988 
 186.39735443343977295 18.661684053497971547 4.2083508049114159988 
 186.39735443343977295 41.818131508383487471 4.2083508049114159988 
 218.39735443343977295 18.661684053497971547 4.2083508049114159988 
 218.39735443343977295 41.818131508383487471 4.2083508049114159988 
 202.39735443343977295 229.88090386849066249 4.2083508049114159988 
 234.39735443343977295 15.850491332474858197 4.2083508049114159988 
 234.39735443343977295 39.006938787360375898 4.2083508049114159988 
 202.39735443343977295 21.472876774521058252 4.2083508049114159988 
 250.39735443343977295 64.974578963269010501 4.2083508049114159988 
 250.39735443343977295 88.13102641815451932 4.2083508049114159988 
 26.397354433439783605 64.974578963269010501 4.2083508049114159988 
 26.397354433439783605 88.13102641815451932 4.2083508049114159988 
 10.397354433439803145 44.629324229406599045 4.2083508049114159988 
 42.397354433439758736 62.163386242245906033 4.2083508049114159988 
 42.397354433439758736 85.319833697131400641 4.2083508049114159988 
 10.397354433439803145 67.785771684292100758 4.2083508049114159988 
 250.39735443343977295 111.28747387304001393 4.2083508049114159988 
 250.39735443343977295 134.44392132792552275 4.2083508049114159988 
 26.397354433439783605 111.28747387304001393 4.2083508049114159988 
 26.397354433439783605 134.44392132792552275 4.2083508049114159988 
 10.397354433439803145 90.942219139177609577 4.2083508049114159988 
 42.397354433439758736 108.47628115201692367 4.2083508049114159988 
 42.397354433439758736 131.6327286069024467 4.2083508049114159988 
 10.397354433439803145 114.0986665940631184 4.2083508049114159988 
 250.39735443343977295 157.60036878281104578 4.2083508049114159988 
 250.39735443343977295 180.75681623769654038 4.2083508049114159988 
 26.397354433439783605 157.60036878281104578 4.2083508049114159988 
 26.397354433439783605 180.75681623769654038 4.2083508049114159988 
 10.397354433439803145 137.25511404894862721 4.2083508049114159988 
 42.397354433439758736 154.78917606178791289 4.2083508049114159988 
 42.397354433439758736 177.94562351667343592 4.2083508049114159988 
 10.397354433439803145 160.41156150383412182 4.2083508049114159988 
 250.39735443343977295 203.91326369258203499 4.2083508049114159988 
 250.39735443343977295 227.06971114746755802 4.2083508049114159988 
 26.397354433439783605 203.91326369258203499 4.2083508049114159988 
 26.397354433439783605 227.06971114746755802 4.2083508049114159988 
 10.397354433439803145 183.56800895871964485 4.2083508049114159988 
 42.397354433439758736 201.10207097155893052 4.2083508049114159988 
 42.397354433439758736 224.25851842644445355 4.2083508049114159988 
 10.397354433439803145 206.72445641360513946 4.2083508049114159988 
 250.39735443343977295 18.661684053497971547 4.2083508049114159988 
 250.39735443343977295 41.818131508383487471 4.2083508049114159988 
 26.397354433439783605 18.661684053497971547 4.2083508049114159988 
 26.397354433439783605 41.818131508383487471 4.2083508049114159988 
 10.397354433439803145 229.88090386849066249 4.2083508049114159988 
 42.397354433439758736 15.850491332474858197 4.2083508049114159988 
 42.397354433439758736 39.006938787360375898 4.2083508049114159988 
 10.397354433439803145 21.472876774521058252 4.2083508049114159988 
