 40.414978059464033322 66.561180017311087909 4.2083508049114159988 
 40.414978059464033322 89.717627472196596727 4.2083508049114159988 
 72.414978059464019111 66.561180017311087909 4.2083508049114159988 
 72.414978059464019111 89.717627472196596727 4.2083508049114159988 
 56.414978059464026217 46.215925283448683558 4.2083508049114159988 
 88.414978059464033322 63.74998729628798344 4.2083508049114159988 
 88.414978059464033322 86.90643475117350647 4.2083508049114159988 
 56.414978059464026217 69.372372738334192377 4.2083508049114159988 
 40.414978059464033322 112.87407492708210555 4.2083508049114159988 
 40.414978059464033322 136.03052238196761436 4.2083508049114159988 
 72.414978059464019111 112.87407492708210555 4.2083508049114159988 
 72.414978059464019111 136.03052238196761436 4.2083508049114159988 
 56.414978059464026217 92.528820193219701196 4.2083508049114159988 
 88.414978059464033322 110.06288220605901529 4.2083508049114159988 
 88.414978059464033322 133.21932966094453832 4.2083508049114159988 
 56.414978059464026217 115.68526764810522423 4.2083508049114159988 
 40.414978059464033322 159.18696983685313739 4.2083508049114159988 
 40.414978059464033322  182.343417291738632 4.2083508049114159988 
 72.414978059464019111 159.18696983685313739 4.2083508049114159988 
 72.414978059464019111  182.343417291738632 4.2083508049114159988 
 56.414978059464026217 138.84171510299071883 4.2083508049114159988 
 88.414978059464033322 156.37577711583003293 4.2083508049114159988 
 88.414978059464033322 179.53222457071552753 4.2083508049114159988 
 56.414978059464026217 161.99816255787621344 4.2083508049114159988 
 40.414978059464033322 205.49986474662412661 4.2083508049114159988 
 40.414978059464033322 228.65631220150964964 4.2083508049114159988 
 72.414978059464019111 205.49986474662412661 4.2083508049114159988 
 72.414978059464019111 228.65631220150964964 4.2083508049114159988 
 56.414978059464026217 185.15461001276173647 4.2083508049114159988 
 88.414978059464033322 202.68867202560102214 4.2083508049114159988 
 88.414978059464033322 225.84511948048654517 4.2083508049114159988 
 56.414978059464026217 208.31105746764723108 4.2083508049114159988 
 40.414978059464033322 20.248285107540066718 4.2083508049114159988 
 40.414978059464033322 43.404732562425557774 4.2083508049114159988 
 72.414978059464019111 20.248285107540066718 4.2083508049114159988 
 72.414978059464019111 43.404732562425557774 4.2083508049114159988 
 56.414978059464026217 231.46750492253278253 4.2083508049114159988 
 88.414978059464033322 17.437092386516955145 4.2083508049114159988 
 88.414978059464033322 40.593539841402467516 4.2083508049114159988 
 56.414978059464026217 23.059477828563153423 4.2083508049114159988 
 104.41497805946403332 66.561180017311087909 4.2083508049114159988 
 104.41497805946403332 89.717627472196596727 4.2083508049114159988 
 136.41497805946403332 66.561180017311087909 4.2083508049114159988 
 136.41497805946403332 89.717627472196596727 4.2083508049114159988 
 120.41497805946404753 46.215925283448683558 4.2083508049114159988 
 152.41497805946403332 63.74998729628798344 4.2083508049114159988 
 152.41497805946403332 86.90643475117350647 4.2083508049114159988 
 120.41497805946404753 69.372372738334192377 4.2083508049114159988 
 104.41497805946403332 112.87407492708210555 4.2083508049114159988 
 104.41497805946403332 136.03052238196761436 4.2083508049114159988 
 136.41497805946403332 112.87407492708210555 4.2083508049114159988 
 136.41497805946403332 136.03052238196761436 4.2083508049114159988 
 120.41497805946404753 92.528820193219701196 4.2083508049114159988 
 152.41497805946403332 110.06288220605901529 4.2083508049114159988 
 152.41497805946403332 133.21932966094453832 4.2083508049114159988 
 120.41497805946404753 115.68526764810522423 4.2083508049114159988 
 104.41497805946403332 159.18696983685313739 4.2083508049114159988 
 104.41497805946403332  182.343417291738632 4.2083508049114159988 
 136.41497805946403332 159.18696983685313739 4.2083508049114159988 
 136.41497805946403332  182.343417291738632 4.2083508049114159988 
 120.41497805946404753 138.84171510299071883 4.2083508049114159988 
 152.41497805946403332 156.37577711583003293 4.2083508049114159988 
 152.41497805946403332 179.53222457071552753 4.2083508049114159988 
 120.41497805946404753 161.99816255787621344 4.2083508049114159988 
 104.41497805946403332 205.49986474662412661 4.2083508049114159988 
 104.41497805946403332 228.65631220150964964 4.2083508049114159988 
 136.41497805946403332 205.49986474662412661 4.2083508049114159988 
 136.41497805946403332 228.65631220150964964 4.2083508049114159988 
 120.41497805946404753 185.15461001276173647 4.2083508049114159988 
 152.41497805946403332 202.68867202560102214 4.2083508049114159988 
 152.41497805946403332 225.84511948048654517 4.2083508049114159988 
 120.41497805946404753 208.31105746764723108 4.2083508049114159988 
 104.41497805946403332 20.248285107540066718 4.2083508049114159988 
 104.41497805946403332 43.404732562425557774 4.2083508049114159988 
 136.41497805946403332 20.248285107540066718 4.2083508049114159988 
 136.41497805946403332 43.404732562425557774 4.2083508049114159988 
 120.41497805946404753 231.46750492253278253 4.2083508049114159988 
 152.41497805946403332 17.437092386516955145 4.2083508049114159988 
 152.41497805946403332 40.593539841402467516 4.2083508049114159988 
 120.41497805946404753 23.059477828563153423 4.2083508049114159988 
 168.41497805946403332 66.561180017311087909 4.2083508049114159988 
 168.41497805946403332 89.717627472196596727 4.2083508049114159988 
 200.41497805946406174 66.561180017311087909 4.2083508049114159988 
 200.41497805946406174 89.717627472196596727 4.2083508049114159988 
 184.41497805946403332 46.215925283448683558 4.2083508049114159988 
 216.41497805946403332 63.74998729628798344 4.2083508049114159988 
 216.41497805946403332 86.90643475117350647 4.2083508049114159988 
 184.41497805946403332 69.372372738334192377 4.2083508049114159988 
 168.41497805946403332 112.87407492708210555 4.2083508049114159988 
 168.41497805946403332 136.03052238196761436 4.2083508049114159988 
 200.41497805946406174 112.87407492708210555 4.2083508049114159988 
 200.41497805946406174 136.03052238196761436 4.2083508049114159988 
 184.41497805946403332 92.528820193219701196 4.2083508049114159988 
 216.41497805946403332 110.06288220605901529 4.2083508049114159988 
 216.41497805946403332 133.21932966094453832 4.2083508049114159988 
 184.41497805946403332 115.68526764810522423 4.2083508049114159988 
 168.41497805946403332 159.18696983685313739 4.2083508049114159988 
 168.41497805946403332  182.343417291738632 4.2083508049114159988 
 200.41497805946406174 159.18696983685313739 4.2083508049114159988 
 200.41497805946406174  182.343417291738632 4.2083508049114159988 
 184.41497805946403332 138.84171510299071883 4.2083508049114159988 
 216.41497805946403332 156.37577711583003293 4.2083508049114159988 
 216.41497805946403332 179.53222457071552753 4.2083508049114159988 
 184.41497805946403332 161.99816255787621344 4.2083508049114159988 
 168.41497805946403332 205.49986474662412661 4.2083508049114159988 
 168.41497805946403332 228.65631220150964964 4.2083508049114159988 
 200.41497805946406174 205.49986474662412661 4.2083508049114159988 
 200.41497805946406174 228.65631220150964964 4.2083508049114159988 
 184.41497805946403332 185.15461001276173647 4.2083508049114159988 
 216.41497805946403332 202.68867202560102214 4.2083508049114159988 
 216.41497805946403332 225.84511948048654517 4.2083508049114159988 
 184.41497805946403332 208.31105746764723108 4.2083508049114159988 
 168.41497805946403332 20.248285107540066718 4.2083508049114159988 
 168.41497805946403332 43.404732562425557774 4.2083508049114159988 
 200.41497805946406174 20.248285107540066718 4.2083508049114159988 
 200.41497805946406174 43.404732562425557774 4.2083508049114159988 
 184.41497805946403332 231.46750492253278253 4.2083508049114159988 
 216.41497805946403332 17.437092386516955145 4.2083508049114159988 
 216.41497805946403332 40.593539841402467516 4.2083508049114159988 
 184.41497805946403332 23.059477828563153423 4.2083508049114159988 
 232.41497805946403332 66.561180017311087909 4.2083508049114159988 
 232.41497805946403332 89.717627472196596727 4.2083508049114159988 
 8.4149780594639924658 66.561180017311087909 4.2083508049114159988 
 8.4149780594639924658 89.717627472196596727 4.2083508049114159988 
 248.41497805946403332 46.215925283448683558 4.2083508049114159988 
 24.414978059464029769 63.74998729628798344 4.2083508049114159988 
 24.414978059464029769 86.90643475117350647 4.2083508049114159988 
 248.41497805946403332 69.372372738334192377 4.2083508049114159988 
 232.41497805946403332 112.87407492708210555 4.2083508049114159988 
 232.41497805946403332 136.03052238196761436 4.2083508049114159988 
 8.4149780594639924658 112.87407492708210555 4.2083508049114159988 
 8.4149780594639924658 136.03052238196761436 4.2083508049114159988 
 248.41497805946403332 92.528820193219701196 4.2083508049114159988 
 24.414978059464029769 110.06288220605901529 4.2083508049114159988 
 24.414978059464029769 133.21932966094453832 4.2083508049114159988 
 248.41497805946403332 115.68526764810522423 4.2083508049114159988 
 232.41497805946403332 159.18696983685313739 4.2083508049114159988 
 232.41497805946403332  182.343417291738632 4.2083508049114159988 
 8.4149780594639924658 159.18696983685313739 4.2083508049114159988 
 8.4149780594639924658  182.343417291738632 4.2083508049114159988 
 248.41497805946403332 138.84171510299071883 4.2083508049114159988 
 24.414978059464029769 156.37577711583003293 4.2083508049114159988 
 24.414978059464029769 179.53222457071552753 4.2083508049114159988 
 248.41497805946403332 161.99816255787621344 4.2083508049114159988 
 232.41497805946403332 205.49986474662412661 4.2083508049114159988 
 232.41497805946403332 228.65631220150964964 4.2083508049114159988 
 8.4149780594639924658 205.49986474662412661 4.2083508049114159988 
 8.4149780594639924658 228.65631220150964964 4.2083508049114159988 
 248.41497805946403332 185.15461001276173647 4.2083508049114159988 
 24.414978059464029769 202.68867202560102214 4.2083508049114159988 
 24.414978059464029769 225.84511948048654517 4.2083508049114159988 
 248.41497805946403332 208.31105746764723108 4.2083508049114159988 
 232.41497805946403332 20.248285107540066718 4.2083508049114159988 
 232.41497805946403332 43.404732562425557774 4.2083508049114159988 
 8.4149780594639924658 20.248285107540066718 4.2083508049114159988 
 8.4149780594639924658 43.404732562425557774 4.2083508049114159988 
 248.41497805946403332 231.46750492253278253 4.2083508049114159988 
 24.414978059464029769 17.437092386516955145 4.2083508049114159988 
 24.414978059464029769 40.593539841402467516 4.2083508049114159988 
 248.41497805946403332 23.059477828563153423 4.2083508049114159988 
