 59.008543034545553496 23.031774489792660177 4.2083508049114159988 
 53.015213416305385863 45.399185131572352248 4.2083508049114159988 
 89.918169475795735934 31.313983933073316734 4.2083508049114159988 
 83.924839857555568301 53.681394574853008805 4.2083508049114159988 
 79.729095657756445803 7.5208722215653702747 4.2083508049114159988 
 106.1005729120751937 32.739685002801614644 4.2083508049114159988 
 100.10724329383502607 55.107095644581292504 4.2083508049114159988 
 73.735766039516292381 29.888282863345047247 4.2083508049114159988 
 47.021883798065225335 67.766595773352008791 4.2083508049114159988 
 41.028554179825057702 90.134006415131707968 4.2083508049114159988 
 77.931510239315400668 76.048805216632686665 4.2083508049114159988 
 71.938180621075233034 98.416215858412371631 4.2083508049114159988 
 67.742436421276110536 52.255693505124739318 4.2083508049114159988 
 94.113913675594858432 77.474506286360963259 4.2083508049114159988 
 88.120584057354690799 99.841916928140648224 4.2083508049114159988 
 61.749106803035942903 74.623104146904424283 4.2083508049114159988 
 35.035224561584882963 112.50141705691137872 4.2083508049114159988 
 29.041894943344729541 134.86882769869100684 4.2083508049114159988 
 65.944851002835065401 120.7836265001920566 4.2083508049114159988 
 59.951521384594904873 143.15103714197169893 4.2083508049114159988 
 55.755777184795789481 96.990514788684095038 4.2083508049114159988 
 82.127254439114523166 122.20932756992031898 4.2083508049114159988 
 76.133924820874369743 144.57673821169998973 4.2083508049114159988 
 49.762447566555614742 119.35792543046376579 4.2083508049114159988 
 23.048565325104572565 157.23623834047072023 4.2083508049114159988 
 17.055235706864401379 179.6036489822504052 4.2083508049114159988 
 53.958191766354751451 165.51844778375141232 4.2083508049114159988 
 47.964862148114583817 187.88585842553106886 4.2083508049114159988 
 43.769117948315461319 141.72533607224343655 4.2083508049114159988 
 70.140595202634216321 166.94414885347964628 4.2083508049114159988 
 64.147265584394034477 189.31155949525933124 4.2083508049114159988 
 37.775788330075307897 164.09274671402309309 4.2083508049114159988 
 11.06190608862423197 201.97105962403009016 4.2083508049114159988 
 41.971532529874409079 210.25326906731075383 4.2083508049114159988 
 95.911499094035903568 8.9465732912936388743 4.2083508049114159988 
 31.782458711835133158 186.46015735580277806 4.2083508049114159988 
 58.153935966153873949 211.67897013703901621 4.2083508049114159988 
 112.09390253031536133 10.372274361021920797 4.2083508049114159988 
 25.789129093594965525 208.8275679975824346 4.2083508049114159988 
 120.82779591704591837 39.596193376353987503 4.2083508049114159988 
 114.83446629880575074 61.963604018133679574 4.2083508049114159988 
 151.73742235829610081 47.878402819634644061 4.2083508049114159988 
 145.74409274005594739 70.245813461414343237 4.2083508049114159988 
 141.54834854025682489 24.085291108126700266 4.2083508049114159988 
 167.91982579457555858 49.30410388936294197 4.2083508049114159988 
 161.92649617633540515 71.67151453114261983 4.2083508049114159988 
 135.55501892201667147 46.452701749906374573 4.2083508049114159988 
 108.84113668056558311 84.331014659913350329 4.2083508049114159988 
 102.84780706232541547 106.69842530169303529 4.2083508049114159988 
 139.75076312181576554 92.613224103193999781 4.2083508049114159988 
 133.75743350357561212 114.98063474497369896 4.2083508049114159988 
 129.56168930377648962 68.820112391686052433 4.2083508049114159988 
 155.93316655809522331 94.038925172922319007 4.2083508049114159988 
 149.93983693985506989 116.40633581470197555 4.2083508049114159988 
 123.5683596855363362 91.18752303346575161 4.2083508049114159988 
 96.85447744408526205 129.06583594347270605 4.2083508049114159988 
 90.861147825845108628 151.43324658525236259 4.2083508049114159988 
 127.76410388533543028 137.34804538675339813 4.2083508049114159988 
 121.77077426709527685 159.71545602853302626 4.2083508049114159988 
 117.57503006729615436 113.55493367524540815 4.2083508049114159988 
 143.94650732161491646 138.77374645648163209 4.2083508049114159988 
 137.95317770337473462 161.14115709826134548 4.2083508049114159988 
 111.58170044905600093 135.92234431702510733 4.2083508049114159988 
 84.867818207604926783 173.80065722703204756 4.2083508049114159988 
 78.87448858936475915 196.16806786881173252 4.2083508049114159988 
 115.77744464885512343 182.08286667031271122 4.2083508049114159988 
 109.7841150306149558 204.45027731209236777 4.2083508049114159988 
 105.5883708308158333 158.28975495880476387 4.2083508049114159988 
 131.9598480851345812 183.5085677400409736 4.2083508049114159988 
 125.96651846689441356 205.87597838182065857 4.2083508049114159988 
 99.595041212575679879 180.65716560058442042 4.2083508049114159988 
 72.881158971124605728 218.53547851059144591 4.2083508049114159988 
 126.82112553528608601 17.228782734574309643 4.2083508049114159988 
 103.79078541237478817 226.81768795387210957 4.2083508049114159988 
 157.73075197653625423 25.510992177854966201 4.2083508049114159988 
 93.601711594335512245 203.0245762423641338 4.2083508049114159988 
 119.97318884865424593 228.24338902360034353 4.2083508049114159988 
  173.913155412815712 26.936693247583249899 4.2083508049114159988 
 87.608381976095344612 225.39198688414379035 4.2083508049114159988 
 182.64704879954626904 56.160612262915300619 4.2083508049114159988 
 176.65371918130611562 78.52802290469499269 4.2083508049114159988 
 213.55667524079649411 64.442821706195971387 4.2083508049114159988 
 207.56334562255631226 86.810232347975670564 4.2083508049114159988 
 203.36760142275718977 40.649709994688031145 4.2083508049114159988 
 229.73907867707589503 65.868522775924262191 4.2083508049114159988 
 223.74574905883574161 88.235933417703932946 4.2083508049114159988 
 197.37427180451706477 63.017120636467709005 4.2083508049114159988 
 170.66038956306596219 100.89543354647467766 4.2083508049114159988 
 164.66705994482578035 123.26284418825434841 4.2083508049114159988 
 201.57001600431615884 109.17764298975534132 4.2083508049114159988 
 195.57668638607600542 131.54505363153504049 4.2083508049114159988 
 191.38094218627688292 85.384531278247393971 4.2083508049114159988 
 217.75241944059555976 110.60334405948363212 4.2083508049114159988 
 211.75908982235540634 132.97075470126330288 4.2083508049114159988 
 185.3876125680367295 107.75194192002707894 4.2083508049114159988 
 158.67373032658562693 145.63025483003403338 4.2083508049114159988 
 152.6804007083454735 167.99766547181368992 4.2083508049114159988 
 189.58335676783579515 153.91246427331469704 4.2083508049114159988 
 183.59002714959564173 176.27987491509435358 4.2083508049114159988 
 179.39428294979654765 130.11935256180674969 4.2083508049114159988 
 205.76576020411525292 155.33816534304298784 4.2083508049114159988 
 199.77243058587507107 177.70557598482264439 4.2083508049114159988 
 173.40095333155636581 152.48676320358640623 4.2083508049114159988 
 146.68707109010529166 190.36507611359337488 4.2083508049114159988 
 140.69374147186510982 212.73248675537303143 4.2083508049114159988 
 177.59669753135548831 198.64728555687403855 4.2083508049114159988 
 171.60336791311530646 221.01469619865372351 4.2083508049114159988 
 167.40762371331621239 174.8541738453660912 4.2083508049114159988 
 193.77910096763491765 200.07298662660230093 4.2083508049114159988 
 187.78577134939473581 222.4403972683819859 4.2083508049114159988 
 161.41429409507605897 197.22158448714574774 4.2083508049114159988 
 134.70041185362495639 235.09989739715274482 4.2083508049114159988 
 188.64037841778645088 33.793201621135622759 4.2083508049114159988 
 165.61003829487515304 243.38210684043340848 4.2083508049114159988 
 219.55000485903664753 42.075411064416293527 4.2083508049114159988 
 155.42096447683587712 219.58899512892546113 4.2083508049114159988 
 181.79244173115458238 244.80780791016167086 4.2083508049114159988 
 235.73240829531604845 43.501112134144563015 4.2083508049114159988 
 149.4276348585957237 241.95640577070511767 4.2083508049114159988 
 244.46630168204666234 72.725031149476649261 4.2083508049114159988 
 238.47297206380650891 95.092441791256334227 4.2083508049114159988 
 28.098916593295331978 14.749565046511987632 4.2083508049114159988 
 22.105586975055160792 37.116975688291681479 4.2083508049114159988 
 44.281320029574807506 16.175266116240287317 4.2083508049114159988 
 38.287990411334639873 38.542676758019965177 4.2083508049114159988 
 232.47964244556635549 117.45985243303600498 4.2083508049114159988 
 226.48631282732614523 139.82726307481570416 4.2083508049114159988 
 16.112257356815003817 59.484386330071345128 4.2083508049114159988 
 10.118927738574834407 81.851796971851030094 4.2083508049114159988 
 253.20019506877721938 101.94895016480870709 4.2083508049114159988 
 32.294660793094479345 60.910087399799657248 4.2083508049114159988 
 26.301331174854308159 83.277498041579320898 4.2083508049114159988 
 247.20686545053706595 124.31636080658840626 4.2083508049114159988 
 220.4929832090859918 162.1946737165953607 4.2083508049114159988 
 214.49965359084583838 184.56208435837501725 4.2083508049114159988 
 4.1255981203346632213 104.21920761363072927 4.2083508049114159988 
 241.21353583229688411 146.68377144836807702 4.2083508049114159988 
 20.308001556614154737 105.64490868335899165 4.2083508049114159988 
 14.314671938373997762 128.01231932513866241 4.2083508049114159988 
 235.22020621405673069 169.05118209014773356 4.2083508049114159988 
 208.50632397260568496 206.92949500015467379 4.2083508049114159988 
 202.51299435436553154 229.2969056419344156 4.2083508049114159988 
 229.22687659581657726 191.4185927319273901 4.2083508049114159988 
 8.3213423201338265756 150.37972996691831895 4.2083508049114159988 
 2.3280127018936704886 172.74714060869803234 4.2083508049114159988 
 223.23354697757642384 213.78600337370704665 4.2083508049114159988 
 196.51966473612534969 251.66431628371407214 4.2083508049114159988 
 250.45963130028684418 50.357620507696971401 4.2083508049114159988 
  217.240217359336242 236.15341401548678846 4.2083508049114159988 
