 95.221908398009290408 5.8900611207239688127 4.4733053380918823549 
 106.99685815287985235 9.0450424954156876112 4.4733053380918823549 
 86.601940017830415286 14.510029500902840383 4.4733053380918823549 
 69.362003257472693463 31.749966261260567535 4.4733053380918823549 
 89.756921392522116321 26.284979255773414764 4.4733053380918823549 
 81.136953012343255409 34.904947635952275675 4.4733053380918823549 
 60.742034877293832551 40.369934641439442657 4.4733053380918823549 
 43.502098116936089411 57.609871401797185797 4.4733053380918823549 
 63.897016251985540691 52.144884396309997499 4.4733053380918823549 
 55.277047871806665569 60.764852776488872621 4.4733053380918823549 
 34.882129736757235605 66.229839781976039603 4.4733053380918823549 
 17.642192976399506676 83.469776542333761427 4.4733053380918823549 
 38.03711111144893664 78.00478953684660155 4.4733053380918823549 
 29.417142731270082834 86.624757917025476672 4.4733053380918823549 
 9.0222245962206493175 92.089744922512622338 4.4733053380918823549 
 12.177205970912353905 103.8646946773831985 4.4733053380918823549 
 3.5572375907334969902 112.48466305756205941 4.4733053380918823549 
 127.39177628792927521 3.580055489928520629 4.4733053380918823549 
 110.15183952757153918 20.819992250286247781 4.4733053380918823549 
 130.54675766262099046 15.355005244799096786 4.4733053380918823549 
 121.92678928244211534 23.974973624977952369 4.4733053380918823549 
 101.53187114739267827 29.439960630465119351 4.4733053380918823549 
 84.291934387034956444 46.679897390822851833 4.4733053380918823549 
 104.68685252208439351 41.214910385335699061 4.4733053380918823549 
 96.066884141905532601 49.834878765514552867 4.4733053380918823549 
 75.671966006856081322 55.299865771001705639 4.4733053380918823549 
 58.432029246498352393 72.539802531359470095 4.4733053380918823549 
 78.826947381547796567 67.074815525872281796 4.4733053380918823549 
 70.206979001368949866 75.694783906051156919 4.4733053380918823549 
 49.812060866319484376 81.159770911538316795 4.4733053380918823549 
 32.572124105961769658 98.399707671896038619 4.4733053380918823549 
 52.967042241011199621 92.934720666408878742 4.4733053380918823549 
 44.347073860832345815 101.55468904658775386 4.4733053380918823549 
 23.952155725782915852 107.01967605207488532 4.4733053380918823549 
 6.7122189654252011337 124.25961281243263556 4.4733053380918823549 
 27.10713710047463465 118.79462580694546148 4.4733053380918823549 
 18.487168720295777291 127.41459418712432239 4.4733053380918823549 
 1.2472319599380339294 144.65453094748207263 4.4733053380918823549 
 142.32170741749155241 18.509986619490785387 4.4733053380918823549 
 125.08177065713381637 35.749923379848510763 4.4733053380918823549 
 145.47668879218323923 30.284936374361347333 4.4733053380918823549 
 136.85672041200439253 38.904904754540218903 4.4733053380918823549 
 116.46180227695494125 44.369891760027385885 4.4733053380918823549 
 99.221865516597233636 61.609828520385114814 4.4733053380918823549 
 119.61678365164665649 56.144841514897947832 4.4733053380918823549 
 110.99681527146778137 64.764809895076808743 4.4733053380918823549 
 90.601897136418358514 70.22979690056396862 4.4733053380918823549 
 73.36196037606062248 87.469733660921733076 4.4733053380918823549 
 93.756878511110073759 82.004746655434530567 4.4733053380918823549 
 85.136910130931198637  90.6247150356134199 4.4733053380918823549 
 64.741991995881761568 96.089702041100579777 4.4733053380918823549 
 47.502055235524032639 113.3296388014583016 4.4733053380918823549 
 67.896973370573462603 107.86465179597114172 4.4733053380918823549 
 59.277004990394608797 116.48462017615000264 4.4733053380918823549 
 38.882086855345178833 121.9496071816371483 4.4733053380918823549 
 21.642150094987467668 139.18954394199488434 4.4733053380918823549 
 42.037068230036879868 133.72455693650772446 4.4733053380918823549 
 33.417099849858026062 142.34452531668659958 4.4733053380918823549 
 13.022181714808610309 147.80951232217375946 4.4733053380918823549 
 16.177163089500297133 159.58446207704429298 4.4733053380918823549 
 7.5571947093214424385 168.20443045722319653 4.4733053380918823549 
 150.94167579767042753 9.8900182393118978297 4.4733053380918823549 
 171.3365939327198646 4.4250312338247308475 4.4733053380918823549 
 162.71662555254096105 13.044999614003618404 4.4733053380918823549 
 157.25163854705380118 33.439917749053051921 4.4733053380918823549 
 140.01170178669610777 50.67985450941078085 4.4733053380918823549 
 160.40661992174554484 45.214867503923613867 4.4733053380918823549 
 151.7866515415666413 53.834835884102481884 4.4733053380918823549 
 131.39173340651723265 59.299822889589648867 4.4733053380918823549 
 114.15179664615949662 76.539759649947384901 4.4733053380918823549 
 134.54671478120891948 71.074772644460210813 4.4733053380918823549 
 125.92674640103005856 79.694741024639085936 4.4733053380918823549 
 105.53182826598064992 85.159728030126231602 4.4733053380918823549 
 88.291891505622899672 102.39966479048398185 4.4733053380918823549 
 108.68680964067233674 96.934677784996793548 4.4733053380918823549 
 100.06684126049346162 105.55464616517568288 4.4733053380918823549 
 79.671923125444024549 111.01963317066284276 4.4733053380918823549 
 62.431986365086316937 128.25956993102056458 4.4733053380918823549 
 82.826904500135725584 122.7945829255334047 4.4733053380918823549 
 74.206936119956878883 131.41455130571227983 4.4733053380918823549 
 53.812017984907456025 136.87953831119941128 4.4733053380918823549 
 36.572081224549734202 154.11947507155716153 4.4733053380918823549 
 56.966999359599149955 148.65448806607000165 4.4733053380918823549 
 48.347030979420289043 157.27445644624884835 4.4733053380918823549 
 27.95211284437087329 162.73944345173600823 4.4733053380918823549 
 10.712176084013146138 179.97938021209373005 4.4733053380918823549 
 31.107094219062563667 174.51439320660657017 4.4733053380918823549 
 22.487125838883706308 183.1343615867854453 4.4733053380918823549 
 183.11154368759039812 7.5800126085164505341 4.4733053380918823549 
 165.87160692723270472 24.819949368874162587 4.4733053380918823549 
 186.26652506228211337 19.354962363386995605 4.4733053380918823549 
 177.64655668210323824 27.974930743565881386 4.4733053380918823549 
 172.18156967661607837 48.369848878615314902 4.4733053380918823549 
 154.94163291625835654 65.609785638973036725 4.4733053380918823549 
 175.33655105130776519 60.144798633485876849 4.4733053380918823549 
 166.71658267112891849 68.764767013664751971 4.4733053380918823549 
 146.32166453607948142 74.229754019151911848 4.4733053380918823549 
 129.0817277757217596 91.469690779509647882 4.4733053380918823549 
 149.47664591077119667 86.004703774022473795 4.4733053380918823549 
 140.85667753059232155 94.624672154201348917 4.4733053380918823549 
 120.46175939554289869 100.08965915968849458 4.4733053380918823549 
 103.22182263518516265 117.32959592004624483 4.4733053380918823549 
 123.61674077023459972 111.86460891455905653 4.4733053380918823549 
 114.9967723900557246 120.48457729473793165 4.4733053380918823549 
 94.601854255006287531 125.94956430022511995 4.4733053380918823549 
 77.361917494648579918 143.18950106058281335 4.4733053380918823549 
 97.756835629698002776 137.72451405509565348 4.4733053380918823549 
 89.136867249519141865 146.34448243527455702 4.4733053380918823549 
 68.741949114469719007 151.80946944076168847 4.4733053380918823549 
 51.502012354111997183 169.04940620111943872 4.4733053380918823549 
 71.896930489161420041 163.58441919563225042 4.4733053380918823549 
 63.27696210898255913 172.20438757581112554 4.4733053380918823549 
 42.882043973933136272 177.66937458129828542 4.4733053380918823549 
 25.642107213575410896 194.90931134165600724 4.4733053380918823549 
 46.037025348624830201 189.44432433616881895 4.4733053380918823549 
 37.417056968445969289 198.06429271634769407 4.4733053380918823549 
 198.04147481715267531 22.509943738078714404 4.4733053380918823549 
 180.80153805679495349 39.749880498436425569 4.4733053380918823549 
 201.19645619184439056 34.284893492949258587 4.4733053380918823549 
 192.57648781166548702 42.90486187312814792 4.4733053380918823549 
 187.11150080617835556 63.299780008177570778 4.4733053380918823549 
 169.87156404582063374 80.539716768535299707 4.4733053380918823549 
 190.26648218087007081 75.074729763048125619 4.4733053380918823549 
 181.64651380069116726 83.694698143227014953 4.4733053380918823549 
 161.25159566564173019 89.159685148714160619 4.4733053380918823549 
 144.01165890528403679 106.39962190907191086 4.4733053380918823549 
 164.40657704033341702 100.93463490358473678 4.4733053380918823549 
 155.78660866015457032 109.5546032837636119 4.4733053380918823549 
 135.39169052510516167 115.01959028925075756 4.4733053380918823549 
 118.15175376474742563 132.2595270496084936 4.4733053380918823549 
 138.54667189979684849 126.79454004412131951 4.4733053380918823549 
 129.92670351961800179 135.41450842430020884 4.4733053380918823549 
 109.53178538456856472 140.87949542978736872 4.4733053380918823549 
 92.291848624210828689 158.11943219014509054 4.4733053380918823549 
 112.68676675926026576 152.65444518465793067 4.4733053380918823549 
 104.06679837908140485 161.27441356483677737 4.4733053380918823549 
 83.671880244031967777 166.73940057032393725 4.4733053380918823549 
 66.431943483674260165 183.97933733068168749 4.4733053380918823549 
 86.826861618723683023 178.51435032519452761 4.4733053380918823549 
 78.206893238544822111 187.13431870537337431 4.4733053380918823549 
 57.811975103495406358 192.59930571086053419 4.4733053380918823549 
 40.57203834313767743 209.83924247121825601 4.4733053380918823549 
 60.966956478187093182 204.37425546573109614 4.4733053380918823549 
 52.346988098008239376 212.99422384590997126 4.4733053380918823549 
 212.97140594671495251 37.439874867640966727 4.4733053380918823549 
 195.73146918635723068 54.679811627998695656 4.4733053380918823549 
 216.12638732140663933 49.214824622511528673 4.4733053380918823549 
 207.50641894122776421 57.834793002690410901 4.4733053380918823549 
 202.04143193574063275 78.229711137739840865 4.4733053380918823549 
 184.80149517538288251 95.469647898097576899 4.4733053380918823549 
 205.19641331043229115 90.004660892610388601 4.4733053380918823549 
 196.57644493025344445 98.624629272789277934 4.4733053380918823549 
 176.18152679520403581 104.08961627827643781 4.4733053380918823549 
 158.94159003484628556 121.32955303863417384 4.4733053380918823549 
 179.33650816989572263 115.86456603314699976 4.4733053380918823549 
 170.71653978971684751 124.48453441332586067 4.4733053380918823549 
 150.32162165466743886 129.94952141881304897 4.4733053380918823549 
 133.08168489430968862 147.18945817917079921 4.4733053380918823549 
 153.47660302935912569 141.72447117368358249 4.4733053380918823549 
 144.85663464918027898 150.34443955386245761 4.4733053380918823549 
 124.46171651413084192 155.80942655934964591 4.4733053380918823549 
 107.22177975377312009 173.04936331970736774 4.4733053380918823549 
 127.61669788882252874 167.58437631422017944 4.4733053380918823549 
 118.99672950864366783 176.20434469439908298 4.4733053380918823549 
 98.601811373594273391 181.66933169988621444 4.4733053380918823549 
 81.361874613236537357 198.90926846024396468 4.4733053380918823549 
  101.756792748285946 193.44428145475677638 4.4733053380918823549 
 93.136824368107085093 202.06424983493565151 4.4733053380918823549 
 72.741906233057676445 207.52923684042281138 4.4733053380918823549 
 55.501969472699954622 224.76917360078056163 4.4733053380918823549 
 75.896887607749363269 219.30418659529334491 4.4733053380918823549 
 67.276919227570502358 227.92415497547222003 4.4733053380918823549 
 227.90133707627720128 52.369805997203243919 4.4733053380918823549 
 210.66140031591947945 69.609742757560979953 4.4733053380918823549 
 231.05631845096891652 64.144755752073791655 4.4733053380918823549 
 222.43635007079001298 72.764724132252680988 4.4733053380918823549 
 216.97136306530288152 93.159642267302103846 4.4733053380918823549 
 199.7314263049451597 110.39957902765983988 4.4733053380918823549 
 220.12634443999459677   104.93459202217268 4.4733053380918823549 
 211.50637605981572165 113.55456040235155513 4.4733053380918823549 
  191.111457924766313  119.019547407838715 4.4733053380918823549 
 173.87152116440856275 136.25948416819645104 4.4733053380918823549 
 194.26643929945799982 130.79449716270929116 4.4733053380918823549 
 185.6464709192791247 139.41446554288813786 4.4733053380918823549 
 165.25155278422971605 144.87945254837529774 4.4733053380918823549 
 148.01161602387196581 162.11938930873304798 4.4733053380918823549 
 168.4065341589214313 156.65440230324588811 4.4733053380918823549 
 159.78656577874252775 165.27437068342473481 4.4733053380918823549 
 139.39164764369309069 170.73935768891192311 4.4733053380918823549 
 122.15171088333536886 187.97929444926961651 4.4733053380918823549 
 142.54662901838483435 182.51430744378248505 4.4733053380918823549 
 133.92666063820595923 191.13427582396133175 4.4733053380918823549 
 113.53174250315652216 196.59926282944849163 4.4733053380918823549 
 96.291805742798800338 213.83919958980621345 4.4733053380918823549 
 116.6867238778482232  208.374212584319082 4.4733053380918823549 
 108.06675549766936228 216.9941809644979287 4.4733053380918823549 
 87.671837362619939427 222.45916796998508858 4.4733053380918823549 
 70.431900602262217603 239.69910473034278198 4.4733053380918823549 
 90.826818737311654672 234.23411772485565052 4.4733053380918823549 
 82.206850357132793761 242.85408610503449722 4.4733053380918823549 
 242.83126820583950689  67.2997371267655069 4.4733053380918823549 
 225.59133144548178507 84.539673887123228724 4.4733053380918823549 
 245.98624958053119371 79.074686881636068847 4.4733053380918823549 
 237.36628120035229017 87.69465526181495818 4.4733053380918823549 
 231.90129419486515872 108.08957339686438104 4.4733053380918823549 
 214.66135743450743689 125.32951015722210286 4.4733053380918823549 
 235.05627556955684554 119.8645231517349572 4.4733053380918823549 
 226.43630718937799884 128.48449153191381811 4.4733053380918823549 
 206.04138905432856177 133.94947853740097798 4.4733053380918823549 
 188.80145229397081152 151.18941529775869981 4.4733053380918823549 
 209.19637042902024859 145.72442829227153993 4.4733053380918823549 
 200.57640204884140189 154.34439667245041505 4.4733053380918823549 
 180.18148391379196482 159.80938367793757493 4.4733053380918823549 
 162.94154715343421458 177.04932043829532518 4.4733053380918823549 
 183.33646528848368007 171.58433343280810845 4.4733053380918823549 
 174.71649690830480495  180.204301812987012 4.4733053380918823549 
 154.32157877325536788 185.66928881847417188 4.4733053380918823549 
 137.08164201289764605 202.9092255788318937 4.4733053380918823549 
 157.47656014794708312 197.44423857334476224 4.4733053380918823549 
 148.85659176776823642 206.06420695352360895 4.4733053380918823549 
 128.46167363271879935 211.5291939590107404 4.4733053380918823549 
 111.22173687236107753 228.76913071936849065 4.4733053380918823549 
 131.61665500741048618 223.30414371388133077 4.4733053380918823549 
 122.99668662723162527 231.92411209406017747 4.4733053380918823549 
 102.60176849218220241 237.38909909954733735 4.4733053380918823549 
 85.361831731824480585 254.62903585990505917 4.4733053380918823549 
 105.75674986687391765 249.16404885441789929 4.4733053380918823549 
 240.52126257504403384 99.469605016685491705 4.4733053380918823549 
 252.29621232991456736 102.62458639137722116 4.4733053380918823549 
 246.83122532442740749 123.01950452642664402 4.4733053380918823549 
 229.59128856406968566 140.25944128678435163 4.4733053380918823549 
 249.98620669911912273 134.79445428129722018 4.4733053380918823549 
 241.36623831894027603 143.41442266147606688 4.4733053380918823549 
 220.97132018389083896 148.87940966696319833 4.4733053380918823549 
 203.73138342353308872 166.11934642732094858 4.4733053380918823549 
 224.12630155858252579 160.65435942183381712 4.4733053380918823549 
 215.50633317840365066 169.27432780201266382 4.4733053380918823549 
 195.11141504335424202 174.73931480749985212 4.4733053380918823549 
 177.87147828299649177 191.97925156785754552 4.4733053380918823549 
 198.26639641804595726 186.51426456237041407 4.4733053380918823549 
 189.64642803786705372 195.13423294254926077 4.4733053380918823549 
 169.25150990281764507 200.59921994803642065 4.4733053380918823549 
 152.01157314245992325 217.83915670839414247 4.4733053380918823549 
 172.40649127750936032 212.37416970290698259 4.4733053380918823549 
 163.78652289733048519 220.99413808308585772 4.4733053380918823549 
 143.39160476228107655 226.45912508857301759 4.4733053380918823549 
 126.1516680019233263 243.69906184893073942 4.4733053380918823549 
 146.54658613697276337 238.23407484344357954 4.4733053380918823549 
 137.92661775679388825 246.85404322362242624 4.4733053380918823549 
 117.53169962174446539 252.31903022910961454 4.4733053380918823549 
 255.45119370460628261 114.39953614624775469 4.4733053380918823549 
 244.52121969363196285 155.18937241634662882 4.4733053380918823549 
 256.29616944850249638 158.34435379103834407 4.4733053380918823549 
 235.90125131345308773 163.80934079652550395 4.4733053380918823549 
 218.66131455309536591 181.04927755688322577 4.4733053380918823549 
 239.05623268814477456 175.58429055139609432 4.4733053380918823549 
 230.43626430796592786 184.20425893157494102 4.4733053380918823549 
 210.04134617291649079 189.66924593706207247 4.4733053380918823549 
 192.80140941255874054 206.90918269741985114 4.4733053380918823549 
 213.19632754760820603 201.44419569193266284 4.4733053380918823549 
 204.57635916742933091 210.06416407211153796 4.4733053380918823549 
 184.18144103237989384 215.52915107759869784 4.4733053380918823549 
 166.94150427202217202 232.76908783795641966 4.4733053380918823549 
 187.33642240707158066 227.30410083246928821 4.4733053380918823549 
 178.71645402689273396 235.92406921264813491 4.4733053380918823549 
 158.32153589184332532 241.38905621813526636 4.4733053380918823549 
 161.47651726653501214 253.16400597300585673 4.4733053380918823549 
 250.83118244301536492 178.73927192608775272 4.4733053380918823549 
 233.59124568265761468 195.97920868644547454 4.4733053380918823549 
 74.826990262959839129 11.355048126211151782 4.4733053380918823549 
 66.207021882780978217 19.975016506390009141 4.4733053380918823549 
 224.97127730247876798 204.59917706662437809 4.4733053380918823549 
 207.73134054212101773 221.83911382698207149 4.4733053380918823549 
 48.967085122423256394 37.214953266747734517 4.4733053380918823549 
 40.347116742244388377 45.83492164692660964 4.4733053380918823549 
 199.11137216194217103 230.45908220716094661 4.4733053380918823549 
 181.87143540158444921 247.69901896751866843 4.4733053380918823549 
 23.107179981886659448 63.074858407284338568 4.4733053380918823549 
 14.487211601707802089 71.694826787463213691 4.4733053380918823549 
 173.25146702140560251 256.31898734769754356 4.4733053380918823549 
