 240.07318239483106481 8.1055750085095734647 4.4733053380918823549 
 215.69223001387868521 8.1055750085095734647 4.4733053380918823549 
 233.97794429959296281 18.662630552871195988 4.4733053380918823549 
 221.7874681091167588 18.662630552871195988 4.4733053380918823549 
 203.5017538234024812 8.1055750085095734647 4.4733053380918823549 
 179.1208014424501016 8.1055750085095734647 4.4733053380918823549 
 197.40651572816440762 18.662630552871195988 4.4733053380918823549 
 185.21603953768817519 18.662630552871195988 4.4733053380918823549 
 166.93032525197389759 8.1055750085095734647 4.4733053380918823549 
 142.54937287102154642 8.1055750085095734647 4.4733053380918823549 
 160.83508715673582401 18.662630552871195988 4.4733053380918823549 
   148.64461096625962 18.662630552871195988 4.4733053380918823549 
 130.35889668054534241 8.1055750085095734647 4.4733053380918823549 
 105.97794429959297702 8.1055750085095734647 4.4733053380918823549 
 124.26365858530725461 18.662630552871195988 4.4733053380918823549 
 112.07318239483107902 18.662630552871195988 4.4733053380918823549 
 93.787468109116801429 8.1055750085095734647 4.4733053380918823549 
 69.40651572816442183 8.1055750085095734647 4.4733053380918823549 
 87.692230013878699424 18.662630552871195988 4.4733053380918823549 
 75.501753823402523835 18.662630552871195988 4.4733053380918823549 
 57.216039537688246241 8.1055750085095734647 4.4733053380918823549 
 32.835087156735873748 8.1055750085095734647 4.4733053380918823549 
 51.120801442450151342 18.662630552871195988 4.4733053380918823549 
 38.930325251973968648 18.662630552871195988 4.4733053380918823549 
 20.644610966259659079 8.1055750085095734647 4.4733053380918823549 
 252.26365858530729724 8.1055750085095734647 4.4733053380918823549 
 14.549372871021567732 18.662630552871195988 4.4733053380918823549 
 2.3588966805453823739 18.662630552871210199 4.4733053380918823549 
 240.07318239483106481 29.219686097232788313 4.4733053380918823549 
 215.69223001387868521 29.219686097232788313 4.4733053380918823549 
 233.97794429959296281 39.776741641594412613 4.4733053380918823549 
 221.7874681091167588 39.776741641594412613 4.4733053380918823549 
 203.5017538234024812 29.219686097232788313 4.4733053380918823549 
 179.1208014424501016 29.219686097232788313 4.4733053380918823549 
 197.40651572816440762 39.776741641594412613 4.4733053380918823549 
 185.21603953768817519 39.776741641594412613 4.4733053380918823549 
 166.93032525197389759 29.219686097232788313 4.4733053380918823549 
 142.54937287102154642 29.219686097232788313 4.4733053380918823549 
 160.83508715673582401 39.776741641594412613 4.4733053380918823549 
   148.64461096625962 39.776741641594412613 4.4733053380918823549 
 130.35889668054534241 29.219686097232788313 4.4733053380918823549 
 105.97794429959297702 29.219686097232788313 4.4733053380918823549 
 124.26365858530725461 39.776741641594412613 4.4733053380918823549 
 112.07318239483107902 39.776741641594412613 4.4733053380918823549 
 93.787468109116801429 29.219686097232788313 4.4733053380918823549 
 69.40651572816442183 29.219686097232788313 4.4733053380918823549 
 87.692230013878699424 39.776741641594412613 4.4733053380918823549 
 75.501753823402523835 39.776741641594412613 4.4733053380918823549 
 57.216039537688246241 29.219686097232788313 4.4733053380918823549 
 32.835087156735873748 29.219686097232788313 4.4733053380918823549 
 51.120801442450151342 39.776741641594412613 4.4733053380918823549 
 38.930325251973968648 39.776741641594412613 4.4733053380918823549 
 20.644610966259659079 29.219686097232788313 4.4733053380918823549 
 252.26365858530729724 29.219686097232788313 4.4733053380918823549 
 14.549372871021567732 39.776741641594412613 4.4733053380918823549 
 2.3588966805453823739 39.776741641594426824 4.4733053380918823549 
 240.07318239483106481 50.333797185956015596 4.4733053380918823549 
 215.69223001387868521 50.333797185956015596 4.4733053380918823549 
 233.97794429959296281 60.89085273031761858 4.4733053380918823549 
 221.7874681091167588 60.89085273031761858 4.4733053380918823549 
 203.5017538234024812 50.333797185956015596 4.4733053380918823549 
 179.1208014424501016 50.333797185956015596 4.4733053380918823549 
 197.40651572816440762 60.89085273031761858 4.4733053380918823549 
 185.21603953768817519 60.890852730317625685 4.4733053380918823549 
 166.93032525197389759 50.333797185956015596 4.4733053380918823549 
 142.54937287102154642 50.333797185956015596 4.4733053380918823549 
 160.83508715673582401 60.890852730317625685 4.4733053380918823549 
   148.64461096625962 60.890852730317625685 4.4733053380918823549 
 130.35889668054534241 50.333797185956015596 4.4733053380918823549 
 105.97794429959297702 50.333797185956015596 4.4733053380918823549 
 124.26365858530725461 60.890852730317625685 4.4733053380918823549 
 112.07318239483107902 60.890852730317625685 4.4733053380918823549 
 93.787468109116801429 50.333797185956015596 4.4733053380918823549 
 69.40651572816442183 50.333797185956015596 4.4733053380918823549 
 87.692230013878699424 60.890852730317625685 4.4733053380918823549 
 75.501753823402523835 60.890852730317625685 4.4733053380918823549 
 57.216039537688246241 50.333797185956015596 4.4733053380918823549 
 32.835087156735873748 50.333797185956015596 4.4733053380918823549 
 51.120801442450151342 60.890852730317632791 4.4733053380918823549 
 38.930325251973968648 60.890852730317632791 4.4733053380918823549 
 20.644610966259659079 50.333797185956015596 4.4733053380918823549 
 252.26365858530729724 50.333797185956015596 4.4733053380918823549 
 14.549372871021567732 60.890852730317632791 4.4733053380918823549 
 2.3588966805453823739 60.890852730317632791 4.4733053380918823549 
 240.07318239483106481 71.447908274679221563 4.4733053380918823549 
 215.69223001387868521 71.447908274679221563 4.4733053380918823549 
 233.97794429959296281 82.004963819040838757 4.4733053380918823549 
 221.7874681091167588 82.004963819040838757 4.4733053380918823549 
 203.5017538234024812 71.447908274679221563 4.4733053380918823549 
 179.1208014424501016 71.447908274679235774 4.4733053380918823549 
 197.40651572816440762 82.004963819040838757 4.4733053380918823549 
 185.21603953768820361 82.004963819040838757 4.4733053380918823549 
 166.93032525197389759 71.447908274679235774 4.4733053380918823549 
 142.54937287102154642 71.447908274679235774 4.4733053380918823549 
 160.83508715673582401 82.004963819040838757 4.4733053380918823549 
   148.64461096625962 82.004963819040838757 4.4733053380918823549 
 130.35889668054534241 71.447908274679235774 4.4733053380918823549 
 105.97794429959297702 71.447908274679235774 4.4733053380918823549 
 124.26365858530725461 82.004963819040838757 4.4733053380918823549 
 112.07318239483107902 82.004963819040838757 4.4733053380918823549 
 93.787468109116801429 71.447908274679235774 4.4733053380918823549 
 69.40651572816442183 71.447908274679235774 4.4733053380918823549 
 87.692230013878699424 82.004963819040838757 4.4733053380918823549 
 75.501753823402523835 82.004963819040838757 4.4733053380918823549 
 57.216039537688246241 71.447908274679249985 4.4733053380918823549 
 32.835087156735873748 71.447908274679249985 4.4733053380918823549 
 51.120801442450151342 82.004963819040838757 4.4733053380918823549 
 38.930325251973968648 82.004963819040838757 4.4733053380918823549 
 20.644610966259659079 71.447908274679249985 4.4733053380918823549 
 252.26365858530729724 71.447908274679221563 4.4733053380918823549 
 14.549372871021567732 82.004963819040838757 4.4733053380918823549 
 2.3588966805453823739 82.004963819040838757 4.4733053380918823549 
 240.07318239483106481 92.56201936340242753 4.4733053380918823549 
 215.69223001387868521 92.56201936340242753 4.4733053380918823549 
 233.97794429959296281 103.11907490776405893 4.4733053380918823549 
 221.7874681091167588 103.11907490776405893 4.4733053380918823549 
 203.5017538234024812 92.56201936340242753 4.4733053380918823549 
 179.1208014424501016 92.562019363402455951 4.4733053380918823549 
 197.40651572816440762 103.11907490776405893 4.4733053380918823549 
 185.21603953768820361 103.11907490776405893 4.4733053380918823549 
 166.93032525197389759 92.562019363402455951 4.4733053380918823549 
 142.54937287102154642 92.562019363402455951 4.4733053380918823549 
 160.83508715673585243 103.11907490776405893 4.4733053380918823549 
   148.64461096625962 103.11907490776405893 4.4733053380918823549 
 130.35889668054534241 92.562019363402455951 4.4733053380918823549 
 105.97794429959297702 92.562019363402455951 4.4733053380918823549 
 124.26365858530725461 103.11907490776405893 4.4733053380918823549 
 112.07318239483107902 103.11907490776405893 4.4733053380918823549 
 93.787468109116801429 92.562019363402455951 4.4733053380918823549 
 69.40651572816442183 92.562019363402455951 4.4733053380918823549 
 87.692230013878699424 103.11907490776405893 4.4733053380918823549 
 75.501753823402523835 103.11907490776405893 4.4733053380918823549 
 57.216039537688246241 92.562019363402470162 4.4733053380918823549 
 32.835087156735873748 92.562019363402470162 4.4733053380918823549 
 51.120801442450151342 103.11907490776405893 4.4733053380918823549 
 38.930325251973968648 103.11907490776405893 4.4733053380918823549 
 20.644610966259659079 92.562019363402470162 4.4733053380918823549 
 252.26365858530729724 92.56201936340242753 4.4733053380918823549 
 14.549372871021567732 103.11907490776405893 4.4733053380918823549 
 2.3588966805453823739 103.11907490776405893 4.4733053380918823549 
 240.07318239483106481 113.67613045212564771 4.4733053380918823549 
 215.69223001387868521 113.67613045212566192 4.4733053380918823549 
 233.97794429959296281 124.23318599648727911 4.4733053380918823549 
 221.7874681091167588 124.23318599648727911 4.4733053380918823549 
 203.5017538234024812 113.67613045212566192 4.4733053380918823549 
 179.1208014424501016 113.67613045212566192 4.4733053380918823549 
 197.40651572816440762 124.23318599648727911 4.4733053380918823549 
 185.21603953768820361 124.23318599648727911 4.4733053380918823549 
 166.93032525197389759 113.67613045212566192 4.4733053380918823549 
 142.54937287102154642 113.67613045212566192 4.4733053380918823549 
 160.83508715673585243 124.23318599648727911 4.4733053380918823549 
   148.64461096625962 124.23318599648727911 4.4733053380918823549 
 130.35889668054534241 113.67613045212566192 4.4733053380918823549 
 105.97794429959297702 113.67613045212566192 4.4733053380918823549 
 124.26365858530725461 124.23318599648727911 4.4733053380918823549 
 112.07318239483107902 124.23318599648727911 4.4733053380918823549 
 93.787468109116801429 113.67613045212566192 4.4733053380918823549 
 69.40651572816442183 113.67613045212566192 4.4733053380918823549 
 87.692230013878699424 124.23318599648727911 4.4733053380918823549 
 75.501753823402523835 124.23318599648727911 4.4733053380918823549 
 57.216039537688246241 113.67613045212566192 4.4733053380918823549 
 32.835087156735873748 113.67613045212566192 4.4733053380918823549 
 51.120801442450151342 124.23318599648727911 4.4733053380918823549 
 38.930325251973968648 124.23318599648727911 4.4733053380918823549 
 20.644610966259659079 113.67613045212566192 4.4733053380918823549 
 252.26365858530729724 113.67613045212564771 4.4733053380918823549 
 14.549372871021567732 124.23318599648727911 4.4733053380918823549 
 2.3588966805453823739 124.23318599648727911 4.4733053380918823549 
 240.07318239483106481 134.7902415408488821 4.4733053380918823549 
 215.69223001387868521 134.7902415408488821 4.4733053380918823549 
 233.97794429959296281 145.34729708521052771 4.4733053380918823549 
 221.7874681091167588 145.34729708521052771 4.4733053380918823549 
 203.5017538234024812 134.7902415408488821 4.4733053380918823549 
 179.1208014424501016 134.7902415408488821 4.4733053380918823549 
 197.40651572816440762 145.34729708521052771 4.4733053380918823549 
 185.21603953768820361 145.34729708521052771 4.4733053380918823549 
 166.93032525197389759 134.7902415408488821 4.4733053380918823549 
 142.54937287102154642 134.7902415408488821 4.4733053380918823549 
 160.83508715673585243 145.34729708521052771 4.4733053380918823549 
   148.64461096625962 145.34729708521052771 4.4733053380918823549 
 130.35889668054534241 134.7902415408488821 4.4733053380918823549 
 105.97794429959297702 134.7902415408488821 4.4733053380918823549 
 124.26365858530725461 145.34729708521052771 4.4733053380918823549 
 112.07318239483107902 145.34729708521052771 4.4733053380918823549 
 93.787468109116801429 134.7902415408488821 4.4733053380918823549 
 69.40651572816442183 134.7902415408488821 4.4733053380918823549 
 87.692230013878699424 145.34729708521052771 4.4733053380918823549 
 75.501753823402523835 145.34729708521052771 4.4733053380918823549 
 57.216039537688246241 134.7902415408488821 4.4733053380918823549 
 32.835087156735873748 134.7902415408488821 4.4733053380918823549 
 51.120801442450151342 145.34729708521052771 4.4733053380918823549 
 38.930325251973968648 145.34729708521052771 4.4733053380918823549 
 20.644610966259659079 134.7902415408488821 4.4733053380918823549 
 252.26365858530729724 134.7902415408488821 4.4733053380918823549 
 14.549372871021567732 145.34729708521052771 4.4733053380918823549 
 2.3588966805453823739 145.34729708521052771 4.4733053380918823549 
 240.07318239483106481 155.90435262957211648 4.4733053380918823549 
 215.69223001387868521 155.90435262957211648 4.4733053380918823549 
 233.97794429959296281 166.46140817393373368 4.4733053380918823549 
 221.7874681091167588 166.46140817393373368 4.4733053380918823549 
 203.5017538234024812 155.90435262957211648 4.4733053380918823549 
 179.1208014424501016 155.90435262957211648 4.4733053380918823549 
 197.40651572816440762 166.46140817393373368 4.4733053380918823549 
 185.21603953768820361 166.46140817393373368 4.4733053380918823549 
 166.93032525197389759 155.90435262957211648 4.4733053380918823549 
 142.54937287102154642 155.90435262957211648 4.4733053380918823549 
 160.83508715673585243 166.46140817393373368 4.4733053380918823549 
   148.64461096625962 166.46140817393373368 4.4733053380918823549 
 130.35889668054534241 155.90435262957211648 4.4733053380918823549 
 105.97794429959297702 155.90435262957211648 4.4733053380918823549 
 124.26365858530725461 166.46140817393373368 4.4733053380918823549 
 112.07318239483107902 166.46140817393373368 4.4733053380918823549 
 93.787468109116801429 155.90435262957211648 4.4733053380918823549 
 69.40651572816442183 155.90435262957211648 4.4733053380918823549 
 87.692230013878699424 166.46140817393373368 4.4733053380918823549 
 75.501753823402523835 166.46140817393373368 4.4733053380918823549 
 57.216039537688246241 155.90435262957211648 4.4733053380918823549 
 32.835087156735873748 155.90435262957211648 4.4733053380918823549 
 51.120801442450151342 166.46140817393373368 4.4733053380918823549 
 38.930325251973968648 166.46140817393373368 4.4733053380918823549 
 20.644610966259659079 155.90435262957211648 4.4733053380918823549 
 252.26365858530729724 155.90435262957211648 4.4733053380918823549 
 14.549372871021567732 166.46140817393373368 4.4733053380918823549 
 2.3588966805453823739 166.46140817393373368 4.4733053380918823549 
 240.07318239483106481 177.01846371829532245 4.4733053380918823549 
 215.69223001387868521 177.01846371829532245 4.4733053380918823549 
 233.97794429959296281 187.57551926265693965 4.4733053380918823549 
 221.7874681091167588 187.57551926265693965 4.4733053380918823549 
 203.5017538234024812 177.01846371829532245 4.4733053380918823549 
 179.1208014424501016 177.01846371829532245 4.4733053380918823549 
 197.40651572816440762 187.57551926265693965 4.4733053380918823549 
 185.21603953768820361 187.57551926265693965 4.4733053380918823549 
 166.93032525197389759 177.01846371829532245 4.4733053380918823549 
 142.54937287102154642 177.01846371829532245 4.4733053380918823549 
 160.83508715673585243 187.57551926265693965 4.4733053380918823549 
   148.64461096625962 187.57551926265693965 4.4733053380918823549 
 130.35889668054534241 177.01846371829532245 4.4733053380918823549 
 105.97794429959297702 177.01846371829532245 4.4733053380918823549 
 124.26365858530725461 187.57551926265693965 4.4733053380918823549 
 112.07318239483107902 187.57551926265693965 4.4733053380918823549 
 93.787468109116801429 177.01846371829532245 4.4733053380918823549 
 69.40651572816442183 177.01846371829532245 4.4733053380918823549 
 87.692230013878699424 187.57551926265693965 4.4733053380918823549 
 75.501753823402523835 187.57551926265693965 4.4733053380918823549 
 57.216039537688246241 177.01846371829532245 4.4733053380918823549 
 32.835087156735873748 177.01846371829532245 4.4733053380918823549 
 51.120801442450151342 187.57551926265693965 4.4733053380918823549 
 38.930325251973968648 187.57551926265693965 4.4733053380918823549 
 20.644610966259659079 177.01846371829532245 4.4733053380918823549 
 252.26365858530729724 177.01846371829532245 4.4733053380918823549 
 14.549372871021567732 187.57551926265693965 4.4733053380918823549 
 2.3588966805453823739 187.57551926265693965 4.4733053380918823549 
 240.07318239483106481 198.13257480701852842 4.4733053380918823549 
 215.69223001387868521 198.13257480701852842 4.4733053380918823549 
 233.97794429959296281 208.68963035138017403 4.4733053380918823549 
 221.7874681091167588 208.68963035138017403 4.4733053380918823549 
 203.5017538234024812 198.13257480701852842 4.4733053380918823549 
 179.12080144245013003 198.13257480701852842 4.4733053380918823549 
 197.40651572816440762 208.68963035138017403 4.4733053380918823549 
 185.21603953768820361 208.68963035138017403 4.4733053380918823549 
 166.93032525197392602 198.13257480701852842 4.4733053380918823549 
 142.54937287102154642 198.13257480701852842 4.4733053380918823549 
 160.83508715673585243 208.68963035138017403 4.4733053380918823549 
   148.64461096625962 208.68963035138017403 4.4733053380918823549 
 130.35889668054534241 198.13257480701852842 4.4733053380918823549 
 105.97794429959297702 198.13257480701852842 4.4733053380918823549 
 124.26365858530725461 208.68963035138017403 4.4733053380918823549 
 112.07318239483107902 208.68963035138017403 4.4733053380918823549 
 93.787468109116801429 198.13257480701852842 4.4733053380918823549 
 69.406515728164436041 198.13257480701852842 4.4733053380918823549 
 87.692230013878699424 208.68963035138017403 4.4733053380918823549 
 75.501753823402523835 208.68963035138017403 4.4733053380918823549 
 57.216039537688246241 198.13257480701852842 4.4733053380918823549 
 32.835087156735873748 198.13257480701852842 4.4733053380918823549 
 51.120801442450151342 208.68963035138017403 4.4733053380918823549 
 38.930325251973968648 208.68963035138017403 4.4733053380918823549 
 20.644610966259659079 198.13257480701852842 4.4733053380918823549 
 252.26365858530729724 198.13257480701852842 4.4733053380918823549 
 14.549372871021567732 208.68963035138017403 4.4733053380918823549 
 2.3588966805453823739 208.68963035138020246 4.4733053380918823549 
 240.07318239483106481 219.24668589574176281 4.4733053380918823549 
 215.69223001387868521 219.24668589574176281 4.4733053380918823549 
 233.97794429959296281   229.80374144010338 4.4733053380918823549 
 221.7874681091167588   229.80374144010338 4.4733053380918823549 
 203.5017538234024812 219.24668589574176281 4.4733053380918823549 
 179.12080144245013003 219.24668589574176281 4.4733053380918823549 
 197.40651572816440762   229.80374144010338 4.4733053380918823549 
 185.21603953768820361   229.80374144010338 4.4733053380918823549 
 166.93032525197392602 219.24668589574176281 4.4733053380918823549 
 142.54937287102154642 219.24668589574176281 4.4733053380918823549 
 160.83508715673585243   229.80374144010338 4.4733053380918823549 
   148.64461096625962   229.80374144010338 4.4733053380918823549 
 130.35889668054534241 219.24668589574176281 4.4733053380918823549 
 105.97794429959297702 219.24668589574176281 4.4733053380918823549 
 124.26365858530725461   229.80374144010338 4.4733053380918823549 
 112.07318239483107902   229.80374144010338 4.4733053380918823549 
 93.787468109116801429 219.24668589574176281 4.4733053380918823549 
 69.406515728164436041 219.24668589574176281 4.4733053380918823549 
 87.692230013878699424   229.80374144010338 4.4733053380918823549 
 75.501753823402523835   229.80374144010338 4.4733053380918823549 
 57.216039537688246241 219.24668589574176281 4.4733053380918823549 
 32.835087156735873748 219.24668589574176281 4.4733053380918823549 
 51.120801442450151342   229.80374144010338 4.4733053380918823549 
 38.930325251973968648   229.80374144010338 4.4733053380918823549 
 20.644610966259659079 219.24668589574176281 4.4733053380918823549 
 252.26365858530729724 219.24668589574176281 4.4733053380918823549 
 14.549372871021567732   229.80374144010338 4.4733053380918823549 
 2.3588966805453823739   229.80374144010338 4.4733053380918823549 
 240.07318239483106481 240.36079698446496877 4.4733053380918823549 
 215.69223001387868521 240.36079698446496877 4.4733053380918823549 
 233.97794429959296281 250.91785252882658597 4.4733053380918823549 
 221.7874681091167588 250.91785252882658597 4.4733053380918823549 
 203.5017538234024812 240.36079698446496877 4.4733053380918823549 
 179.12080144245013003 240.36079698446496877 4.4733053380918823549 
 197.40651572816440762 250.91785252882658597 4.4733053380918823549 
 185.21603953768820361 250.91785252882658597 4.4733053380918823549 
 166.93032525197392602 240.36079698446496877 4.4733053380918823549 
 142.54937287102154642 240.36079698446496877 4.4733053380918823549 
 160.83508715673585243 250.91785252882658597 4.4733053380918823549 
   148.64461096625962 250.91785252882658597 4.4733053380918823549 
 130.35889668054534241 240.36079698446496877 4.4733053380918823549 
 105.97794429959297702 240.36079698446496877 4.4733053380918823549 
 124.26365858530725461 250.91785252882658597 4.4733053380918823549 
 112.07318239483107902 250.91785252882658597 4.4733053380918823549 
 93.787468109116801429 240.36079698446496877 4.4733053380918823549 
 69.406515728164436041 240.36079698446496877 4.4733053380918823549 
 87.692230013878699424 250.91785252882658597 4.4733053380918823549 
 75.501753823402523835 250.91785252882658597 4.4733053380918823549 
 57.216039537688246241 240.36079698446496877 4.4733053380918823549 
 32.835087156735873748 240.36079698446496877 4.4733053380918823549 
 51.120801442450151342 250.91785252882658597 4.4733053380918823549 
 38.930325251973968648 250.91785252882658597 4.4733053380918823549 
 20.644610966259659079 240.36079698446496877 4.4733053380918823549 
 252.26365858530729724 240.36079698446496877 4.4733053380918823549 
 14.549372871021567732 250.91785252882658597 4.4733053380918823549 
 2.3588966805453823739 250.91785252882661439 4.4733053380918823549 
