 220.81407117055499612 16.749770119586074202 4.1082569346321937687 
 192.36962672611053904 16.749770119586074202 4.1082569346321937687 
 213.70296005944388185 29.066575862298094535 4.1082569346321937687 
 199.48073783722165331 29.066575862298094535 4.1082569346321937687 
 178.14740450388833892 16.749770119586074202 4.1082569346321937687 
 149.70296005944385342 16.749770119586074202 4.1082569346321937687 
 171.03629339277722465 29.066575862298094535 4.1082569346321937687 
 156.81407117055496769 29.066575862298094535 4.1082569346321937687 
 135.48073783722165331 16.749770119586074202 4.1082569346321937687 
 107.03629339277721044 16.749770119586074202 4.1082569346321937687 
 128.36962672611053904 29.066575862298094535 4.1082569346321937687 
 114.14740450388829629 29.066575862298094535 4.1082569346321937687 
 92.814071170555010326 16.749770119586074202 4.1082569346321937687 
 64.369626726110539039 16.749770119586074202 4.1082569346321937687 
 85.702960059443896057 29.066575862298094535 4.1082569346321937687 
 71.480737837221653308 29.066575862298094535 4.1082569346321937687 
 50.147404503888303395 16.749770119586074202 4.1082569346321937687 
 21.702960059443888952 16.749770119586074202 4.1082569346321937687 
 43.036293392777182021 29.066575862298094535 4.1082569346321937687 
 28.814071170555006773 29.066575862298094535 4.1082569346321937687 
 7.4807378372216550844 16.749770119586088413 4.1082569346321937687 
 235.03629339277719623 16.749770119586074202 4.1082569346321937687 
 256.36962672611053904 29.066575862298080324 4.1082569346321937687 
 242.1474045038883105 29.066575862298094535 4.1082569346321937687 
 220.81407117055499612 41.383381605010114868 4.1082569346321937687 
 192.36962672611053904 41.383381605010114868 4.1082569346321937687 
 213.70296005944388185 53.70018734772212099 4.1082569346321937687 
 199.48073783722165331 53.70018734772212099 4.1082569346321937687 
 178.14740450388833892 41.383381605010114868 4.1082569346321937687 
 149.70296005944385342 41.383381605010114868 4.1082569346321937687 
 171.03629339277722465 53.70018734772212099 4.1082569346321937687 
 156.81407117055496769 53.70018734772212099 4.1082569346321937687 
 135.48073783722165331 41.383381605010114868 4.1082569346321937687 
 107.03629339277721044 41.383381605010114868 4.1082569346321937687 
 128.36962672611053904 53.70018734772212099 4.1082569346321937687 
 114.14740450388829629 53.70018734772212099 4.1082569346321937687 
 92.814071170555010326 41.383381605010114868 4.1082569346321937687 
 64.369626726110539039 41.383381605010114868 4.1082569346321937687 
 85.702960059443896057 53.70018734772212099 4.1082569346321937687 
 71.480737837221653308 53.70018734772212099 4.1082569346321937687 
 50.147404503888303395 41.383381605010114868 4.1082569346321937687 
 21.702960059443888952 41.383381605010114868 4.1082569346321937687 
 43.036293392777182021 53.70018734772212099 4.1082569346321937687 
 28.814071170555006773 53.70018734772212099 4.1082569346321937687 
 7.4807378372216550844 41.383381605010129078 4.1082569346321937687 
 235.03629339277719623 41.383381605010114868 4.1082569346321937687 
 256.36962672611053904 53.700187347722106779 4.1082569346321937687 
 242.1474045038883105 53.70018734772212099 4.1082569346321937687 
 220.81407117055499612 66.016993090434127112 4.1082569346321937687 
 192.36962672611053904 66.016993090434127112 4.1082569346321937687 
 213.70296005944388185 78.333798833146161655 4.1082569346321937687 
 199.48073783722165331 78.333798833146161655 4.1082569346321937687 
 178.14740450388833892 66.016993090434141322 4.1082569346321937687 
 149.70296005944385342 66.016993090434141322 4.1082569346321937687 
 171.03629339277722465 78.333798833146161655 4.1082569346321937687 
 156.81407117055496769 78.333798833146161655 4.1082569346321937687 
 135.48073783722165331 66.016993090434141322 4.1082569346321937687 
 107.03629339277721044 66.016993090434141322 4.1082569346321937687 
 128.36962672611053904 78.333798833146161655 4.1082569346321937687 
 114.14740450388829629 78.333798833146161655 4.1082569346321937687 
 92.814071170555010326 66.016993090434141322 4.1082569346321937687 
 64.369626726110539039 66.016993090434155533 4.1082569346321937687 
 85.702960059443896057 78.333798833146161655 4.1082569346321937687 
 71.480737837221653308 78.333798833146161655 4.1082569346321937687 
 50.147404503888303395 66.016993090434155533 4.1082569346321937687 
 21.702960059443888952 66.016993090434155533 4.1082569346321937687 
 43.036293392777182021 78.333798833146161655 4.1082569346321937687 
 28.814071170555006773 78.333798833146161655 4.1082569346321937687 
 7.4807378372216550844 66.016993090434155533 4.1082569346321937687 
 235.03629339277719623 66.016993090434127112 4.1082569346321937687 
 256.36962672611053904 78.333798833146161655 4.1082569346321937687 
 242.1474045038883105 78.333798833146161655 4.1082569346321937687 
 220.81407117055499612 90.650604575858167777 4.1082569346321937687 
 192.36962672611053904 90.650604575858167777 4.1082569346321937687 
 213.70296005944388185 102.96741031857018811 4.1082569346321937687 
 199.48073783722165331 102.96741031857018811 4.1082569346321937687 
 178.14740450388833892 90.650604575858167777 4.1082569346321937687 
 149.70296005944385342 90.650604575858167777 4.1082569346321937687 
 171.03629339277722465 102.96741031857018811 4.1082569346321937687 
 156.81407117055499612 102.96741031857018811 4.1082569346321937687 
 135.48073783722165331 90.650604575858167777 4.1082569346321937687 
 107.03629339277721044 90.650604575858167777 4.1082569346321937687 
 128.36962672611053904 102.96741031857018811 4.1082569346321937687 
 114.14740450388829629 102.96741031857018811 4.1082569346321937687 
 92.814071170555010326 90.650604575858167777 4.1082569346321937687 
 64.369626726110539039 90.650604575858167777 4.1082569346321937687 
 85.702960059443896057 102.96741031857018811 4.1082569346321937687 
 71.480737837221653308 102.96741031857018811 4.1082569346321937687 
 50.147404503888303395 90.650604575858167777 4.1082569346321937687 
 21.702960059443888952 90.650604575858167777 4.1082569346321937687 
 43.036293392777182021 102.96741031857020232 4.1082569346321937687 
 28.814071170555006773 102.96741031857020232 4.1082569346321937687 
 7.4807378372216550844 90.650604575858167777 4.1082569346321937687 
 235.03629339277719623 90.650604575858167777 4.1082569346321937687 
 256.36962672611053904 102.9674103185701739 4.1082569346321937687 
 242.1474045038883105 102.9674103185701739 4.1082569346321937687 
 220.81407117055499612 115.28421606128220844 4.1082569346321937687 
 192.36962672611053904 115.28421606128220844 4.1082569346321937687 
 213.70296005944388185 127.60102180399421457 4.1082569346321937687 
 199.48073783722165331 127.60102180399421457 4.1082569346321937687 
 178.14740450388833892 115.28421606128220844 4.1082569346321937687 
 149.70296005944388185 115.28421606128220844 4.1082569346321937687 
 171.03629339277722465 127.60102180399421457 4.1082569346321937687 
 156.81407117055499612 127.60102180399421457 4.1082569346321937687 
 135.48073783722165331 115.28421606128220844 4.1082569346321937687 
 107.03629339277721044 115.28421606128220844 4.1082569346321937687 
 128.36962672611053904 127.60102180399421457 4.1082569346321937687 
 114.14740450388829629 127.60102180399424299 4.1082569346321937687 
 92.814071170555010326 115.28421606128220844 4.1082569346321937687 
 64.369626726110539039 115.28421606128220844 4.1082569346321937687 
 85.702960059443896057 127.60102180399424299 4.1082569346321937687 
 71.480737837221653308 127.60102180399424299 4.1082569346321937687 
 50.147404503888303395 115.28421606128220844 4.1082569346321937687 
 21.702960059443888952 115.28421606128220844 4.1082569346321937687 
 43.036293392777182021 127.60102180399424299 4.1082569346321937687 
 28.814071170555006773 127.60102180399424299 4.1082569346321937687 
 7.4807378372216550844 115.28421606128220844 4.1082569346321937687 
 235.03629339277719623 115.28421606128220844 4.1082569346321937687 
 256.36962672611053904 127.60102180399421457 4.1082569346321937687 
 242.1474045038883105 127.60102180399421457 4.1082569346321937687 
 220.81407117055499612 139.91782754670626332 4.1082569346321937687 
 192.36962672611053904 139.91782754670626332 4.1082569346321937687 
 213.70296005944388185 152.23463328941826944 4.1082569346321937687 
 199.48073783722165331 152.23463328941826944 4.1082569346321937687 
 178.14740450388833892 139.91782754670626332 4.1082569346321937687 
 149.70296005944388185 139.91782754670626332 4.1082569346321937687 
 171.03629339277722465 152.23463328941826944 4.1082569346321937687 
 156.81407117055499612 152.23463328941826944 4.1082569346321937687 
 135.48073783722165331 139.91782754670626332 4.1082569346321937687 
 107.03629339277721044 139.91782754670626332 4.1082569346321937687 
 128.36962672611053904 152.23463328941826944 4.1082569346321937687 
 114.14740450388829629 152.23463328941826944 4.1082569346321937687 
 92.814071170555010326 139.91782754670626332 4.1082569346321937687 
 64.369626726110539039 139.91782754670626332 4.1082569346321937687 
 85.702960059443896057 152.23463328941826944 4.1082569346321937687 
 71.480737837221653308 152.23463328941826944 4.1082569346321937687 
 50.147404503888303395 139.91782754670626332 4.1082569346321937687 
 21.702960059443888952 139.91782754670626332 4.1082569346321937687 
 43.036293392777182021 152.23463328941826944 4.1082569346321937687 
 28.814071170555006773 152.23463328941826944 4.1082569346321937687 
 7.4807378372216550844 139.91782754670626332 4.1082569346321937687 
 235.03629339277719623 139.91782754670626332 4.1082569346321937687 
 256.36962672611053904 152.23463328941826944 4.1082569346321937687 
 242.1474045038883105 152.23463328941826944 4.1082569346321937687 
 220.81407117055499612 164.55143903213027556 4.1082569346321937687 
 192.36962672611053904 164.55143903213027556 4.1082569346321937687 
 213.70296005944388185 176.86824477484228169 4.1082569346321937687 
 199.48073783722165331 176.86824477484228169 4.1082569346321937687 
 178.14740450388833892 164.55143903213027556 4.1082569346321937687 
 149.70296005944388185 164.55143903213027556 4.1082569346321937687 
 171.03629339277722465 176.86824477484228169 4.1082569346321937687 
 156.81407117055499612 176.86824477484228169 4.1082569346321937687 
 135.48073783722165331 164.55143903213027556 4.1082569346321937687 
 107.03629339277721044 164.55143903213027556 4.1082569346321937687 
 128.36962672611053904 176.86824477484228169 4.1082569346321937687 
 114.14740450388829629 176.86824477484228169 4.1082569346321937687 
 92.814071170555010326 164.55143903213027556 4.1082569346321937687 
 64.369626726110539039 164.55143903213027556 4.1082569346321937687 
 85.702960059443896057 176.86824477484228169 4.1082569346321937687 
 71.480737837221653308 176.86824477484228169 4.1082569346321937687 
 50.147404503888303395 164.55143903213027556 4.1082569346321937687 
 21.702960059443888952 164.55143903213027556 4.1082569346321937687 
 43.036293392777182021 176.86824477484228169 4.1082569346321937687 
 28.814071170555006773 176.86824477484228169 4.1082569346321937687 
 7.4807378372216550844 164.55143903213027556 4.1082569346321937687 
 235.03629339277719623 164.55143903213027556 4.1082569346321937687 
 256.36962672611053904 176.86824477484228169 4.1082569346321937687 
 242.1474045038883105 176.86824477484228169 4.1082569346321937687 
 220.81407117055499612 189.18505051755431623 4.1082569346321937687 
 192.36962672611053904 189.18505051755431623 4.1082569346321937687 
 213.70296005944388185 201.50185626026632235 4.1082569346321937687 
 199.48073783722165331 201.50185626026632235 4.1082569346321937687 
 178.14740450388833892 189.18505051755431623 4.1082569346321937687 
 149.70296005944388185 189.18505051755431623 4.1082569346321937687 
 171.03629339277722465 201.50185626026632235 4.1082569346321937687 
 156.81407117055499612 201.50185626026632235 4.1082569346321937687 
 135.48073783722165331 189.18505051755431623 4.1082569346321937687 
 107.03629339277721044 189.18505051755431623 4.1082569346321937687 
 128.36962672611053904 201.50185626026632235 4.1082569346321937687 
 114.14740450388829629 201.50185626026632235 4.1082569346321937687 
 92.814071170555010326 189.18505051755431623 4.1082569346321937687 
 64.369626726110539039 189.18505051755431623 4.1082569346321937687 
 85.702960059443896057 201.50185626026632235 4.1082569346321937687 
 71.480737837221653308 201.50185626026632235 4.1082569346321937687 
 50.147404503888303395 189.18505051755431623 4.1082569346321937687 
 21.702960059443888952 189.18505051755431623 4.1082569346321937687 
 43.036293392777182021 201.50185626026632235 4.1082569346321937687 
 28.814071170555006773 201.50185626026632235 4.1082569346321937687 
 7.4807378372216550844 189.18505051755431623 4.1082569346321937687 
 235.03629339277719623 189.18505051755431623 4.1082569346321937687 
 256.36962672611053904 201.50185626026632235 4.1082569346321937687 
 242.1474045038883105 201.50185626026632235 4.1082569346321937687 
 220.81407117055499612 213.8186620029783569 4.1082569346321937687 
 192.36962672611053904 213.8186620029783569 4.1082569346321937687 
 213.70296005944388185 226.13546774569036302 4.1082569346321937687 
 199.48073783722165331 226.13546774569036302 4.1082569346321937687 
 178.14740450388833892 213.8186620029783569 4.1082569346321937687 
 149.70296005944388185 213.8186620029783569 4.1082569346321937687 
 171.03629339277722465 226.13546774569036302 4.1082569346321937687 
 156.81407117055499612 226.13546774569036302 4.1082569346321937687 
 135.48073783722165331 213.8186620029783569 4.1082569346321937687 
 107.03629339277721044 213.8186620029783569 4.1082569346321937687 
 128.36962672611053904 226.13546774569036302 4.1082569346321937687 
 114.14740450388829629 226.13546774569036302 4.1082569346321937687 
 92.814071170555010326 213.8186620029783569 4.1082569346321937687 
 64.369626726110539039 213.8186620029783569 4.1082569346321937687 
 85.702960059443896057 226.13546774569036302 4.1082569346321937687 
 71.480737837221653308 226.13546774569036302 4.1082569346321937687 
 50.147404503888303395 213.8186620029783569 4.1082569346321937687 
 21.702960059443888952 213.8186620029783569 4.1082569346321937687 
 43.036293392777182021 226.13546774569036302 4.1082569346321937687 
 28.814071170555006773 226.13546774569036302 4.1082569346321937687 
 7.4807378372216550844 213.8186620029783569 4.1082569346321937687 
 235.03629339277719623 213.8186620029783569 4.1082569346321937687 
 256.36962672611053904 226.1354677456903346 4.1082569346321937687 
 242.1474045038883105 226.13546774569036302 4.1082569346321937687 
 220.81407117055499612 238.45227348840239756 4.1082569346321937687 
 192.36962672611053904 238.45227348840239756 4.1082569346321937687 
 213.70296005944388185 250.76907923111440368 4.1082569346321937687 
 199.48073783722165331 250.76907923111440368 4.1082569346321937687 
 178.14740450388833892 238.45227348840239756 4.1082569346321937687 
 149.70296005944388185 238.45227348840239756 4.1082569346321937687 
 171.03629339277722465 250.76907923111440368 4.1082569346321937687 
 156.81407117055499612 250.76907923111440368 4.1082569346321937687 
 135.48073783722165331 238.45227348840239756 4.1082569346321937687 
 107.03629339277721044 238.45227348840239756 4.1082569346321937687 
 128.36962672611053904 250.76907923111440368 4.1082569346321937687 
 114.14740450388829629 250.76907923111440368 4.1082569346321937687 
 92.814071170555010326 238.45227348840239756 4.1082569346321937687 
 64.369626726110539039 238.45227348840239756 4.1082569346321937687 
 85.702960059443896057 250.76907923111440368 4.1082569346321937687 
 71.480737837221653308 250.76907923111440368 4.1082569346321937687 
 50.147404503888303395 238.45227348840239756 4.1082569346321937687 
 21.702960059443888952 238.45227348840239756 4.1082569346321937687 
 43.036293392777196232 250.76907923111440368 4.1082569346321937687 
 28.814071170555020984 250.76907923111440368 4.1082569346321937687 
 7.4807378372216550844 238.45227348840242598 4.1082569346321937687 
 235.03629339277719623 238.45227348840239756 4.1082569346321937687 
 256.36962672611053904 250.76907923111440368 4.1082569346321937687 
 242.1474045038883105 250.76907923111440368 4.1082569346321937687 
