 79.706730317348487347 55.881142791144043258 4.4125801269950128969 
 81.24868288496735147 76.873627546424373236 4.4125801269950128969 
 41.578212325938501692 86.823276806789721149 4.4125801269950128969 
 44.662633034257815723 128.80961919923515779 4.4125801269950128969 
 43.120268338286415144 107.81702401449558693 4.4125801269950128969 
 46.204997730229202091 149.80221438397472866 4.4125801269950128969 
 48.838367969565808835 171.08343941951514466 4.4125801269950128969 
 50.380320537184658747 192.07592417479548885 4.4125801269950128969 
 10.709849978155800088 202.02557343516085098 4.4125801269950128969 
 75.53099538204050134 13.607322570864068823 4.4125801269950128969 
 77.073360078011887708 34.599917755603613045 4.4125801269950128969 
 120.91956557234874481 66.924088715518266213 4.4125801269950128969 
 122.46151813996759472 87.91657347079859619 4.4125801269950128969 
 82.791047580938752048 97.866222731163944104 4.4125801269950128969 
 85.875468289258066079 139.85256512360936654 4.4125801269950128969 
  84.3331035932866655 118.85996993886982409 4.4125801269950128969 
 87.417832985229452447 160.84516030834896583 4.4125801269950128969 
 90.051203224566052086 182.12638534388935341 4.4125801269950128969 
 91.593155792184916208 203.11887009916972602 4.4125801269950128969 
 51.92268523315605222 213.06851935953505972 4.4125801269950128969 
 116.74383063704074459 24.650268495238282895 4.4125801269950128969 
 115.20146594106934401 3.657673310498711583 4.4125801269950128969 
 118.28619533301214517   45.642863679977836 4.4125801269950128969 
 162.13240082734898806 77.967034639892489167 4.4125801269950128969 
 163.67435339496785218 98.959519395172819145 4.4125801269950128969 
 124.0038828359389953 108.90916865553816706 4.4125801269950128969 
 127.08830354425830933 150.8955110479836037 4.4125801269950128969 
 125.54593884828690875 129.90291586324403283 4.4125801269950128969 
 128.63066824022970991 171.88810623272317457 4.4125801269950128969 
 131.26403847956629534 193.16933126826359057 4.4125801269950128969 
 132.80599104718518788 214.16181602354393476 4.4125801269950128969 
 93.135520488156302576 224.11146528390926846 4.4125801269950128969 
 157.95666589204097363 35.693214419612495192 4.4125801269950128969 
 156.41430119606960147 14.700619234872938534 4.4125801269950128969 
 159.49903058801240263 56.685809604352051849 4.4125801269950128969 
 203.34523608234923131 89.009980564266697911 4.4125801269950128969 
 204.88718864996806701 110.0024653195470421 4.4125801269950128969 
 165.21671809093925276 119.9521145799123758 4.4125801269950128969 
  168.301138799258581 161.93845697235784087 4.4125801269950128969 
  166.758774103287152 140.94586178761824158 4.4125801269950128969 
 169.84350349522992474 182.93105215709738331 4.4125801269950128969 
 172.47687373456653859 204.21227719263779932 4.4125801269950128969 
 174.01882630218540271 225.20476194791814351 4.4125801269950128969 
 134.34835574315656004 235.15441120828350563 4.4125801269950128969 
 199.16950114704127373 46.736160343986725252 4.4125801269950128969 
 197.62713645106984472 25.743565159247150831 4.4125801269950128969 
 200.71186584301261746 67.728755528726267698 4.4125801269950128969 
 244.55807133734947456 100.05292648864092087 4.4125801269950128969 
 246.10002390496833868 121.04541124392123663 4.4125801269950128969 
 206.42955334593949601 130.99506050428661297 4.4125801269950128969 
 209.51397405425882425 172.98140289673204961 4.4125801269950128969 
 207.97160935828742367 151.98880771199247874 4.4125801269950128969 
 211.05633875023022483 193.97399808147162048 4.4125801269950128969 
 213.68970898956681026 215.25522311701203648 4.4125801269950128969 
 215.23166155718564596 236.24770787229235225 4.4125801269950128969 
 175.56119099815680329 246.19735713265771437 4.4125801269950128969 
 240.38233640204151698 57.779106268360933996 4.4125801269950128969 
 238.83997170607008798 36.786511083621363127 4.4125801269950128969 
 241.92470109801288913 78.771701453100490653 4.4125801269950128969 
 38.493895062348300939 44.838196866769848725 4.4125801269950128969 
 40.035847629967101113 65.830681622050164492 4.4125801269950128969 
 247.64238860093976768 142.03800642866082171 4.4125801269950128969 
 3.4497977792575817979 117.76667327486094905 4.4125801269950128969 
 249.18444461328766693 163.03175363636665907 4.4125801269950128969 
 4.992162475228983709 138.75926845960054834 4.4125801269950128969 
 7.6255327145656170984 160.04049349514093592 4.4125801269950128969 
 9.1674852821844119433 181.03297825042128011 4.4125801269950128969 
 34.318160127040265195 2.5643766464898423152 4.4125801269950128969 
 35.860524823011665774 23.556971831229397196 4.4125801269950128969 
