 49.891159764080228456 79.174975088738889895 4.4125801269950128969 
 51.433112331699085473 100.16745984401920566 4.4125801269950128969 
 11.762641772670225038 110.11710910438455358 4.4125801269950128969 
 14.847062480989555056 152.1034514968299618 4.4125801269950128969 
  13.3046977850181527 131.11085631209039093 4.4125801269950128969 
 16.389427176960957411 173.09604668156956109 4.4125801269950128969 
 19.022797416297546391 194.37727171710997709 4.4125801269950128969 
 20.564749983916399856 215.36975647239032128 4.4125801269950128969 
 45.715424828772228238 36.901154868458881708 4.4125801269950128969 
 44.173060132800820554 15.908559683719294853 4.4125801269950128969 
 47.257789524743643028 57.893750053198452576 4.4125801269950128969 
 91.103995019080485918 90.217921013113098638 4.4125801269950128969 
 92.645947586699321619 111.21040576839341441 4.4125801269950128969 
 52.975477027670471841 121.16005502875877653 4.4125801269950128969 
 56.059897735989807188 163.14639742120419896 4.4125801269950128969 
 54.517533040018399504 142.15380223646462809 4.4125801269950128969 
 57.602262431961193556 184.13899260594376983 4.4125801269950128969 
 60.235632671297793195 205.42021764148415741 4.4125801269950128969 
 61.777585238916650212 226.4127023967645016 4.4125801269950128969 
 83.843839375453143248 5.9577584003876795649 4.4125801269950128969 
 86.928260083772471489 47.944100792833090452 4.4125801269950128969 
 85.385895387801085121 26.951505608093523136 4.4125801269950128969 
 88.470624779743857857 68.936695977572668426 4.4125801269950128969 
 132.31683027408072917 101.26086693748732159 4.4125801269950128969 
 133.85878284169956487 122.25335169276763736 4.4125801269950128969 
 94.188312282670722198 132.20300095313299948 4.4125801269950128969 
 97.272732990990036228 174.18934334557840771 4.4125801269950128969 
 95.73036829501864986 153.19674816083883684 4.4125801269950128969 
 98.815097686961451018 195.18193853031797858 4.4125801269950128969 
 101.44846792629803645  216.463163565858423 4.4125801269950128969 
 102.99042049391690057 237.45564832113873877 4.4125801269950128969 
 125.0566746304533865 17.000704324761890973 4.4125801269950128969 
 128.14109533877274316 58.987046717207320512 4.4125801269950128969 
 126.59873064280134258 37.994451532467735433 4.4125801269950128969 
 129.68346003474414374 79.97964190194689138 4.4125801269950128969 
  173.529665529080944 112.30381286186153034 4.4125801269950128969 
 175.07161809669980812 133.2962976171418461 4.4125801269950128969 
 135.40114753767096545 143.24594687750720823 4.4125801269950128969 
 138.48556824599029369 185.23228926995261645 4.4125801269950128969 
 136.94320355001889311 164.23969408521304558 4.4125801269950128969 
 140.02793294196166585 206.22488445469221574 4.4125801269950128969 
 142.66130318129825127 227.50610949023260332 4.4125801269950128969 
 144.20325574891714382 248.49859424551297593 4.4125801269950128969 
 166.26950988545362975 28.04365024913610327 4.4125801269950128969 
 169.35393059377298641 70.029992641581529256 4.4125801269950128969 
 167.81156589780158583 49.037397456841944177 4.4125801269950128969 
 170.89629528974435857 91.022587826321100124 4.4125801269950128969 
 214.74250078408121567 123.34675878623575329 4.4125801269950128969 
 216.28445335170002295 144.33924354151605485 4.4125801269950128969 
 176.61398279267123712 154.28889280188141697 4.4125801269950128969 
 179.69840350099053694 196.27523519432682519 4.4125801269950128969 
 178.15603880501910794 175.28264000958725433 4.4125801269950128969 
 181.24076819696193752 217.26783037906639606 4.4125801269950128969 
 183.87413843629855137 238.54905541460681206 4.4125801269950128969 
 207.48234514045392984 39.086596173510329777 4.4125801269950128969 
 210.56676584877320124 81.07293856595575221 4.4125801269950128969 
 209.02440115280180066 60.080343381216160026 4.4125801269950128969 
 212.10913054474460182 102.06553375069532308 4.4125801269950128969 
 255.95533603908148734 134.38970471060997625 4.4125801269950128969 
 10.220277076698822682 89.124513919644968496 4.4125801269950128969 
 217.82681804767148037 165.33183872625565414 4.4125801269950128969 
 220.91123875599080861 207.31818111870109078 4.4125801269950128969 
 219.36887406001940803 186.32558593396149149 4.4125801269950128969 
 222.45360345196218077 228.31077630344066165 4.4125801269950128969 
 225.08697369129879462 249.59200133898107765 4.4125801269950128969 
 248.69518039545417309 50.129542097884545626 4.4125801269950128969 
 251.77960110377347291 92.115884490329975165 4.4125801269950128969 
 250.23723640780207234 71.123289305590390086 4.4125801269950128969 
 253.32196579974484507 113.10847967506954603 4.4125801269950128969 
