 123.19317746212378495 25.413087435574720274 4.4125801269950128969 
 114.03230517947218914 44.364088806014486011 4.4125801269950128969 
 74.701845265087854386 33.145502544721495042 4.4125801269950128969 
 56.379860758228460327 71.048952022730389899 4.4125801269950128969 
 65.540431341986774783 52.097648953397367677 4.4125801269950128969 
 47.219290174470188504 90.000255092063468965 4.4125801269950128969 
 38.859243181535376266 109.74702171616314672 4.4125801269950128969 
 29.698370898883776903 128.69802308660288759 4.4125801269950128969 
 131.55322445505859719 5.6663208114750442945 4.4125801269950128969 
 153.36306679274980524 55.582976766200758334 4.4125801269950128969 
 144.20219451009819522 74.533978136640513412 4.4125801269950128969 
 104.87173459571388889 63.315391875347515338 4.4125801269950128969 
 86.549750088854494834 101.2188413533564102 4.4125801269950128969 
 95.71032067261280929 82.267538284023373762 4.4125801269950128969 
 77.389179505096223011 120.17014442268948926 4.4125801269950128969 
 69.029132512161410773 139.91691104678915281 4.4125801269950128969 
 59.868260229509814963 158.8679124172289221 4.4125801269950128969 
 20.537800315125473105 147.64932615593596665 4.4125801269950128969 
 170.88368436944290352 16.884907072768022829 4.4125801269950128969 
 11.376386392024397054 166.60147256461181087 4.4125801269950128969 
 161.72311378568460327 35.836210142101066367 4.4125801269950128969 
 183.53295612337586817 85.752866096826792841 4.4125801269950128969 
 174.37208384072422973 104.70386746726653371 4.4125801269950128969 
 135.0416239263399234 93.485281205973535634 4.4125801269950128969 
 116.71963941948052934 131.38873068398245891 4.4125801269950128969 
 125.88021000323882959 112.43742761464940827 4.4125801269950128969 
 107.55906883572224331 150.34003375331550956 4.4125801269950128969 
 99.19902184278744528 170.08680037741521573 4.4125801269950128969 
 90.038149560135835259 189.0378017478549566 4.4125801269950128969 
 50.707689645751507612 177.81921548656197274 4.4125801269950128969 
 201.05357370006893802 47.054796403394043125 4.4125801269950128969 
 41.546275722650435114 196.77136189523778853 4.4125801269950128969 
 191.89300311631063778 66.006099472727100874 4.4125801269950128969 
 213.70284545400187426 115.92275542745279893 4.4125801269950128969 
 204.54197317135029266  134.873756797892554 4.4125801269950128969 
 165.21151325696595791 123.65517053659957014 4.4125801269950128969 
 146.88952875010656385 161.55862001460849342 4.4125801269950128969 
 156.05009933386486409 142.60731694527544278 4.4125801269950128969 
 137.72895816634829202 180.50992308394154406 4.4125801269950128969 
 129.36891117341346558 200.2566897080411934 4.4125801269950128969 
 120.20803889076186977 219.20769107848096269 4.4125801269950128969 
 80.877578976377549225 207.98910481718803567 4.4125801269950128969 
 231.22346303069497253 77.224685734020084737 4.4125801269950128969 
 71.716165053276469621 226.94125122586385146 4.4125801269950128969 
 222.06289244693670071 96.17598880335312117 4.4125801269950128969 
 243.87273478462793719 146.09264475807884764 4.4125801269950128969 
 234.71186250197629874 165.04364612851858851 4.4125801269950128969 
 195.38140258759202084 153.82505986722560465 4.4125801269950128969 
 177.05941808073259836 191.72850934523449951 4.4125801269950128969 
 186.21998866449087018 172.77720627590147728 4.4125801269950128969 
 167.89884749697429811 210.67981241456755015 4.4125801269950128969 
 159.53880050403950008 230.42657903866725633 4.4125801269950128969 
 150.37792822138789006 249.37758040910696877 4.4125801269950128969 
 111.04746830700358373 238.15899414781401333 4.4125801269950128969 
 252.23278177756273521 126.34587813397914147 4.4125801269950128969 
 83.862415848846168842 14.194199475388465714 4.4125801269950128969 
 225.55129191821802692 183.99494919785163916 4.4125801269950128969 
 207.22930741135863286 221.89839867586056243 4.4125801269950128969 
 216.38987799511693311 202.94709560652751179 4.4125801269950128969 
 198.06873682760036104 240.84970174519361308 4.4125801269950128969 
 8.6893538509093701805 79.577132385537140635 4.4125801269950128969 
