 155.77242634890251338 25.51826059846158401 4.4125801269950128969 
 142.01882314131987073 41.452514039706805704 4.4125801269950128969 
   106.93209993373722 20.436719756988285468 4.4125801269950128969 
  79.4242873097036437 52.30656197879147129 4.4125801269950128969 
 93.177677183952951623 36.371939033373955397 4.4125801269950128969 
 65.670897435454335778 68.241184924208994289 4.4125801269950128969 
 52.484872854476535053 85.151357412406312619 4.4125801269950128969 
 38.731269646893871084 101.08561085365154497 4.4125801269950128969 
 3.6445464393112274593 80.069816570933028288 4.4125801269950128969 
 168.95845092988031411 8.6080881102642869962 4.4125801269950128969 
 177.10575968223585619 62.46867782659762014 4.4125801269950128969 
 163.35215647465321354 78.402931267842859597 4.4125801269950128969 
 128.26543326707056281 57.387136985124328703 4.4125801269950128969 
 100.7576206430369723 89.256979206927510972 4.4125801269950128969 
 114.51101051728629443 73.32235626151000929 4.4125801269950128969 
 87.004230768787664374 105.19160215234505529 4.4125801269950128969 
 73.81820618780986365 122.1017746405423452 4.4125801269950128969 
 60.064602980227213891 138.03602808178757755 4.4125801269950128969 
 24.977879772644566714 117.02023379906906086 4.4125801269950128969 
 204.04517413746296484 29.623882392982789469 4.4125801269950128969 
 11.223457022860333865 132.95545307545472724 4.4125801269950128969 
 190.29178426321365691 45.558505338400344442 4.4125801269950128969 
  198.439093015569199 99.419095054733674033 4.4125801269950128969 
 184.68548980798655634 115.35334849597893481 4.4125801269950128969 
 149.59876660040390561 94.33755421326036128 4.4125801269950128969 
 122.0909539763703151 126.20739643506357197 4.4125801269950128969 
 135.84434385061962303 110.27277348964604187 4.4125801269950128969 
 108.33756410212100718 142.14201938048108786 4.4125801269950128969 
 95.151539521143206457 159.05219186867839198 4.4125801269950128969 
 81.397936313560563804 174.98644530992362434 4.4125801269950128969 
 46.311213105977905968 153.97065102720509344 4.4125801269950128969 
 225.37850747079627922 66.574299621118839809 4.4125801269950128969 
 32.556790356193673119 169.90587030359074561 4.4125801269950128969 
 211.62511759654699972 82.508922566536384124 4.4125801269950128969 
 219.7724263489025418 136.3695122828696924 4.4125801269950128969 
 206.01882314131989915 152.30376572411495317 4.4125801269950128969 
 170.93209993373724842 131.28797144139642228 4.4125801269950128969 
 143.42428730970365791 163.15781366319961876 4.4125801269950128969 
 157.17767718395296583 147.22319071778210287 4.4125801269950128969 
 129.67089743545434999 179.09243660861710623 4.4125801269950128969 
 116.48487285447654926 196.00260909681443877 4.4125801269950128969 
 102.7312696468938924 211.93686253805969955 4.4125801269950128969 
 67.64454643931124167 190.92106825534116865 4.4125801269950128969 
 246.71184080412965045 103.52471684925490081 4.4125801269950128969 
 53.890123689527015927 206.85628753172682082 4.4125801269950128969 
 232.95845092988028568 119.45933979467240249 4.4125801269950128969 
 241.10575968223588461 173.31992951100576761 4.4125801269950128969 
 227.35215647465318511 189.25418295225099996 4.4125801269950128969 
 192.26543326707059123 168.23838866953246907 4.4125801269950128969 
 164.75762064303700072 200.10823089133563712 4.4125801269950128969 
 178.51101051728630864 184.17360794591812123 4.4125801269950128969 
 151.00423076878766437 216.04285383675315302 4.4125801269950128969 
 137.81820618780989207 232.95302632495048556 4.4125801269950128969 
  124.064602980227221 248.88727976619574633 4.4125801269950128969 
 88.977879772644584477 227.87148548347721544 4.4125801269950128969 
 75.223457022860344523 243.8067047598628676 4.4125801269950128969 
 254.29178426321362849 156.40975702280846349 4.4125801269950128969 
 120.68548980798654213 4.5020968115707962198 4.4125801269950128969 
 213.59876660040396246 205.18880589766851585 4.4125801269950128969 
 186.09095397637034353 237.05864811947171233 4.4125801269950128969 
 199.84434385061965145 221.12402517405416802 4.4125801269950128969 
 44.337564102121007181 31.29076769607297237 4.4125801269950128969 
 31.151539521143195799 48.200940184270265831 4.4125801269950128969 
 17.397936313560560251 64.135193625515526605 4.4125801269950128969 
