 187.04542967579064339 19.082658738811002053 4.4125801269950128969 
 173.29182646820800073 35.016912180056252168 4.4125801269950128969 
   138.20510326062535 14.001117897337723051 4.4125801269950128969 
 110.69729063659178792 45.870960119140910649 4.4125801269950128969 
 124.45068051084109584 29.936337173723373439 4.4125801269950128969 
 96.943900762342479993 61.805583064558440753 4.4125801269950128969 
 83.757876181364679269 78.715755552755723556 4.4125801269950128969 
 70.004272973782022405 94.65000899400098433 4.4125801269950128969 
 34.91754976619937878 73.634214711282439225 4.4125801269950128969 
 7.4097371421658273505 105.50405693308562149 4.4125801269950128969 
 21.16312701641513172 89.56943398766809139 4.4125801269950128969 
 208.37876300912398619 56.033075966947059499 4.4125801269950128969 
 194.62515980154134354 71.967329408192298956 4.4125801269950128969 
 159.53843659395869281 50.951535125473775167 4.4125801269950128969 
 132.03062396992513072 82.821377347276950331 4.4125801269950128969 
 145.78401384417443865 66.886754401859434438 4.4125801269950128969 
 118.2772340956758228 98.756000292694480436 4.4125801269950128969 
 105.09120951469800787 115.66617278089178456 4.4125801269950128969 
 91.337606307115365212 131.60042622213703112 4.4125801269950128969 
 56.250883099532707377 110.58463193941850022 4.4125801269950128969 
 28.743070475499152394 142.45447416122166828 4.4125801269950128969 
 42.496460349748474528 126.51985121580415239 4.4125801269950128969 
 14.989680601249848024 158.3890971066392126 4.4125801269950128969 
  229.712096342457329 92.983493195083127603 4.4125801269950128969 
 215.95849313487468635 108.91774663632834574 4.4125801269950128969 
 180.87176992729203562 87.90195235360981485 4.4125801269950128969 
 153.36395730325844511 119.77179457541299712 4.4125801269950128969 
 167.11734717750778145 103.83717162999548123 4.4125801269950128969 
 139.61056742900913719 135.70641752083051301 4.4125801269950128969 
 126.42454284803135067 152.61659000902784555 4.4125801269950128969 
 112.67093964044870802 168.55084345027304948 4.4125801269950128969 
 77.584216432866043078 147.53504916755454701 4.4125801269950128969 
 50.076403808832495201 179.40489138935771507 4.4125801269950128969 
 63.829793683081810229 163.47026844394019918 4.4125801269950128969 
 36.323013934583187279 195.33951433477525939 4.4125801269950128969 
 251.04542967579064339 129.93391042321911755 4.4125801269950128969 
 237.29182646820802915 145.86816386446437832 4.4125801269950128969 
 202.20510326062537843 124.85236958174587585 4.4125801269950128969 
 174.69729063659181634 156.72221180354907233 4.4125801269950128969 
 188.45068051084112426 140.78758885813152801 4.4125801269950128969 
 160.94390076234250841 172.65683474896658822 4.4125801269950128969 
 147.75787618136467927 189.56700723716386392 4.4125801269950128969 
 134.00427297378203662 205.50126067840912469 4.4125801269950128969 
 98.917549766199385886 184.4854663956905938 4.4125801269950128969 
 71.409737142165852219 216.3553086174938187 4.4125801269950128969 
 85.16312701641513172 200.42068567207621754 4.4125801269950128969 
 57.656347267916530086 232.28993156291130617 4.4125801269950128969 
 223.53843659395872123 161.80278680988192264 4.4125801269950128969 
 196.03062396992513072 193.67262903168506227 4.4125801269950128969 
 209.78401384417446707 177.7380060862675748 4.4125801269950128969 
 182.27723409567585122 209.60725197710263501 4.4125801269950128969 
 169.09120951469802208 226.51742446529991071 4.4125801269950128969 
 155.33760630711537942 242.45167790654517148 4.4125801269950128969 
 120.25088309953272869 221.43588362382666901 4.4125801269950128969 
 92.743070475499166605 253.30572584562980865 4.4125801269950128969 
 106.49646034974848874 237.37110290021229275 4.4125801269950128969 
 244.87176992729209246 198.75320403801799785 4.4125801269950128969 
 89.363957303258445108 8.9205428910048567559 4.4125801269950128969 
 231.11734717750778145 214.68842331440365001 4.4125801269950128969 
 75.610567429009151397 24.855165836422422387 4.4125801269950128969 
 62.424542848031336462 41.765338324619683874 4.4125801269950128969 
 48.670939640448700914 57.699591765864937543 4.4125801269950128969 
