 198.68715271504100883 42.180851789707197952 4.4125801269950128969 
 178.80905622308068814 49.103518456373876688 4.4125801269950128969 
 158.93095973112036745 13.359945123040537496 4.4125801269950128969 
 119.1735740852634251 27.206131789707203694 4.4125801269950128969 
 139.05167057722374579 20.283038456373880365 4.4125801269950128969 
 99.295477593303061781 34.129225123040534129 4.4125801269950128969 
 79.42095908715157293 42.180851789707197952 4.4125801269950128969 
 59.542862595191259345 49.103518456373876688 4.4125801269950128969 
 39.664766103230924443 13.359945123040537496 4.4125801269950128969 
 238.43976771315280416 27.206131789707203694 4.4125801269950128969 
 19.785476949334327657 20.283038456373880365 4.4125801269950128969 
 218.56167122119248347 34.129225123040534129 4.4125801269950128969 
 198.68715271504100883 84.84751845637386225 4.4125801269950128969 
 178.80905622308071656 91.770185123040548092 4.4125801269950128969 
 158.93095973112036745 56.02661178970720357 4.4125801269950128969 
 119.1735740852634251 69.872798456373871545 4.4125801269950128969 
 139.05167057722374579 62.949705123040537558 4.4125801269950128969 
 99.295477593303075992 76.795891789707198427 4.4125801269950128969 
 79.420959087151587141 84.847518456373876461 4.4125801269950128969 
 59.542862595191259345 91.770185123040548092 4.4125801269950128969 
 39.664766103230924443 56.02661178970720357 4.4125801269950128969 
 238.43976771315280416 69.872798456373857334 4.4125801269950128969 
 19.785476949334327657 62.949705123040544663 4.4125801269950128969 
 218.56167122119248347 76.795891789707198427 4.4125801269950128969 
 198.68715271504100883 127.51418512304054786 4.4125801269950128969 
 178.80905622308071656 134.4368517897072195 4.4125801269950128969 
 158.93095973112039587 98.693278456373874974 4.4125801269950128969 
 119.1735740852634251 112.53946512304054295 4.4125801269950128969 
 139.05167057722374579 105.61637178970721607 4.4125801269950128969 
 99.295477593303075992 119.46255845637388404 4.4125801269950128969 
 79.420959087151587141 127.51418512304054786 4.4125801269950128969 
 59.542862595191259345 134.4368517897072195 4.4125801269950128969 
 39.664766103230924443 98.693278456373874974 4.4125801269950128969 
 238.43976771315280416 112.53946512304054295 4.4125801269950128969 
 19.785476949334327657 105.61637178970723028 4.4125801269950128969 
 218.56167122119248347 119.46255845637388404 4.4125801269950128969 
 198.68715271504100883 170.18085178970719085 4.4125801269950128969 
 178.80905622308071656 177.10351845637387669 4.4125801269950128969 
 158.93095973112039587 141.35994512304054638 4.4125801269950128969 
 119.1735740852634251 155.20613178970722856 4.4125801269950128969 
 139.05167057722374579 148.28303845637387326 4.4125801269950128969 
 99.295477593303075992 162.12922512304052702 4.4125801269950128969 
 79.420959087151587141 170.18085178970719085 4.4125801269950128969 
 59.542862595191259345 177.10351845637387669 4.4125801269950128969 
 39.664766103230924443 141.35994512304054638 4.4125801269950128969 
 238.43976771315280416 155.20613178970722856 4.4125801269950128969 
 19.785476949334327657 148.28303845637387326 4.4125801269950128969 
 218.56167122119248347 162.12922512304052702 4.4125801269950128969 
 198.68715271504100883 212.84751845637387646 4.4125801269950128969 
 178.80905622308071656 219.77018512304053388 4.4125801269950128969 
 158.93095973112039587 184.02661178970723199 4.4125801269950128969 
 119.1735740852634251 197.87279845637388576 4.4125801269950128969 
 139.05167057722374579 190.94970512304053045 4.4125801269950128969 
 99.295477593303075992 204.79589178970721264 4.4125801269950128969 
 79.420959087151601352 212.84751845637387646 4.4125801269950128969 
 59.542862595191259345 219.77018512304053388 4.4125801269950128969 
 39.664766103230924443 184.02661178970723199 4.4125801269950128969 
 238.43976771315280416 197.87279845637388576 4.4125801269950128969 
 19.785476949334327657 190.94970512304053045 4.4125801269950128969 
 218.56167122119248347 204.79589178970721264 4.4125801269950128969 
 198.68715271504103725 255.51418512304056208 4.4125801269950128969 
 178.80905622308068814 6.4368517897072106138 4.4125801269950128969 
 158.93095973112039587 226.69327845637388918 4.4125801269950128969 
 119.1735740852634251 240.53946512304054295 4.4125801269950128969 
 139.05167057722374579 233.61637178970721607 4.4125801269950128969 
 99.295477593303090202 247.46255845637389825 4.4125801269950128969 
 79.420959087151601352 255.51418512304056208 4.4125801269950128969 
 59.542862595191259345 6.4368517897072106138 4.4125801269950128969 
 39.664766103230924443 226.69327845637388918 4.4125801269950128969 
 238.43976771315280416 240.53946512304054295 4.4125801269950128969 
 19.785476949334327657 233.61637178970721607 4.4125801269950128969 
 218.56167122119248347 247.46255845637389825 4.4125801269950128969 
