 32.323752914053613949 32.15659730067781652 4.2476430598756396151 
 48.323752914053621055 48.156597300677823625 4.2476430598756396151 
 48.323752914053621055 32.15659730067781652 4.2476430598756396151 
 32.323752914053613949 48.156597300677823625 4.2476430598756396151 
 32.323752914053613949 64.15659730067781652 4.2476430598756396151 
 48.323752914053621055 80.15659730067781652 4.2476430598756396151 
 48.323752914053621055 64.15659730067781652 4.2476430598756396151 
 32.323752914053613949 80.15659730067781652 4.2476430598756396151 
 32.323752914053613949 96.15659730067781652 4.2476430598756396151 
 48.323752914053621055 112.15659730067781652 4.2476430598756396151 
 48.323752914053621055 96.15659730067781652 4.2476430598756396151 
 32.323752914053613949 112.15659730067781652 4.2476430598756396151 
 32.323752914053613949 128.15659730067784494 4.2476430598756396151 
 48.323752914053621055 144.15659730067781652 4.2476430598756396151 
 48.323752914053621055 128.15659730067784494 4.2476430598756396151 
 32.323752914053613949 144.15659730067781652 4.2476430598756396151 
 32.323752914053613949 160.15659730067781652 4.2476430598756396151 
 48.323752914053621055 176.15659730067781652 4.2476430598756396151 
 48.323752914053621055 160.15659730067781652 4.2476430598756396151 
 32.323752914053613949 176.15659730067781652 4.2476430598756396151 
 32.323752914053613949 192.15659730067781652 4.2476430598756396151 
 48.323752914053621055 208.15659730067784494 4.2476430598756396151 
 48.323752914053621055 192.15659730067781652 4.2476430598756396151 
 32.323752914053613949 208.15659730067784494 4.2476430598756396151 
 32.323752914053613949 224.15659730067781652 4.2476430598756396151 
 48.323752914053621055 240.15659730067781652 4.2476430598756396151 
 48.323752914053621055 224.15659730067781652 4.2476430598756396151 
 32.323752914053613949 240.15659730067781652 4.2476430598756396151 
 32.323752914053613949 256.1565973006777881 4.2476430598756396151 
 48.323752914053621055 16.156597300677809415 4.2476430598756396151 
 48.323752914053621055 256.1565973006777881 4.2476430598756396151 
 32.323752914053613949 16.156597300677809415 4.2476430598756396151 
 64.323752914053613949 32.15659730067781652 4.2476430598756396151 
 80.323752914053613949 48.156597300677823625 4.2476430598756396151 
 80.323752914053613949 32.15659730067781652 4.2476430598756396151 
 64.323752914053613949 48.156597300677823625 4.2476430598756396151 
 64.323752914053613949 64.15659730067781652 4.2476430598756396151 
 80.323752914053613949 80.15659730067781652 4.2476430598756396151 
 80.323752914053613949 64.15659730067781652 4.2476430598756396151 
 64.323752914053613949 80.15659730067781652 4.2476430598756396151 
 64.323752914053613949 96.15659730067781652 4.2476430598756396151 
 80.323752914053613949 112.15659730067781652 4.2476430598756396151 
 80.323752914053613949 96.15659730067781652 4.2476430598756396151 
 64.323752914053613949 112.15659730067781652 4.2476430598756396151 
 64.323752914053613949 128.15659730067784494 4.2476430598756396151 
 80.323752914053613949 144.15659730067781652 4.2476430598756396151 
 80.323752914053613949 128.15659730067784494 4.2476430598756396151 
 64.323752914053613949 144.15659730067781652 4.2476430598756396151 
 64.323752914053613949 160.15659730067781652 4.2476430598756396151 
 80.323752914053613949 176.15659730067781652 4.2476430598756396151 
 80.323752914053613949 160.15659730067781652 4.2476430598756396151 
 64.323752914053613949 176.15659730067781652 4.2476430598756396151 
 64.323752914053613949 192.15659730067781652 4.2476430598756396151 
 80.323752914053613949 208.15659730067784494 4.2476430598756396151 
 80.323752914053613949 192.15659730067781652 4.2476430598756396151 
 64.323752914053613949 208.15659730067784494 4.2476430598756396151 
 64.323752914053613949 224.15659730067781652 4.2476430598756396151 
 80.323752914053613949 240.15659730067781652 4.2476430598756396151 
 80.323752914053613949 224.15659730067781652 4.2476430598756396151 
 64.323752914053613949 240.15659730067781652 4.2476430598756396151 
 64.323752914053613949 256.1565973006777881 4.2476430598756396151 
 80.323752914053613949 16.156597300677809415 4.2476430598756396151 
 80.323752914053613949 256.1565973006777881 4.2476430598756396151 
 64.323752914053613949 16.156597300677809415 4.2476430598756396151 
 96.323752914053613949 32.15659730067781652 4.2476430598756396151 
 112.32375291405361395 48.156597300677823625 4.2476430598756396151 
 112.32375291405361395 32.15659730067781652 4.2476430598756396151 
 96.323752914053613949 48.156597300677823625 4.2476430598756396151 
 96.323752914053613949 64.15659730067781652 4.2476430598756396151 
 112.32375291405361395 80.15659730067781652 4.2476430598756396151 
 112.32375291405361395 64.15659730067781652 4.2476430598756396151 
 96.323752914053613949 80.15659730067781652 4.2476430598756396151 
 96.323752914053613949 96.15659730067781652 4.2476430598756396151 
 112.32375291405361395 112.15659730067781652 4.2476430598756396151 
 112.32375291405361395 96.15659730067781652 4.2476430598756396151 
 96.323752914053613949 112.15659730067781652 4.2476430598756396151 
 96.323752914053613949 128.15659730067784494 4.2476430598756396151 
 112.32375291405361395 144.15659730067781652 4.2476430598756396151 
 112.32375291405361395 128.15659730067784494 4.2476430598756396151 
 96.323752914053613949 144.15659730067781652 4.2476430598756396151 
 96.323752914053613949 160.15659730067781652 4.2476430598756396151 
 112.32375291405361395 176.15659730067781652 4.2476430598756396151 
 112.32375291405361395 160.15659730067781652 4.2476430598756396151 
 96.323752914053613949 176.15659730067781652 4.2476430598756396151 
 96.323752914053613949 192.15659730067781652 4.2476430598756396151 
 112.32375291405361395 208.15659730067784494 4.2476430598756396151 
 112.32375291405361395 192.15659730067781652 4.2476430598756396151 
 96.323752914053613949 208.15659730067784494 4.2476430598756396151 
 96.323752914053613949 224.15659730067781652 4.2476430598756396151 
 112.32375291405361395 240.15659730067781652 4.2476430598756396151 
 112.32375291405361395 224.15659730067781652 4.2476430598756396151 
 96.323752914053613949 240.15659730067781652 4.2476430598756396151 
 96.323752914053613949 256.1565973006777881 4.2476430598756396151 
 112.32375291405361395 16.156597300677809415 4.2476430598756396151 
 112.32375291405361395 256.1565973006777881 4.2476430598756396151 
 96.323752914053613949 16.156597300677809415 4.2476430598756396151 
 128.32375291405361395 32.15659730067781652 4.2476430598756396151 
 144.32375291405361395 48.156597300677823625 4.2476430598756396151 
 144.32375291405361395 32.15659730067781652 4.2476430598756396151 
 128.32375291405361395 48.156597300677823625 4.2476430598756396151 
 128.32375291405361395 64.15659730067781652 4.2476430598756396151 
 144.32375291405361395 80.15659730067781652 4.2476430598756396151 
 144.32375291405361395 64.15659730067781652 4.2476430598756396151 
 128.32375291405361395 80.15659730067781652 4.2476430598756396151 
 128.32375291405361395 96.15659730067781652 4.2476430598756396151 
 144.32375291405361395 112.15659730067781652 4.2476430598756396151 
 144.32375291405361395 96.15659730067781652 4.2476430598756396151 
 128.32375291405361395 112.15659730067781652 4.2476430598756396151 
 128.32375291405361395 128.15659730067784494 4.2476430598756396151 
 144.32375291405361395 144.15659730067781652 4.2476430598756396151 
 144.32375291405361395 128.15659730067784494 4.2476430598756396151 
 128.32375291405361395 144.15659730067781652 4.2476430598756396151 
 128.32375291405361395 160.15659730067781652 4.2476430598756396151 
 144.32375291405361395 176.15659730067781652 4.2476430598756396151 
 144.32375291405361395 160.15659730067781652 4.2476430598756396151 
 128.32375291405361395 176.15659730067781652 4.2476430598756396151 
 128.32375291405361395 192.15659730067781652 4.2476430598756396151 
 144.32375291405361395 208.15659730067784494 4.2476430598756396151 
 144.32375291405361395 192.15659730067781652 4.2476430598756396151 
 128.32375291405361395 208.15659730067784494 4.2476430598756396151 
 128.32375291405361395 224.15659730067781652 4.2476430598756396151 
 144.32375291405361395 240.15659730067781652 4.2476430598756396151 
 144.32375291405361395 224.15659730067781652 4.2476430598756396151 
 128.32375291405361395 240.15659730067781652 4.2476430598756396151 
 128.32375291405361395 256.1565973006777881 4.2476430598756396151 
 144.32375291405361395 16.156597300677809415 4.2476430598756396151 
 144.32375291405361395 256.1565973006777881 4.2476430598756396151 
 128.32375291405361395 16.156597300677809415 4.2476430598756396151 
 160.32375291405361395 32.15659730067781652 4.2476430598756396151 
 176.32375291405361395 48.156597300677823625 4.2476430598756396151 
 176.32375291405361395 32.15659730067781652 4.2476430598756396151 
 160.32375291405361395 48.156597300677823625 4.2476430598756396151 
 160.32375291405361395 64.15659730067781652 4.2476430598756396151 
 176.32375291405361395 80.15659730067781652 4.2476430598756396151 
 176.32375291405361395 64.15659730067781652 4.2476430598756396151 
 160.32375291405361395 80.15659730067781652 4.2476430598756396151 
 160.32375291405361395 96.15659730067781652 4.2476430598756396151 
 176.32375291405361395 112.15659730067781652 4.2476430598756396151 
 176.32375291405361395 96.15659730067781652 4.2476430598756396151 
 160.32375291405361395 112.15659730067781652 4.2476430598756396151 
 160.32375291405361395 128.15659730067784494 4.2476430598756396151 
 176.32375291405361395 144.15659730067781652 4.2476430598756396151 
 176.32375291405361395 128.15659730067784494 4.2476430598756396151 
 160.32375291405361395 144.15659730067781652 4.2476430598756396151 
 160.32375291405361395 160.15659730067781652 4.2476430598756396151 
 176.32375291405361395 176.15659730067781652 4.2476430598756396151 
 176.32375291405361395 160.15659730067781652 4.2476430598756396151 
 160.32375291405361395 176.15659730067781652 4.2476430598756396151 
 160.32375291405361395 192.15659730067781652 4.2476430598756396151 
 176.32375291405361395 208.15659730067784494 4.2476430598756396151 
 176.32375291405361395 192.15659730067781652 4.2476430598756396151 
 160.32375291405361395 208.15659730067784494 4.2476430598756396151 
 160.32375291405361395 224.15659730067781652 4.2476430598756396151 
 176.32375291405361395 240.15659730067781652 4.2476430598756396151 
 176.32375291405361395 224.15659730067781652 4.2476430598756396151 
 160.32375291405361395 240.15659730067781652 4.2476430598756396151 
 160.32375291405361395 256.1565973006777881 4.2476430598756396151 
 176.32375291405361395 16.156597300677809415 4.2476430598756396151 
 176.32375291405361395 256.1565973006777881 4.2476430598756396151 
 160.32375291405361395 16.156597300677809415 4.2476430598756396151 
 192.32375291405361395 32.15659730067781652 4.2476430598756396151 
 208.32375291405364237 48.156597300677823625 4.2476430598756396151 
 208.32375291405364237 32.15659730067781652 4.2476430598756396151 
 192.32375291405361395 48.156597300677823625 4.2476430598756396151 
 192.32375291405361395 64.15659730067781652 4.2476430598756396151 
 208.32375291405364237 80.15659730067781652 4.2476430598756396151 
 208.32375291405364237 64.15659730067781652 4.2476430598756396151 
 192.32375291405361395 80.15659730067781652 4.2476430598756396151 
 192.32375291405361395 96.15659730067781652 4.2476430598756396151 
 208.32375291405364237 112.15659730067781652 4.2476430598756396151 
 208.32375291405364237 96.15659730067781652 4.2476430598756396151 
 192.32375291405361395 112.15659730067781652 4.2476430598756396151 
 192.32375291405361395 128.15659730067784494 4.2476430598756396151 
 208.32375291405364237 144.15659730067781652 4.2476430598756396151 
 208.32375291405364237 128.15659730067784494 4.2476430598756396151 
 192.32375291405361395 144.15659730067781652 4.2476430598756396151 
 192.32375291405361395 160.15659730067781652 4.2476430598756396151 
 208.32375291405364237 176.15659730067781652 4.2476430598756396151 
 208.32375291405364237 160.15659730067781652 4.2476430598756396151 
 192.32375291405361395 176.15659730067781652 4.2476430598756396151 
 192.32375291405361395 192.15659730067781652 4.2476430598756396151 
 208.32375291405364237 208.15659730067784494 4.2476430598756396151 
 208.32375291405364237 192.15659730067781652 4.2476430598756396151 
 192.32375291405361395 208.15659730067784494 4.2476430598756396151 
 192.32375291405361395 224.15659730067781652 4.2476430598756396151 
 208.32375291405364237 240.15659730067781652 4.2476430598756396151 
 208.32375291405364237 224.15659730067781652 4.2476430598756396151 
 192.32375291405361395 240.15659730067781652 4.2476430598756396151 
 192.32375291405361395 256.1565973006777881 4.2476430598756396151 
 208.32375291405364237 16.156597300677809415 4.2476430598756396151 
 208.32375291405364237 256.1565973006777881 4.2476430598756396151 
 192.32375291405361395 16.156597300677809415 4.2476430598756396151 
 224.32375291405361395 32.15659730067781652 4.2476430598756396151 
 240.32375291405361395 48.156597300677823625 4.2476430598756396151 
 240.32375291405361395 32.15659730067781652 4.2476430598756396151 
 224.32375291405361395 48.156597300677823625 4.2476430598756396151 
 224.32375291405361395 64.15659730067781652 4.2476430598756396151 
 240.32375291405361395 80.15659730067781652 4.2476430598756396151 
 240.32375291405361395 64.15659730067781652 4.2476430598756396151 
 224.32375291405361395 80.15659730067781652 4.2476430598756396151 
 224.32375291405361395 96.15659730067781652 4.2476430598756396151 
 240.32375291405361395 112.15659730067781652 4.2476430598756396151 
 240.32375291405361395 96.15659730067781652 4.2476430598756396151 
 224.32375291405361395 112.15659730067781652 4.2476430598756396151 
 224.32375291405361395 128.15659730067784494 4.2476430598756396151 
 240.32375291405361395 144.15659730067781652 4.2476430598756396151 
 240.32375291405361395 128.15659730067784494 4.2476430598756396151 
 224.32375291405361395 144.15659730067781652 4.2476430598756396151 
 224.32375291405361395 160.15659730067781652 4.2476430598756396151 
 240.32375291405361395 176.15659730067781652 4.2476430598756396151 
 240.32375291405361395 160.15659730067781652 4.2476430598756396151 
 224.32375291405361395 176.15659730067781652 4.2476430598756396151 
 224.32375291405361395 192.15659730067781652 4.2476430598756396151 
 240.32375291405361395 208.15659730067784494 4.2476430598756396151 
 240.32375291405361395 192.15659730067781652 4.2476430598756396151 
 224.32375291405361395 208.15659730067784494 4.2476430598756396151 
 224.32375291405361395 224.15659730067781652 4.2476430598756396151 
 240.32375291405361395 240.15659730067781652 4.2476430598756396151 
 240.32375291405361395 224.15659730067781652 4.2476430598756396151 
 224.32375291405361395 240.15659730067781652 4.2476430598756396151 
 224.32375291405361395 256.1565973006777881 4.2476430598756396151 
 240.32375291405361395 16.156597300677809415 4.2476430598756396151 
 240.32375291405361395 256.1565973006777881 4.2476430598756396151 
 224.32375291405361395 16.156597300677809415 4.2476430598756396151 
 256.32375291405355711 32.15659730067781652 4.2476430598756396151 
 16.323752914053606844 48.156597300677823625 4.2476430598756396151 
 16.323752914053606844 32.15659730067781652 4.2476430598756396151 
 256.32375291405355711 48.156597300677823625 4.2476430598756396151 
 256.32375291405355711 64.15659730067781652 4.2476430598756396151 
 16.323752914053606844 80.15659730067781652 4.2476430598756396151 
 16.323752914053606844 64.15659730067781652 4.2476430598756396151 
 256.32375291405355711 80.15659730067781652 4.2476430598756396151 
 256.32375291405355711 96.15659730067781652 4.2476430598756396151 
 16.323752914053606844 112.15659730067781652 4.2476430598756396151 
 16.323752914053606844 96.15659730067781652 4.2476430598756396151 
 256.32375291405355711 112.15659730067781652 4.2476430598756396151 
 256.32375291405355711 128.15659730067784494 4.2476430598756396151 
 16.323752914053606844 144.15659730067781652 4.2476430598756396151 
 16.323752914053606844 128.15659730067784494 4.2476430598756396151 
 256.32375291405355711 144.15659730067781652 4.2476430598756396151 
 256.32375291405355711 160.15659730067781652 4.2476430598756396151 
 16.323752914053606844 176.15659730067781652 4.2476430598756396151 
 16.323752914053606844 160.15659730067781652 4.2476430598756396151 
 256.32375291405355711 176.15659730067781652 4.2476430598756396151 
 256.32375291405355711 192.15659730067781652 4.2476430598756396151 
 16.323752914053606844 208.15659730067784494 4.2476430598756396151 
 16.323752914053606844 192.15659730067781652 4.2476430598756396151 
 256.32375291405355711 208.15659730067784494 4.2476430598756396151 
 256.32375291405355711 224.15659730067781652 4.2476430598756396151 
 16.323752914053606844 240.15659730067781652 4.2476430598756396151 
 16.323752914053606844 224.15659730067781652 4.2476430598756396151 
 256.32375291405355711 240.15659730067781652 4.2476430598756396151 
 256.32375291405355711 256.1565973006777881 4.2476430598756396151 
 16.323752914053606844 16.156597300677809415 4.2476430598756396151 
 16.323752914053606844 256.1565973006777881 4.2476430598756396151 
 256.32375291405355711 16.156597300677809415 4.2476430598756396151 
