 203.57663854788634694 2.105729328547496948 4.2476430598756396151 
 192.26293004890158045 21.701647270812905788 4.2476430598756396151 
 207.71774326952669298 17.560542549172581062 4.2476430598756396151 
 188.12182532726126283 6.246834050187835885 4.2476430598756396151 
 172.66701210663615029 10.387938771828160611 4.2476430598756396151 
 161.35330360765141222 29.983856714093569451 4.2476430598756396151 
 176.80811682827649634 25.842751992453244725 4.2476430598756396151 
 157.2121988860110946 14.529043493468485337 4.2476430598756396151 
 141.75738566538598207 18.670148215108824274 4.2476430598756396151 
 130.44367716640121557 38.266066157374247325 4.2476430598756396151 
 145.89849038702632811 34.124961435733908388 4.2476430598756396151 
 126.30257244476088374 22.811252936749163212 4.2476430598756396151 
 110.84775922413579963 26.952357658389487938 4.2476430598756396151 
 99.534050725151047345 46.548275600654896778 4.2476430598756396151 
 114.98886394577611725 42.407170879014572051 4.2476430598756396151 
 95.392946003510715514 31.093462380029812664 4.2476430598756396151 
 79.938132782885617189 35.234567101670151601 4.2476430598756396151 
 68.624424283900850696 54.830485043935560441 4.2476430598756396151 
 84.079237504525949021 50.689380322295235715 4.2476430598756396151 
 64.483319562260504654 39.375671823310490538 4.2476430598756396151 
 49.028506341635406329 43.516776544950815264 4.2476430598756396151 
 37.714797842650646942 63.112694487216238315 4.2476430598756396151 
 53.169611063275745266 58.971589765575899378 4.2476430598756396151 
 33.573693121010308005 47.657881266591154201 4.2476430598756396151 
 18.118879900385241655 51.798985988231478927 4.2476430598756396151 
 6.8051714014004689446 71.394903930496880662 4.2476430598756396151 
 22.259984622025580592 67.253799208856563041 4.2476430598756396151 
 2.6640666797601442184 55.940090709871817864 4.2476430598756396151 
 223.1725564901517771 13.419437827532254559 4.2476430598756396151 
 211.85884799116703903 33.015355769797693597 4.2476430598756396151 
 200.54513949218227253 52.611273712063102437 4.2476430598756396151 
 215.99995271280735665 48.470168990422777711 4.2476430598756396151 
 196.40403477054192649 37.156460491438032534 4.2476430598756396151 
 180.94922154991684238 41.29756521307835726 4.2476430598756396151 
 169.63551305093210431  60.8934831553437661 4.2476430598756396151 
   185.09032627155716 56.752378433703441374 4.2476430598756396151 
 165.49440832929172984 45.438669934718681986 4.2476430598756396151 
 150.03959510866664573 49.579774656359020923 4.2476430598756396151 
 138.72588660968187924 69.175692598624422658 4.2476430598756396151 
 154.18069983030696335 65.034587876984105037 4.2476430598756396151 
 134.58478188804153319 53.72087937799935986 4.2476430598756396151 
 119.12996866741646329 57.861984099639684587 4.2476430598756396151 
 107.81626016843171101 77.457902041905100532 4.2476430598756396151 
 123.27107338905679512  73.3167973202647687 4.2476430598756396151 
 103.67515544679137918 62.003088821280009313 4.2476430598756396151 
 88.220342226166280852 66.14419354292034825 4.2476430598756396151 
 76.906633727181514359 85.740111485185749984 4.2476430598756396151 
 92.361446947806612684 81.599006763545432364 4.2476430598756396151 
 72.765529005541182528 70.285298264560680082 4.2476430598756396151 
 57.310715784916084203 74.426402986201011913 4.2476430598756396151 
 45.997007285931310605 94.022320928466427858 4.2476430598756396151 
 61.45182050655640893 89.881216206826096027 4.2476430598756396151 
 41.855902564290985879 78.567507707841343745 4.2476430598756396151 
 26.401089343665919529 82.708612429481675576 4.2476430598756396151 
 15.087380844681133496 102.30453037174707731 4.2476430598756396151 
 30.542194065306244255 98.16342565010675969 4.2476430598756396151 
 10.946276123040794559 86.849717151122007408 4.2476430598756396151 
 231.45476593343244076 44.329064268782452984 4.2476430598756396151 
 227.31366121179209472 28.874251048157368871 4.2476430598756396151 
 220.14105743444767427 63.924982211047876035 4.2476430598756396151 
 208.8273489354629362 83.52090015331329198 4.2476430598756396151 
 224.28216215608804873 79.37979543167297436 4.2476430598756396151 
 204.68624421382259015 68.066086932688193656 4.2476430598756396151 
 189.23143099319747762 72.207191654328539698 4.2476430598756396151 
 177.91772249421273955 91.803109596593969854 4.2476430598756396151 
 193.37253571483785208 87.662004874953638023 4.2476430598756396151 
 173.77661777257242193 76.34829637596887153 4.2476430598756396151 
 158.32180455194730939 80.489401097609203362 4.2476430598756396151 
 147.0080960529625429 100.08531903987461931 4.2476430598756396151 
 162.46290927358765543 95.944214318234301686 4.2476430598756396151 
 142.86699133132222528 84.630505819249520982 4.2476430598756396151 
 127.41217811069712695 88.771610540889867025 4.2476430598756396151 
 116.09846961171238888 108.36752848315528297 4.2476430598756396151 
 131.55328283233745879 104.22642376151496535 4.2476430598756396151 
 111.95736489007204284 92.912715262530198856 4.2476430598756396151 
 96.502551669446930305 97.053819984170530688 4.2476430598756396151 
 85.188843170462178023 116.64973792643594663 4.2476430598756396151 
 100.64365639108727635 112.50863320479562901 4.2476430598756396151 
 81.04773844882183198 101.19492470581084831 4.2476430598756396151 
 65.592925228196747867 105.33602942745119435 4.2476430598756396151 
 54.279216729211974268 124.93194736971662451 4.2476430598756396151 
 69.734029949837079698 120.79084264807629268 4.2476430598756396151 
 50.138112007571635331 109.47713414909152618 4.2476430598756396151 
 34.683298786946572534 113.61823887073185801 4.2476430598756396151 
 23.369590287961795383 133.21415681299728817 4.2476430598756396151 
 38.824403508586911471 129.07305209135694213 4.2476430598756396151 
 19.228485566321456446 117.75934359237217564 4.2476430598756396151 
 3.7736723456963887635 121.90044831401252168 4.2476430598756396151 
  239.736975376713076 75.238690710032642528 4.2476430598756396151 
 7.9147770673367281447 137.35526153463760579 4.2476430598756396151 
 235.59587065507275838 59.783877489407551309 4.2476430598756396151 
 228.42326687772836635 94.834608652298072684 4.2476430598756396151 
 217.10955837874359986 114.43052659456347442 4.2476430598756396151 
 232.56437159936868397 110.28942187292314259 4.2476430598756396151 
 212.96845365710325382 98.975713373938390305 4.2476430598756396151 
 197.5136404364781697 103.11681809557872214 4.2476430598756396151 
 186.19993193749340321 122.71273603784413808 4.2476430598756396151 
 201.65474515811848732 118.57163131620382046 4.2476430598756396151 
 182.05882721585305717 107.25792281721905397 4.2476430598756396151 
 166.60401399522797306 111.3990275388593858 4.2476430598756396151 
 155.29030549624320656 130.99494548112480174 4.2476430598756396151 
 170.74511871686829068 126.85384075948446991 4.2476430598756396151 
 151.14920077460286052 115.54013226049971763 4.2476430598756396151 
 135.69438755397777641 119.68123698214004946 4.2476430598756396151 
 124.38067905499303833 139.27715492440546541 4.2476430598756396151 
 139.83549227561812245 135.13605020276514779 4.2476430598756396151 
 120.2395743333527065 123.82234170378038129 4.2476430598756396151 
 104.78476111272760818 127.96344642542071313 4.2476430598756396151 
 93.471052613742841686 147.55936436768615749 4.2476430598756396151 
 108.92586583436794001 143.41825964604578303 4.2476430598756396151 
 89.329947892102509854 132.10455114706104496 4.2476430598756396151 
 73.87513467147741153 136.24565586870136258 4.2476430598756396151 
 62.561426172492645037 155.84157381096679273 4.2476430598756396151 
 78.016239393117743361 151.70046908932647511 4.2476430598756396151 
 58.420321450852298995 140.38676059034170862 4.2476430598756396151 
 42.965508230227236197 144.52786531198205466 4.2476430598756396151 
 31.651799731242459046 164.1237832542474564 4.2476430598756396151 
 47.106612951867575134 159.98267853260711036 4.2476430598756396151 
 27.510695009602120109 148.66897003362237228 4.2476430598756396151 
 12.055881788977051983 152.81007475526268991 4.2476430598756396151 
 248.01918481999376809 106.14831715128281076 4.2476430598756396151 
 16.196986510617392696 168.26488797588777402 4.2476430598756396151 
 243.87808009835339362 90.693503930657726642 4.2476430598756396151 
 236.70547632100900159 125.74423509354825512 4.2476430598756396151 
 225.3917678220242351 145.34015303581369949 4.2476430598756396151 
 240.84658104264934764 141.19904831417335345 4.2476430598756396151 
 221.25066310038391748 129.88533981518858695 4.2476430598756396151 
 205.79584987975880495 134.02644453682890457 4.2476430598756396151 
 194.48214138077406687 153.62236247909433473 4.2476430598756396151 
 209.93695460139915099 149.48125775745401711 4.2476430598756396151 
 190.34103665913374925 138.16754925846925062 4.2476430598756396151 
 174.88622343850863672 142.30865398010956824 4.2476430598756396151 
 163.57251493952387023 161.90457192237502682 4.2476430598756396151 
 179.02732816014898276 157.76346720073465235 4.2476430598756396151 
 159.43141021788352418 146.44975870174991428 4.2476430598756396151 
 143.97659699725846849 150.5908634233902319 4.2476430598756396151 
  132.662888498273702 170.18678136565566206 4.2476430598756396151 
 148.11770171889878611 166.04567664401534444 4.2476430598756396151 
 128.52178377663335596 154.73196814503057794 4.2476430598756396151 
 113.06697055600827184 158.87307286667089556 4.2476430598756396151 
 101.75326205702350535 178.46899080893635414 4.2476430598756396151 
 117.20807527764860367 174.3278860872960081 4.2476430598756396151 
 97.612157335383159307 163.01417758831124161 4.2476430598756396151 
 82.157344114758060982 167.15528230995155923 4.2476430598756396151 
  70.8436356157733087 186.75120025221698938 4.2476430598756396151 
 86.298448836398407025 182.61009553057667176 4.2476430598756396151 
 66.702530894132962658 171.29638703159190527 4.2476430598756396151 
 51.24771767350789986 175.43749175323222289 4.2476430598756396151 
 39.934009174523126262 195.03340969549768147 4.2476430598756396151 
 55.388822395148238797  190.892304973857307 4.2476430598756396151 
 35.792904452882787325 179.57859647487254051 4.2476430598756396151 
 20.338091232257717422 183.71970119651288655 4.2476430598756396151 
 256.30139426327446017 137.0579435925330074 4.2476430598756396151 
 24.479195953898056359 199.17451441713799909 4.2476430598756396151 
 252.16028954163408571 121.60313037190790908 4.2476430598756396151 
 244.98768576428969368 156.65386153479846598 4.2476430598756396151 
 233.67397726530492719 176.24977947706386772 4.2476430598756396151 
 249.1287904859300113 172.1086747554235501 4.2476430598756396151 
 229.53287254366458114 160.7949662564387836 4.2476430598756396151 
 214.07805932303949703 164.93607097807910122 4.2476430598756396151 
 202.76435082405475896 184.53198892034453138 4.2476430598756396151 
 218.21916404467981465 180.39088419870421376 4.2476430598756396151 
 198.62324610241441292 169.07717569971944727 4.2476430598756396151 
 183.16843288178930038 173.21828042135976489 4.2476430598756396151 
 171.85472438280456231 192.81419836362522346 4.2476430598756396151 
 187.30953760342964642  188.673093641984849 4.2476430598756396151 
 167.71361966116418785 177.35938514300011093 4.2476430598756396151 
 152.25880644053913215 181.50048986464042855 4.2476430598756396151 
 140.94509794155436566 201.09640780690585871 4.2476430598756396151 
 156.39991116217944978 196.95530308526554109 4.2476430598756396151 
 136.80399321991404804 185.64159458628077459 4.2476430598756396151 
 121.34917999928893551 189.78269930792112064 4.2476430598756396151 
 110.03547150030416901 209.37861725018655079 4.2476430598756396151 
 125.49028472092926734 205.23751252854620475 4.2476430598756396151 
 105.89436677866383718 193.92380402956143826 4.2476430598756396151 
 90.439553558038738856 198.06490875120175588 4.2476430598756396151 
 79.125845059053972363 217.66082669346718603 4.2476430598756396151 
 94.580658279679070688 213.51972197182686841 4.2476430598756396151 
 74.984740337413640532 202.20601347284210192 4.2476430598756396151 
 59.529927116788577734 206.34711819448241954 4.2476430598756396151 
 48.216218617803789925 225.94303613674787812 4.2476430598756396151 
 63.671031838428902461 221.80193141510750365 4.2476430598756396151 
 44.075113896163465199 210.48822291612276558 4.2476430598756396151 
 28.620300675538395296 214.6293276377630832 4.2476430598756396151 
 32.761405397178720023 230.08414085838819574 4.2476430598756396151 
 253.26989520757032892 187.56348797604860579 4.2476430598756396151 
 241.95618670858559085 207.15940591831403594 4.2476430598756396151 
 237.81508198694524481 191.70459269768895183 4.2476430598756396151 
 222.36026876632013227 195.84569741932926945 4.2476430598756396151 
 211.0465602673353942 215.44161536159472803 4.2476430598756396151 
 226.50137348796050674 211.30051063995441041 4.2476430598756396151 
 206.90545554569507658 199.98680214096958707 4.2476430598756396151 
 191.45064232506996404 204.12790686260996154 4.2476430598756396151 
 180.13693382608519755 223.72382480487536327 4.2476430598756396151 
 195.59174704671031009 219.58272008323504565 4.2476430598756396151 
 175.99582910444487993 208.26901158425027916 4.2476430598756396151 
 160.54101588381979582 212.41011630589059678 4.2476430598756396151 
 149.22730738483502932 232.00603424815602693 4.2476430598756396151 
 164.68212060546011344 227.86492952651570931 4.2476430598756396151 
 145.08620266319468328 216.5512210275309144 4.2476430598756396151 
 129.63138944256959917 220.69232574917126044 4.2476430598756396151 
 118.31768094358483268 240.2882436914366906 4.2476430598756396151 
 133.77249416420994521 236.14713896979637298 4.2476430598756396151 
 114.17657622194448663 224.83343047081160648 4.2476430598756396151 
 98.721763001319388309 228.9745351924519241 4.2476430598756396151 
 87.408054502334636027 248.57045313471738268 4.2476430598756396151 
 102.86286772295973435 244.42934841307706506 4.2476430598756396151 
 83.266949780694289984 233.11563991409227015 4.2476430598756396151 
 67.812136560069220081 237.25674463573261619 4.2476430598756396151 
 56.498428061084453589 256.8526625779979895 4.2476430598756396151 
 71.953241281709566124 252.7115578563577003 4.2476430598756396151 
 52.357323339444114652 241.39784935737293381 4.2476430598756396151 
 36.902510118819044749 245.53895407901325143 4.2476430598756396151 
 246.09729143022590847 222.61421913893912006 4.2476430598756396151 
 230.64247820960082436 226.75532386057943768 4.2476430598756396151 
 215.18766498897571182 230.8964285822197553 4.2476430598756396151 
 199.73285176835062771 235.03753330386012976 4.2476430598756396151 
 122.1614677231205377 7.3564397161240364653 4.2476430598756396151 
 137.61628094374563602 3.2153349944836975283 4.2476430598756396151 
 184.27803854772554359 239.17863802550047581 4.2476430598756396151 
 168.82322532710043106 243.31974274714079343 4.2476430598756396151 
 91.251841281870383682 15.638649159404685918 4.2476430598756396151 
 106.70665450249545358 11.497544437764361192 4.2476430598756396151 
 153.36841210647537537 247.46084746878111105 4.2476430598756396151 
 137.91359888585026283 251.60195219042145709 4.2476430598756396151 
 60.342214840620165717 23.920858602685363792 4.2476430598756396151 
 75.797028061245285357 19.779753881045024855 4.2476430598756396151 
 122.4587856652251503 255.74305691206177471 4.2476430598756396151 
 29.43258839936997262 32.203068045966027455 4.2476430598756396151 
 44.887401619995067392 28.061963324325688518 4.2476430598756396151 
 13.977775178744902718 36.344172767606352181 4.2476430598756396151 
