 251.26061827293264628 19.38819736708988728 4.2476430598756396151 
 235.2606182729326747 30.701905866074657325 4.2476430598756396151 
 219.2606182729326747 19.388197367089901491 4.2476430598756396151 
 203.2606182729326747 30.701905866074657325 4.2476430598756396151 
 187.26061827293264628 19.388197367089901491 4.2476430598756396151 
 171.26061827293264628 30.701905866074657325 4.2476430598756396151 
 155.2606182729326747 19.388197367089901491 4.2476430598756396151 
 139.2606182729326747 30.701905866074657325 4.2476430598756396151 
 123.26061827293266049 19.388197367089901491 4.2476430598756396151 
 107.26061827293264628 30.701905866074657325 4.2476430598756396151 
 91.260618272932646278 19.388197367089901491 4.2476430598756396151 
 75.260618272932632067 30.701905866074657325 4.2476430598756396151 
 59.260618272932660489 19.388197367089901491 4.2476430598756396151 
 43.260618272932653383 30.701905866074657325 4.2476430598756396151 
 27.260618272932671147 19.388197367089901491 4.2476430598756396151 
 11.260618272932664041 30.701905866074657325 4.2476430598756396151 
 251.26061827293264628 42.015614365059406055 4.2476430598756396151 
 235.2606182729326747 53.329322864044172547 4.2476430598756396151 
 219.2606182729326747 42.015614365059420265 4.2476430598756396151 
 203.2606182729326747 53.329322864044172547 4.2476430598756396151 
 187.26061827293264628 42.015614365059420265 4.2476430598756396151 
 171.26061827293264628 53.329322864044172547 4.2476430598756396151 
 155.2606182729326747 42.015614365059420265 4.2476430598756396151 
 139.2606182729326747 53.329322864044172547 4.2476430598756396151 
 123.26061827293266049 42.015614365059420265 4.2476430598756396151 
 107.26061827293264628 53.329322864044172547 4.2476430598756396151 
 91.260618272932646278 42.015614365059420265 4.2476430598756396151 
 75.260618272932632067 53.329322864044172547 4.2476430598756396151 
 59.260618272932660489 42.015614365059420265 4.2476430598756396151 
 43.260618272932653383 53.329322864044172547 4.2476430598756396151 
 27.260618272932671147 42.015614365059420265 4.2476430598756396151 
 11.260618272932664041 53.329322864044172547 4.2476430598756396151 
 251.26061827293264628 64.64303136302893904 4.2476430598756396151 
 235.2606182729326747 75.956739862013691322 4.2476430598756396151 
 219.2606182729326747 64.64303136302893904 4.2476430598756396151 
 203.2606182729326747 75.956739862013691322 4.2476430598756396151 
 187.26061827293264628 64.64303136302893904 4.2476430598756396151 
 171.26061827293264628 75.956739862013691322 4.2476430598756396151 
 155.2606182729326747 64.64303136302893904 4.2476430598756396151 
 139.2606182729326747 75.956739862013691322 4.2476430598756396151 
 123.26061827293266049 64.64303136302893904 4.2476430598756396151 
 107.26061827293264628 75.956739862013691322 4.2476430598756396151 
 91.260618272932646278 64.64303136302893904 4.2476430598756396151 
 75.260618272932632067 75.956739862013691322 4.2476430598756396151 
 59.260618272932660489 64.64303136302893904 4.2476430598756396151 
 43.260618272932653383 75.956739862013691322 4.2476430598756396151 
 27.260618272932671147 64.64303136302893904 4.2476430598756396151 
 11.260618272932664041 75.956739862013691322 4.2476430598756396151 
 251.26061827293264628 87.270448360998472026 4.2476430598756396151 
 235.2606182729326747 98.584156859983210097 4.2476430598756396151 
 219.2606182729326747 87.270448360998472026 4.2476430598756396151 
 203.2606182729326747 98.584156859983224308 4.2476430598756396151 
 187.26061827293264628 87.270448360998472026 4.2476430598756396151 
 171.26061827293264628 98.584156859983224308 4.2476430598756396151 
 155.2606182729326747 87.270448360998472026 4.2476430598756396151 
 139.2606182729326747 98.584156859983224308 4.2476430598756396151 
 123.26061827293266049 87.270448360998472026 4.2476430598756396151 
 107.26061827293264628 98.584156859983224308 4.2476430598756396151 
 91.260618272932646278 87.270448360998472026 4.2476430598756396151 
 75.260618272932632067 98.584156859983224308 4.2476430598756396151 
 59.260618272932660489 87.270448360998472026 4.2476430598756396151 
 43.260618272932653383 98.584156859983224308 4.2476430598756396151 
 27.260618272932671147 87.270448360998472026 4.2476430598756396151 
 11.260618272932664041 98.584156859983238519 4.2476430598756396151 
 251.26061827293264628 109.89786535896797659 4.2476430598756396151 
 235.2606182729326747 121.21157385795274308 4.2476430598756396151 
 219.2606182729326747 109.89786535896797659 4.2476430598756396151 
 203.2606182729326747 121.21157385795274308 4.2476430598756396151 
 187.26061827293264628 109.89786535896797659 4.2476430598756396151 
 171.26061827293264628 121.21157385795274308 4.2476430598756396151 
 155.2606182729326747 109.89786535896797659 4.2476430598756396151 
 139.2606182729326747 121.21157385795274308 4.2476430598756396151 
 123.26061827293266049 109.89786535896797659 4.2476430598756396151 
 107.26061827293264628 121.21157385795274308 4.2476430598756396151 
 91.260618272932646278 109.89786535896797659 4.2476430598756396151 
 75.260618272932632067 121.21157385795274308 4.2476430598756396151 
 59.260618272932660489 109.89786535896797659 4.2476430598756396151 
 43.260618272932653383 121.21157385795274308 4.2476430598756396151 
 27.260618272932671147 109.89786535896797659 4.2476430598756396151 
 11.260618272932664041 121.21157385795275729 4.2476430598756396151 
 251.26061827293264628 132.52528235693750958 4.2476430598756396151 
 235.2606182729326747 143.83899085592224765 4.2476430598756396151 
 219.2606182729326747 132.52528235693750958 4.2476430598756396151 
 203.2606182729326747 143.83899085592224765 4.2476430598756396151 
 187.26061827293264628 132.52528235693750958 4.2476430598756396151 
 171.26061827293264628 143.83899085592224765 4.2476430598756396151 
 155.2606182729326747 132.52528235693750958 4.2476430598756396151 
 139.2606182729326747 143.83899085592224765 4.2476430598756396151 
 123.26061827293266049 132.52528235693750958 4.2476430598756396151 
 107.26061827293264628 143.83899085592224765 4.2476430598756396151 
 91.260618272932646278 132.52528235693750958 4.2476430598756396151 
 75.260618272932632067 143.83899085592224765 4.2476430598756396151 
 59.260618272932660489 132.52528235693750958 4.2476430598756396151 
 43.260618272932653383 143.83899085592224765 4.2476430598756396151 
 27.260618272932671147 132.52528235693750958 4.2476430598756396151 
 11.260618272932664041 143.83899085592224765 4.2476430598756396151 
 251.26061827293264628 155.15269935490701414 4.2476430598756396151 
 235.2606182729326747 166.46640785389178063 4.2476430598756396151 
 219.2606182729326747 155.15269935490701414 4.2476430598756396151 
 203.2606182729326747 166.46640785389178063 4.2476430598756396151 
 187.26061827293264628 155.15269935490701414 4.2476430598756396151 
 171.26061827293264628 166.46640785389178063 4.2476430598756396151 
 155.2606182729326747 155.15269935490701414 4.2476430598756396151 
 139.2606182729326747 166.46640785389178063 4.2476430598756396151 
 123.26061827293266049 155.15269935490701414 4.2476430598756396151 
 107.26061827293264628 166.46640785389178063 4.2476430598756396151 
 91.260618272932646278 155.15269935490701414 4.2476430598756396151 
 75.260618272932632067 166.46640785389178063 4.2476430598756396151 
 59.260618272932660489 155.15269935490701414 4.2476430598756396151 
 43.260618272932653383 166.46640785389178063 4.2476430598756396151 
 27.260618272932671147 155.15269935490701414 4.2476430598756396151 
 11.260618272932664041 166.46640785389178063 4.2476430598756396151 
 251.26061827293264628 177.78011635287657555 4.2476430598756396151 
 235.2606182729326747 189.09382485186134204 4.2476430598756396151 
 219.2606182729326747 177.78011635287657555 4.2476430598756396151 
 203.2606182729326747 189.09382485186134204 4.2476430598756396151 
 187.26061827293264628 177.78011635287657555 4.2476430598756396151 
 171.26061827293264628 189.09382485186134204 4.2476430598756396151 
 155.2606182729326747 177.78011635287657555 4.2476430598756396151 
 139.2606182729326747 189.09382485186134204 4.2476430598756396151 
 123.26061827293266049 177.78011635287657555 4.2476430598756396151 
 107.26061827293264628 189.09382485186134204 4.2476430598756396151 
 91.260618272932646278 177.78011635287657555 4.2476430598756396151 
 75.260618272932632067 189.09382485186134204 4.2476430598756396151 
 59.260618272932660489 177.78011635287657555 4.2476430598756396151 
 43.260618272932653383 189.09382485186134204 4.2476430598756396151 
 27.260618272932671147 177.78011635287657555 4.2476430598756396151 
 11.260618272932664041 189.09382485186134204 4.2476430598756396151 
 251.26061827293264628 200.40753335084602327 4.2476430598756396151 
 235.2606182729326747 211.72124184983081818 4.2476430598756396151 
 219.2606182729326747 200.40753335084605169 4.2476430598756396151 
 203.2606182729326747 211.72124184983081818 4.2476430598756396151 
 187.26061827293264628 200.40753335084605169 4.2476430598756396151 
 171.26061827293264628 211.72124184983081818 4.2476430598756396151 
 155.2606182729326747 200.40753335084605169 4.2476430598756396151 
 139.2606182729326747 211.72124184983081818 4.2476430598756396151 
 123.26061827293266049 200.40753335084605169 4.2476430598756396151 
 107.26061827293264628 211.72124184983081818 4.2476430598756396151 
 91.260618272932646278 200.40753335084605169 4.2476430598756396151 
 75.260618272932632067 211.72124184983081818 4.2476430598756396151 
 59.260618272932660489 200.40753335084605169 4.2476430598756396151 
 43.260618272932653383 211.72124184983081818 4.2476430598756396151 
 27.260618272932671147 200.40753335084605169 4.2476430598756396151 
 11.260618272932664041 211.72124184983081818 4.2476430598756396151 
 251.26061827293264628 223.03495034881555625 4.2476430598756396151 
 235.2606182729326747 234.34865884780037959 4.2476430598756396151 
 219.2606182729326747 223.03495034881558468 4.2476430598756396151 
 203.2606182729326747 234.34865884780037959 4.2476430598756396151 
 187.26061827293264628 223.03495034881558468 4.2476430598756396151 
 171.26061827293264628 234.34865884780037959 4.2476430598756396151 
 155.2606182729326747 223.03495034881558468 4.2476430598756396151 
 139.2606182729326747 234.34865884780037959 4.2476430598756396151 
 123.26061827293266049 223.03495034881558468 4.2476430598756396151 
 107.26061827293264628 234.34865884780037959 4.2476430598756396151 
 91.260618272932646278 223.03495034881558468 4.2476430598756396151 
 75.260618272932632067 234.34865884780037959 4.2476430598756396151 
 59.260618272932660489 223.03495034881558468 4.2476430598756396151 
 43.260618272932653383 234.34865884780037959 4.2476430598756396151 
 27.260618272932671147 223.03495034881558468 4.2476430598756396151 
 11.260618272932664041 234.34865884780037959 4.2476430598756396151 
 251.26061827293264628 245.66236734678506082 4.2476430598756396151 
 235.26061827293264628 8.0744888681051421031 4.2476430598756396151 
 219.2606182729326747 245.66236734678508924 4.2476430598756396151 
 203.2606182729326747 8.0744888681051421031 4.2476430598756396151 
 187.26061827293264628 245.66236734678508924 4.2476430598756396151 
 171.26061827293264628 8.0744888681051421031 4.2476430598756396151 
 155.2606182729326747 245.66236734678508924 4.2476430598756396151 
 139.2606182729326747 8.0744888681051421031 4.2476430598756396151 
 123.26061827293266049 245.66236734678508924 4.2476430598756396151 
 107.26061827293264628 8.0744888681051421031 4.2476430598756396151 
 91.260618272932646278 245.66236734678508924 4.2476430598756396151 
 75.260618272932632067 8.0744888681051421031 4.2476430598756396151 
 59.260618272932660489 245.66236734678508924 4.2476430598756396151 
 43.260618272932632067 8.0744888681051421031 4.2476430598756396151 
 27.260618272932671147 245.66236734678508924 4.2476430598756396151 
 11.26061827293264983 8.0744888681051421031 4.2476430598756396151 
