 83.746701637062017198 13.619258442412217391 4.5524978249384853157 
 66.084057956347621143 8.8865673319661251384 4.5524978249384853157 
 61.351366845901537772 26.549211012680530075 4.5524978249384853157 
 79.014010526615919616 31.281902123126624105 4.5524978249384853157 
 74.281319416169836245 48.944545803840995291 4.5524978249384853157 
 56.61867573545544019 44.211854693394904814 4.5524978249384853157 
 51.885984625009349713 61.874498374109300869 4.5524978249384853157 
 69.548628305723738663 66.607189484555405556 4.5524978249384853157 
 64.815937195277655292 84.269833165269787401 4.5524978249384853157 
 47.153293514563259237 79.537142054823689818 4.5524978249384853157 
 42.42060240411716876 97.199785735538085873 4.5524978249384853157 
 60.083246084831550604 101.93247684598418346 4.5524978249384853157 
 55.350554974385467233 119.5951205266985653 4.5524978249384853157 
 37.687911293671078283 114.86242941625248193 4.5524978249384853157 
 32.955220183224980701 132.52507309696684956 4.5524978249384853157 
 50.617863863939376756 137.25776420741294714 4.5524978249384853157 
 45.885172753493279174 154.92040788812732899 4.5524978249384853157 
 28.222529072778893777 150.18771677768123141 4.5524978249384853157 
 23.489837962332799748 167.85036045839564167 4.5524978249384853157 
 41.152481643047188697 172.58305156884173925 4.5524978249384853157 
 36.41979053260108401 190.2456952495561211 4.5524978249384853157 
 18.757146851886709271 185.51300413911002352 4.5524978249384853157 
 14.024455741440601031 203.17564781982443378 4.5524978249384853157 
 31.687099422154989981 207.90833893027053136 4.5524978249384853157 
 26.954408311708899504 225.57098261098491321 4.5524978249384853157 
 9.2917646309945087779 220.83829150053881563 4.5524978249384853157 
 123.80468010893689268 5.4219969825900111715 4.5524978249384853157 
 119.0719889984907951 23.084640663304401897 4.5524978249384853157 
 101.40934531777641325 18.351949552858307868 4.5524978249384853157 
 96.676654207330315671 36.014593233572711029 4.5524978249384853157 
 114.33929788804469752 40.747284344018808611 4.5524978249384853157 
 109.60660677759861414 58.409928024733183349 4.5524978249384853157 
 91.943963096884218089 53.677236914287085767 4.5524978249384853157 
 87.211271986438134718 71.339880595001488928 4.5524978249384853157 
 104.87391566715251656 76.07257170544758651 4.5524978249384853157 
 100.14122455670643319 93.735215386161968354 4.5524978249384853157 
 82.478580875992037136 89.002524275715884983 4.5524978249384853157 
 77.745889765545953765 106.66516795643026683 4.5524978249384853157 
 95.408533446260335609 111.39785906687636441 4.5524978249384853157 
 90.675842335814223816 129.06050274759076046 4.5524978249384853157 
 73.013198655099856182 124.32781163714466288 4.5524978249384853157 
  68.2805075446537586 141.99045531785904473 4.5524978249384853157 
 85.943151225368154655 146.72314642830514231 4.5524978249384853157 
 81.210460114922042862 164.38579010901952415 4.5524978249384853157 
 63.547816434207661018 159.65309899857342657 4.5524978249384853157 
 58.815125323761577647 177.31574267928783684 4.5524978249384853157 
 76.477769004475959491 182.04843378973393442 4.5524978249384853157 
 71.745077894029861909 199.71107747044828784 4.5524978249384853157 
 54.08243421331548717 194.97838636000221868 4.5524978249384853157 
 49.349743102869382483 212.64103004071660052 4.5524978249384853157 
 67.012386783583764327 217.37372115116269811 4.5524978249384853157 
 62.279695673137680956 235.03636483187710837 4.5524978249384853157 
 44.617051992423284901 230.30367372143101079 4.5524978249384853157 
 141.46732378965128873 10.154688093036103425 4.5524978249384853157 
 159.12996747036567058 14.887379203482195678 4.5524978249384853157 
 154.39727635991960142 32.550022884196586404 4.5524978249384853157 
 136.73463267920519115 27.817331773750492374 4.5524978249384853157 
 132.00194156875912199 45.479975454464899087 4.5524978249384853157 
 149.66458524947350384 50.212666564910989564 4.5524978249384853157 
 144.93189413902740625 67.875310245625371408 4.5524978249384853157 
 127.26925045831299599 63.142619135179280931 4.5524978249384853157 
 122.53655934786691262 80.805262815893684092 4.5524978249384853157 
 140.19920302858130867 85.537953926339767463 4.5524978249384853157 
 135.46651191813521109 103.20059760705416352 4.5524978249384853157 
 117.80386823742081503 98.467906496608065936 4.5524978249384853157 
 113.07117712697473166 116.13055017732246199 4.5524978249384853157 
 130.73382080768911351 120.86324128776854536 4.5524978249384853157 
 126.00112969724303014 138.52588496848292721 4.5524978249384853157 
 108.33848601652863408 133.79319385803685805 4.5524978249384853157 
 103.6057949060825365 151.45583753875123989 4.5524978249384853157 
 121.26843858679693255 156.18852864919733747 4.5524978249384853157 
 116.53574747635083497 173.85117232991169089 4.5524978249384853157 
 98.873103795636453128 169.11848121946562173 4.5524978249384853157 
 94.140412685190355546 186.78112490018000358 4.5524978249384853157 
 111.8030563659047516 191.51381601062610116 4.5524978249384853157 
 107.07036525545865402  209.176459691340483 4.5524978249384853157 
 89.407721574744272175 204.44376858089438542 4.5524978249384853157 
 84.675030464298174593 222.10641226160879569 4.5524978249384853157 
 102.33767414501257065 226.83910337205489327 4.5524978249384853157 
 97.604983034566473066 244.50174705276930354 4.5524978249384853157 
 79.942339353852077011 239.76905594232320595 4.5524978249384853157 
 176.79261115108005242 19.620070313928287931 4.5524978249384853157 
 194.45525483179446269 24.352761424374378407 4.5524978249384853157 
 189.72256372134836511 42.015405105088767357 4.5524978249384853157 
 172.05992004063395484 37.28271399464267688 4.5524978249384853157 
 167.32722893018788568 54.945357675357080041 4.5524978249384853157 
 184.98987261090226752 59.678048785803170517 4.5524978249384853157 
 180.25718150045619836 77.340692466517566572 4.5524978249384853157 
 162.5945378197417881 72.608001356071454779 4.5524978249384853157 
 157.86184670929569052 90.270645036785865045 4.5524978249384853157 
 175.52449039001010078 95.003336147231948416 4.5524978249384853157 
 170.7917992795640032 112.66597982794634447 4.5524978249384853157 
 153.12915559884959293 107.93328871750024689 4.5524978249384853157 
 148.39646448840349535 125.59593239821464294 4.5524978249384853157 
 166.05910816911790562 130.32862350866074053 4.5524978249384853157 
 161.32641705867180804 147.99126718937515079 4.5524978249384853157 
 143.66377337795742619 143.25857607892905321 4.5524978249384853157 
 138.93108226751132861 160.92121975964340663 4.5524978249384853157 
 156.59372594822573888 165.65391087008950421 4.5524978249384853157 
 151.86103483777964129 183.31655455080391448 4.5524978249384853157 
 134.19839115706523103 178.58386344035778848 4.5524978249384853157 
 129.46570004661913345 196.24650712107219874 4.5524978249384853157 
 147.12834372733354371 200.97919823151829632 4.5524978249384853157 
 142.39565261688744613 218.64184191223267817 4.5524978249384853157 
 124.73300893617305007 213.90915080178658059 4.5524978249384853157 
 120.00031782572695249 231.57179448250099085 4.5524978249384853157 
 137.66296150644134855 236.30448559294706001 4.5524978249384853157 
 132.93027039599525096 253.96712927366147028 4.5524978249384853157 
 115.26762671528086912 249.2344381632153727 4.5524978249384853157 
 212.11789851250887295 29.085452534820472437 4.5524978249384853157 
 229.7805421932232548 33.818143645266580677 4.5524978249384853157 
 225.04785108277715722 51.480787325980955416 4.5524978249384853157 
 207.38520740206277537 46.748096215534857834 4.5524978249384853157 
 202.65251629161667779 64.41073989624928231 4.5524978249384853157 
 220.31515997233105963 69.143431006695365681 4.5524978249384853157 
 215.58246886188496205 86.806074687409747526 4.5524978249384853157 
 197.91982518117058021 82.073383576963649944 4.5524978249384853157 
 193.18713407072451105 99.736027257678045999 4.5524978249384853157 
 210.84977775143886447 104.46871836812414358 4.5524978249384853157 
 206.11708664099279531 122.13136204883853964 4.5524978249384853157 
 188.45444296027841347 117.39867093839242784 4.5524978249384853157 
 183.72175184983228746 135.06131461910683811 4.5524978249384853157 
 201.38439553054669773 139.79400572955293569 4.5524978249384853157 
 196.65170442010060015 157.45664941026731753 4.5524978249384853157 
 178.98906073938618988 152.72395829982121995 4.5524978249384853157 
 174.25636962894012072 170.3866019805356018 4.5524978249384853157 
 191.91901330965450256 175.11929309098169938 4.5524978249384853157 
 187.18632219920840498 192.78193677169610964 4.5524978249384853157 
 169.52367851849402314 188.04924566125001206 4.5524978249384853157 
 164.79098740804792556 205.71188934196439391 4.5524978249384853157 
 182.45363108876233582 210.44458045241046307 4.5524978249384853157 
 177.72093997831623824 228.10722413312487333 4.5524978249384853157 
 160.05829629760182797 223.37453302267874733 4.5524978249384853157 
 155.32560518715573039 241.0371767033931576 4.5524978249384853157 
 172.98824886787011224 245.76986781383925518 4.5524978249384853157 
 247.44318587393760822 38.550834755712671154 4.5524978249384853157 
 242.71049476349151064 56.213478436427045892 4.5524978249384853157 
 237.97780365304544148 73.876122117141449053 4.5524978249384853157 
 255.64044733375985174 78.608813227587560846 4.5524978249384853157 
 250.90775622331375416 96.271456908301928479 4.5524978249384853157 
 233.2451125425993439 91.538765797855845108 4.5524978249384853157 
 228.51242143215324631 109.20140947857022695 4.5524978249384853157 
 246.17506511286765658 113.93410058901633874 4.5524978249384853157 
  241.442374002421559 131.59674426973072059 4.5524978249384853157 
 223.77973032170714873 126.86405315928463722 4.5524978249384853157 
 219.04703921126105115 144.52669683999900485 4.5524978249384853157 
 236.70968289197546142 149.25938795044513085 4.5524978249384853157 
 231.97699178152939226 166.9220316311595127 4.5524978249384853157 
 214.31434810081498199 162.18934052071341512 4.5524978249384853157 
 209.58165699036888441 179.85198420142779696 4.5524978249384853157 
 227.24430067108329467 184.58467531187386612 4.5524978249384853157 
 222.51160956063719709 202.24731899258827639 4.5524978249384853157 
 204.84896587992278683 197.51462788214220723 4.5524978249384853157 
 200.11627476947668924 215.17727156285656065 4.5524978249384853157 
 217.77891845019109951 219.90996267330268665 4.5524978249384853157 
 213.04622733974500193 237.5726063540170685 4.5524978249384853157 
 195.38358365903059166 232.83991524357097092 4.5524978249384853157 
 190.6508925485845225 250.50255892428535276 4.5524978249384853157 
 208.31353622929893277 255.23525003473145034 4.5524978249384853157 
 48.421414275633239299 4.1538762215200328853 4.5524978249384853157 
 43.688723165187148822 21.816519902234439598 4.5524978249384853157 
 38.95603205474105124 39.479163582948814337 4.5524978249384853157 
 34.223340944294960764 57.141807263663217498 4.5524978249384853157 
 29.490649833848870287 74.804450944377592236 4.5524978249384853157 
 254.37232657268987168 153.99207906089122844 4.5524978249384853157 
 24.757958723402776258 92.467094625092002502 4.5524978249384853157 
 20.025267612956685781 110.12973830580638435 4.5524978249384853157 
 249.6396354622437741 171.65472274160561028 4.5524978249384853157 
 244.90694435179770494 189.3173664223199637 4.5524978249384853157 
 15.292576502510593528 127.79238198652076619 4.5524978249384853157 
 10.559885392064503051 145.45502566723516225 4.5524978249384853157 
 240.17425324135160736 206.98001010303437397 4.5524978249384853157 
 235.44156213090550978 224.64265378374878424 4.5524978249384853157 
 5.8271942816184107983 163.11766934794954409 4.5524978249384853157 
 1.0945031711723030021 180.78031302866392593 4.5524978249384853157 
 230.70887102045941219 242.30529746446316608 4.5524978249384853157 
