 198.02862450518969695 3.9556979828360145923 4.5524978249384853157 
 182.19273140741711359 13.098555125693158274 4.5524978249384853157 
 157.21398116678741985 6.4055191707776968357 4.5524978249384853157 
 166.35683830964455865 22.241412268550298847 4.5524978249384853157 
 150.52094521187194687 31.38426941140744475 4.5524978249384853157 
 141.37808806901480807 15.548376313634854284 4.5524978249384853157 
 125.54219497124222471 24.691233456491996634 4.5524978249384853157 
 134.68505211409933509 40.527126554264604863 4.5524978249384853157 
 118.84915901632676594 49.66998369712174366 4.5524978249384853157 
 109.70630187346962714 33.834090599349138984 4.5524978249384853157 
 93.870408775697029569 42.976947742206284886 4.5524978249384853157 
 103.01326591855416837 58.812840839978889562 4.5524978249384853157 
 87.177372820781585006 67.955697982836028359 4.5524978249384853157 
 78.034515677924446209 52.119804885063444999 4.5524978249384853157 
 62.198622580151862849 61.262662027920569585 4.5524978249384853157 
 71.341479723009001646 77.098555125693167156 4.5524978249384853157 
 55.50558662523641118 86.241412268550320164 4.5524978249384853157 
 46.362729482379279489 70.405519170777708382 4.5524978249384853157 
 30.526836384606678365 79.548376313634875601 4.5524978249384853157 
 39.669693527463820715 95.384269411407458961 4.5524978249384853157 
 23.833800429691230249 104.52712655426459776 4.5524978249384853157 
  14.6909432868340879 88.691233456492000187 4.5524978249384853157 
 7.9979073319186433366 113.66998369712175077 4.5524978249384853157 
 207.17148164804686417 19.791591080608618824 4.5524978249384853157 
 216.31433879090403138 35.62748417838120929 4.5524978249384853157 
 200.4784456931314196 44.770341321238348087 4.5524978249384853157 
 191.33558855027428081 28.934448223465761174 4.5524978249384853157 
 175.49969545250166902 38.077305366322903524 4.5524978249384853157 
 184.64255259535883624 53.913198464095493989 4.5524978249384853157 
 168.80665949758625288 63.056055606952632786 4.5524978249384853157 
 159.66380235472908566 47.220162509180049426 4.5524978249384853157 
 143.8279092569565023 56.363019652037188223 4.5524978249384853157 
 152.9707663998136411 72.198912749809778688 4.5524978249384853157 
 137.13487330204105774 81.341769892666917485 4.5524978249384853157 
 127.99201615918391894 65.505876794894334125 4.5524978249384853157 
 112.15612306141132137 74.648733937751472922 4.5524978249384853157 
 121.29898020426846017 90.484627035524070493 4.5524978249384853157 
 105.46308710649587681 99.627484178381223501 4.5524978249384853157 
 96.320229963638723802 83.791591080608640141 4.5524978249384853157 
 80.484336865866154653 92.934448223465764727 4.5524978249384853157 
 89.62719400872329345 108.77034132123834809 4.5524978249384853157 
 73.79130091095071009 117.91319846409548688 4.5524978249384853157 
 64.648443768093557082 102.07730536632290352 4.5524978249384853157 
 48.812550670320959512 111.22016250918004232 4.5524978249384853157 
 57.955407813178105414 127.05605560695263989 4.5524978249384853157 
 42.119514715405514949 136.19891274980980711 4.5524978249384853157 
 32.976657572548376152 120.36301965203720954 4.5524978249384853157 
 17.140764474775785686 129.50587679489433413 4.5524978249384853157 
 26.283621617632928036 145.34176989266691749 4.5524978249384853157 
 10.447728519860341123 154.4846270355240847 4.5524978249384853157 
 1.3048713770031983294 138.64873393775150134 4.5524978249384853157 
 225.45719593376114176 51.46337727615379265 4.5524978249384853157 
 234.60005307661828056 67.29927037392637601 4.5524978249384853157 
 218.7641599788456972 76.442127516783543228 4.5524978249384853157 
 209.6213028359885584 60.606234419010938552 4.5524978249384853157 
 193.78540973821600346 69.749091561868084455 4.5524978249384853157 
 202.92826688107311384 85.584984659640667815 4.5524978249384853157 
 187.09237378330053048 94.727841802497806611 4.5524978249384853157 
 177.94951664044339168 78.891948704725223251 4.5524978249384853157 
 162.1136235426707799 88.034805847582362048 4.5524978249384853157 
 171.25648068552791869 103.87069894535497383 4.5524978249384853157 
 155.42058758775533533 113.01355608821211263 4.5524978249384853157 
 146.27773044489819654 97.177662990439529267 4.5524978249384853157 
 130.44183734712561318 106.32052013329666806 4.5524978249384853157 
 139.58469448998275197 122.15641323106925142 4.5524978249384853157 
 123.7488013922101544 131.29927037392639022 4.5524978249384853157 
 114.60594424935301561 115.46337727615380686 4.5524978249384853157 
 98.770051151580446458 124.60623441901093145 4.5524978249384853157 
 107.91290829443758525 140.44212751678352902 4.5524978249384853157 
 92.077015196665001895 149.58498465964069624 4.5524978249384853157 
 82.934158053807848887 133.74909156186808445 4.5524978249384853157 
 67.098264956035251316 142.89194870472522325 4.5524978249384853157 
 76.241122098892390113 158.72784180249783503 4.5524978249384853157 
 60.405229001119813859 167.87069894535497383 4.5524978249384853157 
 51.262371858262660851 152.03480584758239047 4.5524978249384853157 
 35.426478760490070385 161.17766299043950085 4.5524978249384853157 
 44.569335903347216288 177.01355608821208421 4.5524978249384853157 
 28.733442805574625822 186.15641323106925142 4.5524978249384853157 
 19.590585662717483473 170.32052013329666806 4.5524978249384853157 
 243.74291021947541935 83.135163471698987792 4.5524978249384853157 
 252.88576736233258657 98.971056569471556941 4.5524978249384853157 
 237.04987426456000321 108.11391371232869574 4.5524978249384853157 
 227.90701712170283599 92.278020614556126588 4.5524978249384853157 
 212.07112402393028106 101.42087775741326539 4.5524978249384853157 
 221.21398116678741985 117.25677085518584875 4.5524978249384853157 
 205.37808806901483649 126.39962799804298754 4.5524978249384853157 
 196.23523092615766927 110.56373490027041839 4.5524978249384853157 
 180.39933782838508591 119.7065920431275714 4.5524978249384853157 
 189.54219497124222471 135.54248514090014055 4.5524978249384853157 
 173.70630187346964135 144.68534228375727935 4.5524978249384853157 
 164.56344473061250255 128.84944918598472441 4.5524978249384853157 
 148.72755163283989077 137.99230632884186321 4.5524978249384853157 
 157.87040877569702957 153.82819942661441814 4.5524978249384853157 
 142.03451567792444621 162.97105656947158536 4.5524978249384853157 
 132.89165853506730741 147.13516347169903042 4.5524978249384853157 
 117.05576543729473826 156.2780206145561408 4.5524978249384853157 
 126.19862258015186285 172.11391371232869574 4.5524978249384853157 
 110.36272948237927949 181.25677085518586296 4.5524978249384853157 
 101.21987233952214069 165.4208777574132796 4.5524978249384853157 
 85.383979241749543121 174.56373490027041839 4.5524978249384853157 
 94.526836384606681918 190.39962799804297333 4.5524978249384853157 
 78.690943286834084347 199.54248514090014055 4.5524978249384853157 
 69.548086143976959761 183.70659204312758561 4.5524978249384853157 
 53.712193046204376401 192.84944918598472441 4.5524978249384853157 
 62.855050189061500987 208.68534228375727935 4.5524978249384853157 
 47.019157091288910522 217.82819942661441814 4.5524978249384853157 
 37.876299948431785936 201.99230632884186321 4.5524978249384853157 
 255.33558855027428081 139.78569990787389088 4.5524978249384853157 
 246.19273140741717043 123.94980681010132173 4.5524978249384853157 
 230.35683830964455865 133.09266395295847474 4.5524978249384853157 
 239.49969545250169745 148.92855705073102968 4.5524978249384853157 
 223.66380235472911409 158.07141419358816847 4.5524978249384853157 
 214.52094521187197529 142.23552109581558511 4.5524978249384853157 
 198.68505211409939193 151.37837823867275233 4.5524978249384853157 
 207.8279092569565023 167.21427133644530727 4.5524978249384853157 
 191.99201615918389052 176.35712847930247449 4.5524978249384853157 
 182.84915901632680857 160.52123538152991955 4.5524978249384853157 
 167.01326591855419679 169.66409252438702993 4.5524978249384853157 
 176.15612306141130716 185.49998562215961329 4.5524978249384853157 
 160.3202299636387238 194.64284276501675208 4.5524978249384853157 
 151.17737282078161343 178.80694966724419714 4.5524978249384853157 
 135.34147972300903007 187.94980681010130752 4.5524978249384853157 
 144.48433686586614044 203.78569990787389088 4.5524978249384853157 
 128.64844376809355708 212.92855705073102968 4.5524978249384853157 
 119.5055866252364325 197.09266395295844632 4.5524978249384853157 
 103.66969352746383493 206.23552109581561353 4.5524978249384853157 
 112.81255067032095951 222.07141419358819689 4.5524978249384853157 
 96.976657572548376152 231.21427133644533569 4.5524978249384853157 
 87.833800429691251566 215.37837823867275233 4.5524978249384853157 
 71.997907331918653995 224.52123538152989113 4.5524978249384853157 
 81.140764474775792792 240.35712847930244607 4.5524978249384853157 
 65.304871377003209432 249.49998562215961329 4.5524978249384853157 
 56.162014234146070635 233.66409252438705835 4.5524978249384853157 
 248.64255259535886466 164.76445014850364146 4.5524978249384853157 
 241.94951664044339168 189.74320038913336361 4.5524978249384853157 
 232.8066594975862813 173.90730729136080868 4.5524978249384853157 
 216.9707663998136411 183.05016443421791905 4.5524978249384853157 
 226.11362354267080832 198.88605753199047399 4.5524978249384853157 
 210.27773044489822496 208.02891467484764121 4.5524978249384853157 
 201.13487330204105774 192.19302157707505785 4.5524978249384853157 
 185.29898020426847438 201.33587871993222507 4.5524978249384853157 
 194.4418373471256416 217.17177181770480843 4.5524978249384853157 
 178.60594424935302982 226.31462896056194722 4.5524978249384853157 
 169.46308710649589102 210.47873586278936386 4.5524978249384853157 
 153.62719400872330766 219.62159300564650266 4.5524978249384853157 
 162.77005115158044646 235.4574861034190576 4.5524978249384853157 
 146.9341580538078631 244.60034324627622482 4.5524978249384853157 
 137.7913009109507243 228.76445014850361304 4.5524978249384853157 
 121.95540781317812673 237.90730729136078025 4.5524978249384853157 
 131.09826495603525132 253.74320038913336361 4.5524978249384853157 
 106.11951471540552916 247.05016443421794747 4.5524978249384853157 
 90.283621617632945799 256.19302157707505785 4.5524978249384853157 
 251.0923737833005589 205.5790934869059754 4.5524978249384853157 
 235.25648068552797554 214.72195062976314262 4.5524978249384853157 
 116.39933782838505749 8.8553403587193955104 4.5524978249384853157 
 100.56344473061247413 17.99819750157653786 4.5524978249384853157 
 219.42058758775539218 223.86480777262025299 4.5524978249384853157 
 203.5846944899827804 233.00766491547739179 4.5524978249384853157 
 84.727551632839876561 27.14105464443368021 4.5524978249384853157 
 68.89165853506727899 36.283911787290840323 4.5524978249384853157 
 187.74880139221019704 242.15052205833455901 4.5524978249384853157 
 171.91290829443761368 251.2933792011916978 4.5524978249384853157 
 53.055765437294709841 45.426768930147964909 4.5524978249384853157 
 37.219872339522119375 54.569626073005110811 4.5524978249384853157 
 21.383979241749518252 63.712483215862256714 4.5524978249384853157 
 5.5480861439769304511 72.855340358719416827 4.5524978249384853157 
