 229.37040068322914976 31.154255799975224761 4.5524978249384853157 
 229.37040068322914976 49.43997008568950946 4.5524978249384853157 
 211.08468639751487217 49.43997008568950946 4.5524978249384853157 
 211.08468639751487217 31.154255799975224761 4.5524978249384853157 
 192.79897211180056615 31.154255799975224761 4.5524978249384853157 
 192.79897211180056615 49.43997008568950946 4.5524978249384853157 
 174.51325782608628856 49.43997008568950946 4.5524978249384853157 
 174.51325782608628856 31.154255799975224761 4.5524978249384853157 
 156.22754354037201097 31.154255799975224761 4.5524978249384853157 
 156.22754354037201097 49.43997008568950946 4.5524978249384853157 
 137.94182925465773337 49.43997008568950946 4.5524978249384853157 
 137.94182925465773337 31.154255799975224761 4.5524978249384853157 
 119.65611496894344157 31.154255799975224761 4.5524978249384853157 
 119.65611496894344157 49.43997008568950946 4.5524978249384853157 
 101.37040068322914976 49.43997008568950946 4.5524978249384853157 
 101.37040068322914976 31.154255799975224761 4.5524978249384853157 
 83.084686397514857958 31.154255799975224761 4.5524978249384853157 
 83.084686397514857958 49.43997008568950946 4.5524978249384853157 
 64.798972111800566154 49.43997008568950946 4.5524978249384853157 
 64.798972111800566154 31.154255799975224761 4.5524978249384853157 
 46.51325782608628856 31.154255799975224761 4.5524978249384853157 
 46.51325782608628856 49.43997008568950946 4.5524978249384853157 
 28.227543540372007413 49.43997008568950946 4.5524978249384853157 
 28.227543540372007413 31.154255799975224761 4.5524978249384853157 
 9.9418292546577209379 31.154255799975224761 4.5524978249384853157 
 9.9418292546577209379 49.43997008568950946 4.5524978249384853157 
 247.65611496894342736 49.43997008568950946 4.5524978249384853157 
 247.65611496894342736 31.154255799975224761 4.5524978249384853157 
 229.37040068322914976 67.725684371403801265 4.5524978249384853157 
 229.37040068322914976 86.011398657118078859 4.5524978249384853157 
 211.08468639751487217 86.011398657118078859 4.5524978249384853157 
 211.08468639751487217 67.725684371403801265 4.5524978249384853157 
 192.79897211180056615 67.725684371403801265 4.5524978249384853157 
 192.79897211180056615 86.011398657118078859 4.5524978249384853157 
 174.51325782608628856 86.011398657118078859 4.5524978249384853157 
 174.51325782608628856 67.725684371403801265 4.5524978249384853157 
 156.22754354037201097 67.725684371403801265 4.5524978249384853157 
 156.22754354037201097 86.011398657118078859 4.5524978249384853157 
 137.94182925465773337 86.011398657118078859 4.5524978249384853157 
 137.94182925465773337 67.725684371403801265 4.5524978249384853157 
 119.65611496894344157 67.725684371403801265 4.5524978249384853157 
 119.65611496894344157 86.011398657118078859 4.5524978249384853157 
 101.37040068322914976 86.011398657118078859 4.5524978249384853157 
 101.37040068322914976 67.725684371403801265 4.5524978249384853157 
 83.084686397514857958 67.725684371403801265 4.5524978249384853157 
 83.084686397514857958 86.011398657118078859 4.5524978249384853157 
 64.798972111800580365 86.011398657118078859 4.5524978249384853157 
 64.798972111800580365 67.725684371403815476 4.5524978249384853157 
 46.51325782608628856 67.725684371403815476 4.5524978249384853157 
 46.51325782608628856 86.011398657118078859 4.5524978249384853157 
 28.227543540372007413 86.011398657118078859 4.5524978249384853157 
 28.227543540372007413 67.725684371403815476 4.5524978249384853157 
 9.9418292546577209379 67.725684371403815476 4.5524978249384853157 
 9.9418292546577209379 86.011398657118078859 4.5524978249384853157 
 247.65611496894342736 86.011398657118078859 4.5524978249384853157 
 247.65611496894342736 67.725684371403801265 4.5524978249384853157 
 229.37040068322914976 104.29711294283237066 4.5524978249384853157 
 229.37040068322914976 122.58282722854664826 4.5524978249384853157 
 211.08468639751487217 122.58282722854664826 4.5524978249384853157 
 211.08468639751487217 104.29711294283237066 4.5524978249384853157 
 192.79897211180056615 104.29711294283237066 4.5524978249384853157 
 192.79897211180056615 122.58282722854664826 4.5524978249384853157 
 174.51325782608628856 122.58282722854664826 4.5524978249384853157 
 174.51325782608628856 104.29711294283237066 4.5524978249384853157 
 156.22754354037201097 104.29711294283237066 4.5524978249384853157 
 156.22754354037201097 122.58282722854664826 4.5524978249384853157 
 137.94182925465773337 122.58282722854664826 4.5524978249384853157 
 137.94182925465773337 104.29711294283237066 4.5524978249384853157 
 119.65611496894344157 104.29711294283237066 4.5524978249384853157 
 119.65611496894344157 122.58282722854664826 4.5524978249384853157 
 101.37040068322914976 122.58282722854664826 4.5524978249384853157 
 101.37040068322914976 104.29711294283237066 4.5524978249384853157 
 83.084686397514857958 104.29711294283237066 4.5524978249384853157 
 83.084686397514857958 122.58282722854664826 4.5524978249384853157 
 64.798972111800580365 122.58282722854664826 4.5524978249384853157 
 64.798972111800580365 104.29711294283237066 4.5524978249384853157 
 46.51325782608628856 104.29711294283237066 4.5524978249384853157 
 46.51325782608628856 122.58282722854664826 4.5524978249384853157 
 28.227543540372007413 122.58282722854664826 4.5524978249384853157 
 28.227543540372007413 104.29711294283237066 4.5524978249384853157 
 9.9418292546577209379 104.29711294283237066 4.5524978249384853157 
 9.9418292546577209379 122.58282722854664826 4.5524978249384853157 
 247.65611496894342736 122.58282722854664826 4.5524978249384853157 
 247.65611496894342736 104.29711294283237066 4.5524978249384853157 
 229.37040068322914976 140.86854151426095427 4.5524978249384853157 
 229.37040068322914976 159.15425579997523187 4.5524978249384853157 
 211.08468639751487217 159.15425579997523187 4.5524978249384853157 
 211.08468639751487217 140.86854151426095427 4.5524978249384853157 
 192.79897211180056615 140.86854151426095427 4.5524978249384853157 
 192.79897211180056615 159.15425579997523187 4.5524978249384853157 
 174.51325782608628856 159.15425579997523187 4.5524978249384853157 
 174.51325782608628856 140.86854151426095427 4.5524978249384853157 
 156.22754354037201097 140.86854151426095427 4.5524978249384853157 
 156.22754354037201097 159.15425579997523187 4.5524978249384853157 
 137.94182925465773337 159.15425579997523187 4.5524978249384853157 
 137.94182925465773337 140.86854151426095427 4.5524978249384853157 
 119.65611496894344157 140.86854151426095427 4.5524978249384853157 
 119.65611496894344157 159.15425579997523187 4.5524978249384853157 
 101.37040068322914976 159.15425579997523187 4.5524978249384853157 
 101.37040068322914976 140.86854151426095427 4.5524978249384853157 
 83.084686397514857958 140.86854151426095427 4.5524978249384853157 
 83.084686397514857958 159.15425579997523187 4.5524978249384853157 
 64.798972111800580365 159.15425579997523187 4.5524978249384853157 
 64.798972111800580365 140.86854151426095427 4.5524978249384853157 
 46.51325782608628856 140.86854151426095427 4.5524978249384853157 
 46.51325782608628856 159.15425579997523187 4.5524978249384853157 
 28.227543540372007413 159.15425579997523187 4.5524978249384853157 
 28.227543540372007413 140.86854151426095427 4.5524978249384853157 
 9.9418292546577209379 140.86854151426095427 4.5524978249384853157 
 9.9418292546577209379 159.15425579997523187 4.5524978249384853157 
 247.65611496894342736 159.15425579997523187 4.5524978249384853157 
 247.65611496894342736 140.86854151426095427 4.5524978249384853157 
 229.37040068322914976 177.43997008568950946 4.5524978249384853157 
 229.37040068322914976 195.72568437140378705 4.5524978249384853157 
 211.08468639751487217 195.72568437140378705 4.5524978249384853157 
 211.08468639751487217 177.43997008568950946 4.5524978249384853157 
 192.79897211180056615 177.43997008568950946 4.5524978249384853157 
 192.79897211180059458 195.72568437140378705 4.5524978249384853157 
 174.51325782608628856 195.72568437140378705 4.5524978249384853157 
 174.51325782608628856 177.43997008568950946 4.5524978249384853157 
 156.22754354037201097 177.43997008568950946 4.5524978249384853157 
 156.22754354037201097 195.72568437140378705 4.5524978249384853157 
 137.94182925465773337 195.72568437140378705 4.5524978249384853157 
 137.94182925465773337 177.43997008568950946 4.5524978249384853157 
 119.65611496894344157 177.43997008568950946 4.5524978249384853157 
 119.65611496894344157 195.72568437140378705 4.5524978249384853157 
 101.37040068322914976 195.72568437140378705 4.5524978249384853157 
 101.37040068322914976 177.43997008568950946 4.5524978249384853157 
 83.084686397514857958 177.43997008568950946 4.5524978249384853157 
 83.084686397514857958 195.72568437140378705 4.5524978249384853157 
 64.798972111800594575 195.72568437140378705 4.5524978249384853157 
 64.798972111800580365 177.43997008568950946 4.5524978249384853157 
 46.51325782608628856 177.43997008568950946 4.5524978249384853157 
 46.51325782608628856 195.72568437140378705 4.5524978249384853157 
 28.227543540372007413 195.72568437140378705 4.5524978249384853157 
 28.227543540372007413 177.43997008568950946 4.5524978249384853157 
 9.9418292546577209379 177.43997008568950946 4.5524978249384853157 
 9.9418292546577209379 195.72568437140378705 4.5524978249384853157 
 247.65611496894342736 195.72568437140378705 4.5524978249384853157 
 247.65611496894342736 177.43997008568950946 4.5524978249384853157 
 229.37040068322914976 214.01139865711809307 4.5524978249384853157 
 229.37040068322914976 232.29711294283237066 4.5524978249384853157 
 211.08468639751487217 232.29711294283237066 4.5524978249384853157 
 211.08468639751487217 214.01139865711809307 4.5524978249384853157 
 192.79897211180059458 214.01139865711809307 4.5524978249384853157 
 192.79897211180059458 232.29711294283237066 4.5524978249384853157 
 174.51325782608628856 232.29711294283237066 4.5524978249384853157 
 174.51325782608628856 214.01139865711809307 4.5524978249384853157 
 156.22754354037201097 214.01139865711809307 4.5524978249384853157 
 156.22754354037201097 232.29711294283237066 4.5524978249384853157 
 137.94182925465773337 232.29711294283237066 4.5524978249384853157 
 137.94182925465773337 214.01139865711809307 4.5524978249384853157 
 119.65611496894344157 214.01139865711809307 4.5524978249384853157 
 119.65611496894344157 232.29711294283237066 4.5524978249384853157 
 101.37040068322914976 232.29711294283237066 4.5524978249384853157 
 101.37040068322914976 214.01139865711809307 4.5524978249384853157 
 83.084686397514857958 214.01139865711809307 4.5524978249384853157 
 83.084686397514857958 232.29711294283237066 4.5524978249384853157 
 64.798972111800594575 232.29711294283237066 4.5524978249384853157 
 64.798972111800594575 214.01139865711809307 4.5524978249384853157 
 46.51325782608628856 214.01139865711809307 4.5524978249384853157 
 46.51325782608628856 232.29711294283237066 4.5524978249384853157 
 28.227543540372007413 232.29711294283237066 4.5524978249384853157 
 28.227543540372007413 214.01139865711809307 4.5524978249384853157 
 9.9418292546577209379 214.01139865711809307 4.5524978249384853157 
 9.9418292546577209379 232.29711294283237066 4.5524978249384853157 
 247.65611496894342736 232.29711294283237066 4.5524978249384853157 
 247.65611496894342736 214.01139865711809307 4.5524978249384853157 
 229.37040068322914976 250.58282722854664826 4.5524978249384853157 
 229.37040068322914976 12.868541514260940062 4.5524978249384853157 
 211.08468639751487217 12.868541514260940062 4.5524978249384853157 
 211.08468639751487217 250.58282722854664826 4.5524978249384853157 
 192.79897211180059458 250.58282722854664826 4.5524978249384853157 
 192.79897211180056615 12.868541514260940062 4.5524978249384853157 
 174.51325782608628856 12.868541514260940062 4.5524978249384853157 
 174.51325782608628856 250.58282722854664826 4.5524978249384853157 
 156.22754354037201097 250.58282722854664826 4.5524978249384853157 
 156.22754354037201097 12.868541514260940062 4.5524978249384853157 
 137.94182925465773337 12.868541514260940062 4.5524978249384853157 
 137.94182925465773337 250.58282722854664826 4.5524978249384853157 
 119.65611496894344157 250.58282722854664826 4.5524978249384853157 
 119.65611496894344157 12.868541514260940062 4.5524978249384853157 
 101.37040068322914976 12.868541514260940062 4.5524978249384853157 
 101.37040068322914976 250.58282722854664826 4.5524978249384853157 
 83.084686397514857958 250.58282722854664826 4.5524978249384853157 
 83.084686397514857958 12.868541514260940062 4.5524978249384853157 
 64.798972111800566154 12.868541514260940062 4.5524978249384853157 
 64.798972111800594575 250.58282722854664826 4.5524978249384853157 
 46.51325782608628856 250.58282722854664826 4.5524978249384853157 
 46.51325782608628856 12.868541514260940062 4.5524978249384853157 
 28.227543540372007413 12.868541514260940062 4.5524978249384853157 
 28.227543540372007413 250.58282722854664826 4.5524978249384853157 
 9.9418292546577209379 250.58282722854664826 4.5524978249384853157 
 9.9418292546577209379 12.868541514260940062 4.5524978249384853157 
 247.65611496894342736 12.868541514260940062 4.5524978249384853157 
 247.65611496894342736 250.58282722854664826 4.5524978249384853157 
