 63.711447305784119521 52.355591428794731712 4.3340194032113243949 
 49.488940639117465992 72.468998762453423979 4.3340194032113243949 
 77.933527305784110695 92.582406096112137561 4.3340194032113243949 
 56.600193972450782098 92.582406096112137561 4.3340194032113243949 
 42.378113972450790925 52.355591428794731712 4.3340194032113243949 
 70.822273972450787483 72.468998762453423979 4.3340194032113243949 
 63.711447305784119521 112.69279656951378854 4.3340194032113243949 
 49.488940639117465992 132.8062039031724737 4.3340194032113243949 
 77.933527305784110695 152.91961123683117307 4.3340194032113243949 
 56.600193972450782098 152.91961123683117307 4.3340194032113243949 
 42.378113972450790925 112.69279656951378854 4.3340194032113243949 
 70.822273972450787483 132.8062039031724737 4.3340194032113243949 
 63.711447305784119521 173.03000171023285247 4.3340194032113243949 
 49.488940639117465992 193.14340904389152342 4.3340194032113243949 
 77.933527305784110695 213.2568163775502228 4.3340194032113243949 
 56.600193972450782098 213.2568163775502228 4.3340194032113243949 
 42.378113972450790925 173.03000171023285247 4.3340194032113243949 
 70.822273972450787483 193.14340904389152342 4.3340194032113243949 
 63.711447305784119521 233.36720685095187378 4.3340194032113243949 
 49.488940639117465992 12.131793621734376032 4.3340194032113243949 
 77.933527305784110695 32.245200955393087838 4.3340194032113243949 
 56.600193972450782098 32.245200955393087838 4.3340194032113243949 
 42.378113972450790925 233.36720685095187378 4.3340194032113243949 
 70.822273972450787483 12.131793621734376032 4.3340194032113243949 
 106.37811397245079092 52.355591428794731712 4.3340194032113243949 
 92.155607305784116079 72.468998762453423979 4.3340194032113243949 
 120.6001939724507821 92.582406096112137561 4.3340194032113243949 
 99.266860639117453502 92.582406096112137561 4.3340194032113243949 
 85.044780639117448118 52.355591428794731712 4.3340194032113243949 
 113.48894063911745889 72.468998762453423979 4.3340194032113243949 
 106.37811397245079092 112.69279656951378854 4.3340194032113243949 
 92.155607305784116079 132.8062039031724737 4.3340194032113243949 
 120.6001939724507821 152.91961123683117307 4.3340194032113243949 
 99.266860639117453502 152.91961123683117307 4.3340194032113243949 
 85.044780639117448118 112.69279656951378854 4.3340194032113243949 
 113.48894063911745889 132.8062039031724737 4.3340194032113243949 
 106.37811397245079092 173.03000171023285247 4.3340194032113243949 
 92.155607305784116079 193.14340904389152342 4.3340194032113243949 
 120.6001939724507821 213.2568163775502228 4.3340194032113243949 
 99.266860639117453502 213.2568163775502228 4.3340194032113243949 
 85.044780639117448118 173.03000171023285247 4.3340194032113243949 
 113.48894063911745889 193.14340904389152342 4.3340194032113243949 
 106.37811397245079092 233.36720685095187378 4.3340194032113243949 
 92.155607305784116079 12.131793621734376032 4.3340194032113243949 
 120.6001939724507821 32.245200955393087838 4.3340194032113243949 
 99.266860639117453502 32.245200955393087838 4.3340194032113243949 
 85.044780639117448118 233.36720685095187378 4.3340194032113243949 
 113.48894063911745889 12.131793621734376032 4.3340194032113243949 
 149.04478063911744812 52.355591428794731712 4.3340194032113243949 
 134.82227397245077327 72.468998762453423979 4.3340194032113243949 
 163.2668606391174535 92.582406096112137561 4.3340194032113243949 
 141.93352730578411069 92.582406096112137561 4.3340194032113243949 
 127.71144730578411952 52.355591428794731712 4.3340194032113243949 
 156.15560730578411608 72.468998762453423979 4.3340194032113243949 
 149.04478063911744812 112.69279656951378854 4.3340194032113243949 
 134.82227397245077327 132.8062039031724737 4.3340194032113243949 
 163.2668606391174535 152.91961123683117307 4.3340194032113243949 
 141.93352730578411069 152.91961123683117307 4.3340194032113243949 
 127.71144730578411952 112.69279656951378854 4.3340194032113243949 
 156.15560730578411608 132.8062039031724737 4.3340194032113243949 
 149.04478063911744812 173.03000171023285247 4.3340194032113243949 
 134.82227397245077327 193.14340904389152342 4.3340194032113243949 
 163.2668606391174535 213.2568163775502228 4.3340194032113243949 
 141.93352730578411069 213.2568163775502228 4.3340194032113243949 
 127.71144730578411952 173.03000171023285247 4.3340194032113243949 
 156.15560730578411608 193.14340904389152342 4.3340194032113243949 
 149.04478063911744812 233.36720685095187378 4.3340194032113243949 
 134.82227397245077327 12.131793621734376032 4.3340194032113243949 
 163.2668606391174535 32.245200955393087838 4.3340194032113243949 
 141.93352730578411069 32.245200955393087838 4.3340194032113243949 
 127.71144730578411952 233.36720685095187378 4.3340194032113243949 
 156.15560730578411608 12.131793621734376032 4.3340194032113243949 
 191.71144730578413373 52.355591428794731712 4.3340194032113243949 
 177.48894063911745889 72.468998762453423979 4.3340194032113243949 
 205.93352730578411069 92.582406096112137561 4.3340194032113243949 
 184.60019397245079631 92.582406096112137561 4.3340194032113243949 
 170.37811397245079092 52.355591428794731712 4.3340194032113243949 
 198.82227397245080169 72.468998762453423979 4.3340194032113243949 
 191.71144730578413373 112.69279656951378854 4.3340194032113243949 
 177.48894063911745889 132.8062039031724737 4.3340194032113243949 
 205.93352730578411069 152.91961123683117307 4.3340194032113243949 
 184.60019397245079631 152.91961123683117307 4.3340194032113243949 
 170.37811397245079092 112.69279656951378854 4.3340194032113243949 
 198.82227397245080169 132.8062039031724737 4.3340194032113243949 
 191.71144730578413373 173.03000171023285247 4.3340194032113243949 
 177.48894063911745889 193.14340904389152342 4.3340194032113243949 
 205.93352730578411069 213.2568163775502228 4.3340194032113243949 
 184.60019397245079631 213.2568163775502228 4.3340194032113243949 
 170.37811397245079092 173.03000171023285247 4.3340194032113243949 
 198.82227397245080169 193.14340904389152342 4.3340194032113243949 
 191.71144730578413373 233.36720685095187378 4.3340194032113243949 
 177.48894063911745889 12.131793621734376032 4.3340194032113243949 
 205.93352730578411069 32.245200955393087838 4.3340194032113243949 
 184.60019397245079631 32.245200955393087838 4.3340194032113243949 
 170.37811397245079092 233.36720685095187378 4.3340194032113243949 
 198.82227397245080169 12.131793621734376032 4.3340194032113243949 
 234.3781139724507625 52.355591428794731712 4.3340194032113243949 
 220.15560730578411608 72.468998762453423979 4.3340194032113243949 
 248.60019397245076789 92.582406096112137561 4.3340194032113243949 
 227.2668606391174535 92.582406096112137561 4.3340194032113243949 
 213.04478063911744812 52.355591428794731712 4.3340194032113243949 
 241.48894063911743046 72.468998762453423979 4.3340194032113243949 
 234.3781139724507625 112.69279656951378854 4.3340194032113243949 
 220.15560730578411608 132.8062039031724737 4.3340194032113243949 
 248.60019397245076789 152.91961123683117307 4.3340194032113243949 
 227.2668606391174535 152.91961123683117307 4.3340194032113243949 
 213.04478063911744812 112.69279656951378854 4.3340194032113243949 
 241.48894063911743046 132.8062039031724737 4.3340194032113243949 
 234.3781139724507625 173.03000171023285247 4.3340194032113243949 
 220.15560730578411608 193.14340904389152342 4.3340194032113243949 
 248.60019397245076789 213.2568163775502228 4.3340194032113243949 
 227.2668606391174535 213.2568163775502228 4.3340194032113243949 
 213.04478063911744812 173.03000171023285247 4.3340194032113243949 
 241.48894063911743046 193.14340904389152342 4.3340194032113243949 
 234.3781139724507625 233.36720685095187378 4.3340194032113243949 
 220.15560730578411608 12.131793621734376032 4.3340194032113243949 
 248.60019397245076789 32.245200955393087838 4.3340194032113243949 
 227.2668606391174535 32.245200955393087838 4.3340194032113243949 
 213.04478063911744812 233.36720685095187378 4.3340194032113243949 
 241.48894063911743046 12.131793621734376032 4.3340194032113243949 
 21.044780639117419696 52.355591428794731712 4.3340194032113243949 
 6.8222739724507759362 72.468998762453423979 4.3340194032113243949 
 35.26686063911742508 92.582406096112137561 4.3340194032113243949 
 13.933527305784142669 92.582406096112137561 4.3340194032113243949 
 255.71144730578410531 52.355591428794731712 4.3340194032113243949 
 28.15560730578409121 72.468998762453423979 4.3340194032113243949 
 21.044780639117419696 112.69279656951378854 4.3340194032113243949 
 6.8222739724507759362 132.8062039031724737 4.3340194032113243949 
 35.26686063911742508 152.91961123683117307 4.3340194032113243949 
 13.933527305784142669 152.91961123683117307 4.3340194032113243949 
 255.71144730578410531 112.69279656951378854 4.3340194032113243949 
 28.15560730578409121 132.8062039031724737 4.3340194032113243949 
 21.044780639117419696 173.03000171023285247 4.3340194032113243949 
 6.8222739724507759362 193.14340904389152342 4.3340194032113243949 
 35.26686063911742508 213.2568163775502228 4.3340194032113243949 
 13.933527305784142669 213.2568163775502228 4.3340194032113243949 
 255.71144730578410531 173.03000171023285247 4.3340194032113243949 
 28.15560730578409121 193.14340904389152342 4.3340194032113243949 
 21.044780639117419696 233.36720685095187378 4.3340194032113243949 
 6.8222739724507759362 12.131793621734376032 4.3340194032113243949 
 35.26686063911742508 32.245200955393087838 4.3340194032113243949 
 13.933527305784142669 32.245200955393087838 4.3340194032113243949 
 255.71144730578410531 233.36720685095187378 4.3340194032113243949 
 28.15560730578409121 12.131793621734376032 4.3340194032113243949 
