 170.40211808017193107 19.883828613530805995 4.3340194032113243949 
 145.87214303922593217 17.623480201533308076 4.3340194032113243949 
 142.67571466494661081 52.313918521844101406 4.3340194032113243949 
 132.00904799827995362 33.838709907776092223 4.3340194032113243949 
 159.73545141350524545 1.4086199994627923715 4.3340194032113243949 
 156.53880970589258936 36.098688815601320812 4.3340194032113243949 
 118.14856563495619923 50.05243118389034862 4.3340194032113243949 
 93.618590594010214545 47.792082771892843596 4.3340194032113243949 
 90.422162219730907395 82.482521092203626267 4.3340194032113243949 
 79.755495553064235992 64.007312478135617084 4.3340194032113243949 
 107.48189896828954204 31.577222569822332332 4.3340194032113243949 
 104.28525726067687174 66.267291385960859884 4.3340194032113243949 
 65.895013189740495818 80.221033754249873482 4.3340194032113243949 
 41.365038148794496919 77.960685342252389773 4.3340194032113243949 
 38.168609774515161348 112.65112366256317955 4.3340194032113243949 
 27.501943107848486392 94.175915048495170367 4.3340194032113243949 
 55.22834652307383152 61.745825140181857194 4.3340194032113243949 
 52.031704815461154112 96.435893956320398956 4.3340194032113243949 
 13.641460744524771087 110.38963632460941255 4.3340194032113243949 
 194.92926711016230001 22.145315951484580097 4.3340194032113243949 
 184.26260044349564282 3.6701073374165646968 4.3340194032113243949 
 2.9747940778581138943 91.91442771054138916 4.3340194032113243949 
 191.73545141350527388 56.834245841666884758 4.3340194032113243949 
 167.20547637255927498 54.573897429669351311 4.3340194032113243949 
 164.00904799827995362 89.264335749980133983 4.3340194032113243949 
 153.34238133161329642 70.789127135912139011 4.3340194032113243949 
 181.06878474683858826 38.359037227598854258 4.3340194032113243949 
 177.87214303922593217 73.04910604373738181 4.3340194032113243949 
 139.48189896828955625 87.002848412026409619 4.3340194032113243949 
 114.95192392734355735 84.742500000028897489 4.3340194032113243949 
 111.75549555306423599 119.43293832033967306 4.3340194032113243949 
 101.0888288863975788 100.95772970627167808 4.3340194032113243949 
 128.81523230162287064 68.527639797958372014 4.3340194032113243949 
 125.61859059401022876 103.21770861409692088 4.3340194032113243949 
 87.228346523073838625 117.17145098238594869 4.3340194032113243949 
 62.698371482127825516 114.91110257038842235 4.3340194032113243949 
 59.501943107848482839 149.60154089069922634 4.3340194032113243949 
 48.835276441181832752 131.12633227663121716 4.3340194032113243949 
 76.561679856407153011 98.696242368317896876 4.3340194032113243949 
 73.36503814879451113 133.38631118445647417 4.3340194032113243949 
 34.974794077858128105 147.34005355274547355 4.3340194032113243949 
 10.444819036912111443 145.07970514074796142 4.3340194032113243949 
 216.26260044349564282 59.095733179620623332 4.3340194032113243949 
 205.59593377682898563 40.620524565552621254 4.3340194032113243949 
 24.308127411191442491 128.86484493867743595 4.3340194032113243949 
 21.111485703578782847 163.55491375481599903 4.3340194032113243949 
 213.06878474683861668 93.784663069802931545 4.3340194032113243949 
 188.53880970589261779 91.524314657805405204 4.3340194032113243949 
 185.34238133161329642 126.21475297811620919 4.3340194032113243949 
 174.67571466494663923 107.7395443640481858 4.3340194032113243949 
 202.40211808017193107 75.30945445573487973 4.3340194032113243949 
 199.20547637255927498 109.99952327187341439 4.3340194032113243949 
 160.81523230162289906 123.95326564016245641 4.3340194032113243949 
 136.28525726067687174 121.69291722816491585 4.3340194032113243949 
 133.0888288863975788 156.38335554847574826 4.3340194032113243949 
 122.4221622197309074 137.90814693440771066 4.3340194032113243949 
 150.14856563495621344 105.47805702609440459 4.3340194032113243949 
 146.95192392734358577 140.16812584223296767 4.3340194032113243949 
 108.56167985640716722 154.12186821052196706 4.3340194032113243949 
 84.031704815461154112 151.86151979852448335 4.3340194032113243949 
 80.835276441181832752 186.55195811883530155 4.3340194032113243949 
 70.168609774515161348 168.07674950476726394 4.3340194032113243949 
 97.895013189740495818 135.64665959645392945 4.3340194032113243949 
 94.698371482127825516 170.33672841259249253 4.3340194032113243949 
 56.308127411191456702 184.29047078088149192 4.3340194032113243949 
 31.778152370245440039 182.03012236888400821 4.3340194032113243949 
 237.59593377682898563 96.046150407756684331 4.3340194032113243949 
 226.92926711016232844 77.570941793688660937 4.3340194032113243949 
 45.641460744524785298 165.81526216681345431 4.3340194032113243949 
 42.44481903691210789 200.50533098295201739 4.3340194032113243949 
 234.40211808017195949 130.73508029793899254 4.3340194032113243949 
 209.87214303922596059 128.47473188594145199 4.3340194032113243949 
 206.67571466494661081 163.16517020625224177 4.3340194032113243949 
 196.00904799827998204 144.68996159218423259 4.3340194032113243949 
 223.73545141350527388 112.25987168387094073 4.3340194032113243949 
 220.53880970589264621 146.94994050000946118 4.3340194032113243949 
 182.14856563495624187 160.90368286829851741 4.3340194032113243949 
 157.61859059401024297 158.64333445630097685 4.3340194032113243949 
 154.42216221973089318 193.33377277661176663 4.3340194032113243949 
 143.75549555306426441 174.85856416254375745 4.3340194032113243949 
 171.48189896828955625 142.4284742542304798 4.3340194032113243949 
 168.28525726067692858 177.11854307036901446 4.3340194032113243949 
 129.89501318974052424 191.07228543865804227 4.3340194032113243949 
 105.36503814879451113 188.81193702666050172 4.3340194032113243949 
 102.16860977451516135 223.50237534697131991 4.3340194032113243949 
 91.501943107848504155 205.02716673290331073 4.3340194032113243949 
 119.22834652307383863 172.59707682459003308 4.3340194032113243949 
 116.03170481546118253 207.28714564072853932 4.3340194032113243949 
 77.641460744524806614 221.24088800901756713 4.3340194032113243949 
 53.111485703578779294  218.980539597020055 4.3340194032113243949 
 248.26260044349567124 114.52135902182472194 4.3340194032113243949 
 66.974794077858135211 202.76567939494955795 4.3340194032113243949 
 63.778152370245464908 237.4557482110880926 4.3340194032113243949 
 255.73545141350527388 167.68549752607498249 4.3340194032113243949 
 231.2054763725593034 165.42514911407749878 4.3340194032113243949 
 228.00904799827995362 200.11558743438828856 4.3340194032113243949 
 217.34238133161329642 181.64037882032027937 4.3340194032113243949 
 245.06878474683861668 149.21028891200700173 4.3340194032113243949 
 241.87214303922598901 183.90035772814550796 4.3340194032113243949 
 203.48189896828955625 197.85410009643453577 4.3340194032113243949 
 178.95192392734355735 195.59375168443702364 4.3340194032113243949 
 175.75549555306423599 230.28419000474781342 4.3340194032113243949 
 165.0888288863975788 211.80898139067983266 4.3340194032113243949 
 192.81523230162289906 179.37889148236652659 4.3340194032113243949 
 189.61859059401024297 214.06896029850503282 4.3340194032113243949 
 151.22834652307383863 228.02270266679406063 4.3340194032113243949 
 126.69837148212783973 225.76235425479657692 4.3340194032113243949 
 112.83527644118183275 241.97758396103935752 4.3340194032113243949 
 140.56167985640718143 209.54749405272605145 4.3340194032113243949 
 137.36503814879452534 244.23756286886458611 4.3340194032113243949 
 74.444819036912122101 255.93095682515610179 4.3340194032113243949 
 88.308127411191478018 239.71609662308557631 4.3340194032113243949 
 252.53880970589264621 202.37556634221351715 4.3340194032113243949 
 121.34238133161325379 15.363501293708015538 4.3340194032113243949 
 96.815232301622870636 13.102013955754316044 4.3340194032113243949 
 200.28525726067690016 232.54416891257307043 4.3340194032113243949 
 69.088828886397536166 45.532103864067536847 4.3340194032113243949 
 58.422162219730886079 27.056895249999570296 4.3340194032113243949 
 214.14856563495624187 216.32930871050254495 4.3340194032113243949 
 82.951923927343543141 29.316874157824816649 4.3340194032113243949 
 44.561679856407160116 43.270616526113840905 4.3340194032113243949 
 16.835276441181783014 75.70070643442709013 4.3340194032113243949 
 6.1686097745151426963 57.225497820359109369 4.3340194032113243949 
 161.89501318974052424 246.49791128086206982 4.3340194032113243949 
 30.698371482127825516 59.485476728184337958 4.3340194032113243949 
