 140.50375047932115535 11.841061143087291185 4.3340194032113243949 
 115.97377543837512803 9.5807127310897612915 4.3340194032113243949 
 112.77734706409582088 44.271151051400586596 4.3340194032113243949 
 102.11068039742914948 25.795942437332559649 4.3340194032113243949 
 126.64044210504182786 28.055921345157791791 4.3340194032113243949 
 88.250198034105423517 42.00966371344683381 4.3340194032113243949 
 63.720222993159410407 39.749315301449300364 4.3340194032113243949 
 60.523794618880110363 74.439753621760118563 4.3340194032113243949 
 49.857127952213438959 55.964545007692080958 4.3340194032113243949 
 77.583531367438752113 23.534455099378799758 4.3340194032113243949 
 74.386889659826096022 58.224523915517330863 4.3340194032113243949 
 35.996645588889705891 72.178266283806365777 4.3340194032113243949 
 11.466670547943687453 69.917917871808839436 4.3340194032113243949 
 8.270242173664360763 104.60835619211967185 4.3340194032113243949 
 25.329978922223034488 53.703057669738328173 4.3340194032113243949 
 22.133337214610374843 88.39312648587686283 4.3340194032113243949 
 165.03089950931149588 14.102548481041063511 4.3340194032113243949 
 161.83708381265449816 48.791478371223348631 4.3340194032113243949 
 137.30710877170847084 46.53112995922582229 4.3340194032113243949 
 134.1106803974291779 81.221568279536612067 4.3340194032113243949 
 123.44401373076249229 62.746359665468602884 4.3340194032113243949 
 151.17041714598781255 30.316269757155321685 4.3340194032113243949 
 147.97377543837515645 65.006338573293845684 4.3340194032113243949 
 109.58353136743876632 78.960080941582873493 4.3340194032113243949 
 85.053556326492767425 76.699732529585347152 4.3340194032113243949 
 81.857127952213446065 111.39017084989616535 4.3340194032113243949 
 71.190461285546774661 92.914962235828141957 4.3340194032113243949 
 98.91686470077209492 60.484872327514842993 4.3340194032113243949 
 95.720222993159438829 95.174941143653384756 4.3340194032113243949 
 57.329978922223034488 109.12868351194239835 4.3340194032113243949 
 32.800003881277035589 106.86833509994488622 4.3340194032113243949 
 29.60357550699770357 141.55877342025570442 4.3340194032113243949 
 18.936908840331032167 123.08356480618768103 4.3340194032113243949 
 46.663312255556377295 90.653474897874389171 4.3340194032113243949 
 43.466670547943699887 125.34354371401290962 4.3340194032113243949 
 5.0764264770073177502 139.29728608230192322 4.3340194032113243949 
 189.56066121692418847 16.362527388866297429 4.3340194032113243949 
 186.36423284264486711 51.052965709177108522 4.3340194032113243949 
 175.69756617597818149 32.577757095109092234 4.3340194032113243949 
 200.22732788359087408 34.837736002934313717 4.3340194032113243949 
 183.17041714598781255 85.741895599359381208 4.3340194032113243949 
 158.64044210504181365 83.481547187361854867 4.3340194032113243949 
 155.44401373076252071 118.17198550767267307 4.3340194032113243949 
 144.77734706409583509 99.696776893604635461 4.3340194032113243949 
 172.50375047932115535 67.266686985291372025 4.3340194032113243949 
 169.30710877170849926 101.95675580142989247 4.3340194032113243949 
 130.91686470077209492 115.91049816971890607 4.3340194032113243949 
 106.38688965982609602 113.65014975772139394 4.3340194032113243949 
 103.19046128554677466 148.34058807803219793 4.3340194032113243949 
 92.523794618880103258 129.86537946396416032 4.3340194032113243949 
 120.25019803410542352 97.435289555650896887 4.3340194032113243949 
 117.05355632649276743 132.12535837178941733 4.3340194032113243949 
 78.663312255556377295 146.07910074007844514 4.3340194032113243949 
 54.13333721461035708 143.81875232808093301 4.3340194032113243949 
 50.93690884033104993 178.50919064839175121 4.3340194032113243949 
 40.270242173664364316 160.03398203432371361 4.3340194032113243949 
 67.996645588889705891 127.60389212601043596 4.3340194032113243949 
 64.800003881277035589 162.29396094214894219 4.3340194032113243949 
 26.409759810340645458 176.24770331043799843 4.3340194032113243949 
 210.89399455025750285 53.312944617002330006 4.3340194032113243949 
 207.69756617597820991 88.003382937313148204 4.3340194032113243949 
 197.03089950931149588 69.52817432324512481 4.3340194032113243949 
 15.743093143673990042 157.77249469636996082 4.3340194032113243949 
 221.56066121692418847 71.788153231070353399 4.3340194032113243949 
 204.50375047932115535 122.69231282749544221 4.3340194032113243949 
 179.97377543837515645 120.43196441549791587 4.3340194032113243949 
 176.77734706409586352 155.12240273580874828 4.3340194032113243949 
 166.1106803974291779 136.64719412174068225 4.3340194032113243949 
 193.83708381265446974 104.2171042134274046 4.3340194032113243949 
 190.64044210504184207 138.90717302956593926 4.3340194032113243949 
 152.25019803410543773 152.86091539785496707 4.3340194032113243949 
 127.72022299315942462 150.60056698585742652 4.3340194032113243949 
 124.52379461888011747 185.29100530616827314 4.3340194032113243949 
 113.85712795221344606 166.81579669210020711 4.3340194032113243949 
 141.58353136743875211 134.38570678378692946 4.3340194032113243949 
 138.38688965982609602 169.07577559992549254 4.3340194032113243949 
 99.996645588889720102 183.02951796821449193 4.3340194032113243949 
 75.466670547943706993 180.7691695562169798 4.3340194032113243949 
 72.270242173664371421 215.45960787652782642 4.3340194032113243949 
 61.603575506997707123 196.98439926245976039 4.3340194032113243949 
 89.329978922223048698 164.55430935414645433 4.3340194032113243949 
 86.133337214610378396 199.2443781702850174 4.3340194032113243949 
 47.743093143673988266 213.19812053857404521 4.3340194032113243949 
 232.22732788359084566 90.263361845138391004 4.3340194032113243949 
 229.03089950931149588 124.9538001654492092 4.3340194032113243949 
 218.36423284264483868 106.47859155138118581 4.3340194032113243949 
 37.076426477007316862 194.72291192450600761 4.3340194032113243949 
 242.89399455025753127 108.73857045920640019 4.3340194032113243949 
 225.83708381265446974 159.64273005563143215 4.3340194032113243949 
 201.30710877170849926 157.38238164363397686 4.3340194032113243949 
 198.1106803974291779 192.07281996394473822 4.3340194032113243949 
 187.44401373076252071 173.59761134987675746 4.3340194032113243949 
 215.17041714598781255 141.16752144156345139 4.3340194032113243949 
 211.97377543837515645 175.8575902577019292 4.3340194032113243949 
 173.58353136743875211 189.81133262599095701 4.3340194032113243949 
 149.05355632649275321 187.55098421399350173 4.3340194032113243949 
 145.85712795221346028 222.24142253430426308 4.3340194032113243949 
 135.19046128554680308 203.76621392023631074 4.3340194032113243949 
 162.91686470077209492 171.33612401192300467 4.3340194032113243949 
 159.72022299315943883 206.02619282806148249 4.3340194032113243949 
 121.32997892222303449 219.97993519635048187 4.3340194032113243949 
  96.8000038812770498 217.71958678435302659 4.3340194032113243949 
 93.603575506997700018 252.41002510466381636 4.3340194032113243949 
 82.936908840331057036 233.9348164905958356 4.3340194032113243949 
 110.66331225555639151 201.50472658228252953 4.3340194032113243949 
 107.46667054794369278 236.19479539842100735 4.3340194032113243949 
 69.076426477007316862 250.14853776671003516 4.3340194032113243949 
 253.56066121692421689  127.213779073274452 4.3340194032113243949 
 250.36423284264486711 161.90421739358521336 4.3340194032113243949 
 239.69756617597820991 143.42900877951726102 4.3340194032113243949 
 58.40975981034067388 231.6733291526420544 4.3340194032113243949 
 247.17041714598781255 196.59314728376750736 4.3340194032113243949 
 222.64044210504181365 194.33279887176999523 4.3340194032113243949 
 91.444013730762478076 7.3207338232645282616 4.3340194032113243949 
 208.77734706409583509 210.5480285780127474 4.3340194032113243949 
 236.50375047932112693 178.11793866969949818 4.3340194032113243949 
 233.30710877170849926 212.80800748583800441 4.3340194032113243949 
 194.91686470077209492 226.76174985412706064 4.3340194032113243949 
 170.38688965982609602 224.50140144212952009 4.3340194032113243949 
 39.190461285546767556 37.489336393624050459 4.3340194032113243949 
 156.52379461888011747 240.71663114837227226 4.3340194032113243949 
 184.25019803410540931 208.28654124005902304 4.3340194032113243949 
 181.05355632649278164 242.97661005619752927 4.3340194032113243949 
 142.66331225555637729 256.93035242448661393 4.3340194032113243949 
 118.1333372146103784 254.67000401248904495 4.3340194032113243949 
 131.99664558888969168 238.4551438104185479 4.3340194032113243949 
