 209.07819448560613296 41.622870696187220574 4.3340194032113243949 
 185.96907929292237327 33.090717072141032418 4.3340194032113243949 
 173.90302045407207743 65.771810831447623968 4.3340194032113243949 
 168.38154749188493042 45.165393203947495238 4.3340194032113243949 
 203.5567215234190428 21.016453068687109607 4.3340194032113243949 
 191.49055225510946343 53.697134699641139832 4.3340194032113243949 
 150.79692975408408984 57.239288514863034152 4.3340194032113243949 
 127.68781456140031594 48.707134890816831785 4.3340194032113243949 
 115.62175572254997746 81.388228650123437546 4.3340194032113243949 
 110.10028276036287309 60.78181102262330171 4.3340194032113243949 
 145.27545679189699968 36.632870887362926737 4.3340194032113243949 
 133.20928752358742031 69.31355251831695341 4.3340194032113243949 
 92.515665022562018294 72.85570633353884773 4.3340194032113243949 
 69.406549829878258606 64.323552709492645363 4.3340194032113243949 
 57.340490991027920131 97.004646468799236914 4.3340194032113243949 
 51.819018028840815759 76.398228841299115288 4.3340194032113243949 
 86.994192060374913922 52.24928870603873321 4.3340194032113243949 
 74.928022792065362978 84.929970336992752777 4.3340194032113243949 
 34.234400291039975173 88.472124152214661308 4.3340194032113243949 
 11.125285098356185287 79.93997052816844473 4.3340194032113243949 
 232.18428518559412055 50.155393012771803285 4.3340194032113243949 
 226.66281222340700197 29.54897538527168166 4.3340194032113243949 
 28.712927328852874354 67.865706524714525472 4.3340194032113243949 
 16.646758060543291435 100.54638815566858057 4.3340194032113243949 
 220.12114040998039854 82.835705951187478036 4.3340194032113243949 
 197.01202521729658201 74.303552327141275669 4.3340194032113243949 
 184.94596637844628617 106.98464608644785301 4.3340194032113243949 
 179.42449341625919601 86.378228458947745594 4.3340194032113243949 
 214.59966744779325154 62.229288323687342199 4.3340194032113243949 
 202.5334981794837006 94.909969954641411505 4.3340194032113243949 
  161.839875678458327 98.452123769863305824 4.3340194032113243949 
 138.73076048577453889 89.919970145817075036 4.3340194032113243949 
 126.66470164692420042 122.60106390512366659 4.3340194032113243949 
 121.14322868473708184 101.99464627762355917 4.3340194032113243949 
 156.31840271627120842 77.845706142363155777 4.3340194032113243949 
 144.25223344796165748 110.52638777331722508 4.3340194032113243949 
 103.55861094693624125 114.06854158853910519 4.3340194032113243949 
 80.44949575425246735 105.53638796449290282 4.3340194032113243949 
 68.383436915402128875 138.21748172379949438 4.3340194032113243949 
 62.861963953215024503 117.61106409629938696 4.3340194032113243949 
 98.037137984749136876 93.462123961038969355 4.3340194032113243949 
 85.970968716439585933 126.14280559199303866 4.3340194032113243949 
 45.277346215414205233 129.68495940721490456 4.3340194032113243949 
 22.168231022730395807 121.15280578316870219 4.3340194032113243949 
 243.22723110996832929 91.368228267772053641 4.3340194032113243949 
 237.70575814778121071 70.761810640271946227 4.3340194032113243949 
 39.75587325322708665 109.07854177971476872 4.3340194032113243949 
 27.689703984917517943 141.75922341066885224 4.3340194032113243949 
 231.16408633435460729 124.04854120618772129 4.3340194032113243949 
 208.0549711416708476 115.51638758214150471 4.3340194032113243949 
 195.98891230282049492 148.19748134144813889 4.3340194032113243949 
 190.46743934063340475 127.59106371394798884 4.3340194032113243949 
 225.64261337216751713 103.44212357868758545 4.3340194032113243949 
 213.57644410385793776 136.12280520964162633 4.3340194032113243949 
 172.88282160283253575 139.66495902486354908 4.3340194032113243949 
 149.77370641014874764 131.13280540081731829 4.3340194032113243949 
 137.70764757129842337 163.81389916012392405 4.3340194032113243949 
 132.18617460911130479 143.20748153262380242 4.3340194032113243949 
 167.36134864064541716 119.05854139736341324 4.3340194032113243949 
 155.29517937233586622 151.73922302831746833 4.3340194032113243949 
 114.60155687131044999 155.28137684353936265 4.3340194032113243949 
 91.492441678626676094 146.74922321949313186 4.3340194032113243949 
 79.42638283977635183 179.43031697879973763 4.3340194032113243949 
 73.904909877589233247 158.82389935129958758 4.3340194032113243949 
 109.08008390912334562 134.67495921603921261 4.3340194032113243949 
 97.013914640813794676 167.35564084699328191 4.3340194032113243949 
 56.320292139788413976 170.89779466221514781 4.3340194032113243949 
 33.211176947104618762 162.36564103816894544 4.3340194032113243949 
 254.27017703434256646 132.58106352277232531 4.3340194032113243949 
 248.74870407215544788 111.97464589527218948 4.3340194032113243949 
 50.798819177601309605 150.29137703471502618 4.3340194032113243949 
 38.732649909291730239 182.97205866566906707 4.3340194032113243949 
 242.20703225872881603 165.26137646118800717 4.3340194032113243949 
 219.09791706604505634 156.72922283714177638 4.3340194032113243949 
 207.03185822719473208 189.41031659644835372 4.3340194032113243949 
 201.5103852650076135 168.80389896894826052 4.3340194032113243949 
 236.68555929654172587 144.65495883368785712 4.3340194032113243949 
 224.61939002823214651 177.33564046464192643 4.3340194032113243949 
 183.92576752720674449 180.87779427986379233 4.3340194032113243949 
 160.8166523345229848 172.34564065581761838 4.3340194032113243949 
 148.75059349567263212 205.02673441512419572 4.3340194032113243949 
 143.22912053348554196 184.4203167876240741 4.3340194032113243949 
 178.40429456501965433 160.27137665236369912 4.3340194032113243949 
 166.33812529671010338 192.95205828331774001 4.3340194032113243949 
 125.64450279568467295 196.4942120985396059 4.3340194032113243949 
 102.53538760300091326 187.96205847449340354 4.3340194032113243949 
 90.469328764150560573 220.64315223379998088 4.3340194032113243949 
 84.947855801963456202 200.03673460629988767 4.3340194032113243949 
 120.12302983349756857 175.88779447103948428 4.3340194032113243949 
 108.05686056518801763 208.56847610199355358 4.3340194032113243949 
 67.363238064162644037 212.11062991721541948 4.3340194032113243949 
 44.254122871478848822 203.57847629316921712 4.3340194032113243949 
 61.841765101975518348 191.50421228971529786 4.3340194032113243949 
 49.775595833665953194 224.18489392066933874 4.3340194032113243949 
 253.2499781831030532  206.474211716188222 4.3340194032113243949 
 230.14086299041926509 197.94205809214201963 4.3340194032113243949 
 218.07480415156894082 230.62315185144859697 4.3340194032113243949 
 212.55333118938182224 210.01673422394850377 4.3340194032113243949 
 247.72850522091593461 185.86779408868810037 4.3340194032113243949 
 235.66233595260638367 218.54847571964214126 4.3340194032113243949 
 194.96871345158095323 222.09062953486400716 4.3340194032113243949 
 171.85959825889719355 213.55847591081783321 4.3340194032113243949 
 159.79353942004684086 246.23956967012441055 4.3340194032113243949 
 154.2720664578597507 225.63315204262431735 4.3340194032113243949 
 189.44724048939386307 201.48421190736391395 4.3340194032113243949 
 177.38107122108428371 234.16489353831792641 4.3340194032113243949 
 136.68744872005888169 237.70704735353982073 4.3340194032113243949 
  113.578333527375122 229.17489372949364679 4.3340194032113243949 
 95.990801726337679156 241.24956986130013092 4.3340194032113243949 
 131.16597575787179153 217.10062972603972753 4.3340194032113243949 
 119.09980648956222637 249.78131135699373999 4.3340194032113243949 
 78.40618398853685278 253.32346517221560589 4.3340194032113243949 
 55.297068795853057566 244.79131154816943194 4.3340194032113243949 
 72.884711026349748408 232.71704754471551269 4.3340194032113243949 
 162.86007452969781184 24.55897557644733098 4.3340194032113243949 
 157.33860156751072168 3.9525579489472506545 4.3340194032113243949 
 180.44760633073525469 12.484299444640905463 4.3340194032113243949 
 139.75398382970988109 16.026453259862805112 4.3340194032113243949 
 116.64486863702609298 7.4942996358165840931 4.3340194032113243949 
 104.57880979817575451 40.175393395123130347 4.3340194032113243949 
 99.057336835988650137 19.568975767623051354 4.3340194032113243949 
 122.16634159921321157 28.100717263316706607 4.3340194032113243949 
 81.47271909818780955 31.642871078538604479 4.3340194032113243949 
 58.363603905504028546 23.110717454492402112 4.3340194032113243949 
 46.29754506665367586 55.79181121379895103 4.3340194032113243949 
 40.776072104466585699 35.185393586298872037 4.3340194032113243949 
 75.951246136000676756 11.036453451038466866 4.3340194032113243949 
 63.885076867691140023 43.717135081992523737 4.3340194032113243949 
 23.191454366665766429 47.259288897214410952 4.3340194032113243949 
 221.14133926121988338 8.9425577577715138489 4.3340194032113243949 
 17.669981404478647846 26.65287126971426801 4.3340194032113243949 
 5.6038121361690658162 59.33355290066833021 4.3340194032113243949 
