 65.836753744723935711 5.7705440139845185499 4.142237899051560035 
 78.766706314992219973 28.16587880514500597 4.142237899051560035 
 56.371371523831740546 41.095831375413318654 4.142237899051560035 
 69.301324094100039019 63.491166166573790974 4.142237899051560035 
 46.905989302939559593 76.421118736842089447 4.142237899051560035 
 59.835941873207850961 98.816453528002583084 4.142237899051560035 
 37.440607082047364429 111.74640609827088156 4.142237899051560035 
 50.370559652315655796 134.14174088943136098 4.142237899051560035 
 27.975224861155179923 147.07169345969967367 4.142237899051560035 
 40.905177431423474843 169.46702825086018152 4.142237899051560035 
 18.509842640262984759 182.39698082112846578 4.142237899051560035 
 31.439795210531279679 204.7923156122889452 4.142237899051560035 
 9.0444604193708055817 217.72226818255720104 4.142237899051560035 
 101.16204110615271361 15.235926234876712826 4.142237899051560035 
 114.09199367642101208 37.631261026037186923 4.142237899051560035 
 91.696658885260518446 50.561213596305506712 4.142237899051560035 
 104.62661145552883113 72.956548387465971928 4.142237899051560035 
 82.231276664368337492 85.886500957734284611 4.142237899051560035 
 95.161229234636635965 108.28183574889476404 4.142237899051560035 
 72.765894443476156539 121.21178831916307672 4.142237899051560035 
 85.695847013744440801 143.60712311032355615 4.142237899051560035 
 63.300512222583961375 156.53707568059186883 4.142237899051560035 
 76.230464792852259848 178.93241047175234826 4.142237899051560035 
 53.835130001691766211 191.86236304202066094 4.142237899051560035 
 66.765082571960064683 214.25769783318114037 4.142237899051560035 
 44.369747780799585257 227.18765040344939621 4.142237899051560035 
 123.55737589731319304 2.3059736646084196821 4.142237899051560035 
 136.48732846758150572 24.701308455768895556 4.142237899051560035 
 149.4172810378498184 47.096643246929382087 4.142237899051560035 
 127.02194624668929634 60.026595817197687666 4.142237899051560035 
 139.95189881695762324 82.421930608358167092 4.142237899051560035 
 117.55656402579711539 95.351883178626479776 4.142237899051560035 
 130.48651659606542808 117.74721796978694499 4.142237899051560035 
 108.09118180490492023 130.67717054005524346 4.142237899051560035 
 121.02113437517323291 153.07250533121575131 4.142237899051560035 
 98.625799584012739274 166.00245790148403557 4.142237899051560035 
 111.55575215428103775 188.39779269264454342 4.142237899051560035 
 89.160417363120558321 201.32774526291285611 4.142237899051560035 
 102.09036993338885679 223.72308005407333553 4.142237899051560035 
 79.695035142228377367 236.65303262434159137 4.142237899051560035 
 158.88266325874198515 11.771355885500614846 4.142237899051560035 
 171.81261582901026941 34.166690676661076509 4.142237899051560035 
 184.74256839927855367 56.562025467821563041 4.142237899051560035 
 162.34723360811807424 69.49197803808988283 4.142237899051560035 
 175.27718617838638693 91.887312829250348045 4.142237899051560035 
 152.88185138722587908 104.81726539951864652 4.142237899051560035 
 165.81180395749419176 127.21260019067914016 4.142237899051560035 
 143.41646916633368392 140.14255276094743863 4.142237899051560035 
 156.3464217366019966 162.53788755210791805 4.142237899051560035 
 133.95108694544151717 175.46784012237623074 4.142237899051560035 
 146.88103951570980144 197.86317491353671016 4.142237899051560035 
 124.48570472454933622 210.79312748380502285 4.142237899051560035 
 137.41565729481763469 233.1884622749655307 4.142237899051560035 
 115.02032250365714106 246.11841484523378654 4.142237899051560035 
 194.20795062017074883  21.2367381063927958 4.142237899051560035 
 207.13790319043906152 43.632072897553271673 4.142237899051560035 
 220.0678557607073742 66.02740768871376531 4.142237899051560035 
 197.67252096954686635 78.957360258982063783 4.142237899051560035 
 210.60247353981517904 101.35269505014254321 4.142237899051560035 
 188.20713874865469961 114.28264762041084168 4.142237899051560035 
 201.13709131892298387 136.67798241157134953 4.142237899051560035 
 178.74175652776250445 149.60793498183960537 4.142237899051560035 
 191.67170909803078871 172.00326977300011322 4.142237899051560035 
 169.27637430687030928 184.9332223432684259 4.142237899051560035 
 182.20632687713862197 207.32855713442890533 4.142237899051560035 
 159.81099208597811412 220.25850970469721801 4.142237899051560035 
 172.7409446562464268 242.65384449585772586 4.142237899051560035 
 150.34560986508594738 255.5837970661259817 4.142237899051560035 
 229.53323798159956937 30.702120327284990964 4.142237899051560035 
 242.46319055186785363 53.097455118445466837 4.142237899051560035 
 255.39314312213616631 75.492789909605932053 4.142237899051560035 
 232.99780833097565846 88.422742479874244736 4.142237899051560035 
 245.92776090124397115 110.81807727103472416 4.142237899051560035 
 223.53242611008349172 123.74802984130302264 4.142237899051560035 
 236.46237868035180441 146.14336463246354469 4.142237899051560035 
 214.06704388919129656 159.07331720273180053 4.142237899051560035 
 226.99699645945960924 181.46865199389230838 4.142237899051560035 
 204.60166166829910139 194.39860456416062107 4.142237899051560035 
 217.53161423856741408 216.79393935532110049 4.142237899051560035 
 195.13627944740693465 229.72389192558941318 4.142237899051560035 
 208.06623201767521891 252.1192267167498926 4.142237899051560035 
 43.441418953563456284 18.700496584252825016 4.142237899051560035 
 33.97603673267126112 54.025783945681610021 4.142237899051560035 
 24.510654511779080167 89.35107130711038792 4.142237899051560035 
 249.39233125062006025 168.5386994236239957 4.142237899051560035 
 15.045272290886886779 124.67635866853919424 4.142237899051560035 
 239.92694902972786508 203.86398678505278781 4.142237899051560035 
 5.5798900699947067139 160.00164602996798635 4.142237899051560035 
 230.46156680883566992 239.18927414648157992 4.142237899051560035 
