 156.89734896898369243 3.1231467704747979397 4.142237899051560035 
 177.60832373280868524 9.766982140488847719 4.142237899051560035 
 121.57206160755494295 12.588528991366992216 4.142237899051560035 
 142.28303637137989313 19.232364361381041107 4.142237899051560035 
 86.246774246126150842 22.053911212259173169 4.142237899051560035 
 106.95774900995111523 28.69774658227322206 4.142237899051560035 
 50.921486884697358732 31.519293433151354122 4.142237899051560035 
 71.632461648522337327 38.163128803165413672 4.142237899051560035 
 15.596199523268573728 40.984675654043549287 4.142237899051560035 
 36.307174287093545217 47.628511024057594625 4.142237899051560035 
 162.99401113520485751 25.876199731395075787 4.142237899051560035 
 183.70498589902985032 32.520035101409135336 4.142237899051560035 
 127.66872377377609382 35.341581952287270951 4.142237899051560035 
 148.37969853760105821 41.985417322301323395 4.142237899051560035 
 92.343436412347301712 44.806964173179451905 4.142237899051560035 
 113.05441117617228031 51.450799543193504348 4.142237899051560035 
 57.018149050918509602 54.272346394071647069 4.142237899051560035 
 77.729123814743488197 60.916181764085692407 4.142237899051560035 
 21.69286168948972815 63.737728614963828022 4.142237899051560035 
 42.403836453314696087 70.381563984977873361 4.142237899051560035 
 7.0785490918858995357 79.846946205870068525 4.142237899051560035 
 198.31929849663364962 16.410817510502894834 4.142237899051560035 
  219.030273260458614 23.054652880516943725 4.142237899051560035 
 169.09067330142602259 48.629252692315354523 4.142237899051560035 
 189.80164806525098697 55.273088062329406966 4.142237899051560035 
 133.76538593999723048 58.094634913207549687 4.142237899051560035 
 154.47636070382222329 64.73847028322158792 4.142237899051560035 
 98.440098578568466792 67.560017134099723535 4.142237899051560035 
 119.15107334239341697 74.203852504113783084 4.142237899051560035 
 63.114811217139667576 77.025399354991904488 4.142237899051560035 
 83.825785980964653277 83.669234725005964037 4.142237899051560035 
 27.789523855710882572 86.490781575884099652 4.142237899051560035 
 48.500498619535846956 93.134616945898159202 4.142237899051560035 
 13.175211258107053069 102.59999916679035437 4.142237899051560035 
 204.41596066285478628 39.163870471423173569 4.142237899051560035 
 225.12693542667977908 45.807705841437211802 4.142237899051560035 
 175.18733546764715925 71.382305653235647469 4.142237899051560035 
 195.89831023147215205 78.026141023249692807 4.142237899051560035 
 139.86204810621839556 80.847687874127842633 4.142237899051560035 
 160.57302287004335994 87.491523244141873761 4.142237899051560035 
 104.53676074478961766 90.313070095020023587 4.142237899051560035 
 125.24773550861456783 96.956905465034068925 4.142237899051560035 
 69.21147338336081134 99.77845231591220454 4.142237899051560035 
 89.922448147185804146 106.42228768592624988 4.142237899051560035 
 33.886186021932033441 109.2438345368043997 4.142237899051560035 
 54.59716078575700493 115.88766990681844504 4.142237899051560035 
 19.271873424328205715 125.35305212771064021 4.142237899051560035 
 210.51262282907595136 61.916923432343466516 4.142237899051560035 
 231.22359759290094416 68.560758802357497643 4.142237899051560035 
 181.28399763386832433 94.135358614155919099 4.142237899051560035 
 201.99497239769328871 100.77919398416997865 4.142237899051560035 
 145.95871027243953222 103.60074083504810005 4.142237899051560035 
 166.66968503626452502 110.2445762050621596 4.142237899051560035 
 110.63342291101076853 113.06612305594029522 4.142237899051560035 
 131.34439767483573291 119.70995842595435477 4.142237899051560035 
 75.30813554958197642 122.53150527683249038 4.142237899051560035 
 96.019110313406955015 129.17534064684653572 4.142237899051560035 
 39.982848188153191415 131.99688749772468555 4.142237899051560035 
  60.6938229519781558 138.64072286773870246 4.142237899051560035 
   4.6575608267243922 141.46226971861685229 4.142237899051560035 
 25.368535590549360137 148.10610508863089763 4.142237899051560035 
 216.60928499529711644 84.669976393263752357 4.142237899051560035 
 237.32025975912208082 91.313811763277783484 4.142237899051560035 
 187.38065980008946099 116.88841157507620494 4.142237899051560035 
 208.09163456391445379 123.53224694509025028 4.142237899051560035 
 152.0553724386606973 126.3537937959684001 4.142237899051560035 
 172.76634720248566168 132.99762916598245965 4.142237899051560035 
 116.7300850772319194 135.81917601686055264 4.142237899051560035 
 137.44105984105689799 142.4630113868746264 4.142237899051560035 
 81.404797715803127289 145.2845582377527478 4.142237899051560035 
 102.11577247962810588 151.92839360776682156 4.142237899051560035 
 46.079510354374342285 154.74994045864494296 4.142237899051560035 
 66.790485118199313774 161.39377582865901672 4.142237899051560035 
 10.754222992945546622 164.21532267953713813 4.142237899051560035 
 31.465197756770514559 170.85915804955121189 4.142237899051560035 
 222.7059471615182531 107.42302935418402399 4.142237899051560035 
 243.4169219253432459 114.06686472419805511 4.142237899051560035 
 193.47732196631065449 139.64146453599650499 4.142237899051560035 
 214.18829673013561887 146.28529990601055033 4.142237899051560035 
 158.15203460488183396 149.10684675688870016 4.142237899051560035 
 178.86300936870682676 155.75068212690274549 4.142237899051560035 
 122.82674724345307027 158.5722289777808669 4.142237899051560035 
 143.53772200727803465 165.21606434779494066 4.142237899051560035 
 87.501459882024278158 168.03761119867306206 4.142237899051560035 
 108.21243464584925675 174.68144656868713582 4.142237899051560035 
 52.176172520595500259 177.50299341956525723 4.142237899051560035 
 72.887147284420478854 184.14682878957933099 4.142237899051560035 
 16.850885159166701044 186.96837564045742397 4.142237899051560035 
 37.561859922991672533 193.61221101047149773 4.142237899051560035 
 228.80260932773941818 130.17608231510430983 4.142237899051560035 
 249.51358409156438256 136.81991768511838359 4.142237899051560035 
 199.57398413253181957 162.39451749691679083 4.142237899051560035 
 220.28495889635675553 169.03835286693083617 4.142237899051560035 
 164.24869677110299904 171.85989971780895758 4.142237899051560035 
 184.95967153492799184 178.50373508782303134 4.142237899051560035 
 128.92340940967426377 181.32528193870115274 4.142237899051560035 
 149.63438417349919973 187.96911730871519808 4.142237899051560035 
 93.598122048245429028 190.7906641595933479 4.142237899051560035 
 114.30909681207042183 197.43449952960739324 4.142237899051560035 
 58.272834686816651129 200.25604638048551465 4.142237899051560035 
 78.983809450641615513 206.89988175049955998 4.142237899051560035 
 22.947547325387855466 209.72142860137770981 4.142237899051560035 
 43.658522089212823403 216.36526397139175515 4.142237899051560035 
 234.89927149396055484 152.92913527602459567 4.142237899051560035 
 255.61024625778554764 159.57297064603864101 4.142237899051560035 
 205.67064629875292781 185.14757045783704825 4.142237899051560035 
 226.38162106257792061 191.79140582785109359 4.142237899051560035 
 170.34535893732416412 194.61295267872924342 4.142237899051560035 
 191.0563337011491285 201.25678804874328875 4.142237899051560035 
 135.02007157589540043 204.07833489962141016 4.142237899051560035 
 155.73104633972036481 210.7221702696354555 4.142237899051560035 
 99.694784214466594108 213.54371712051360532 4.142237899051560035 
 120.4057589782915727 220.18755249052765066 4.142237899051560035 
 64.369496853037801998 223.00909934140580049 4.142237899051560035 
 85.080471616862780593 229.65293471141984583 4.142237899051560035 
 29.044209491609009888 232.47448156229799565 4.142237899051560035 
 49.755184255433974272 239.11831693231204099 4.142237899051560035 
 240.99593366018171992 175.68218823694488151 4.142237899051560035 
 211.76730846497409289 207.90062341875730567 4.142237899051560035 
 232.47828322879908569 214.54445878877140785 4.142237899051560035 
 176.44202110354530078 217.36600563964950084 4.142237899051560035 
 197.15299586737029358 224.0098410096635746 4.142237899051560035 
 141.11673374211656551  226.831387860541696 4.142237899051560035 
 161.82770850594150147 233.47522323055576976 4.142237899051560035 
 105.79144638068774498 236.29677008143389116 4.142237899051560035 
 126.50242114451272357 242.94060545144796492 4.142237899051560035 
 70.466159019258952867 245.76215230232608633 4.142237899051560035 
 91.177133783083931462 252.40598767234016009 4.142237899051560035 
 35.140871657830160757 255.22753452321825307 4.142237899051560035 
  247.092595826402885 198.43524119786513893 4.142237899051560035 
