 211.45209311670436136 22.824622272149255764 4.142237899051560035 
 229.73780740241863896 34.602469153174190808 4.142237899051560035 
 174.88066454527577775 22.824622272149255764 4.142237899051560035 
 193.16637883099005535 34.602469153174190808 4.142237899051560035 
 138.30923597384722257 22.824622272149255764 4.142237899051560035 
 156.59495025956147174 34.602469153174190808 4.142237899051560035 
 101.73780740241863896 22.824622272149255764 4.142237899051560035 
 120.02352168813293076 34.602469153174190808 4.142237899051560035 
 65.166378830990069559 22.824622272149255764 4.142237899051560035 
 83.452093116704347153 34.602469153174190808 4.142237899051560035 
 28.594950259561482397 22.824622272149255764 4.142237899051560035 
 46.880664545275770649 34.602469153174190808 4.142237899051560035 
 248.0235216881329734 22.824622272149241553 4.142237899051560035 
 10.309235973847222567 34.602469153174205019 4.142237899051560035 
 211.45209311670436136 46.380316034199132957 4.142237899051560035 
 229.73780740241863896 58.158162915224068001 4.142237899051560035 
 174.88066454527577775 46.380316034199132957 4.142237899051560035 
 193.16637883099005535 58.158162915224068001 4.142237899051560035 
 138.30923597384722257 46.380316034199132957 4.142237899051560035 
 156.59495025956147174 58.158162915224068001 4.142237899051560035 
 101.73780740241863896 46.380316034199132957 4.142237899051560035 
 120.02352168813293076 58.158162915224068001 4.142237899051560035 
 65.166378830990069559 46.380316034199132957 4.142237899051560035 
 83.452093116704347153 58.158162915224068001 4.142237899051560035 
 28.594950259561482397 46.380316034199132957 4.142237899051560035 
 46.880664545275770649 58.158162915224068001 4.142237899051560035 
 248.0235216881329734 46.380316034199118747 4.142237899051560035 
 10.309235973847222567 58.158162915224082212 4.142237899051560035 
 211.45209311670436136 69.936009796249010151 4.142237899051560035 
 229.73780740241863896 81.713856677273923879 4.142237899051560035 
 174.88066454527577775 69.936009796249010151 4.142237899051560035 
 193.16637883099005535 81.713856677273923879 4.142237899051560035 
 138.30923597384722257 69.936009796249010151 4.142237899051560035 
 156.59495025956147174 81.713856677273938089 4.142237899051560035 
 101.73780740241863896 69.936009796249010151 4.142237899051560035 
 120.02352168813293076 81.713856677273938089 4.142237899051560035 
 65.166378830990069559 69.936009796249010151 4.142237899051560035 
 83.452093116704347153 81.713856677273938089 4.142237899051560035 
 28.594950259561482397 69.936009796249010151 4.142237899051560035 
 46.880664545275770649  81.7138566772739523 4.142237899051560035 
 248.0235216881329734 69.936009796249010151 4.142237899051560035 
 10.309235973847222567  81.7138566772739523 4.142237899051560035 
 211.45209311670436136 93.491703558298880239 4.142237899051560035 
 229.73780740241863896 105.2695504393238366 4.142237899051560035 
 174.88066454527580618 93.49170355829889445 4.142237899051560035 
 193.16637883099005535 105.2695504393238366 4.142237899051560035 
 138.30923597384722257 93.49170355829889445 4.142237899051560035 
 156.59495025956147174 105.2695504393238366 4.142237899051560035 
 101.73780740241863896 93.49170355829889445 4.142237899051560035 
 120.02352168813293076 105.2695504393238366 4.142237899051560035 
 65.166378830990069559 93.491703558298908661 4.142237899051560035 
 83.452093116704347153 105.2695504393238366 4.142237899051560035 
 28.594950259561482397 93.491703558298908661 4.142237899051560035 
 46.880664545275770649 105.2695504393238366 4.142237899051560035 
 248.0235216881329734 93.491703558298880239 4.142237899051560035 
 10.309235973847222567 105.2695504393238366 4.142237899051560035 
 211.45209311670436136 117.04739732034876454 4.142237899051560035 
 229.73780740241863896 128.8252442013737209 4.142237899051560035 
 174.88066454527580618 117.04739732034876454 4.142237899051560035 
 193.16637883099005535 128.8252442013737209 4.142237899051560035 
 138.30923597384722257 117.04739732034876454 4.142237899051560035 
 156.59495025956147174 128.8252442013737209 4.142237899051560035 
 101.73780740241863896 117.04739732034876454 4.142237899051560035 
 120.02352168813293076 128.8252442013737209 4.142237899051560035 
 65.166378830990069559 117.04739732034876454 4.142237899051560035 
 83.452093116704347153 128.8252442013737209 4.142237899051560035 
 28.594950259561482397 117.04739732034876454 4.142237899051560035 
 46.880664545275770649 128.8252442013737209 4.142237899051560035 
 248.0235216881329734 117.04739732034875033 4.142237899051560035 
 10.309235973847222567 128.8252442013737209 4.142237899051560035 
 211.45209311670436136 140.60309108239863463 4.142237899051560035 
 229.73780740241863896 152.38093796342354835 4.142237899051560035 
 174.88066454527580618 140.60309108239863463 4.142237899051560035 
 193.16637883099005535 152.38093796342354835 4.142237899051560035 
 138.30923597384722257 140.60309108239863463 4.142237899051560035 
 156.59495025956147174 152.38093796342357678 4.142237899051560035 
 101.73780740241863896 140.60309108239866305 4.142237899051560035 
 120.02352168813293076 152.38093796342357678 4.142237899051560035 
 65.166378830990069559 140.60309108239866305 4.142237899051560035 
 83.452093116704347153 152.38093796342357678 4.142237899051560035 
 28.594950259561482397 140.60309108239866305 4.142237899051560035 
 46.880664545275770649 152.38093796342357678 4.142237899051560035 
 248.0235216881329734 140.60309108239863463 4.142237899051560035 
 10.309235973847222567 152.38093796342357678 4.142237899051560035 
 211.45209311670436136 164.15878484444851892 4.142237899051560035 
 229.73780740241863896 175.93663172547346107 4.142237899051560035 
 174.88066454527580618 164.15878484444854735 4.142237899051560035 
 193.16637883099005535 175.93663172547346107 4.142237899051560035 
 138.30923597384722257 164.15878484444854735 4.142237899051560035 
 156.59495025956150016 175.9366317254734895 4.142237899051560035 
 101.73780740241863896 164.15878484444854735 4.142237899051560035 
 120.02352168813293076 175.9366317254734895 4.142237899051560035 
 65.166378830990069559 164.15878484444854735 4.142237899051560035 
 83.452093116704347153 175.9366317254734895 4.142237899051560035 
 28.594950259561482397 164.15878484444854735 4.142237899051560035 
 46.880664545275770649 175.9366317254734895 4.142237899051560035 
 248.0235216881329734 164.15878484444851892 4.142237899051560035 
 10.309235973847222567 175.9366317254734895 4.142237899051560035 
 211.45209311670436136 187.7144786064983748 4.142237899051560035 
 229.73780740241863896 199.49232548752334537 4.142237899051560035 
 174.88066454527580618 187.7144786064983748 4.142237899051560035 
 193.16637883099005535 199.49232548752334537 4.142237899051560035 
 138.30923597384722257 187.7144786064983748 4.142237899051560035 
 156.59495025956150016 199.49232548752334537 4.142237899051560035 
 101.73780740241863896 187.7144786064983748 4.142237899051560035 
 120.02352168813293076 199.49232548752334537 4.142237899051560035 
 65.166378830990069559 187.71447860649840322 4.142237899051560035 
 83.452093116704347153 199.49232548752334537 4.142237899051560035 
 28.594950259561482397 187.71447860649840322 4.142237899051560035 
 46.880664545275770649 199.49232548752334537 4.142237899051560035 
 248.0235216881329734 187.7144786064983748 4.142237899051560035 
 10.309235973847222567 199.49232548752337379 4.142237899051560035 
 211.45209311670436136 211.27017236854828752 4.142237899051560035 
 229.73780740241863896 223.04801924957322967 4.142237899051560035 
 174.88066454527580618 211.27017236854828752 4.142237899051560035 
 193.16637883099005535 223.04801924957322967 4.142237899051560035 
 138.30923597384722257 211.27017236854828752 4.142237899051560035 
 156.59495025956150016 223.04801924957322967 4.142237899051560035 
 101.73780740241863896 211.27017236854828752 4.142237899051560035 
 120.02352168813293076 223.04801924957322967 4.142237899051560035 
 65.166378830990069559 211.27017236854828752 4.142237899051560035 
 83.452093116704347153 223.04801924957322967 4.142237899051560035 
 28.594950259561482397 211.27017236854828752 4.142237899051560035 
 46.880664545275770649 223.04801924957322967 4.142237899051560035 
 248.0235216881329734 211.2701723685482591 4.142237899051560035 
 10.309235973847222567 223.04801924957322967 4.142237899051560035 
 211.45209311670436136 234.8258661305981434 4.142237899051560035 
 229.73780740241863896 246.60371301162308555 4.142237899051560035 
 174.88066454527580618 234.8258661305981434 4.142237899051560035 
 193.16637883099008377 246.60371301162308555 4.142237899051560035 
 138.30923597384722257 234.8258661305981434 4.142237899051560035 
 156.59495025956150016 246.60371301162308555 4.142237899051560035 
 101.73780740241863896 234.8258661305981434 4.142237899051560035 
 120.02352168813293076 246.60371301162308555 4.142237899051560035 
 65.166378830990069559 234.8258661305981434 4.142237899051560035 
 83.452093116704347153 246.60371301162308555 4.142237899051560035 
 28.594950259561482397 234.8258661305981434 4.142237899051560035 
 46.88066454527578486 246.60371301162308555 4.142237899051560035 
 248.0235216881329734 234.8258661305981434 4.142237899051560035 
 10.309235973847236778 246.60371301162311397 4.142237899051560035 
