 64.990123888526653673 3.4122702696326663308 4.1006063774044765324 
 58.364356333902144058 28.139971422632797271 4.1006063774044765324 
 69.626543145810572355 31.157665283892104213 4.1006063774044765324 
 76.252310700435103286 6.4299641308919701643 4.1006063774044765324 
 51.738588779277606022 52.867672575632944643 4.1006063774044765324 
 45.112821224653075092 77.595373728633092014 4.1006063774044765324 
 56.375008036561510494 80.613067589892395404 4.1006063774044765324 
 63.00077559118604853 55.885366436892248032 4.1006063774044765324 
 38.487053670028558372 102.32307488163323228 4.1006063774044765324 
 31.861286115404020336 127.05077603463340097 4.1006063774044765324 
 43.123472927312455738 130.06846989589271857 4.1006063774044765324 
 49.749240481936993774 105.34076874289254988 4.1006063774044765324 
 25.235518560779485853 151.77847718763354123 4.1006063774044765324 
 18.609751006154951369 176.5061783406336815 4.1006063774044765324 
 29.871937818063386771 179.52387220189297068 4.1006063774044765324 
 36.497705372687924807 154.79617104889285883 4.1006063774044765324 
 11.983983451530418662 201.23387949363385019 4.1006063774044765324 
 5.3582158969059117126 225.96158064663393361 4.1006063774044765324 
 16.620402708814346227 228.97927450789325121 4.1006063774044765324 
 23.246170263438855841 204.25157335489313937 4.1006063774044765324 
 87.514497512343538688 9.447657992151274442 4.1006063774044765324 
 80.888729957719007757 34.17535914515140405 4.1006063774044765324 
 92.150916769627443159 37.193053006410707439 4.1006063774044765324 
 98.77668432425197409 12.465351853410577831 4.1006063774044765324 
 74.262962403094462616 58.903060298151551422 4.1006063774044765324 
 67.637194848469931685 83.630761451151698793 4.1006063774044765324 
 78.899381660378381298 86.648455312411002183 4.1006063774044765324 
 85.525149215002898018 61.920754159410854811 4.1006063774044765324 
 61.011427293845414965 108.35846260415185327 4.1006063774044765324 
 54.385659739220876929 133.08616375715200775 4.1006063774044765324 
 65.647846551129319437 136.10385761841132535 4.1006063774044765324 
 72.273614105753864578 111.37615646541115666 4.1006063774044765324 
 47.759892184596345999 157.81386491015214801 4.1006063774044765324 
 41.134124629971822174 182.54156606315228828 4.1006063774044765324 
 52.396311441880257576 185.55925992441157746 4.1006063774044765324 
 59.022078996504795612 160.83155877141146561 4.1006063774044765324 
 34.508357075347291243 207.26926721615245697 4.1006063774044765324 
 27.88258952072275676 231.99696836915254039 4.1006063774044765324 
 39.14477633263120282 235.01466223041185799 4.1006063774044765324 
 45.770543887255726645 210.28696107741174615 4.1006063774044765324 
 110.03887113616040949 15.483045714669881221 4.1006063774044765324 
 103.41310358153587856 40.210746867670017934 4.1006063774044765324 
 114.67529039344429975 43.228440728929307113 4.1006063774044765324 
 121.30105794806881647  18.5007395759291704 4.1006063774044765324 
 96.78733602691133342 64.938448020670165306 4.1006063774044765324 
  90.1615684722868167 89.666149173670305572 4.1006063774044765324 
 101.42375528419522368 92.683843034929608962 4.1006063774044765324 
 108.04952283881975461 67.956141881929468695 4.1006063774044765324 
 83.53580091766229998 114.39385032667046005 4.1006063774044765324 
 76.910033363037754839 139.12155147967064295 4.1006063774044765324 
 88.17222017494617603 142.13924534092993213 4.1006063774044765324 
 94.797987729570706961 117.41154418792976344 4.1006063774044765324 
 70.284265808413223908 163.84925263267075479 4.1006063774044765324 
 63.658498253788692978 188.57695378567089506 4.1006063774044765324 
 74.920685065697099958 191.59464764693021266 4.1006063774044765324 
 81.546452620321630889 166.86694649393007239 4.1006063774044765324 
 57.032730699164162047 213.30465493867109217 4.1006063774044765324 
 50.406963144539638222 238.03235609167114717 4.1006063774044765324 
 61.669149956448066519 241.05004995293046477 4.1006063774044765324 
 68.294917511072569027 216.32234879993035293 4.1006063774044765324 
 132.56324475997723766 21.518433437188491553 4.1006063774044765324 
 125.93747720535273515 46.246134590188624713 4.1006063774044765324 
 137.19966401726114213 49.263828451447928103 4.1006063774044765324 
 143.82543157188567307 24.536127298447794942 4.1006063774044765324 
 119.31170965072819001 70.973835743188772085 4.1006063774044765324 
 112.68594209610367329 95.701536896188912351 4.1006063774044765324 
 123.94812890801209448 98.719230757448215741 4.1006063774044765324 
 130.5738964626366112 73.991529604448075474 4.1006063774044765324 
 106.06017454147914236 120.42923804918906683 4.1006063774044765324 
 99.434406986854611432 145.15693920218924973 4.1006063774044765324 
 110.69659379876304683 148.17463306344853891 4.1006063774044765324 
 117.32236135338757776 123.44693191044837022 4.1006063774044765324 
 92.808639432230080502 169.88464035518936157 4.1006063774044765324 
 86.182871877605549571 194.61234150818950184 4.1006063774044765324 
 97.445058689513970762 197.63003536944881944 4.1006063774044765324 
 104.0708262441385159 172.90233421644867917 4.1006063774044765324 
 79.55710432298101864 219.34004266118969895 4.1006063774044765324 
 72.931336768356501921 244.06774381418975395 4.1006063774044765324 
 84.193523580264923112 247.08543767544909997 4.1006063774044765324 
 90.819291134889439832 222.3577365224489597 4.1006063774044765324 
 155.08761838379410847 27.553821159707098332 4.1006063774044765324 
 148.46185082916957754 52.281522312707231492 4.1006063774044765324 
 159.72403764107798452 55.299216173966520671 4.1006063774044765324 
 166.34980519570254387 30.57151502096638751 4.1006063774044765324 
 141.83608327454504661 77.009223465707378864 4.1006063774044765324 
 135.21031571992051568 101.73692461870751913 4.1006063774044765324 
 146.47250253182892266 104.75461847996682252 4.1006063774044765324 
 153.09827008645345359 80.026917326966668043 4.1006063774044765324 
 128.58454816529598475 126.46462577170767361 4.1006063774044765324 
 121.95878061067146803 151.19232692470785651 4.1006063774044765324 
 133.22096742257988922 154.21002078596711726 4.1006063774044765324 
 139.84673497720442015 129.48231963296694857 4.1006063774044765324 
 115.33301305604693709 175.92002807770796835 4.1006063774044765324 
 108.70724550142240616 200.64772923070810862 4.1006063774044765324 
 119.96943231333081314 203.6654230919673978 4.1006063774044765324 
 126.59519986795535829 178.93772193896725753 4.1006063774044765324 
 102.08147794679787523 225.37543038370830573 4.1006063774044765324 
 95.455710392173344303 250.10313153670838915 4.1006063774044765324 
 106.71789720408176549 253.12082539796767833 4.1006063774044765324 
 113.34366475870628221 228.39312424496756648 4.1006063774044765324 
 177.61199200761097927  33.5892088822256909 4.1006063774044765324 
 170.98622445298644834 58.31691003522582406 4.1006063774044765324 
 182.24841126489488374 61.334603896485141661 4.1006063774044765324 
 188.8741788195194431  36.6069027434850085 4.1006063774044765324 
 164.36045689836188899 83.044611188225985643 4.1006063774044765324 
 157.73468934373738648 107.77231234122612591 4.1006063774044765324 
 168.99687615564582188 110.7900062024854293 4.1006063774044765324 
 175.62264371027035281 86.062305049485289032 4.1006063774044765324 
 151.10892178911285555 132.50001349422626618 4.1006063774044765324 
 144.48315423448832462 157.22771464722646328 4.1006063774044765324 
 155.74534104639676002 160.24540850848575246 4.1006063774044765324 
 162.37110860102129095 135.51770735548558378 4.1006063774044765324 
 137.85738667986379369 181.95541580022657513 4.1006063774044765324 
 131.23161912523926276 206.6831169532267154 4.1006063774044765324 
 142.49380593714772658  209.700810814486033 4.1006063774044765324 
 149.11957349177222909 184.97310966148589273 4.1006063774044765324 
 124.60585157061471762 231.41081810622688408 4.1006063774044765324 
 117.98008401599021511 256.13851925922699593 4.1006063774044765324 
 135.86803838252316723 234.42851196748617326 4.1006063774044765324 
 200.1363656314278785 39.62459660474431189 4.1006063774044765324 
 193.51059807680331915 64.352297757744452156 4.1006063774044765324 
 204.77278488871175455 67.369991619003755545 4.1006063774044765324 
 211.3985524433363139 42.642290466003615279 4.1006063774044765324 
 186.88483052217878821 89.079998910744606633 4.1006063774044765324 
 180.25906296755425728 113.8077000637447469 4.1006063774044765324 
 191.52124977946272111 116.82539392500405029 4.1006063774044765324 
 198.14701733408722362 92.097692772003910022 4.1006063774044765324 
 173.63329541292975478 138.53540121674490138 4.1006063774044765324 
 167.00752785830519542 163.26310236974507006 4.1006063774044765324 
 178.26971467021365925 166.28079623100435924 4.1006063774044765324 
 184.89548222483819018 141.55309507800419055 4.1006063774044765324 
 160.38176030368069291 187.99080352274518191 4.1006063774044765324 
 153.75599274905616198 212.71850467574532217 4.1006063774044765324 
 165.01817956096459739 215.73619853700463977 4.1006063774044765324 
 171.64394711558912832 191.00849738400449951 4.1006063774044765324 
 147.13022519443163105 237.44620582874551928 4.1006063774044765324 
 158.39241200634006645 240.46389969000478004 4.1006063774044765324 
 222.66073925524469246 45.659984327262904458 4.1006063774044765324 
 216.03497170062013311 70.387685480263044724 4.1006063774044765324 
 227.29715851252862535 73.405379341522362324 4.1006063774044765324 
 233.92292606715312786 48.677678188522222058 4.1006063774044765324 
 209.4092041459956306 95.115386633263199201 4.1006063774044765324 
 202.78343659137107124 119.84308778626335368 4.1006063774044765324 
 214.04562340327953507 122.86078164752265707 4.1006063774044765324 
 220.67139095790403758 98.13308049452250259 4.1006063774044765324 
 196.15766903674656874 144.57078893926347973 4.1006063774044765324 
 189.53190148212203781 169.29849009226367684 4.1006063774044765324 
 200.79408829403047321 172.3161839535229376 4.1006063774044765324 
 207.41985584865500414 147.58848280052282576 4.1006063774044765324 
 182.90613392749750687 194.02619124526378869 4.1006063774044765324 
 176.28036637287297594 218.75389239826392895 4.1006063774044765324 
 187.54255318478141135 221.77158625952324655 4.1006063774044765324 
 194.16832073940594228 197.04388510652310629 4.1006063774044765324 
 169.65459881824844501 243.48159355126409764 4.1006063774044765324 
 180.91678563015688042 246.49928741252338682 4.1006063774044765324 
 245.18511287906159168 51.695372049781532553 4.1006063774044765324 
 238.55934532443706075 76.423073202781665714 4.1006063774044765324 
 249.82153213634549616 79.440767064040969103 4.1006063774044765324 
 256.44729969096999866 54.713065911040835942 4.1006063774044765324 
 231.9335777698125014 101.15077435578180598 4.1006063774044765324 
 225.30781021518797047 125.87847550878197467 4.1006063774044765324 
 236.56999702709640587 128.89616937004129227 4.1006063774044765324 
 243.1957645817209368 104.16846821704112358 4.1006063774044765324 
 218.68204266056343954 150.60617666178211493 4.1006063774044765324 
 212.05627510593893703 175.33387781478228362 4.1006063774044765324 
 223.31846191784734401 178.3515716760415728 4.1006063774044765324 
 229.94422947247190336 153.62387052304143253 4.1006063774044765324 
 205.43050755131437768 200.06157896778239547 4.1006063774044765324 
 198.80473999668987517 224.78928012078253573 4.1006063774044765324 
 210.06692680859831057 227.80697398204185333 4.1006063774044765324 
 216.6926943632228415 203.07927282904171307 4.1006063774044765324 
 192.17897244206534424 249.51698127378273284 4.1006063774044765324 
 203.44115925397377964 252.5346751350419936 4.1006063774044765324 
 47.102169521993722867 25.122277561373493882 4.1006063774044765324 
 254.45795139362931536 107.18616207830041276 4.1006063774044765324 
 247.83218383900481285 131.91386323130055302 4.1006063774044765324 
 33.850634412744653901 74.577679867373788625 4.1006063774044765324 
 40.476401967369184831 49.849978714373641253 4.1006063774044765324 
 241.20641628438028192 156.64156438430069329 4.1006063774044765324 
 234.58064872975575099 181.3692655373008904 4.1006063774044765324 
 20.599099303495599145 124.03308217337409758 4.1006063774044765324 
 27.224866858120133628 99.305381020373928891 4.1006063774044765324 
 227.95488117513122006 206.09696669030103067 4.1006063774044765324 
 221.32911362050668913 230.82466784330114251 4.1006063774044765324 
 7.347564194246544389 173.4884844793743639 4.1006063774044765324 
 13.973331748871064661 148.76078332637425206 4.1006063774044765324 
 214.7033460658821582 255.55236899630128278 4.1006063774044765324 
