 164.02888531284310147 9.5505285682813152448 4.1006063774044765324 
 136.02889810311273777 12.253128109749704677 4.1006063774044765324 
 113.85864776623112959 25.05312810974971427 4.1006063774044765324 
 119.68838463907981406 35.150528568281330877 4.1006063774044765324 
 141.85863497596142224 22.350528568281323061 4.1006063774044765324 
 91.688397429349492995 37.853128109749704322 4.1006063774044765324 
 69.518147092467856396 50.653128109749715691 4.1006063774044765324 
 75.347883965316555077 60.750528568281332298 4.1006063774044765324 
 97.518134302198177465 47.950528568281328035 4.1006063774044765324 
 47.347896755586234008 63.453128109749712848 4.1006063774044765324 
 25.177646418704640041 76.253128109749724217 4.1006063774044765324 
 31.007383291553328064 86.350528568281333719 4.1006063774044765324 
 53.177633628434925583 73.55052856828132235 4.1006063774044765324 
 3.0073960818229843461 89.053128109749721375 4.1006063774044765324 
 8.8371329546716754777 99.150528568281345088 4.1006063774044765324 
 192.02887252257337991 6.8479290268129542341 4.1006063774044765324 
 169.85862218569175752 19.647929026812963826 4.1006063774044765324 
 175.68835905854044199 29.745329485344580434 4.1006063774044765324 
 197.85860939542206438 16.945329485344572618 4.1006063774044765324 
 147.68837184881013513 32.447929026812957432 4.1006063774044765324 
 125.51812151192849853 45.247929026812961695 4.1006063774044765324 
 131.34785838477719722 55.345329485344585407 4.1006063774044765324 
 153.5181087216588196 42.54532948534458825 4.1006063774044765324 
 103.34787117504687615 58.047929026812958853 4.1006063774044765324 
 81.177620838165239547 70.847929026812963116 4.1006063774044765324 
 87.007357711013938228 80.945329485344586828 4.1006063774044765324 
 109.17760804789556062 68.145329485344589671 4.1006063774044765324 
 59.007370501283617159 83.647929026812960274 4.1006063774044765324 
 36.837120164402008982 96.447929026812957432 4.1006063774044765324 
 42.666857037250700557 106.54532948534459535 4.1006063774044765324 
 64.837107374132301629 93.745329485344598197 4.1006063774044765324 
 14.666869827520367053 109.2479290268129688 4.1006063774044765324 
 20.496606700369042642 119.34532948534459251 4.1006063774044765324 
 203.68834626827074885 27.042729943876221199 4.1006063774044765324 
 181.51809593138912646 39.842729943876214804 4.1006063774044765324 
 187.34783280423778251 49.940130402407817201 4.1006063774044765324 
 209.51808314111946174 37.140130402407827148 4.1006063774044765324 
 159.34784559450750407 52.642729943876211962 4.1006063774044765324 
 137.17759525762588169 65.442729943876216225 4.1006063774044765324 
 143.00733213047456616 75.540130402407839938 4.1006063774044765324 
 165.17758246735618854 62.740130402407828569 4.1006063774044765324 
 115.0073449207442593 78.242729943876227594 4.1006063774044765324 
 92.837094583862608488 91.042729943876238963 4.1006063774044765324 
 98.666831456711292958 101.14013040240783425 4.1006063774044765324 
 120.83708179359292956 88.340130402407851307 4.1006063774044765324 
 70.66684424698100031 103.84272994387622191 4.1006063774044765324 
 48.496593910099370817 116.64272994387621907 4.1006063774044765324 
 54.326330782948062392 126.74013040240784278 4.1006063774044765324 
 76.49658111982967057 113.94013040240783141 4.1006063774044765324 
 26.326343573217734217 129.44272994387623044 4.1006063774044765324 
 4.1560932363361215991 142.2427299438762418 4.1006063774044765324 
 9.9858301091847980757 152.34013040240782288 4.1006063774044765324 
 32.156080446066411582 139.54013040240783994 4.1006063774044765324 
 215.34782001396814621 47.237530860939457966 4.1006063774044765324 
 193.1775696770864954 60.037530860939469335 4.1006063774044765324 
 199.00730654993517987 70.134931319471078837 4.1006063774044765324 
 221.17755688681683068 57.334931319471074573 4.1006063774044765324 
 171.00731934020490144 72.837530860939466493 4.1006063774044765324 
 148.83706900332325063 85.637530860939463651 4.1006063774044765324 
 154.6668058761719351 95.734931319471087363 4.1006063774044765324 
 176.83705621305358591 82.934931319471075994 4.1006063774044765324 
 126.66681866644161403 98.437530860939460808 4.1006063774044765324 
 104.49656832955997743 111.23753086093947218 4.1006063774044765324 
 110.32630520240867611 121.33493131947109589 4.1006063774044765324 
 132.49655553929028429 108.53493131947108452 4.1006063774044765324 
 82.326317992678369251 124.03753086093946933 4.1006063774044765324 
 60.156067655796753968 136.83753086093946649 4.1006063774044765324 
 65.985804528645445544 146.93493131947107599 4.1006063774044765324 
 88.15605486552703951 134.13493131947109305 4.1006063774044765324 
 37.985817318915103158 149.63753086093947786 4.1006063774044765324 
 15.815566982033489651 162.43753086093948923 4.1006063774044765324 
 21.645303854882179451 172.53493131947109873 4.1006063774044765324 
 43.815554191763794734 159.73493131947108736 4.1006063774044765324 
 227.00729375966548673 67.432331778002691181 4.1006063774044765324 
 204.83704342278386434 80.232331778002702549 4.1006063774044765324 
 210.66678029563254881 90.329732236534326262 4.1006063774044765324 
 232.8370306325141712 77.529732236534329104 4.1006063774044765324 
 182.66679308590224196 93.032331778002713918 4.1006063774044765324 
 160.49654274902061957 105.83233177800272529 4.1006063774044765324 
 166.32627962186930404 115.92973223653433479 4.1006063774044765324 
 188.49652995875092643 103.12973223653433763 4.1006063774044765324 
 138.32629241213899718 118.63233177800272244 4.1006063774044765324 
 116.15604207525736058 131.4323317780027196 4.1006063774044765324 
 121.98577894810604505 141.52973223653435753 4.1006063774044765324 
 144.15602928498768165 128.72973223653434616 4.1006063774044765324 
 93.985791738375738191 144.23233177800273097 4.1006063774044765324 
 71.815541401494130014 157.03233177800271392 4.1006063774044765324 
 77.645278274342800273 167.12973223653435184 4.1006063774044765324 
 99.815528611224422662 154.32973223653434047 4.1006063774044765324 
 49.645291064612472098 169.83233177800269686 4.1006063774044765324 
 27.475040727730856815 182.63233177800270823 4.1006063774044765324 
 33.304777600579548391 192.72973223653437458 4.1006063774044765324 
 55.475027937461163674 179.92973223653436321 4.1006063774044765324 
 238.66676750536288409 87.627132695065952817 4.1006063774044765324 
 216.49651716848126171 100.42713269506594997 4.1006063774044765324 
 222.32625404132994618 110.5245331535975879 4.1006063774044765324 
 244.49650437821156856 97.724533153597576529 4.1006063774044765324 
 194.3262668315996109 113.22713269506594713 4.1006063774044765324 
 172.15601649471798851 126.0271326950659585 4.1006063774044765324 
 177.9857533675667014 136.12453315359761064 4.1006063774044765324 
 200.15600370444832379 123.32453315359759927 4.1006063774044765324 
 149.9857661578363377 138.82713269506595566 4.1006063774044765324 
 127.81551582095471531 151.62713269506596703 4.1006063774044765324 
 133.64525269380339978 161.72453315359760495 4.1006063774044765324 
 155.81550303068505059 148.92453315359759358 4.1006063774044765324 
 105.64526548407310713 164.42713269506594997 4.1006063774044765324 
 83.475015147191484743 177.22713269506596134 4.1006063774044765324 
 89.304752020040183424 187.32453315359757084 4.1006063774044765324 
 111.4750023569217916 174.52453315359761632 4.1006063774044765324 
 61.304764810309848144 190.02713269506597271 4.1006063774044765324 
 39.134514473428239967 202.82713269506598408 4.1006063774044765324 
 44.964251346276931542 212.92453315359759358 4.1006063774044765324 
 67.134501683158546825 200.12453315359761064 4.1006063774044765324 
 250.32624125106025303 107.82193361212922866 4.1006063774044765324 
 228.15599091417863065 120.62193361212922582 4.1006063774044765324 
 233.98572778702731512 130.71933407066086374 4.1006063774044765324 
 256.15597812390888066 117.91933407066086659 4.1006063774044765324 
 205.98574057729700826 133.42193361212920877 4.1006063774044765324 
 183.81549024041538587 146.22193361212922014 4.1006063774044765324 
 189.64522711326407034 156.31933407066088648 4.1006063774044765324 
 211.81547745014569273 143.51933407066087511 4.1006063774044765324 
 161.64523990353373506 159.02193361212923151 4.1006063774044765324 
 139.47498956665208425 171.82193361212924287 4.1006063774044765324 
 145.30472643950082556 181.91933407066085238 4.1006063774044765324 
 167.47497677638244795 169.11933407066086943 4.1006063774044765324 
 117.30473922977049028 184.62193361212922582 4.1006063774044765324 
 95.134488892888867895 197.42193361212923719 4.1006063774044765324 
 100.96422576573756658 207.51933407066087511 4.1006063774044765324 
 123.13447610261918896 194.71933407066086374 4.1006063774044765324 
 72.964238556007231296 210.22193361212924856 4.1006063774044765324 
 50.793988219125623118 223.02193361212925993 4.1006063774044765324 
 56.623725091974314694 233.11933407066089785 4.1006063774044765324 
 78.793975428855929977 220.31933407066088648 4.1006063774044765324 
 239.81546465987597117 140.81673452919244482 4.1006063774044765324 
 245.64520153272468406 150.91413498772408275 4.1006063774044765324 
 217.64521432299434878 153.61673452919245619 4.1006063774044765324 
 195.47496398611272639 166.41673452919246756 4.1006063774044765324 
 201.30470085896141086 176.51413498772407706 4.1006063774044765324 
 223.47495119584306167 163.71413498772409412 4.1006063774044765324 
  173.304713649231104 179.21673452919245051 4.1006063774044765324 
 151.13446331234945319 192.01673452919246188 4.1006063774044765324 
 156.96420018519813766 202.1141349877240998 4.1006063774044765324 
 179.13445052207978847 189.31413498772408843 4.1006063774044765324 
 128.96421297546785922 204.81673452919247325 4.1006063774044765324 
 106.79396263858622262 217.61673452919242777 4.1006063774044765324 
 112.62369951143492131 227.71413498772409412 4.1006063774044765324 
 134.79394984831654369 214.91413498772408275 4.1006063774044765324 
 84.623712301704586025 230.41673452919246756 4.1006063774044765324 
 62.453461964822977848 243.21673452919245051 4.1006063774044765324 
 68.283198837671662318 253.31413498772408843 4.1006063774044765324 
 90.453449174553284706 240.51413498772410549 4.1006063774044765324 
 251.47493840557336853 161.01153544625572067 4.1006063774044765324 
 229.30468806869174614 173.81153544625573204 4.1006063774044765324 
 207.13443773181012375 186.61153544625574341 4.1006063774044765324 
 212.96417460465880822 196.70893590478738133 4.1006063774044765324 
 235.13442494154043061 183.90893590478734154 4.1006063774044765324 
 184.96418739492850136 199.41153544625572636 4.1006063774044765324 
 162.79393705804682213 212.2115354462557093 4.1006063774044765324 
 168.62367393089556344 222.30893590478737565 4.1006063774044765324 
 190.79392426777718583 209.50893590478736428 4.1006063774044765324 
 140.62368672116522816 225.01153544625572067 4.1006063774044765324 
 118.45343638428360578 237.81153544625573204 4.1006063774044765324 
 124.28317325713231867 247.90893590478734154 4.1006063774044765324 
 146.45342359401391263 235.10893590478738702 4.1006063774044765324 
 96.283186047401969176 250.61153544625574341 4.1006063774044765324 
 240.96416181438908666 194.00633636331895104 4.1006063774044765324 
 218.79391147750746427 206.80633636331893399 4.1006063774044765324 
 108.02891089338245934 14.95572765121809411 4.1006063774044765324 
 130.19916123026408172 2.1557276512180854056 4.1006063774044765324 
 196.62366114062584188 219.60633636331894536 4.1006063774044765324 
 174.45341080374421949 232.40633636331895673 4.1006063774044765324 
 63.688410219619186137 40.555727651218099084 4.1006063774044765324 
 85.858660556500808525 27.755727651218087715 4.1006063774044765324 
 152.2831604668625971 245.20633636331893968 4.1006063774044765324 
 19.347909545855948465 66.155727651218100505 4.1006063774044765324 
 41.518159882737556643 53.355727651218089136 4.1006063774044765324 
