 166.32012814745209539 7.0459866384875651235 4.1006063774044765324 
 169.33782200871141299 18.308173450395987203 4.1006063774044765324 
 194.06552316171152484 11.68240589577145272 4.1006063774044765324 
 141.5924269944519267 13.671754193112098719 4.1006063774044765324 
 116.86472584145178644 20.297521747736631426 4.1006063774044765324 
 119.88241970271108983 31.55970855964505617 4.1006063774044765324 
 144.6101208557112443 24.933941005020521686 4.1006063774044765324 
 92.137024688451646171 26.923289302361151698 4.1006063774044765324 
 67.409323535451477483 33.549056856985686181 4.1006063774044765324 
 70.427017396710780872 44.811243668894107373 4.1006063774044765324 
 95.15471854971094956 38.185476114269576442 4.1006063774044765324 
 42.681622382451351427 40.174824411610224217 4.1006063774044765324 
 17.953921229451218267 46.800591966234755148 4.1006063774044765324 
 20.971615090710521656 58.062778778143162128 4.1006063774044765324 
 45.699316243710654817 51.437011223518645409 4.1006063774044765324 
 218.79322431471172195 5.0566383411469182363 4.1006063774044765324 
 197.08321702297084244 22.944592707679888122 4.1006063774044765324 
 172.35551586997070217 29.570360262304422605 4.1006063774044765324 
 175.37320973123001977 40.832547074212847349 4.1006063774044765324 
 200.10091088423013161 34.206779519588323524 4.1006063774044765324 
 147.62781471697053348 36.196127816928957088 4.1006063774044765324 
 122.90011356397039322 42.821895371553488019 4.1006063774044765324 
 125.91780742522969661 54.08408218346190921 4.1006063774044765324 
 150.64550857822985108 47.45831462883737828 4.1006063774044765324 
 98.172412410970252949 49.447662926178011844 4.1006063774044765324 
 73.444711257970084262 56.073430480802542775 4.1006063774044765324 
 76.462405119229401862 67.335617292710963966 4.1006063774044765324 
 101.19010627222955634 60.709849738086433035 4.1006063774044765324 
 48.717010104969958206 62.699198035427080811 4.1006063774044765324 
 23.989308951969825046 69.324965590051604636 4.1006063774044765324 
 27.007002813229128435 80.587152401960040038 4.1006063774044765324 
 51.734703966229261596 73.961384847335494896 4.1006063774044765324 
 221.81091817597103955 16.318825153055353638 4.1006063774044765324 
 224.82861203723032872 27.58101196496377483 4.1006063774044765324 
 2.2793016602289410955 87.212919956584570969 4.1006063774044765324 
 203.11860474548944921 45.468966331496758926 4.1006063774044765324 
 178.39090359248930895 52.094733886121282751 4.1006063774044765324 
 181.40859745374862655 63.356920698029718153 4.1006063774044765324 
 206.13629860674873839 56.731153143405194328 4.1006063774044765324 
 153.66320243948914026 58.720501440745813682 4.1006063774044765324 
 128.93550128648899999 65.346268995370351718 4.1006063774044765324 
 131.95319514774828917 76.608455807278772909 4.1006063774044765324 
 156.68089630074845786 69.982688252654256189 4.1006063774044765324 
 104.20780013348885973 71.972036549994868437 4.1006063774044765324 
 79.480098980488705251 78.597804104619399368 4.1006063774044765324 
 82.497792841748008641 89.85999091652783477 4.1006063774044765324 
 107.22549399474816312 83.234223361903303839 4.1006063774044765324 
 54.752397827488564985 85.223571659243930299 4.1006063774044765324 
 30.024696674488431825 91.84933921386847544 4.1006063774044765324 
 33.042390535747735214 103.11152602577691084 4.1006063774044765324 
 57.770091688747868375 96.485758471152379911 4.1006063774044765324 
 5.2969955214882444849 98.475106768493006371 4.1006063774044765324 
 227.84630589848964632 38.843198776872213784 4.1006063774044765324 
 230.8639997597489355 50.105385588780649186 4.1006063774044765324 
 8.3146893827475629735 109.73729358040144177 4.1006063774044765324 
 209.15399246800805599 67.993339955313615519 4.1006063774044765324 
 184.42629131500791573 74.619107509938132239 4.1006063774044765324 
 187.44398517626723333 85.881294321846567641 4.1006063774044765324 
 212.17168632926734517 79.25552676722203671 4.1006063774044765324 
 159.69859016200774704 81.24487506456267738 4.1006063774044765324 
 134.97088900900760677 87.870642619187208311 4.1006063774044765324 
 137.98858287026689595 99.132829431095643713 4.1006063774044765324 
 162.71628402326706464 92.507061876471112782 4.1006063774044765324 
 110.24318785600746651 94.496410173811739242 4.1006063774044765324 
 85.51548670300731203 101.12217772843627017 4.1006063774044765324 
 88.53318056426661542 112.38436454034470557 4.1006063774044765324 
 113.2608817172667699 105.75859698572016043 4.1006063774044765324 
 60.787785550007171764 107.74794528306081531 4.1006063774044765324 
 36.060084397007038604 114.37371283768533203 4.1006063774044765324 
 39.077778258266341993 125.63589964959375322 4.1006063774044765324 
 63.805479411266475154 119.0101320949692365 4.1006063774044765324 
 11.332383244006866363 120.99948039230986296 4.1006063774044765324 
 233.88169362100828153 61.367572400689070378 4.1006063774044765324 
 236.89938748226754228 72.62975921259750578 4.1006063774044765324 
 14.350077105266169752 132.26166720421829837 4.1006063774044765324 
 215.18938019052666277 90.517713579130472112 4.1006063774044765324 
 190.46167903752652251 97.143481133755003043 4.1006063774044765324 
 193.47937289878584011 108.40566794566343845 4.1006063774044765324 
 218.20707405178595195 101.77990039103890751 4.1006063774044765324 
 165.73397788452638224 103.76924868837954818 4.1006063774044765324 
 141.00627673152621355 110.3950162430040649 4.1006063774044765324 
 144.02397059278550273 121.65720305491250031 4.1006063774044765324 
 168.75167174578567142 115.03143550028796938 4.1006063774044765324 
 116.27857557852607329 117.02078379762859583 4.1006063774044765324 
 91.550874425525918809 123.64655135225312677 4.1006063774044765324 
 94.568568286785222199 134.90873816416154796 4.1006063774044765324 
 119.29626943978537668 128.28297060953701703 4.1006063774044765324 
 66.823173272525778543 130.27231890687764349 4.1006063774044765324 
 42.095472119525652488 136.89808646150217442 4.1006063774044765324 
 45.113165980784955877 148.16027327341060982 4.1006063774044765324 
 69.840867133785081933 141.53450571878607889 4.1006063774044765324 
 17.367770966525473142 143.52385401612673377 4.1006063774044765324 
 239.9170813435268883 83.891946024505926971 4.1006063774044765324 
 242.93477520478614906 95.154132836414362373 4.1006063774044765324 
 20.385464827784780084 154.78604082803516917 4.1006063774044765324 
 221.22476791304526955 113.04208720294732871 4.1006063774044765324 
 196.49706676004512929 119.66785475757185964 4.1006063774044765324 
 199.51476062130444689 130.93004156948029504 4.1006063774044765324 
 224.24246177430458715 124.3042740148557499 4.1006063774044765324 
 171.76936560704498902 126.29362231219639057 4.1006063774044765324 
 147.04166445404482033 132.9193898668209215 4.1006063774044765324 
 150.05935831530410951 144.1815766787293569 4.1006063774044765324 
 174.7870594683042782 137.55580912410482597 4.1006063774044765324 
 122.31396330104468007 139.54515742144545243 4.1006063774044765324 
 97.586262148044525588 146.17092497606998336 4.1006063774044765324 
 100.60395600930382898 157.43311178797841876 4.1006063774044765324 
 125.33165716230398345 150.80734423335388783 4.1006063774044765324 
 72.858560995044385322 152.79669253069451429 4.1006063774044765324 
 48.130859842044259267 159.42246008531904522 4.1006063774044765324 
 51.148553703303562656 170.6846468972274522 4.1006063774044765324 
 75.876254856303688712 164.05887934260294969 4.1006063774044765324 
 23.403158689044083474 166.04822763994357615 4.1006063774044765324 
 245.95246906604549508 106.41631964832278356 4.1006063774044765324 
 248.97016292730475584 117.67850646023121897 4.1006063774044765324 
 26.420852550303372652 177.31041445185201155 4.1006063774044765324 
 227.26015563556387633 135.56646082676419951 4.1006063774044765324 
 202.53245448256373606 142.19222838138873044 4.1006063774044765324 
 205.55014834382305366 153.45441519329719426 4.1006063774044765324 
 230.27784949682319393 146.82864763867266333 4.1006063774044765324 
 177.8047533295635958 148.81799593601326137 4.1006063774044765324 
 153.07705217656345553 155.4437634906377923 4.1006063774044765324 
 156.09474603782274471 166.7059503025462277 4.1006063774044765324 
 180.82244719082288498 160.08018274792169677 4.1006063774044765324 
 128.34935102356328684 162.06953104526232323 4.1006063774044765324 
 103.62164987056313237 168.69529859988685416 4.1006063774044765324 
 106.63934373182243576 179.95748541179528956 4.1006063774044765324 
 131.36704488482260444 173.33171785717075863 4.1006063774044765324 
 78.893948717562992101 175.32106615451135667 4.1006063774044765324 
 54.166247564562866046 181.94683370913591602 4.1006063774044765324 
 57.183941425822169435 193.20902052104437985 4.1006063774044765324 
 81.911642578822295491 186.5832529664198205 4.1006063774044765324 
 29.438546411562690253 188.57260126376044695 4.1006063774044765324 
 251.98785678856410186 128.94069327213964016 4.1006063774044765324 
 255.00555064982336262 140.20288008404810398 4.1006063774044765324 
 32.456240272821993642 199.83478807566891078 4.1006063774044765324 
 233.29554335808248311 158.09083445058107031 4.1006063774044765324 
 208.56784220508234284 164.71660200520560124 4.1006063774044765324 
 211.58553606634166044 175.97878881711403665 4.1006063774044765324 
 236.31323721934180071 169.35302126248950572 4.1006063774044765324 
 183.84014105208220258 171.34236955983013218 4.1006063774044765324 
 159.11243989908206231 177.96813711445466311 4.1006063774044765324 
 162.13013376034132307 189.23032392636309851 4.1006063774044765324 
 186.85783491334149176 182.60455637173856758 4.1006063774044765324 
 134.38473874608189362 184.59390466907916561 4.1006063774044765324 
 109.65703759308173915 191.21967222370372497 4.1006063774044765324 
 112.67473145434104254 202.48185903561213195 4.1006063774044765324 
 137.40243260734121122 195.85609148098762944 4.1006063774044765324 
 84.92933644008159888 197.84543977832822748 4.1006063774044765324 
 60.201635287081472825 204.47120733295278683 4.1006063774044765324 
 63.219329148340776214 215.73339414486122223 4.1006063774044765324 
 87.94703030134090227 209.1076265902366913 4.1006063774044765324 
 35.473934134081297032 211.09697488757731776 4.1006063774044765324 
 38.491627995340600421 222.35916169948575316 4.1006063774044765324 
 239.33093108060108989 180.6152080743979127 4.1006063774044765324 
 214.60322992760094962 187.24097562902244363 4.1006063774044765324 
 217.62092378886026722 198.50316244093087903 4.1006063774044765324 
 242.34862494186040749 191.87739488630637652 4.1006063774044765324 
 189.87552877460080936 193.86674318364697456 4.1006063774044765324 
 165.14782762160066909 200.49251073827150549 4.1006063774044765324 
 168.16552148285992985 211.75469755017994089 4.1006063774044765324 
 192.89322263586009853 205.12892999555543838 4.1006063774044765324 
 140.4201264686005004 207.11827829289603642 4.1006063774044765324 
 115.69242531560034593 213.74404584752053893 4.1006063774044765324 
 118.71011917685964931 225.00623265942900275 4.1006063774044765324 
  143.437820329859818 218.38046510480447182 4.1006063774044765324 
 90.96472416260021987 220.36981340214509828 4.1006063774044765324 
 66.237023009600079604 226.99558095676962921 4.1006063774044765324 
 69.254716870859382993 238.25776776867809303 4.1006063774044765324 
 93.982418023859523259 231.63200021405353368 4.1006063774044765324 
  41.5093218565998896 233.62134851139416014 4.1006063774044765324 
  44.5270157178592072 244.88353532330262396 4.1006063774044765324 
 245.36631880311969667 203.1395816982147835 4.1006063774044765324 
 220.6386176501195564 209.76534925283928601 4.1006063774044765324 
  223.656311511378874 221.02753606474774983 4.1006063774044765324 
 248.38401266437901427 214.4017685101232189 4.1006063774044765324 
 195.91091649711941614 216.39111680746384536 4.1006063774044765324 
 171.18321534411927587 223.01688436208834787 4.1006063774044765324 
 174.20090920537856505 234.27907117399681169 4.1006063774044765324 
 198.92861035837870531 227.65330361937228076 4.1006063774044765324 
 146.45551419111910718 229.6426519167128788 4.1006063774044765324 
 121.7278130381189527 236.26841947133740973 4.1006063774044765324 
 124.74550689937825609 247.53060628324587356 4.1006063774044765324 
 149.47320805237842478 240.9048387286213142 4.1006063774044765324 
 97.000111885118826649 242.89418702596196908 4.1006063774044765324 
 72.272410732118686383 249.51995458058650001 4.1006063774044765324 
 100.01780574637813004 254.15637383787040449 4.1006063774044765324 
 47.544709579118496379 256.14572213521103095 4.1006063774044765324 
