 28.596891068272743297 12.897722520992754625 4.0885846027532251057 
 43.681835733585756998 44.897722520992751072 4.0885846027532251057 
 28.596891068272743297 23.564389187659418923 4.0885846027532251057 
 43.681835733585756998 34.231055854326086774 4.0885846027532251057 
 28.596891068272743297 55.564389187659422475 4.0885846027532251057 
 43.681835733585756998 87.56438918765941537 4.0885846027532251057 
 28.596891068272743297 66.231055854326086774 4.0885846027532251057 
 43.681835733585756998 76.897722520992758177 4.0885846027532251057 
 28.596891068272743297 98.231055854326086774 4.0885846027532251057 
 43.681835733585756998 130.23105585432608677 4.0885846027532251057 
 28.596891068272743297 108.89772252099275818 4.0885846027532251057 
 43.681835733585756998 119.56438918765941537 4.0885846027532251057 
 28.596891068272743297 140.89772252099274397 4.0885846027532251057 
 43.681835733585756998 172.89772252099274397 4.0885846027532251057 
 28.596891068272743297 151.56438918765942958 4.0885846027532251057 
 43.681835733585756998 162.23105585432608677 4.0885846027532251057 
 28.596891068272743297 183.56438918765942958 4.0885846027532251057 
 43.681835733585756998 215.56438918765940116 4.0885846027532251057 
 28.596891068272743297 194.2310558543261152 4.0885846027532251057 
 43.681835733585756998 204.89772252099274397 4.0885846027532251057 
 28.596891068272743297 226.23105585432608677 4.0885846027532251057 
 43.681835733585756998 2.231055854326073451 4.0885846027532251057 
 28.596891068272743297 236.89772252099277239 4.0885846027532251057 
 43.681835733585756998 247.56438918765942958 4.0885846027532251057 
 58.766780398898774251 12.897722520992754625 4.0885846027532251057 
 73.851725064211791505 44.897722520992751072 4.0885846027532251057 
 58.766780398898774251 23.564389187659418923 4.0885846027532251057 
 73.851725064211791505 34.231055854326086774 4.0885846027532251057 
 58.766780398898774251 55.564389187659422475 4.0885846027532251057 
 73.851725064211791505 87.56438918765941537 4.0885846027532251057 
 58.766780398898774251 66.231055854326086774 4.0885846027532251057 
 73.851725064211791505 76.897722520992758177 4.0885846027532251057 
 58.766780398898774251 98.231055854326086774 4.0885846027532251057 
 73.851725064211791505 130.23105585432608677 4.0885846027532251057 
 58.766780398898774251 108.89772252099275818 4.0885846027532251057 
 73.851725064211791505 119.56438918765941537 4.0885846027532251057 
 58.766780398898774251 140.89772252099274397 4.0885846027532251057 
 73.851725064211791505 172.89772252099274397 4.0885846027532251057 
 58.766780398898774251 151.56438918765942958 4.0885846027532251057 
 73.851725064211791505 162.23105585432608677 4.0885846027532251057 
 58.766780398898774251 183.56438918765942958 4.0885846027532251057 
 73.851725064211791505 215.56438918765940116 4.0885846027532251057 
 58.766780398898774251 194.2310558543261152 4.0885846027532251057 
 73.851725064211791505 204.89772252099274397 4.0885846027532251057 
 58.766780398898774251 226.23105585432608677 4.0885846027532251057 
 73.851725064211791505 2.231055854326073451 4.0885846027532251057 
 58.766780398898774251 236.89772252099277239 4.0885846027532251057 
 73.851725064211791505 247.56438918765942958 4.0885846027532251057 
 88.936669729524780337 12.897722520992754625 4.0885846027532251057 
 104.02161439483779759 44.897722520992751072 4.0885846027532251057 
 88.936669729524780337 23.564389187659418923 4.0885846027532251057 
 104.02161439483779759 34.231055854326086774 4.0885846027532251057 
 88.936669729524780337 55.564389187659422475 4.0885846027532251057 
 104.02161439483779759 87.56438918765941537 4.0885846027532251057 
 88.936669729524780337 66.231055854326086774 4.0885846027532251057 
 104.02161439483779759 76.897722520992758177 4.0885846027532251057 
 88.936669729524780337 98.231055854326086774 4.0885846027532251057 
 104.02161439483779759 130.23105585432608677 4.0885846027532251057 
 88.936669729524780337 108.89772252099275818 4.0885846027532251057 
 104.02161439483779759 119.56438918765941537 4.0885846027532251057 
 88.936669729524780337 140.89772252099274397 4.0885846027532251057 
 104.02161439483779759 172.89772252099274397 4.0885846027532251057 
 88.936669729524780337 151.56438918765942958 4.0885846027532251057 
 104.02161439483779759 162.23105585432608677 4.0885846027532251057 
 88.936669729524780337 183.56438918765942958 4.0885846027532251057 
 104.02161439483779759 215.56438918765940116 4.0885846027532251057 
 88.936669729524780337 194.2310558543261152 4.0885846027532251057 
 104.02161439483779759 204.89772252099274397 4.0885846027532251057 
 88.936669729524780337 226.23105585432608677 4.0885846027532251057 
 104.02161439483779759 2.231055854326073451 4.0885846027532251057 
 88.936669729524780337 236.89772252099277239 4.0885846027532251057 
 104.02161439483779759 247.56438918765942958 4.0885846027532251057 
 119.10655906015081484 12.897722520992754625 4.0885846027532251057 
 134.19150372546380368 44.897722520992751072 4.0885846027532251057 
 119.10655906015081484 23.564389187659418923 4.0885846027532251057 
 134.19150372546380368 34.231055854326086774 4.0885846027532251057 
 119.10655906015081484 55.564389187659422475 4.0885846027532251057 
 134.19150372546380368 87.56438918765941537 4.0885846027532251057 
 119.10655906015081484 66.231055854326086774 4.0885846027532251057 
 134.19150372546380368 76.897722520992758177 4.0885846027532251057 
 119.10655906015081484 98.231055854326086774 4.0885846027532251057 
 134.19150372546380368 130.23105585432608677 4.0885846027532251057 
 119.10655906015081484 108.89772252099275818 4.0885846027532251057 
 134.19150372546380368 119.56438918765941537 4.0885846027532251057 
 119.10655906015081484 140.89772252099274397 4.0885846027532251057 
 134.19150372546380368 172.89772252099274397 4.0885846027532251057 
 119.10655906015081484 151.56438918765942958 4.0885846027532251057 
 134.19150372546380368 162.23105585432608677 4.0885846027532251057 
 119.10655906015081484 183.56438918765942958 4.0885846027532251057 
 134.19150372546380368 215.56438918765940116 4.0885846027532251057 
 119.10655906015081484 194.2310558543261152 4.0885846027532251057 
 134.19150372546380368 204.89772252099274397 4.0885846027532251057 
 119.10655906015081484 226.23105585432608677 4.0885846027532251057 
 134.19150372546380368 2.231055854326073451 4.0885846027532251057 
 119.10655906015081484 236.89772252099277239 4.0885846027532251057 
 134.19150372546380368 247.56438918765942958 4.0885846027532251057 
 149.27644839077686356 12.897722520992754625 4.0885846027532251057 
 164.3613930560898666 44.897722520992751072 4.0885846027532251057 
 149.27644839077686356 23.564389187659418923 4.0885846027532251057 
 164.3613930560898666 34.231055854326086774 4.0885846027532251057 
 149.27644839077686356 55.564389187659422475 4.0885846027532251057 
 164.3613930560898666 87.56438918765941537 4.0885846027532251057 
 149.27644839077686356 66.231055854326086774 4.0885846027532251057 
 164.3613930560898666 76.897722520992758177 4.0885846027532251057 
 149.27644839077686356 98.231055854326086774 4.0885846027532251057 
 164.3613930560898666 130.23105585432608677 4.0885846027532251057 
 149.27644839077686356 108.89772252099275818 4.0885846027532251057 
 164.3613930560898666 119.56438918765941537 4.0885846027532251057 
 149.27644839077686356 140.89772252099274397 4.0885846027532251057 
 164.3613930560898666 172.89772252099274397 4.0885846027532251057 
 149.27644839077686356 151.56438918765942958 4.0885846027532251057 
 164.3613930560898666 162.23105585432608677 4.0885846027532251057 
 149.27644839077686356 183.56438918765942958 4.0885846027532251057 
 164.3613930560898666 215.56438918765940116 4.0885846027532251057 
 149.27644839077686356 194.2310558543261152 4.0885846027532251057 
 164.3613930560898666 204.89772252099274397 4.0885846027532251057 
 149.27644839077686356 226.23105585432608677 4.0885846027532251057 
 164.3613930560898666 2.231055854326073451 4.0885846027532251057 
 149.27644839077686356 236.89772252099277239 4.0885846027532251057 
 164.3613930560898666 247.56438918765942958 4.0885846027532251057 
 179.44633772140286965 12.897722520992754625 4.0885846027532251057 
 194.53128238671584427 44.897722520992751072 4.0885846027532251057 
 179.44633772140286965 23.564389187659418923 4.0885846027532251057 
 194.53128238671584427 34.231055854326086774 4.0885846027532251057 
 179.44633772140286965 55.564389187659422475 4.0885846027532251057 
 194.53128238671584427 87.56438918765941537 4.0885846027532251057 
 179.44633772140286965 66.231055854326086774 4.0885846027532251057 
 194.53128238671584427 76.897722520992758177 4.0885846027532251057 
 179.44633772140286965 98.231055854326086774 4.0885846027532251057 
 194.53128238671584427 130.23105585432608677 4.0885846027532251057 
 179.44633772140286965 108.89772252099275818 4.0885846027532251057 
 194.53128238671584427 119.56438918765941537 4.0885846027532251057 
 179.44633772140286965 140.89772252099274397 4.0885846027532251057 
 194.53128238671584427 172.89772252099274397 4.0885846027532251057 
 179.44633772140286965 151.56438918765942958 4.0885846027532251057 
 194.53128238671584427 162.23105585432608677 4.0885846027532251057 
 179.44633772140286965 183.56438918765942958 4.0885846027532251057 
 194.53128238671584427 215.56438918765940116 4.0885846027532251057 
 179.44633772140286965 194.2310558543261152 4.0885846027532251057 
 194.53128238671584427 204.89772252099274397 4.0885846027532251057 
 179.44633772140286965 226.23105585432608677 4.0885846027532251057 
 194.53128238671584427 2.231055854326073451 4.0885846027532251057 
 179.44633772140286965 236.89772252099277239 4.0885846027532251057 
 194.53128238671584427 247.56438918765942958 4.0885846027532251057 
 209.61622705202884731 12.897722520992754625 4.0885846027532251057 
 224.70117171734185035 44.897722520992751072 4.0885846027532251057 
 209.61622705202884731 23.564389187659418923 4.0885846027532251057 
 224.70117171734185035 34.231055854326086774 4.0885846027532251057 
 209.61622705202884731 55.564389187659422475 4.0885846027532251057 
 224.70117171734185035 87.56438918765941537 4.0885846027532251057 
 209.61622705202884731 66.231055854326086774 4.0885846027532251057 
 224.70117171734185035 76.897722520992758177 4.0885846027532251057 
 209.61622705202884731 98.231055854326086774 4.0885846027532251057 
 224.70117171734185035 130.23105585432608677 4.0885846027532251057 
 209.61622705202884731 108.89772252099275818 4.0885846027532251057 
 224.70117171734185035 119.56438918765941537 4.0885846027532251057 
 209.61622705202884731 140.89772252099274397 4.0885846027532251057 
 224.70117171734185035 172.89772252099274397 4.0885846027532251057 
 209.61622705202884731 151.56438918765942958 4.0885846027532251057 
 224.70117171734185035 162.23105585432608677 4.0885846027532251057 
 209.61622705202884731 183.56438918765942958 4.0885846027532251057 
 224.70117171734185035 215.56438918765940116 4.0885846027532251057 
 209.61622705202884731 194.2310558543261152 4.0885846027532251057 
 224.70117171734185035 204.89772252099274397 4.0885846027532251057 
 209.61622705202884731 226.23105585432608677 4.0885846027532251057 
 224.70117171734185035 2.231055854326073451 4.0885846027532251057 
 209.61622705202884731 236.89772252099277239 4.0885846027532251057 
 224.70117171734185035 247.56438918765942958 4.0885846027532251057 
 239.78611638265491024 12.897722520992754625 4.0885846027532251057 
 13.51194640295972782 44.897722520992751072 4.0885846027532251057 
 239.78611638265491024 23.564389187659418923 4.0885846027532251057 
 13.51194640295972782 34.231055854326086774 4.0885846027532251057 
 239.78611638265491024 55.564389187659422475 4.0885846027532251057 
 13.51194640295972782 87.56438918765941537 4.0885846027532251057 
 239.78611638265491024 66.231055854326086774 4.0885846027532251057 
 13.51194640295972782 76.897722520992758177 4.0885846027532251057 
 239.78611638265491024 98.231055854326086774 4.0885846027532251057 
 13.51194640295972782 130.23105585432608677 4.0885846027532251057 
 239.78611638265491024 108.89772252099275818 4.0885846027532251057 
 13.51194640295972782 119.56438918765941537 4.0885846027532251057 
 239.78611638265491024 140.89772252099274397 4.0885846027532251057 
 13.51194640295972782 172.89772252099274397 4.0885846027532251057 
 239.78611638265491024 151.56438918765942958 4.0885846027532251057 
 13.51194640295972782 162.23105585432608677 4.0885846027532251057 
 239.78611638265491024 183.56438918765942958 4.0885846027532251057 
 13.51194640295972782 215.56438918765940116 4.0885846027532251057 
 239.78611638265491024 194.2310558543261152 4.0885846027532251057 
 13.51194640295972782 204.89772252099274397 4.0885846027532251057 
 239.78611638265491024 226.23105585432608677 4.0885846027532251057 
 13.51194640295972782 2.231055854326073451 4.0885846027532251057 
 239.78611638265491024 236.89772252099277239 4.0885846027532251057 
 13.51194640295972782 247.56438918765942958 4.0885846027532251057 
