 28.418020586249856052 29.818908381346712844 4.0885846027532251057 
 43.502965251562869753 61.818908381346716396 4.0885846027532251057 
 28.418020586249856052 40.485575048013380695 4.0885846027532251057 
 43.502965251562869753 51.152241714680044993 4.0885846027532251057 
 28.418020586249856052  72.4855750480133878 4.0885846027532251057 
 43.502965251562869753 104.4855750480133878 4.0885846027532251057 
 28.418020586249856052 83.152241714680044993 4.0885846027532251057 
 43.502965251562869753 93.818908381346716396 4.0885846027532251057 
 28.418020586249856052 115.15224171468004499 4.0885846027532251057 
 43.502965251562869753 147.15224171468003078 4.0885846027532251057 
 28.418020586249856052 125.8189083813467164 4.0885846027532251057 
 43.502965251562869753 136.48557504801337359 4.0885846027532251057 
 28.418020586249856052 157.8189083813467164 4.0885846027532251057 
 43.502965251562869753 189.81890838134668797 4.0885846027532251057 
 28.418020586249856052 168.48557504801340201 4.0885846027532251057 
 43.502965251562869753 179.1522417146800592 4.0885846027532251057 
 28.418020586249856052 200.48557504801337359 4.0885846027532251057 
 43.502965251562869753 232.48557504801337359 4.0885846027532251057 
 28.418020586249856052 211.1522417146800592 4.0885846027532251057 
 43.502965251562869753 221.8189083813467164 4.0885846027532251057 
 28.418020586249856052 243.1522417146800592 4.0885846027532251057 
 43.502965251562869753 19.152241714680005913 4.0885846027532251057 
 28.418020586249856052 253.81890838134668797 4.0885846027532251057 
 43.502965251562869753 8.4855750480133806946 4.0885846027532251057 
 58.587909916875887006 29.818908381346712844 4.0885846027532251057 
 73.67285458218890426 61.818908381346716396 4.0885846027532251057 
 58.587909916875887006 40.485575048013380695 4.0885846027532251057 
 73.67285458218890426 51.152241714680044993 4.0885846027532251057 
 58.587909916875887006  72.4855750480133878 4.0885846027532251057 
 73.67285458218890426 104.4855750480133878 4.0885846027532251057 
 58.587909916875887006 83.152241714680044993 4.0885846027532251057 
 73.67285458218890426 93.818908381346716396 4.0885846027532251057 
 58.587909916875887006 115.15224171468004499 4.0885846027532251057 
 73.67285458218890426 147.15224171468003078 4.0885846027532251057 
 58.587909916875887006 125.8189083813467164 4.0885846027532251057 
 73.67285458218890426 136.48557504801337359 4.0885846027532251057 
 58.587909916875887006 157.8189083813467164 4.0885846027532251057 
 73.67285458218890426 189.81890838134668797 4.0885846027532251057 
 58.587909916875887006 168.48557504801340201 4.0885846027532251057 
 73.67285458218890426 179.1522417146800592 4.0885846027532251057 
 58.587909916875887006 200.48557504801337359 4.0885846027532251057 
 73.67285458218890426 232.48557504801337359 4.0885846027532251057 
 58.587909916875887006 211.1522417146800592 4.0885846027532251057 
 73.67285458218890426 221.8189083813467164 4.0885846027532251057 
 58.587909916875887006 243.1522417146800592 4.0885846027532251057 
 73.67285458218890426 19.152241714680005913 4.0885846027532251057 
 58.587909916875887006 253.81890838134668797 4.0885846027532251057 
 73.67285458218890426 8.4855750480133806946 4.0885846027532251057 
 88.757799247501907303 29.818908381346712844 4.0885846027532251057 
 103.84274391281491035 61.818908381346716396 4.0885846027532251057 
 88.757799247501907303 40.485575048013380695 4.0885846027532251057 
 103.84274391281491035 51.152241714680044993 4.0885846027532251057 
 88.757799247501907303  72.4855750480133878 4.0885846027532251057 
 103.84274391281491035 104.4855750480133878 4.0885846027532251057 
 88.757799247501907303 83.152241714680044993 4.0885846027532251057 
 103.84274391281491035 93.818908381346716396 4.0885846027532251057 
 88.757799247501907303 115.15224171468004499 4.0885846027532251057 
 103.84274391281491035 147.15224171468003078 4.0885846027532251057 
 88.757799247501907303 125.8189083813467164 4.0885846027532251057 
 103.84274391281491035 136.48557504801337359 4.0885846027532251057 
 88.757799247501907303 157.8189083813467164 4.0885846027532251057 
 103.84274391281491035 189.81890838134668797 4.0885846027532251057 
 88.757799247501907303 168.48557504801340201 4.0885846027532251057 
 103.84274391281491035 179.1522417146800592 4.0885846027532251057 
 88.757799247501907303 200.48557504801337359 4.0885846027532251057 
 103.84274391281491035 232.48557504801337359 4.0885846027532251057 
 88.757799247501907303 211.1522417146800592 4.0885846027532251057 
 103.84274391281491035 221.8189083813467164 4.0885846027532251057 
 88.757799247501907303 243.1522417146800592 4.0885846027532251057 
 103.84274391281491035 19.152241714680005913 4.0885846027532251057 
 88.757799247501907303 253.81890838134668797 4.0885846027532251057 
 103.84274391281491035 8.4855750480133806946 4.0885846027532251057 
 118.9276885781279276 29.818908381346712844 4.0885846027532251057 
 134.01263324344094485 61.818908381346716396 4.0885846027532251057 
 118.9276885781279276 40.485575048013380695 4.0885846027532251057 
 134.01263324344094485 51.152241714680044993 4.0885846027532251057 
 118.9276885781279276  72.4855750480133878 4.0885846027532251057 
 134.01263324344094485 104.4855750480133878 4.0885846027532251057 
 118.9276885781279276 83.152241714680044993 4.0885846027532251057 
 134.01263324344094485 93.818908381346716396 4.0885846027532251057 
 118.9276885781279276 115.15224171468004499 4.0885846027532251057 
 134.01263324344094485 147.15224171468003078 4.0885846027532251057 
 118.9276885781279276 125.8189083813467164 4.0885846027532251057 
 134.01263324344094485 136.48557504801337359 4.0885846027532251057 
 118.9276885781279276 157.8189083813467164 4.0885846027532251057 
 134.01263324344094485 189.81890838134668797 4.0885846027532251057 
 118.9276885781279276 168.48557504801340201 4.0885846027532251057 
 134.01263324344094485 179.1522417146800592 4.0885846027532251057 
 118.9276885781279276 200.48557504801337359 4.0885846027532251057 
 134.01263324344094485 232.48557504801337359 4.0885846027532251057 
 118.9276885781279276 211.1522417146800592 4.0885846027532251057 
 134.01263324344094485 221.8189083813467164 4.0885846027532251057 
 118.9276885781279276 243.1522417146800592 4.0885846027532251057 
 134.01263324344094485 19.152241714680005913 4.0885846027532251057 
 118.9276885781279276 253.81890838134668797 4.0885846027532251057 
 134.01263324344094485 8.4855750480133806946 4.0885846027532251057 
 149.0975779087539479 29.818908381346712844 4.0885846027532251057 
 164.18252257406700778 61.818908381346716396 4.0885846027532251057 
 149.0975779087539479 40.485575048013380695 4.0885846027532251057 
 164.18252257406700778 51.152241714680044993 4.0885846027532251057 
 149.0975779087539479  72.4855750480133878 4.0885846027532251057 
 164.18252257406700778 104.4855750480133878 4.0885846027532251057 
 149.0975779087539479 83.152241714680044993 4.0885846027532251057 
 164.18252257406700778 93.818908381346716396 4.0885846027532251057 
 149.0975779087539479 115.15224171468004499 4.0885846027532251057 
 164.18252257406700778 147.15224171468003078 4.0885846027532251057 
 149.0975779087539479 125.8189083813467164 4.0885846027532251057 
 164.18252257406700778 136.48557504801337359 4.0885846027532251057 
 149.0975779087539479 157.8189083813467164 4.0885846027532251057 
 164.18252257406700778 189.81890838134668797 4.0885846027532251057 
 149.0975779087539479 168.48557504801340201 4.0885846027532251057 
 164.18252257406700778 179.1522417146800592 4.0885846027532251057 
 149.0975779087539479 200.48557504801337359 4.0885846027532251057 
 164.18252257406700778 232.48557504801337359 4.0885846027532251057 
 149.0975779087539479 211.1522417146800592 4.0885846027532251057 
 164.18252257406700778 221.8189083813467164 4.0885846027532251057 
 149.0975779087539479 243.1522417146800592 4.0885846027532251057 
 164.18252257406700778 19.152241714680005913 4.0885846027532251057 
 149.0975779087539479 253.81890838134668797 4.0885846027532251057 
 164.18252257406700778 8.4855750480133806946 4.0885846027532251057 
 179.26746723938001082 29.818908381346712844 4.0885846027532251057 
 194.35241190469298544 61.818908381346716396 4.0885846027532251057 
 179.26746723938001082 40.485575048013380695 4.0885846027532251057 
 194.35241190469298544 51.152241714680044993 4.0885846027532251057 
 179.26746723938001082  72.4855750480133878 4.0885846027532251057 
 194.35241190469298544 104.4855750480133878 4.0885846027532251057 
 179.26746723938001082 83.152241714680044993 4.0885846027532251057 
 194.35241190469298544 93.818908381346716396 4.0885846027532251057 
 179.26746723938001082 115.15224171468004499 4.0885846027532251057 
 194.35241190469298544 147.15224171468003078 4.0885846027532251057 
 179.26746723938001082 125.8189083813467164 4.0885846027532251057 
 194.35241190469298544 136.48557504801337359 4.0885846027532251057 
 179.26746723938001082 157.8189083813467164 4.0885846027532251057 
 194.35241190469298544 189.81890838134668797 4.0885846027532251057 
 179.26746723938001082 168.48557504801340201 4.0885846027532251057 
 194.35241190469298544 179.1522417146800592 4.0885846027532251057 
 179.26746723938001082 200.48557504801337359 4.0885846027532251057 
 194.35241190469298544 232.48557504801337359 4.0885846027532251057 
 179.26746723938001082 211.1522417146800592 4.0885846027532251057 
 194.35241190469298544 221.8189083813467164 4.0885846027532251057 
 179.26746723938001082 243.1522417146800592 4.0885846027532251057 
 194.35241190469298544 19.152241714680005913 4.0885846027532251057 
 179.26746723938001082 253.81890838134668797 4.0885846027532251057 
 194.35241190469298544 8.4855750480133806946 4.0885846027532251057 
 209.43735657000598849 29.818908381346712844 4.0885846027532251057 
 224.52230123531899153 61.818908381346716396 4.0885846027532251057 
 209.43735657000598849 40.485575048013380695 4.0885846027532251057 
 224.52230123531899153 51.152241714680044993 4.0885846027532251057 
 209.43735657000598849  72.4855750480133878 4.0885846027532251057 
 224.52230123531899153 104.4855750480133878 4.0885846027532251057 
 209.43735657000598849 83.152241714680044993 4.0885846027532251057 
 224.52230123531899153 93.818908381346716396 4.0885846027532251057 
 209.43735657000598849 115.15224171468004499 4.0885846027532251057 
 224.52230123531899153 147.15224171468003078 4.0885846027532251057 
 209.43735657000598849 125.8189083813467164 4.0885846027532251057 
 224.52230123531899153 136.48557504801337359 4.0885846027532251057 
 209.43735657000598849 157.8189083813467164 4.0885846027532251057 
 224.52230123531899153 189.81890838134668797 4.0885846027532251057 
 209.43735657000598849 168.48557504801340201 4.0885846027532251057 
 224.52230123531899153 179.1522417146800592 4.0885846027532251057 
 209.43735657000598849 200.48557504801337359 4.0885846027532251057 
 224.52230123531899153 232.48557504801337359 4.0885846027532251057 
 209.43735657000598849 211.1522417146800592 4.0885846027532251057 
 224.52230123531899153 221.8189083813467164 4.0885846027532251057 
 209.43735657000598849 243.1522417146800592 4.0885846027532251057 
 224.52230123531899153 19.152241714680005913 4.0885846027532251057 
 209.43735657000598849 253.81890838134668797 4.0885846027532251057 
 224.52230123531899153 8.4855750480133806946 4.0885846027532251057 
 239.60724590063205142 29.818908381346712844 4.0885846027532251057 
 13.333075920936842351 61.818908381346716396 4.0885846027532251057 
 239.60724590063205142 40.485575048013380695 4.0885846027532251057 
 13.333075920936842351 51.152241714680044993 4.0885846027532251057 
 239.60724590063205142  72.4855750480133878 4.0885846027532251057 
 13.333075920936842351 104.4855750480133878 4.0885846027532251057 
 239.60724590063205142 83.152241714680044993 4.0885846027532251057 
 13.333075920936842351 93.818908381346716396 4.0885846027532251057 
 239.60724590063205142 115.15224171468004499 4.0885846027532251057 
 13.333075920936842351 147.15224171468003078 4.0885846027532251057 
 239.60724590063205142 125.8189083813467164 4.0885846027532251057 
 13.333075920936842351 136.48557504801337359 4.0885846027532251057 
 239.60724590063205142 157.8189083813467164 4.0885846027532251057 
 13.333075920936842351 189.81890838134668797 4.0885846027532251057 
 239.60724590063205142 168.48557504801340201 4.0885846027532251057 
 13.333075920936842351 179.1522417146800592 4.0885846027532251057 
 239.60724590063205142 200.48557504801337359 4.0885846027532251057 
 13.333075920936842351 232.48557504801337359 4.0885846027532251057 
 239.60724590063205142 211.1522417146800592 4.0885846027532251057 
 13.333075920936842351 221.8189083813467164 4.0885846027532251057 
 239.60724590063205142 243.1522417146800592 4.0885846027532251057 
 13.333075920936842351 19.152241714680005913 4.0885846027532251057 
 239.60724590063205142 253.81890838134668797 4.0885846027532251057 
 13.333075920936842351 8.4855750480133806946 4.0885846027532251057 
