 85.541890819759814235 1.4277855478286167745 4.2639592304001299183 
 91.398297280310828228 23.284192008379630323 4.2639592304001299183 
 69.541890819759814235 29.140598468930640763 4.2639592304001299183 
 75.398297280310842439 50.997004929481668967 4.2639592304001299183 
 53.541890819759814235 56.85341139003269717 4.2639592304001299183 
 59.398297280310835333 78.709817850583718268 4.2639592304001299183 
 37.541890819759821341 84.566224311134732261 4.2639592304001299183 
 43.398297280310863755 106.42263077168573204 4.2639592304001299183 
 21.541890819759831999 112.27903723223676025 4.2639592304001299183 
 27.39829728031085665 134.13544369278776003 4.2639592304001299183 
 5.5418908197598257814 139.99185015333881665 4.2639592304001299183 
 11.398297280310849544 161.84825661388981644 4.2639592304001299183 
 135.11111020141288463 11.571379087277598785 4.2639592304001299183 
 113.25470374086184222 17.427785547828609225 4.2639592304001299183 
 119.11111020141287042 39.284192008379633876 4.2639592304001299183 
 97.254703740861856431 45.140598468930647869 4.2639592304001299183 
 103.11111020141288463 66.997004929481661861 4.2639592304001299183 
 81.254703740861856431 72.853411390032690065 4.2639592304001299183 
 87.111110201412870424 94.709817850583718268 4.2639592304001299183 
 65.254703740861856431 100.56622431113471805 4.2639592304001299183 
 71.111110201412884635 122.42263077168571783 4.2639592304001299183 
 49.254703740861870642 128.27903723223676025 4.2639592304001299183 
 55.11111020141289174 150.13544369278778845 4.2639592304001299183 
 33.254703740861863537 155.99185015333878823 4.2639592304001299183 
 39.11111020141289174 177.84825661388981644 4.2639592304001299183 
 17.254703740861874195 183.70466307444081622 4.2639592304001299183 
 23.111110201412898846 205.56106953499184442 4.2639592304001299183 
 156.96751666196388442 5.7149726267265599233 4.2639592304001299183 
 162.82392312251491262 27.571379087277588127 4.2639592304001299183 
 140.96751666196388442 33.427785547828598567 4.2639592304001299183 
 146.8239231225148842 55.28419200837962677 4.2639592304001299183 
 124.96751666196388442 61.140598468930633658 4.2639592304001299183 
 130.82392312251491262 82.99700492948164765 4.2639592304001299183 
 108.96751666196387021 88.853411390032690065 4.2639592304001299183 
 114.82392312251491262 110.70981785058370406 4.2639592304001299183 
 92.967516661963898628 116.56622431113471805 4.2639592304001299183 
 98.823923122514926831 138.42263077168573204 4.2639592304001299183 
 76.967516661963898628 144.27903723223673182 4.2639592304001299183 
 82.82392312251491262 166.13544369278778845 4.2639592304001299183 
 60.967516661963905733 171.99185015333878823 4.2639592304001299183 
 66.823923122514926831 193.84825661388981644 4.2639592304001299183 
 44.967516661963912838 199.70466307444081622 4.2639592304001299183 
 50.823923122514933937 221.56106953499184442 4.2639592304001299183 
 184.6803295830659124 21.714972626726567029 4.2639592304001299183 
 190.53673604361691218 43.571379087277577469 4.2639592304001299183 
 168.68032958306594082 49.427785547828605672 4.2639592304001299183 
 174.53673604361694061 71.284192008379633876 4.2639592304001299183 
 152.68032958306594082 77.140598468930647869 4.2639592304001299183 
 158.53673604361694061 98.997004929481661861 4.2639592304001299183 
 136.68032958306594082 104.85341139003269006 4.2639592304001299183 
 142.53673604361694061 126.70981785058370406 4.2639592304001299183 
 120.68032958306594082 132.56622431113473226 4.2639592304001299183 
 126.53673604361696903 154.42263077168570362 4.2639592304001299183 
 104.68032958306594082 160.27903723223673182 4.2639592304001299183 
 110.53673604361695482 182.13544369278776003 4.2639592304001299183 
 88.680329583065940824 187.99185015333878823 4.2639592304001299183 
 94.536736043616954817 209.84825661388981644 4.2639592304001299183 
 72.680329583065969246 215.70466307444081622 4.2639592304001299183 
 78.536736043616969027 237.56106953499184442 4.2639592304001299183 
 212.39314250416796881 37.714972626726556371 4.2639592304001299183 
 218.24954896471894017 59.571379087277570363 4.2639592304001299183 
 196.39314250416796881 65.427785547828605672 4.2639592304001299183 
 202.24954896471894017 87.284192008379605454 4.2639592304001299183 
 180.39314250416799723 93.140598468930647869 4.2639592304001299183 
 186.24954896471896859 114.99700492948164765 4.2639592304001299183 
 164.39314250416796881 120.85341139003269006 4.2639592304001299183 
 170.24954896471896859 142.70981785058367564 4.2639592304001299183 
 148.39314250416796881 148.56622431113473226 4.2639592304001299183 
 154.24954896471899701 170.42263077168570362 4.2639592304001299183 
 132.39314250416796881 176.27903723223676025 4.2639592304001299183 
 138.24954896471896859 198.13544369278773161 4.2639592304001299183 
 116.39314250416798302 203.99185015333881665 4.2639592304001299183 
 122.24954896471896859 225.84825661388981644 4.2639592304001299183 
 100.39314250416798302 231.70466307444081622 4.2639592304001299183 
 106.24954896471899701 253.56106953499184442 4.2639592304001299183 
 240.10595542526996837 53.714972626726549265 4.2639592304001299183 
  245.962361885821025 75.571379087277577469 4.2639592304001299183 
 224.10595542526999679 81.427785547828591461 4.2639592304001299183 
  229.962361885821025 103.28419200837961966 4.2639592304001299183 
 208.10595542527002522 109.14059846893061945 4.2639592304001299183 
  213.962361885821025 130.99700492948164765 4.2639592304001299183 
 192.10595542526999679 136.85341139003267585 4.2639592304001299183 
  197.962361885821025 158.70981785058370406 4.2639592304001299183 
 176.10595542526999679 164.56622431113470384 4.2639592304001299183 
 181.96236188582105342 186.42263077168570362 4.2639592304001299183 
 160.10595542526999679 192.27903723223673182 4.2639592304001299183 
  165.962361885821025 214.13544369278773161 4.2639592304001299183 
 144.10595542526999679 219.99185015333878823 4.2639592304001299183 
  149.962361885821025 241.84825661388981644 4.2639592304001299183 
 128.10595542526999679 247.70466307444081622 4.2639592304001299183 
 251.8187683463720532 97.427785547828591461 4.2639592304001299183 
 235.81876834637202478 125.14059846893063366 4.2639592304001299183 
 241.67517480692308141 146.99700492948164765 4.2639592304001299183 
 219.81876834637202478 152.85341139003267585 4.2639592304001299183 
 225.67517480692308141 174.70981785058370406 4.2639592304001299183 
 203.8187683463720532 180.56622431113470384 4.2639592304001299183 
 209.67517480692308141 202.42263077168573204 4.2639592304001299183 
 187.81876834637208162 208.27903723223673182 4.2639592304001299183 
 193.67517480692308141 230.13544369278776003 4.2639592304001299183 
 171.81876834637208162 235.99185015333878823 4.2639592304001299183 
 63.685484359208764715 7.2841920083796258822 4.2639592304001299183 
 47.685484359208771821 34.99700492948164765 4.2639592304001299183 
 247.53158126747405277 168.85341139003264743 4.2639592304001299183 
 31.685484359208768268 62.709817850583704057 4.2639592304001299183 
 231.53158126747408119 196.56622431113470384 4.2639592304001299183 
 15.685484359208793137 90.422630771685717832 4.2639592304001299183 
 215.53158126747410961 224.27903723223673182 4.2639592304001299183 
 199.53158126747410961 251.99185015333875981 4.2639592304001299183 
