 90.359782258189355275 8.0107179288321681554 4.2639592304001299183 
 68.503375797638341282 13.86712438938319103 4.2639592304001299183 
 74.359782258189341064 35.723530849934206799 4.2639592304001299183 
 52.503375797638327072 41.579937310485227897 4.2639592304001299183 
 58.359782258189341064 63.43634377103624189 4.2639592304001299183 
 36.503375797638319966 69.292750231587277199 4.2639592304001299183 
 42.35978225818934817 91.149156692138291191 4.2639592304001299183 
 20.503375797638348388 97.005563152689290973 4.2639592304001299183 
 26.359782258189355275 118.86196961324031918 4.2639592304001299183 
 4.5033757976383412824 124.71837607379134738 4.2639592304001299183 
 10.359782258189351722 146.57478253434237558 4.2639592304001299183 
 112.21618871874036927 2.1543114682811430605 4.2639592304001299183 
 118.07259517929139747 24.010717928832171708 4.2639592304001299183 
 96.216188718740355057 29.867124389383196359 4.2639592304001299183 
 102.07259517929139747 51.723530849934199694 4.2639592304001299183 
 80.216188718740369268 57.579937310485220792 4.2639592304001299183 
 86.072595179291397471 79.436343771036248995 4.2639592304001299183 
 64.216188718740369268 85.292750231587277199 4.2639592304001299183 
 70.072595179291383261 107.1491566921383054 4.2639592304001299183 
 48.216188718740383479 113.00556315268929097 4.2639592304001299183 
 54.072595179291411682 134.86196961324031918 4.2639592304001299183 
 32.216188718740383479 140.71837607379134738 4.2639592304001299183 
 38.072595179291404577 162.57478253434234716 4.2639592304001299183 
 16.216188718740376373 168.43118899489337537 4.2639592304001299183 
 22.072595179291397471 190.28759545544443199 4.2639592304001299183 
 139.92900163984242567 18.154311468281132846 4.2639592304001299183 
 145.78540810039342546 40.010717928832164603 4.2639592304001299183 
 123.92900163984241146 45.867124389383185701 4.2639592304001299183 
 129.78540810039342546 67.723530849934192588 4.2639592304001299183 
 107.92900163984241146 73.579937310485206581 4.2639592304001299183 
 113.78540810039341125 95.436343771036220573 4.2639592304001299183 
 91.929001639842397253 101.29275023158726299 4.2639592304001299183 
 97.785408100393411246 123.14915669213827698 4.2639592304001299183 
 75.929001639842425675 129.00556315268929097 4.2639592304001299183 
 81.785408100393439668 150.86196961324029076 4.2639592304001299183 
 59.92900163984241857 156.71837607379134738 4.2639592304001299183 
 65.785408100393425457 178.57478253434234716 4.2639592304001299183 
 43.929001639842411464 184.43118899489337537 4.2639592304001299183 
 49.785408100393425457 206.28759545544440357 4.2639592304001299183 
 27.929001639842422122 212.14400191599540335 4.2639592304001299183 
 161.78540810039339704 12.297905007730124183 4.2639592304001299183 
 167.64181456094445366 34.154311468281136399 4.2639592304001299183 
 173.49822102149548186 56.010717928832157497 4.2639592304001299183 
 151.64181456094442524 61.867124389383178595 4.2639592304001299183 
 157.49822102149548186 83.723530849934192588 4.2639592304001299183 
 135.64181456094445366 89.579937310485220792 4.2639592304001299183 
 141.49822102149548186 111.43634377103623478 4.2639592304001299183 
 119.64181456094443945 117.29275023158726299 4.2639592304001299183 
 125.49822102149546765 139.14915669213829119 4.2639592304001299183 
 103.64181456094445366 145.00556315268929097 4.2639592304001299183 
 109.49822102149546765 166.86196961324031918 4.2639592304001299183 
 87.641814560944439449 172.71837607379134738 4.2639592304001299183 
 93.498221021495481864 194.57478253434237558 4.2639592304001299183 
 71.64181456094445366 200.43118899489337537 4.2639592304001299183 
 77.498221021495481864 222.28759545544437515 4.2639592304001299183 
 55.641814560944460766 228.14400191599540335 4.2639592304001299183 
 189.49822102149545344 28.297905007730115301 4.2639592304001299183 
 195.35462748204648165 50.154311468281129294 4.2639592304001299183 
 201.21103394259750985 72.010717928832150392 4.2639592304001299183 
 179.35462748204648165 77.867124389383178595 4.2639592304001299183 
 185.21103394259750985 99.723530849934178377 4.2639592304001299183 
 163.35462748204648165 105.57993731048522079 4.2639592304001299183 
 169.21103394259748143 127.43634377103622057 4.2639592304001299183 
 147.35462748204648165 133.29275023158726299 4.2639592304001299183 
 153.21103394259748143 155.14915669213826277 4.2639592304001299183 
 131.35462748204651007 161.00556315268926255 4.2639592304001299183 
 137.21103394259750985 182.86196961324029076 4.2639592304001299183 
 115.35462748204649586 188.71837607379134738 4.2639592304001299183 
 121.21103394259750985 210.57478253434237558 4.2639592304001299183 
 99.354627482046495857 216.43118899489337537 4.2639592304001299183 
 105.21103394259749564 238.28759545544440357 4.2639592304001299183 
 83.354627482046510067 244.14400191599540335 4.2639592304001299183 
 217.21103394259750985 44.297905007730108196 4.2639592304001299183 
 223.06744040314850963 66.154311468281122188 4.2639592304001299183 
 228.92384686369953783 88.010717928832150392 4.2639592304001299183 
 207.06744040314850963 93.867124389383178595 4.2639592304001299183 
 212.92384686369950941 115.72353084993419259 4.2639592304001299183 
 191.06744040314850963 121.57993731048519237 4.2639592304001299183 
 196.92384686369950941 143.43634377103623478 4.2639592304001299183 
 175.06744040314850963 149.29275023158726299 4.2639592304001299183 
 180.92384686369953783 171.14915669213826277 4.2639592304001299183 
 159.06744040314853805 177.00556315268926255 4.2639592304001299183 
 164.92384686369956626 198.86196961324029076 4.2639592304001299183 
 143.06744040314850963 204.71837607379131896 4.2639592304001299183 
 148.92384686369956626 226.57478253434237558 4.2639592304001299183 
 127.06744040314850963 232.43118899489337537 4.2639592304001299183 
 132.92384686369956626 254.28759545544440357 4.2639592304001299183 
 244.92384686369953783 60.297905007730115301 4.2639592304001299183 
 250.78025332425053762 82.154311468281122188 4.2639592304001299183 
 256.63665978480162266 104.01071792883215039 4.2639592304001299183 
 234.78025332425053762 109.8671243893831786 4.2639592304001299183 
 240.63665978480159424 131.7235308499342068 4.2639592304001299183 
 218.78025332425056604 137.57993731048520658 4.2639592304001299183 
 224.63665978480159424 159.43634377103623478 4.2639592304001299183 
 202.78025332425056604 165.29275023158726299 4.2639592304001299183 
 208.63665978480159424 187.14915669213826277 4.2639592304001299183 
 186.78025332425056604 193.00556315268929097 4.2639592304001299183 
 192.63665978480159424 214.86196961324029076 4.2639592304001299183 
 170.78025332425056604 220.71837607379131896 4.2639592304001299183 
 176.63665978480159424 242.57478253434237558 4.2639592304001299183 
 154.78025332425056604 248.43118899489337537 4.2639592304001299183 
 46.646969337087305973 19.723530849934199694 4.2639592304001299183 
 246.49306624535259402 153.57993731048520658 4.2639592304001299183 
 30.646969337087298868 47.43634377103624189 4.2639592304001299183 
 230.4930662453525656 181.29275023158726299 4.2639592304001299183 
 14.64696933708730775 75.149156692138291191 4.2639592304001299183 
 214.49306624535259402 209.00556315268929097 4.2639592304001299183 
 198.49306624535259402 236.71837607379131896 4.2639592304001299183 
