 17.47266302916595393 43.402282085460861083 4.2639592304001299183 
 40.100080027135469152 27.402282085460853978 4.2639592304001299183 
 40.100080027135469152 43.402282085460861083 4.2639592304001299183 
 17.47266302916595393 27.402282085460853978 4.2639592304001299183 
 17.47266302916595393 75.402282085460853978 4.2639592304001299183 
 40.100080027135469152 59.402282085460868188 4.2639592304001299183 
 40.100080027135469152 75.402282085460853978 4.2639592304001299183 
 17.47266302916595393 59.402282085460868188 4.2639592304001299183 
 17.47266302916595393 107.40228208546085398 4.2639592304001299183 
 40.100080027135469152 91.402282085460868188 4.2639592304001299183 
 40.100080027135469152 107.40228208546085398 4.2639592304001299183 
 17.47266302916595393 91.402282085460868188 4.2639592304001299183 
 17.47266302916595393 139.4022820854608824 4.2639592304001299183 
 40.100080027135469152 123.40228208546085398 4.2639592304001299183 
 40.100080027135469152 139.4022820854608824 4.2639592304001299183 
 17.47266302916595393 123.40228208546085398 4.2639592304001299183 
 17.47266302916595393 171.40228208546085398 4.2639592304001299183 
 40.100080027135469152 155.40228208546085398 4.2639592304001299183 
 40.100080027135469152 171.40228208546085398 4.2639592304001299183 
 17.47266302916595393 155.40228208546085398 4.2639592304001299183 
 17.47266302916595393 203.4022820854608824 4.2639592304001299183 
 40.100080027135469152 187.40228208546085398 4.2639592304001299183 
 40.100080027135469152 203.4022820854608824 4.2639592304001299183 
 17.47266302916595393 187.40228208546085398 4.2639592304001299183 
 17.47266302916595393 235.4022820854608824 4.2639592304001299183 
 40.100080027135469152 219.4022820854608824 4.2639592304001299183 
 40.100080027135469152 235.4022820854608824 4.2639592304001299183 
 17.47266302916595393 219.4022820854608824 4.2639592304001299183 
 17.47266302916595393 11.402282085460864636 4.2639592304001299183 
 40.100080027135469152 251.40228208546085398 4.2639592304001299183 
 40.100080027135469152 11.402282085460864636 4.2639592304001299183 
 17.47266302916595393 251.40228208546085398 4.2639592304001299183 
 62.727497025104987927 43.402282085460861083 4.2639592304001299183 
 85.354914023074513807 27.402282085460853978 4.2639592304001299183 
 85.354914023074513807 43.402282085460861083 4.2639592304001299183 
 62.727497025104987927 27.402282085460853978 4.2639592304001299183 
 62.727497025104987927 75.402282085460853978 4.2639592304001299183 
 85.354914023074513807 59.402282085460868188 4.2639592304001299183 
 85.354914023074513807 75.402282085460853978 4.2639592304001299183 
 62.727497025104987927 59.402282085460868188 4.2639592304001299183 
 62.727497025104987927 107.40228208546085398 4.2639592304001299183 
 85.354914023074513807 91.402282085460868188 4.2639592304001299183 
 85.354914023074513807 107.40228208546085398 4.2639592304001299183 
 62.727497025104987927 91.402282085460868188 4.2639592304001299183 
 62.727497025104987927 139.4022820854608824 4.2639592304001299183 
 85.354914023074513807 123.40228208546085398 4.2639592304001299183 
 85.354914023074513807 139.4022820854608824 4.2639592304001299183 
 62.727497025104987927 123.40228208546085398 4.2639592304001299183 
 62.727497025104987927 171.40228208546085398 4.2639592304001299183 
 85.354914023074513807 155.40228208546085398 4.2639592304001299183 
 85.354914023074513807 171.40228208546085398 4.2639592304001299183 
 62.727497025104987927 155.40228208546085398 4.2639592304001299183 
 62.727497025104987927 203.4022820854608824 4.2639592304001299183 
 85.354914023074513807 187.40228208546085398 4.2639592304001299183 
 85.354914023074513807 203.4022820854608824 4.2639592304001299183 
 62.727497025104987927 187.40228208546085398 4.2639592304001299183 
 62.727497025104987927 235.4022820854608824 4.2639592304001299183 
 85.354914023074513807 219.4022820854608824 4.2639592304001299183 
 85.354914023074513807 235.4022820854608824 4.2639592304001299183 
 62.727497025104987927 219.4022820854608824 4.2639592304001299183 
 62.727497025104987927 11.402282085460864636 4.2639592304001299183 
 85.354914023074513807 251.40228208546085398 4.2639592304001299183 
 85.354914023074513807 11.402282085460864636 4.2639592304001299183 
 62.727497025104987927 251.40228208546085398 4.2639592304001299183 
 107.98233102104404679 43.402282085460861083 4.2639592304001299183 
 130.60974801901357978 27.402282085460853978 4.2639592304001299183 
 130.60974801901357978 43.402282085460861083 4.2639592304001299183 
 107.98233102104404679 27.402282085460853978 4.2639592304001299183 
 107.98233102104404679 75.402282085460853978 4.2639592304001299183 
 130.60974801901357978 59.402282085460868188 4.2639592304001299183 
 130.60974801901357978 75.402282085460853978 4.2639592304001299183 
 107.98233102104404679 59.402282085460868188 4.2639592304001299183 
 107.98233102104404679 107.40228208546085398 4.2639592304001299183 
 130.60974801901357978 91.402282085460868188 4.2639592304001299183 
 130.60974801901357978 107.40228208546085398 4.2639592304001299183 
 107.98233102104404679 91.402282085460868188 4.2639592304001299183 
 107.98233102104404679 139.4022820854608824 4.2639592304001299183 
 130.60974801901357978 123.40228208546085398 4.2639592304001299183 
 130.60974801901357978 139.4022820854608824 4.2639592304001299183 
 107.98233102104404679 123.40228208546085398 4.2639592304001299183 
 107.98233102104404679 171.40228208546085398 4.2639592304001299183 
 130.60974801901357978 155.40228208546085398 4.2639592304001299183 
 130.60974801901357978 171.40228208546085398 4.2639592304001299183 
 107.98233102104404679 155.40228208546085398 4.2639592304001299183 
 107.98233102104404679 203.4022820854608824 4.2639592304001299183 
 130.60974801901357978 187.40228208546085398 4.2639592304001299183 
 130.60974801901357978 203.4022820854608824 4.2639592304001299183 
 107.98233102104404679 187.40228208546085398 4.2639592304001299183 
 107.98233102104404679 235.4022820854608824 4.2639592304001299183 
 130.60974801901357978 219.4022820854608824 4.2639592304001299183 
 130.60974801901357978 235.4022820854608824 4.2639592304001299183 
 107.98233102104404679 219.4022820854608824 4.2639592304001299183 
 107.98233102104404679 11.402282085460864636 4.2639592304001299183 
 130.60974801901357978 251.40228208546085398 4.2639592304001299183 
 130.60974801901357978 11.402282085460864636 4.2639592304001299183 
 107.98233102104404679 251.40228208546085398 4.2639592304001299183 
 153.23716501698305592 43.402282085460861083 4.2639592304001299183 
 175.86458201495261733 27.402282085460853978 4.2639592304001299183 
 175.86458201495261733 43.402282085460861083 4.2639592304001299183 
 153.23716501698305592 27.402282085460853978 4.2639592304001299183 
 153.23716501698305592 75.402282085460853978 4.2639592304001299183 
 175.86458201495261733 59.402282085460868188 4.2639592304001299183 
 175.86458201495261733 75.402282085460853978 4.2639592304001299183 
 153.23716501698305592 59.402282085460868188 4.2639592304001299183 
 153.23716501698305592 107.40228208546085398 4.2639592304001299183 
 175.86458201495261733 91.402282085460868188 4.2639592304001299183 
 175.86458201495261733 107.40228208546085398 4.2639592304001299183 
 153.23716501698305592 91.402282085460868188 4.2639592304001299183 
 153.23716501698305592 139.4022820854608824 4.2639592304001299183 
 175.86458201495261733 123.40228208546085398 4.2639592304001299183 
 175.86458201495261733 139.4022820854608824 4.2639592304001299183 
 153.23716501698305592 123.40228208546085398 4.2639592304001299183 
 153.23716501698305592 171.40228208546085398 4.2639592304001299183 
 175.86458201495261733 155.40228208546085398 4.2639592304001299183 
 175.86458201495261733 171.40228208546085398 4.2639592304001299183 
 153.23716501698305592 155.40228208546085398 4.2639592304001299183 
 153.23716501698305592 203.4022820854608824 4.2639592304001299183 
 175.86458201495261733 187.40228208546085398 4.2639592304001299183 
 175.86458201495261733 203.4022820854608824 4.2639592304001299183 
 153.23716501698305592 187.40228208546085398 4.2639592304001299183 
 153.23716501698305592 235.4022820854608824 4.2639592304001299183 
 175.86458201495261733 219.4022820854608824 4.2639592304001299183 
 175.86458201495261733 235.4022820854608824 4.2639592304001299183 
 153.23716501698305592 219.4022820854608824 4.2639592304001299183 
 153.23716501698305592 11.402282085460864636 4.2639592304001299183 
 175.86458201495261733 251.40228208546085398 4.2639592304001299183 
 175.86458201495261733 11.402282085460864636 4.2639592304001299183 
 153.23716501698305592 251.40228208546085398 4.2639592304001299183 
 198.49199901292212189 43.402282085460861083 4.2639592304001299183 
 221.1194160108916833 27.402282085460853978 4.2639592304001299183 
 221.1194160108916833 43.402282085460861083 4.2639592304001299183 
 198.49199901292212189 27.402282085460853978 4.2639592304001299183 
 198.49199901292212189 75.402282085460853978 4.2639592304001299183 
 221.1194160108916833 59.402282085460868188 4.2639592304001299183 
 221.1194160108916833 75.402282085460853978 4.2639592304001299183 
 198.49199901292212189 59.402282085460868188 4.2639592304001299183 
 198.49199901292212189 107.40228208546085398 4.2639592304001299183 
 221.1194160108916833 91.402282085460868188 4.2639592304001299183 
 221.1194160108916833 107.40228208546085398 4.2639592304001299183 
 198.49199901292212189 91.402282085460868188 4.2639592304001299183 
 198.49199901292212189 139.4022820854608824 4.2639592304001299183 
 221.1194160108916833 123.40228208546085398 4.2639592304001299183 
 221.1194160108916833 139.4022820854608824 4.2639592304001299183 
 198.49199901292212189 123.40228208546085398 4.2639592304001299183 
 198.49199901292212189 171.40228208546085398 4.2639592304001299183 
 221.1194160108916833 155.40228208546085398 4.2639592304001299183 
 221.1194160108916833 171.40228208546085398 4.2639592304001299183 
 198.49199901292212189 155.40228208546085398 4.2639592304001299183 
 198.49199901292212189 203.4022820854608824 4.2639592304001299183 
 221.1194160108916833 187.40228208546085398 4.2639592304001299183 
 221.1194160108916833 203.4022820854608824 4.2639592304001299183 
 198.49199901292212189 187.40228208546085398 4.2639592304001299183 
 198.49199901292212189 235.4022820854608824 4.2639592304001299183 
 221.1194160108916833 219.4022820854608824 4.2639592304001299183 
 221.1194160108916833 235.4022820854608824 4.2639592304001299183 
 198.49199901292212189 219.4022820854608824 4.2639592304001299183 
 198.49199901292212189 11.402282085460864636 4.2639592304001299183 
 221.1194160108916833 251.40228208546085398 4.2639592304001299183 
 221.1194160108916833 11.402282085460864636 4.2639592304001299183 
 198.49199901292212189 251.40228208546085398 4.2639592304001299183 
