 171.91660915702931334 7.1246017258281630902 4.2639592304001299183 
 132.89008773694254728 3.5286837835627364868 4.2639592304001299183 
 158.06020269647831356 15.124601725828151544 4.2639592304001299183 
 144.20379623592728535 23.12460172582815332 4.2639592304001299183 
 105.17727481584050508 19.528683783562740928 4.2639592304001299183 
 130.34738977537628557 31.124601725828156873 4.2639592304001299183 
 116.49098331482527158 39.124601725828156873 4.2639592304001299183 
 119.03368127639150487 11.528683783562739151 4.2639592304001299183 
 77.464461894738462888 35.528683783562748033 4.2639592304001299183 
 102.63457685427424337 47.124601725828163978 4.2639592304001299183 
 88.77817039372321517 55.124601725828163978 4.2639592304001299183 
 91.320868355289476881 27.52868378356274448 4.2639592304001299183 
 49.751648973636456219 51.528683783562740928 4.2639592304001299183 
 74.921763933172201178 63.124601725828171084 4.2639592304001299183 
 61.065357472621201396 71.124601725828156873 4.2639592304001299183 
 63.60805543418744179 43.528683783562748033 4.2639592304001299183 
 22.038836052534399812 67.528683783562740928 4.2639592304001299183 
 47.208951012070194508 79.124601725828156873 4.2639592304001299183 
 33.352544551519166305 87.124601725828156873 4.2639592304001299183 
 35.895242513085428016 59.528683783562740928 4.2639592304001299183 
 19.496138090968138101 95.124601725828171084 4.2639592304001299183 
 5.6397316304171267731 103.12460172582817108 4.2639592304001299183 
 8.1824295919833733848 75.528683783562740928 4.2639592304001299183 
 183.23031765601410825 26.720519668093579924 4.2639592304001299183 
 208.40043261554987453 38.316437610358995869 4.2639592304001299183 
 194.54402615499887474 46.316437610358995869 4.2639592304001299183 
 197.08672411656510803 18.720519668093579924 4.2639592304001299183 
 155.51750473491208027 42.720519668093587029 4.2639592304001299183 
 180.68761969444787496 54.316437610359002974 4.2639592304001299183 
 166.83121323389681834 62.316437610359002974 4.2639592304001299183 
 169.37391119546308005 34.720519668093587029 4.2639592304001299183 
 127.80469181381002386 58.720519668093579924 4.2639592304001299183 
 152.97480677334581856 70.316437610359002974 4.2639592304001299183 
 139.11840031279479035 78.316437610359002974 4.2639592304001299183 
 141.66109827436102364 50.720519668093587029 4.2639592304001299183 
 100.09187889270798166 74.720519668093587029 4.2639592304001299183 
 125.26199385224377636 86.316437610359017185 4.2639592304001299183 
 111.40558739169274816 94.316437610359017185 4.2639592304001299183 
 113.94828535325900987 66.720519668093587029 4.2639592304001299183 
 72.379065971605967889 90.720519668093572818 4.2639592304001299183 
 97.549180931141734163 102.31643761035900297 4.2639592304001299183 
 83.692774470590734381 110.31643761035900297 4.2639592304001299183 
 86.23547243215696767 82.720519668093587029 4.2639592304001299183 
 44.666253050503932798 106.72051966809358703 4.2639592304001299183 
 69.836368010039720389 118.31643761035900297 4.2639592304001299183 
 55.979961549488699291 126.31643761035901719 4.2639592304001299183 
 58.522659511054961001 98.720519668093572818 4.2639592304001299183 
 16.953440129401890601 122.72051966809360124 4.2639592304001299183 
 42.123555088937671087 134.31643761035900297 4.2639592304001299183 
 28.267148628386657094 142.31643761035900297 4.2639592304001299183 
 30.809846589952904594 114.72051966809360124 4.2639592304001299183 
 14.410742167835630667 150.3164376103590314 4.2639592304001299183 
 3.0970336688508655065 130.72051966809360124 4.2639592304001299183 
 205.85773465398361282 65.912355552624447341 4.2639592304001299183 
 231.02784961351940751 77.508273494889863287 4.2639592304001299183 
 217.17144315296837931 85.508273494889877497 4.2639592304001299183 
 219.71414111453466944 57.912355552624426025 4.2639592304001299183 
 178.14492173288161325 81.91235555262443313 4.2639592304001299183 
 203.31503669241735111 93.508273494889863287 4.2639592304001299183 
 189.45863023186635132 101.50827349488986329 4.2639592304001299183 
 192.00132819343261303 73.91235555262443313 4.2639592304001299183 
 150.43210881177955685 97.912355552624447341 4.2639592304001299183 
 175.60222377131535154 109.5082734948898775 4.2639592304001299183 
 161.74581731076432334 117.5082734948898775 4.2639592304001299183 
 164.28851527233055663 89.91235555262443313 4.2639592304001299183 
 122.71929589067751465 113.91235555262444734 4.2639592304001299183 
 147.88941085021332356 125.5082734948898775 4.2639592304001299183 
 134.03300438966226693 133.50827349488989171 4.2639592304001299183 
 136.57570235122852864 105.91235555262444734 4.2639592304001299183 
 95.006482969575500874 129.91235555262443313 4.2639592304001299183 
 120.17659792911126715 141.50827349488986329 4.2639592304001299183 
 106.32019146856028158 149.50827349488986329 4.2639592304001299183 
 108.86288943012651487 121.91235555262444734 4.2639592304001299183 
 67.293670048473458678 145.91235555262446155 4.2639592304001299183 
 92.463785008009253374 157.50827349488986329 4.2639592304001299183 
 78.607378547458225171 165.50827349488986329 4.2639592304001299183 
 81.150076509024486882 137.91235555262443313 4.2639592304001299183 
 39.580857127371423587 161.91235555262443313 4.2639592304001299183 
 64.750972086907211178 173.50827349488989171 4.2639592304001299183 
 50.89456562635619008 181.50827349488989171 4.2639592304001299183 
 53.43726358792243758 153.91235555262446155 4.2639592304001299183 
 11.868044206269370733 177.91235555262446155 4.2639592304001299183 
 37.038159165805161877 189.50827349488992013 4.2639592304001299183 
 23.181752705254137226 197.50827349488992013 4.2639592304001299183 
 25.724450666820395384 169.91235555262446155 4.2639592304001299183 
 228.4851516519531458 105.10419143715527923 4.2639592304001299183 
 253.6552666114889405 116.70010937942070939 4.2639592304001299183 
 239.79886015093794072 124.70010937942070939 4.2639592304001299183 
 242.34155811250417401 97.104191437155265021 4.2639592304001299183 
 200.77233873085114624 121.10419143715527923 4.2639592304001299183 
 225.94245369038691251 132.7001093794207236 4.2639592304001299183 
 212.08604722983588431 140.7001093794207236 4.2639592304001299183 
 214.62874519140214602 113.10419143715526502 4.2639592304001299183 
 173.05952580974908983 137.10419143715526502 4.2639592304001299183 
 198.22964076928485611 148.7001093794207236 4.2639592304001299183 
 184.3732343087338279 156.7001093794207236 4.2639592304001299183 
 186.91593227030008961 129.10419143715526502 4.2639592304001299183 
 145.34671288864703342 153.10419143715529344 4.2639592304001299183 
 170.51682784818282812 164.7001093794207236 4.2639592304001299183 
 156.66042138763179992 172.7001093794207236 4.2639592304001299183 
 159.20311934919806163 145.10419143715529344 4.2639592304001299183 
 117.63389996754503386 169.10419143715526502 4.2639592304001299183 
 142.80401492708080013 180.7001093794207236 4.2639592304001299183 
 128.94760846652980035 188.70010937942069518 4.2639592304001299183 
 131.49030642809603364 161.10419143715529344 4.2639592304001299183 
 89.921087046442977453 185.10419143715529344 4.2639592304001299183 
 115.09120200597877215 196.70010937942069518 4.2639592304001299183 
 101.23479554542775816 204.70010937942075202 4.2639592304001299183 
 103.77749350699400566 177.10419143715526502 4.2639592304001299183 
 62.208274125340942362 201.10419143715526502 4.2639592304001299183 
 87.378389084876715742 212.70010937942075202 4.2639592304001299183 
 73.52198262432570175 220.70010937942075202 4.2639592304001299183 
 76.064680585891949249 193.10419143715529344 4.2639592304001299183 
 34.495461204238885955 217.10419143715529344 4.2639592304001299183 
 59.665576163774680651 228.70010937942075202 4.2639592304001299183 
 45.809169703223666659 236.70010937942075202 4.2639592304001299183 
 48.351867664789914159 209.10419143715529344 4.2639592304001299183 
 251.11256864992265037 144.29602732168612533 4.2639592304001299183 
 223.39975572882062238 160.29602732168612533 4.2639592304001299183 
 248.56987068835641708 171.89194526395158391 4.2639592304001299183 
 234.71346422780541729 179.89194526395158391 4.2639592304001299183 
 237.25616218937165058 152.29602732168612533 4.2639592304001299183 
 195.68694280771862282 176.29602732168615375 4.2639592304001299183 
 220.85705776725441751 187.89194526395158391 4.2639592304001299183 
 207.00065130670338931 195.89194526395158391 4.2639592304001299183 
 209.5433492682696226 168.29602732168615375 4.2639592304001299183 
 167.97412988661659483 192.29602732168615375 4.2639592304001299183 
 193.14424484615236111 203.89194526395158391 4.2639592304001299183 
 179.2878383856013329 211.89194526395158391 4.2639592304001299183 
 181.83053634716759461 184.29602732168615375 4.2639592304001299183 
 140.26131696551456685 208.29602732168615375 4.2639592304001299183 
 165.43143192505033312 219.89194526395158391 4.2639592304001299183 
 151.57502546449933334 227.89194526395158391 4.2639592304001299183 
 154.11772342606556663 200.29602732168615375 4.2639592304001299183 
 112.54850404441251044 224.29602732168615375 4.2639592304001299183 
 137.71861900394830514 235.89194526395158391 4.2639592304001299183 
 123.86221254339729114 243.89194526395158391 4.2639592304001299183 
 126.40491050496355285 216.29602732168615375 4.2639592304001299183 
 84.835691123310482453 240.29602732168615375 4.2639592304001299183 
 110.00580608284624873 251.89194526395158391 4.2639592304001299183 
 98.692097583861496446 232.29602732168615375 4.2639592304001299183 
 57.122878202208418941 256.2960273216862106 4.2639592304001299183 
 70.979284662759440039 248.29602732168615375 4.2639592304001299183 
