 222.2438955254113182 15.906716166778913646 4.2639592304001299183 
 206.78908230478623409 20.047820888419245478 4.2639592304001299183 
 170.02304940298500924 6.4736238711488987008 4.2639592304001299183 
 191.33426908416112155 24.188925610059580862 4.2639592304001299183 
 175.87945586353603744 28.330030331699912693 4.2639592304001299183 
 185.47786262361012177 2.3325191495085655369 4.2639592304001299183 
 139.11342296173484101 14.755833314429565917 4.2639592304001299183 
 160.42464264291095333 32.471135053340248078 4.2639592304001299183 
 144.96982942228584079 36.612239774980579909 4.2639592304001299183 
 154.56823618235995355 10.614728592789232309 4.2639592304001299183 
 108.20379652048464436 23.038042757710233133 4.2639592304001299183 
 129.51501620166075668 40.753344496620911741 4.2639592304001299183 
 114.06020298103565835 44.894449218261250678 4.2639592304001299183 
 123.65860974110974269 18.896938036069897748 4.2639592304001299183 
 77.294170079234476134 31.320252200990886138 4.2639592304001299183 
 98.605389760410560029 49.03555393990158251 4.2639592304001299183 
 83.150576539785490127 53.17665866154190013 4.2639592304001299183 
 92.748983299859546037 27.179147479350564964 4.2639592304001299183 
 46.384543637984265274 39.602461644271549801 4.2639592304001299183 
 67.695763319160391802 57.317763383182231962 4.2639592304001299183 
 52.240950098535286372 61.458868104822563794 4.2639592304001299183 
 61.839356858609363599 35.461356922631217969 4.2639592304001299183 
 15.474917196734082836 47.88467108755222057 4.2639592304001299183 
 36.786136877910202259 65.599972826462902731 4.2639592304001299183 
 21.331323657285107487 69.741077548103234562 4.2639592304001299183 
 30.92973041735918116 43.743566365911881633 4.2639592304001299183 
 5.8765104366600366959 73.882182269743552183 4.2639592304001299183 
 212.64548876533723387 41.904227348970273681 4.2639592304001299183 
 233.95670844651334619 59.619529087880955842 4.2639592304001299183 
 218.50189522588826208 63.760633809521287674 4.2639592304001299183 
 228.10030198596231799 37.763122627329941849 4.2639592304001299183 
 181.73586232408703722 50.18643679225094445 4.2639592304001299183 
 203.04708200526317796 67.901738531161626611 4.2639592304001299183 
 187.59226878463806543 72.042843252801958442 4.2639592304001299183 
 197.19067554471212134 46.045332070610612618 4.2639592304001299183 
  150.826235882836869 58.468646235531608113 4.2639592304001299183 
 172.13745556401300973 76.183947974442290274 4.2639592304001299183 
 156.6826423433878972 80.325052696082622106 4.2639592304001299183 
 166.28104910346198153 54.327541513891276281 4.2639592304001299183 
 119.91660944158668656 66.750855678812271776 4.2639592304001299183 
 141.22782912276281309 84.466157417722953937 4.2639592304001299183 
 125.77301590213768634 88.607262139363285769 4.2639592304001299183 
 135.37142266221175646 62.609750957171939945 4.2639592304001299183 
 89.00698300033651833 75.033065122092935439 4.2639592304001299183 
 110.31820268151260223 92.74836686100360339 4.2639592304001299183 
 94.863389460887518112 96.889471582643949432 4.2639592304001299183 
 104.46179622096158823 70.891960400452589397 4.2639592304001299183 
 58.097356559086314576 83.315274565373599103 4.2639592304001299183 
 79.408576240262419788 101.03057630428428126 4.2639592304001299183 
 63.953763019637321463 105.1716810259246131 4.2639592304001299183 
 73.552169779711405795 79.174169843733267271 4.2639592304001299183 
 27.187730117836114374 91.597484008654262766 4.2639592304001299183 
 48.498949799012237349 109.31278574756494493 4.2639592304001299183 
 33.044136578387139025 113.45389046920527676 4.2639592304001299183 
 42.642543338461216251 87.456379287013930934 4.2639592304001299183 
 17.589323357762069122 117.59499519084560859 4.2639592304001299183 
 2.1345101371369707977 121.73609991248592621 4.2639592304001299183 
 11.732916897211046248 95.738588730294594598 4.2639592304001299183 
 224.3583016864393187 85.617040270072322983 4.2639592304001299183 
 245.66952136761537417 103.33234200898301935 4.2639592304001299183 
 230.21470814699031848 107.47344673062335119 4.2639592304001299183 
 239.81311490706434597 81.475935548431991151 4.2639592304001299183 
 193.44867524518909363 93.899249713352986646 4.2639592304001299183 
 214.75989492636520595 111.61455145226368302 4.2639592304001299183 
 199.30508170574012183 115.75565617390401485 4.2639592304001299183 
 208.90348846581420617 89.758144991712654814 4.2639592304001299183 
 162.5390488039389254 102.18145915663365031 4.2639592304001299183 
 183.8502684851150093 119.89676089554434668 4.2639592304001299183 
 168.39545526448992518 124.03786561718467851 4.2639592304001299183 
 177.99386202456400952 98.040354434993318478 4.2639592304001299183 
 131.62942236268870033 110.46366859991431397 4.2639592304001299183 
 152.94064204386481265 128.17897033882502456 4.2639592304001299183 
 137.48582882323972854 132.32007506046534218 4.2639592304001299183 
 147.08423558331381287 106.32256387827398214 4.2639592304001299183 
 100.71979592143854632 118.74587804319497764 4.2639592304001299183 
 122.03101560261464442 136.4611797821056598 4.2639592304001299183 
 106.57620238198957452 140.60228450374600584 4.2639592304001299183 
 116.17460914206361622 114.60477332155466001 4.2639592304001299183 
 69.810169480188349667 127.0280874864756413 4.2639592304001299183 
 91.121389161364476195 144.74338922538632346 4.2639592304001299183 
 75.66657594073937787 148.88449394702664108 4.2639592304001299183 
 85.264982700813447991 122.88698276483530947 4.2639592304001299183 
 38.900543038938160123 135.31029692975630496 4.2639592304001299183 
 60.21176272011427244 153.02559866866701554 4.2639592304001299183 
 44.756949499489174116 157.16670339030736159 4.2639592304001299183 
 54.355356259563265553 131.16919220811598734 4.2639592304001299183 
 7.9909165976879945603 143.59250637303696863 4.2639592304001299183 
 29.302136278864104213 161.30780811194767921 4.2639592304001299183 
 13.847323058239004112 165.44891283358799683 4.2639592304001299183 
 23.445729818313093773 139.45140165139662258 4.2639592304001299183 
 236.07111460754131826 129.32985319117435097 4.2639592304001299183 
 241.92752106809234647 151.18625965172537917 4.2639592304001299183 
 251.5259278281664308 125.18874846953403335 4.2639592304001299183 
 205.16148816629112162 137.61206263445504305 4.2639592304001299183 
 226.47270784746723393 155.32736437336572521 4.2639592304001299183 
 211.01789462684214982 159.46846909500607126 4.2639592304001299183 
 220.61630138691623415 133.47095791281469701 4.2639592304001299183 
 174.25186172504095339 145.89427207773570672 4.2639592304001299183 
 195.56308140621706571 163.60957381664638888 4.2639592304001299183 
 180.10826818559198159 167.7506785382867065 4.2639592304001299183 
 189.70667494566606592 141.75316735609536067 4.2639592304001299183 
 143.34223528379075674 154.17648152101637038 4.2639592304001299183 
 164.65345496496686906 171.89178325992705254 4.2639592304001299183 
 149.19864174434178494 176.03288798156737016 4.2639592304001299183 
 158.79704850441586927 150.03537679937602434 4.2639592304001299183 
 112.4326088425405743 162.45869096429703404 4.2639592304001299183 
 133.74382852371667241 180.1739927032077162 4.2639592304001299183 
 118.2890153030916025 184.31509742484803382 4.2639592304001299183 
 127.8874220631656442  158.317586242656688 4.2639592304001299183 
 81.522982401290391863 170.74090040757766928 4.2639592304001299183 
 102.83420208246650418 188.45620214648835145 4.2639592304001299183 
 87.379388861841405856 192.59730686812872591 4.2639592304001299183 
 96.977795621915475976 166.59979568593735166 4.2639592304001299183 
 50.613355960040195214 179.02310985085836137 4.2639592304001299183 
 71.924575641216307531 196.73841158976907195 4.2639592304001299183 
 56.469762420591223417 200.87951631140938957 4.2639592304001299183 
 66.068169180665293538 174.88200512921801533 4.2639592304001299183 
 19.703729518790026987 187.30531929413899661 4.2639592304001299183 
 41.014949199966153515 205.02062103304970719 4.2639592304001299183 
 25.560135979341051637 209.16172575469002481 4.2639592304001299183 
 35.158542739415125311 183.16421457249867899 4.2639592304001299183 
 247.78392752864334625 173.0426661122764358 4.2639592304001299183 
 253.64033398919437445  194.899072572827464 4.2639592304001299183 
 216.8743010873931496 181.32487555555709946 4.2639592304001299183 
 238.18552076856929034 199.04017729446778162 4.2639592304001299183 
 222.7307075479441778 203.18128201610809924 4.2639592304001299183 
 232.32911430801823371 177.18377083391678184 4.2639592304001299183 
 185.9646746461430098 189.60708499883776312 4.2639592304001299183 
 207.27589432731912211 207.32238673774844528 4.2639592304001299183 
 191.82108110669400958 211.46349145938879133 4.2639592304001299183 
 201.41948786676809391 185.46598027719741708 4.2639592304001299183 
 155.05504820489278472 197.88929444211842679 4.2639592304001299183 
 176.36626788606892546 215.60459618102910895 4.2639592304001299183 
 160.91145466544381293 219.74570090266942657 4.2639592304001299183 
 170.50986142551789726 193.74818972047810917 4.2639592304001299183 
 124.14542176364263071 206.17150388539906203 4.2639592304001299183 
 145.45664144481872881 223.88680562430977261 4.2639592304001299183 
 130.0018282241936447 228.02791034595011865 4.2639592304001299183 
 139.60023498426767219 202.03039916375874441 4.2639592304001299183 
 93.235795322392434059 214.45371332867975411 4.2639592304001299183 
 114.54701500356854638 232.1690150675904647 4.2639592304001299183 
 99.092201782943448052 236.31011978923078232 4.2639592304001299183 
 108.69060854301753238 210.31260860703940807 4.2639592304001299183 
 62.326168881142230305 222.73592277196038935 4.2639592304001299183 
 83.637388562318349727 240.45122451087109994 4.2639592304001299183 
 68.182575341693251403 244.59232923251144598 4.2639592304001299183 
 77.780982101767335735 218.59481805032007173 4.2639592304001299183 
 31.416542439892062077 231.01813221524108144 4.2639592304001299183 
  52.7277621210681815 248.73343395415179202 4.2639592304001299183 
 37.272948900443083176 252.87453867579210964 4.2639592304001299183 
 46.871355660517160402 226.87702749360070698 4.2639592304001299183 
