 45.656247669173183112 168.96668803361876599 4.1234258020918561627 
 82.422280570974379543 155.39249101634842987 4.1234258020918561627 
 76.565874110423365551 177.24889747689945807 4.1234258020918561627 
 64.039264120073781328 162.17958952498361214 4.1234258020918561627 
 58.182857659522746019 184.03599598553464034 4.1234258020918561627 
 70.709467649872337347 199.10530393745045785 4.1234258020918561627 
 119.18831347277556176 141.81829399907809375 4.1234258020918561627 
 113.33190701222456198 163.67470045962909353 4.1234258020918561627 
 100.80529702187497776 148.60539250771327602 4.1234258020918561627 
 94.948890561323949555 170.46179896826424738 4.1234258020918561627 
 107.47550055167353378 185.53110692018012173 4.1234258020918561627 
 89.092484100772949773  192.318205428815304 4.1234258020918561627 
 101.61909409112251979 207.38751338073112152 4.1234258020918561627 
 83.23607764022192157 214.17461188936630379 4.1234258020918561627 
 95.762687630571491582 229.24391984128214972 4.1234258020918561627 
 137.5713299236761884 135.03119549044291148 4.1234258020918561627 
 131.71492346312518862 156.88760195099391126 4.1234258020918561627 
 150.09793991402577262 150.10050344235875741 4.1234258020918561627 
 144.24153345347477284 171.95690990290975719 4.1234258020918561627 
 125.85851700257416041 178.74400841154493946 4.1234258020918561627 
 138.38512699292374464 193.8133163634607854 4.1234258020918561627 
 120.00211054202314642 200.60041487209596767 4.1234258020918561627 
 132.52872053237274486 215.66972282401178518 4.1234258020918561627 
 114.14570408147211822 222.45682133264699587 4.1234258020918561627 
 126.67231407182170244 237.5261292845628418 4.1234258020918561627 
 108.28929762092110423 244.31322779319802407 4.1234258020918561627 
 162.62454990437538527 165.16981139427460334 4.1234258020918561627 
 156.76814344382438549 187.0262178548255747 4.1234258020918561627 
 175.15115989472496949 180.23911934619044928 4.1234258020918561627 
 169.29475343417394129 202.09552580674144906 4.1234258020918561627 
 150.91173698327332886 208.88262431537663133 4.1234258020918561627 
 163.4383469736229415 223.95193226729247726 4.1234258020918561627 
 145.05533052272232908 230.73903077592765953 4.1234258020918561627 
 187.67776988507455371 195.30842729810626679 4.1234258020918561627 
 181.82136342452349709 217.16483375865729499 4.1234258020918561627 
 200.20437987542410951 210.37773525002211272 4.1234258020918561627 
 57.369060590275218203 125.25387511251672379 4.1234258020918561627 
 51.512654129724211316 147.11028157306773778 4.1234258020918561627 
 38.986044139374612882 132.04097362115192027 4.1234258020918561627 
 33.129637678823591784 153.89738008170292005 4.1234258020918561627 
 94.13509349207642174 111.67967809524640188 4.1234258020918561627 
 88.278687031525393536 133.53608455579743008 4.1234258020918561627 
 75.752077041175809313 118.46677660388156994 4.1234258020918561627 
 69.895670580624795321 140.32318306443258393 4.1234258020918561627 
 130.90112639387760396 98.105481077976037341 4.1234258020918561627 
 125.04471993332658997 119.96188753852705133 4.1234258020918561627 
 112.51810994297700574 104.89257958661121961 4.1234258020918561627 
 106.66170348242600596 126.7489860471622336 4.1234258020918561627 
 143.4277363842272166 113.17478902989189748 4.1234258020918561627 
 161.81075283512782903 106.38769052125671521 4.1234258020918561627 
 155.95434637457680083 128.24409698180772921 4.1234258020918561627 
 174.33736282547744167 121.45699847317254694 4.1234258020918561627 
 168.48095636492638505 143.31340493372357514 4.1234258020918561627 
 186.86397281582699748 136.52630642508839287 4.1234258020918561627 
 181.00756635527599769 158.38271288563942107 4.1234258020918561627 
 199.39058280617655328 151.5956143770042388 4.1234258020918561627 
 193.53417634562555349 173.45202083755523859 4.1234258020918561627 
 211.9171927965261375 166.66492232892005632 4.1234258020918561627 
 206.06078633597516614 188.5213287894710561 4.1234258020918561627 
 224.44380278687575014 181.73423028083590225 4.1234258020918561627 
 218.58739632632469352 203.59063674138690203 4.1234258020918561627 
 69.081873511377253294 81.541062191414724225 4.1234258020918561627 
 63.225467050826225091 103.39746865196573822 4.1234258020918561627 
 50.698857060476647973 88.328160700049906495 4.1234258020918561627 
 44.842450599925626875 110.18456716060090628 4.1234258020918561627 
 105.84790641317844972 67.966865174144373896 4.1234258020918561627 
 99.991499952627435732 89.823271634695387888 4.1234258020918561627 
 87.464889962277837299 74.753963682779556166 4.1234258020918561627 
 81.608483501726823306 96.610370143330570158 4.1234258020918561627 
 118.37451640352803395 83.036173126060205618 4.1234258020918561627 
 136.75753285442863216 76.249074617425023348 4.1234258020918561627 
 149.28414284477821639 91.318382569340869281 4.1234258020918561627 
 167.66715929567882881 84.531284060705701222 4.1234258020918561627 
 180.19376928602844146 99.600592012621547156 4.1234258020918561627 
 198.57678573692905388 92.813493503986364885 4.1234258020918561627 
 192.72037927637802568 114.66989996453737888 4.1234258020918561627 
 211.10339572727860968 107.88280145590221082 4.1234258020918561627 
 205.24698926672755306 129.73920791645323902 4.1234258020918561627 
 223.63000571762819391 122.95210940781804254 4.1234258020918561627 
 217.7735992570771657 144.80851586836905653 4.1234258020918561627 
 236.15661570797774971 138.02141735973390269 4.1234258020918561627 
 230.3002092474267215 159.87782382028487405 4.1234258020918561627 
 74.938279971928267287 59.684655730863688916 4.1234258020918561627 
 56.555263521027654861 66.471754239498892503 4.1234258020918561627 
 93.321296422828865502 52.897557222228520857 4.1234258020918561627 
 111.70431287372946372 46.110458713593338587 4.1234258020918561627 
 124.23092286407904794 61.17976666550918452 4.1234258020918561627 
 142.61393931497963194 54.39266815687400225 4.1234258020918561627 
 155.14054930532924459 69.461976108789855289 4.1234258020918561627 
 173.52356575622982859 62.674877600154665913 4.1234258020918561627 
 186.05017574657944124 77.744185552070533163 4.1234258020918561627 
 204.43319219748002524 70.957087043435336682 4.1234258020918561627 
 216.95980218782960947 86.026394995351182615 4.1234258020918561627 
 229.48641217817919369 101.09570294726702855 4.1234258020918561627 
 242.01302216852877791 116.16501089918287448 4.1234258020918561627 
 130.08732932463007614 39.323360204958156316 4.1234258020918561627 
 148.47034577553066015 32.536261696322966941 4.1234258020918561627 
 160.99695576588027279 47.605569648238834191 4.1234258020918561627 
 179.37997221678088522 40.81847113960363771 4.1234258020918561627 
 191.90658220713049786 55.887779091519497854 4.1234258020918561627 
 166.85336222643127257 25.749163187687816645 4.1234258020918561627 
