 86.391291408601006196 123.01319519615701381 4.1234258020918561627 
 130.10410432970303418 111.30038227505497161 4.1234258020918561627 
 122.10410432970303418 125.15678873560598561 4.1234258020918561627 
 108.24769786915202019 117.15678873560599982 4.1234258020918561627 
 100.24769786915202019 131.01319519615702802 4.1234258020918561627 
 114.10410432970303418 139.01319519615702802 4.1234258020918561627 
 106.10410432970303418 152.8696016567080278 4.1234258020918561627 
 92.247697869152020189 144.8696016567080278 4.1234258020918561627 
 98.104104329703019971 166.72600811725905601 4.1234258020918561627 
 151.96051079025406239 105.44397581450397183 4.1234258020918561627 
 143.96051079025406239 119.30038227505498583 4.1234258020918561627 
 157.81691725080509059 127.30038227505497161 4.1234258020918561627 
 149.81691725080509059 141.15678873560599982 4.1234258020918561627 
 135.96051079025409081 133.15678873560599982 4.1234258020918561627 
 127.96051079025406239 147.01319519615702802 4.1234258020918561627 
 141.81691725080509059 155.01319519615702802 4.1234258020918561627 
 133.81691725080509059 168.86960165670805623 4.1234258020918561627 
 119.9605107902540766 160.8696016567080278 4.1234258020918561627 
 111.96051079025406239 174.72600811725908443 4.1234258020918561627 
 125.81691725080507638 182.72600811725908443 4.1234258020918561627 
 103.96051079025406239 188.58241457781008421 4.1234258020918561627 
 163.67332371135614721 149.15678873560599982 4.1234258020918561627 
 155.67332371135609037 163.0131951961569996 4.1234258020918561627 
  169.529730171907147 171.01319519615702802 4.1234258020918561627 
 147.67332371135611879 176.86960165670805623 4.1234258020918561627 
 58.678478487498956895 107.01319519615701381 4.1234258020918561627 
 102.3912914086010062 95.300382275054985826 4.1234258020918561627 
 94.391291408601006196 109.15678873560599982 4.1234258020918561627 
 80.534884948049963782 101.15678873560599982 4.1234258020918561627 
 72.534884948049963782 115.01319519615701381 4.1234258020918561627 
 78.391291408601006196 136.86960165670805623 4.1234258020918561627 
 64.534884948049977993 128.8696016567080278 4.1234258020918561627 
 70.391291408601006196 150.72600811725908443 4.1234258020918561627 
 146.10410432970300576 83.587569353952943629 4.1234258020918561627 
 138.10410432970300576 97.443975814503957622 4.1234258020918561627 
 124.24769786915200598 89.443975814503971833 4.1234258020918561627 
 116.24769786915202019 103.30038227505498583 4.1234258020918561627 
 84.247697869152020189 158.72600811725908443 4.1234258020918561627 
 90.104104329703019971 180.58241457781008421 4.1234258020918561627 
 76.247697869152005978 172.58241457781008421 4.1234258020918561627 
 82.104104329703034182 194.43882103836108399 4.1234258020918561627 
 167.96051079025406239 77.731162893401901215 4.1234258020918561627 
 159.96051079025406239 91.587569353952943629 4.1234258020918561627 
 173.81691725080509059 99.58756935395295784 4.1234258020918561627 
 165.81691725080506217 113.44397581450398604 4.1234258020918561627 
 117.81691725080507638 196.58241457781011263 4.1234258020918561627 
 95.960510790254076596 202.43882103836111241 4.1234258020918561627 
 109.8169172508051048 210.43882103836108399 4.1234258020918561627 
 87.960510790254076596 216.2952274989121122 4.1234258020918561627 
 179.67332371135611879 121.44397581450397183 4.1234258020918561627 
 171.67332371135611879 135.30038227505497161 4.1234258020918561627 
  185.529730171907147 143.30038227505497161 4.1234258020918561627 
  177.529730171907147 157.15678873560599982 4.1234258020918561627 
  161.529730171907147 184.86960165670805623 4.1234258020918561627 
 139.67332371135611879 190.72600811725908443 4.1234258020918561627 
  153.529730171907147 198.72600811725905601 4.1234258020918561627 
 131.67332371135611879 204.58241457781011263 4.1234258020918561627 
 191.38613663245814678 165.15678873560599982 4.1234258020918561627 
 183.38613663245811836 179.01319519615702802 4.1234258020918561627 
 197.24254309300917498 187.01319519615702802 4.1234258020918561627 
 175.38613663245814678 192.8696016567080278 4.1234258020918561627 
   74.678478487498964 79.300382275054985826 4.1234258020918561627 
   66.678478487498964 93.156788735605999818 4.1234258020918561627 
 52.822072026947942902 85.156788735605999818 4.1234258020918561627 
 44.822072026947942902 99.013195196157028022 4.1234258020918561627 
 50.678478487498949789 120.86960165670805623 4.1234258020918561627 
 36.822072026947935797 112.86960165670804201 4.1234258020918561627 
 42.678478487498949789 134.72600811725905601 4.1234258020918561627 
 118.39129140860099199 67.58756935395295784 4.1234258020918561627 
 110.39129140860099199 81.443975814503986044 4.1234258020918561627 
 96.534884948049977993 73.443975814503971833 4.1234258020918561627 
 88.534884948049977993 87.300382275054985826 4.1234258020918561627 
 56.534884948049970887 142.72600811725905601 4.1234258020918561627 
 62.391291408600999091 164.58241457781011263 4.1234258020918561627 
 48.534884948049970887 156.58241457781008421 4.1234258020918561627 
 54.391291408601006196 178.43882103836108399 4.1234258020918561627 
 162.10410432970303418 55.874756432850887222 4.1234258020918561627 
 154.10410432970303418 69.731162893401901215 4.1234258020918561627 
 140.24769786915200598 61.731162893401915426 4.1234258020918561627 
 132.24769786915200598 75.587569353952943629 4.1234258020918561627 
 68.247697869152020189 186.43882103836111241 4.1234258020918561627 
 74.104104329703034182 208.2952274989121122 4.1234258020918561627 
 60.247697869152020189 200.2952274989121122 4.1234258020918561627 
 66.104104329703034182 222.15163395946311198 4.1234258020918561627 
 175.96051079025406239 63.874756432850894328 4.1234258020918561627 
 189.81691725080511901 71.874756432850901433 4.1234258020918561627 
 181.81691725080509059 85.731162893401915426 4.1234258020918561627 
 101.8169172508051048 224.2952274989121122 4.1234258020918561627 
 79.960510790254076596 230.1516339594631404 4.1234258020918561627 
  93.8169172508051048 238.15163395946311198 4.1234258020918561627 
 195.67332371135611879 93.731162893401915426 4.1234258020918561627 
 187.67332371135611879 107.58756935395295784 4.1234258020918561627 
 201.52973017190711857 115.58756935395295784 4.1234258020918561627 
  193.529730171907147 129.44397581450397183 4.1234258020918561627 
 145.52973017190711857 212.58241457781011263 4.1234258020918561627 
 123.67332371135611879 218.43882103836111241 4.1234258020918561627 
  137.529730171907147 226.43882103836108399 4.1234258020918561627 
 115.67332371135611879 232.29522749891214062 4.1234258020918561627 
 207.38613663245814678 137.44397581450397183 4.1234258020918561627 
 199.38613663245814678 151.30038227505500004 4.1234258020918561627 
 213.24254309300914656 159.30038227505497161 4.1234258020918561627 
 205.24254309300917498 173.1567887356059714 4.1234258020918561627 
 189.24254309300917498 200.86960165670805623 4.1234258020918561627 
 167.38613663245811836 206.72600811725905601 4.1234258020918561627 
 181.24254309300917498 214.72600811725908443 4.1234258020918561627 
 159.38613663245814678 220.58241457781008421 4.1234258020918561627 
 219.09894955356017476 181.1567887356059714 4.1234258020918561627 
 211.09894955356014634 195.01319519615702802 4.1234258020918561627 
 203.09894955356017476 208.8696016567080278 4.1234258020918561627 
 82.678478487498949789 65.443975814503971833 4.1234258020918561627 
 60.822072026947935797 71.300382275054985826 4.1234258020918561627 
 28.822072026947932244 126.72600811725907022 4.1234258020918561627 
 34.678478487498942684 148.58241457781011263 4.1234258020918561627 
 126.39129140860099199 53.73116289340190832 4.1234258020918561627 
 104.53488494804996378 59.587569353952950735 4.1234258020918561627 
 40.534884948049977993 170.43882103836108399 4.1234258020918561627 
 46.391291408601006196 192.29522749891214062 4.1234258020918561627 
 148.24769786915200598 47.874756432850887222 4.1234258020918561627 
 52.247697869152027295 214.1516339594631404 4.1234258020918561627 
 203.67332371135611879 79.874756432850901433 4.1234258020918561627 
 209.52973017190717542 101.73116289340191543 4.1234258020918561627 
  129.529730171907147 240.29522749891214062 4.1234258020918561627 
  107.673323711356133 246.1516339594631404 4.1234258020918561627 
 215.38613663245814678 123.58756935395292942 4.1234258020918561627 
 221.24254309300917498 145.44397581450397183 4.1234258020918561627 
 173.24254309300914656 228.58241457781008421 4.1234258020918561627 
 151.38613663245814678 234.43882103836108399 4.1234258020918561627 
 227.09894955356014634 167.30038227505497161 4.1234258020918561627 
 195.09894955356014634 222.72600811725905601 4.1234258020918561627 
