 63.871284556975766122 123.3391609670567135 4.1234258020918561627 
 103.06312044150662643 100.71174396908719473 4.1234258020918561627 
 98.922015719866294603 116.16655718971227884 4.1234258020918561627 
 83.467202499241182068 112.0254524680719328 4.1234258020918561627 
 79.326097777600864447 127.48026568869703112 4.1234258020918561627 
 94.780910998225962771 131.62137041033736296 4.1234258020918561627 
 90.63980627658563094 147.07618363096247549 4.1234258020918561627 
 75.184993055960518404 142.93507890932215787 4.1234258020918561627 
 86.498701554945299108 162.5309968515875596 4.1234258020918561627 
 142.25495632603744411 78.084326971117661742 4.1234258020918561627 
 138.11385160439712649 93.539140191742760067 4.1234258020918561627 
 122.65903838377204238 89.398035470102428235 4.1234258020918561627 
 118.51793366213171055 104.85284869072751235 4.1234258020918561627 
 133.97274688275680887 108.99395341236785839 4.1234258020918561627 
 129.83164216111646283 124.4487666329929425 4.1234258020918561627 
 114.37682894049137872 120.30766191135259646 4.1234258020918561627 
 110.23572421885104688  135.762475131977709 4.1234258020918561627 
  125.690537439476131 139.90357985361802662 4.1234258020918561627 
 121.54943271783579917 155.35839307424313915 4.1234258020918561627 
 106.09461949721071505 151.21728835260279311 4.1234258020918561627 
 101.95351477557038322 166.67210157322793407 4.1234258020918561627 
 117.40832799619546734 170.81320629486825169 4.1234258020918561627 
 113.26722327455512129 186.2680195154933358 4.1234258020918561627 
 97.81241005393005139 182.12691479385301818 4.1234258020918561627 
 109.12611855291480367 201.72283273611841992 4.1234258020918561627 
 161.85087426830290269 66.770618472132881038 4.1234258020918561627 
 157.70976954666258507 82.225431692757993574 4.1234258020918561627 
 173.16458276728766918 86.366536414398339616 4.1234258020918561627 
 169.02347804564735156 101.82134963502343794 4.1234258020918561627 
 153.56866482502226745 97.680244913383091898 4.1234258020918561627 
 149.42756010338189299 113.13505813400817601 4.1234258020918561627 
 164.88237332400703394 117.27616285564852205 4.1234258020918561627 
 160.7412686023666879 132.73097607627360617 4.1234258020918561627 
 145.28645538174157537 128.58987135463326013 4.1234258020918561627 
 141.14535066010125774 144.04468457525837266 4.1234258020918561627 
 156.60016388072634186 148.18578929689869028 4.1234258020918561627 
 152.45905915908602424 163.64060251752380282 4.1234258020918561627 
 137.0042459384609117 159.4994977958834852 4.1234258020918561627 
 132.86314121682056566 174.95431101650856931 4.1234258020918561627 
 148.3179544374456782 179.09541573814888693 4.1234258020918561627 
 144.17684971580536057 194.55022895877399947 4.1234258020918561627 
 128.72203649518024804 190.40912423713365342 4.1234258020918561627 
 124.58093177353993042 205.86393745775876596 4.1234258020918561627 
 140.03574499416501453 210.00504217939908358 4.1234258020918561627 
 120.43982705189958438 221.31875067838385007 4.1234258020918561627 
 184.4782912662724641 105.96245435666375556 4.1234258020918561627 
 180.33718654463211806 121.41726757728885389 4.1234258020918561627 
 195.79199976525723059 125.55837229892918572 4.1234258020918561627 
 191.65089504361691297 141.01318551955426983 4.1234258020918561627 
 176.19608182299177201 136.87208079791392379 4.1234258020918561627 
 172.05497710135145439 152.32689401853903632 4.1234258020918561627 
 187.50979032197653851 156.46799874017938237 4.1234258020918561627 
 183.36868560033622089 171.92281196080446648 4.1234258020918561627 
 167.91387237971110835 167.78170723916412044 4.1234258020918561627 
 163.77276765807076231 183.23652045978926139 4.1234258020918561627 
 179.22758087869587484 187.37762518142957902 4.1234258020918561627 
 159.63166293643044469 198.69133368041431709 4.1234258020918561627 
 207.10570826424194024 145.15429024119461587 4.1234258020918561627 
 202.96460354260162262 160.60910346181969999 4.1234258020918561627 
 218.41941676322670673 164.75020818346001761 4.1234258020918561627 
  198.823498820961305 176.06391668244481252 4.1234258020918561627 
 72.153494000256429786 92.429534525806531065 4.1234258020918561627 
 68.012389278616083743 107.88434774643160097 4.1234258020918561627 
 52.557576057991006735 103.74324302479126914 4.1234258020918561627 
 48.416471336350667798 119.19805624541636746 4.1234258020918561627 
 59.730179835335427185 138.79397418768178341 4.1234258020918561627 
 44.275366614710343072 134.65286946604146578 4.1234258020918561627 
 55.589075113695088248 154.24878740830692436 4.1234258020918561627 
 111.3453298847872901 69.80211752783701229 4.1234258020918561627 
 107.20422516314695827 85.256930748462110614 4.1234258020918561627 
 91.749411942521845731 81.115826026821764572 4.1234258020918561627 
 87.60830722088152811 96.570639247446848685 4.1234258020918561627 
 71.043888334320186573 158.38989212994724198 4.1234258020918561627 
 82.357596833304953066 177.98581007221267214 4.1234258020918561627 
 66.902783612679854741 173.8447053505723261 4.1234258020918561627 
 78.216492111664635445 193.44062329283772783 4.1234258020918561627 
 150.5371657693181362 47.174700529867479304 4.1234258020918561627 
 146.39606104767781858 62.629513750492563418 4.1234258020918561627 
 130.94124782705270604 58.48840902885222448 4.1234258020918561627 
 126.80014310541237421 73.94322224947732991 4.1234258020918561627 
 93.671305332289719559 197.58172801447804545 4.1234258020918561627 
 104.98501383127447184 217.17764595674350403 4.1234258020918561627 
 89.530200610649387727 213.03654123510315799 4.1234258020918561627 
 100.84390910963415422 232.63245917736858814 4.1234258020918561627 
 165.99197898994322031 51.315805251507818241 4.1234258020918561627 
 181.44679221056833285 55.456909973148142967 4.1234258020918561627 
 177.30568748892801523 70.911723193773227081 4.1234258020918561627 
 135.89464027252469691 225.45985540002419611 4.1234258020918561627 
 116.29872233025926676 236.77356389900890576 4.1234258020918561627 
 131.75353555088437929 240.91466862064922339 4.1234258020918561627 
 192.76050070955309934 75.052827915413558912 4.1234258020918561627 
 188.61939598791278172 90.507641136038657237 4.1234258020918561627 
 204.07420920853786583 94.648745857679003279 4.1234258020918561627 
 199.93310448689754821 110.1035590783041016 4.1234258020918561627 
 175.08647615705555722 202.83243840205466313 4.1234258020918561627 
 155.49055821479012707 214.1461469010394012 4.1234258020918561627 
 170.94537143541521118 218.28725162267974724 4.1234258020918561627 
 151.34945349314980945 229.60096012166451374 4.1234258020918561627 
 215.38791770752263233 114.24466379994441922 4.1234258020918561627 
 211.24681298588225786 129.69947702056950334 4.1234258020918561627 
 226.7016262065073704 133.84058174220984938 4.1234258020918561627 
 222.56052148486705278 149.29539496283493349 4.1234258020918561627 
 214.27831204158638911 180.20502140408513014 4.1234258020918561627 
 194.68239409932095896 191.51872990306989664 4.1234258020918561627 
 210.13720731994607149 195.65983462471024268 4.1234258020918561627 
 190.54128937768061292 206.97354312369498075 4.1234258020918561627 
 238.01533470549213689 153.43649968447525112 4.1234258020918561627 
 233.87422998385179085 168.89131290510036365 4.1234258020918561627 
 229.73312526221144481 184.34612612572544776 4.1234258020918561627 
 80.435703443537093449 61.519908084556334416 4.1234258020918561627 
 76.294598721896747406 76.97472130518143274 4.1234258020918561627 
 60.839785501271670398 72.833616583541100908 4.1234258020918561627 
 56.698680779631331461 88.288429804166185022 4.1234258020918561627 
 40.134261893070004135 150.1076826866665499 4.1234258020918561627 
 51.447970392054763522 169.70360062893198005 4.1234258020918561627 
 35.993157171429665198 165.56249590729166243 4.1234258020918561627 
 47.306865670414438796 185.15841384955709259 4.1234258020918561627 
 119.62753932806795376 38.892491086586815641 4.1234258020918561627 
 115.48643460642762193 54.347304307211899754 4.1234258020918561627 
 100.03162138580250939 50.206199585571560817 4.1234258020918561627 
 95.890516664162191773 65.661012806196666247 4.1234258020918561627 
 62.76167889103953712 189.29951857119741021 4.1234258020918561627 
 74.075387390024303613 208.89543651346284037 4.1234258020918561627 
 58.620574169399198183 204.75433179182249432 4.1234258020918561627 
 69.934282668383971782 224.35024973408792448 4.1234258020918561627 
 135.08235254869302366 43.033595808227140367 4.1234258020918561627 
 85.389095889009055895 228.4913544557282421 4.1234258020918561627 
 196.90160543119341696 59.598014694788481904 4.1234258020918561627 
 212.3564186518185295 63.739119416428813736 4.1234258020918561627 
 208.21531393017821188 79.193932637053890744 4.1234258020918561627 
 166.80426671377489356 233.74206484330483136 4.1234258020918561627 
 147.2083487715094634 245.05577334228956943 4.1234258020918561627 
 162.66316199213457594 249.19687806392991547 4.1234258020918561627 
 223.67012715080329599 83.335037358694222576 4.1234258020918561627 
 219.52902242916294995  98.7898505793193209 4.1234258020918561627 
 234.98383564978803406 102.93095530095966694 4.1234258020918561627 
 230.84273092814771644 118.38576852158476527 4.1234258020918561627 
 205.99610259830569703 211.11464784533535521 4.1234258020918561627 
 186.40018465604029529 222.42835634432006486 4.1234258020918561627 
 201.85499787666537941 226.56946106596038248 4.1234258020918561627 
 182.25907993439997767 237.88316956494514898 4.1234258020918561627 
 246.29754414877277213 122.52687324322508289 4.1234258020918561627 
 242.15643942713245451 137.98168646385019542 4.1234258020918561627 
 225.59202054057109876 199.80093934635058872 4.1234258020918561627 
 221.45091581893078114 215.25575256697567283 4.1234258020918561627 
 84.57680816517741107 46.065094863931236091 4.1234258020918561627 
 64.980890222911995124 57.378803362916009689 4.1234258020918561627 
 31.852052449789340471 181.01730912791674655 4.1234258020918561627 
 43.165760948774099859 200.6132270701821767 4.1234258020918561627 
 104.17272610744285544 34.751386364946476704 4.1234258020918561627 
 54.479469447758873457 220.20914501244757844 4.1234258020918561627 
 227.81123187244361361 67.880224138069138462 4.1234258020918561627 
 239.12494037142840853 87.476142080334554407 4.1234258020918561627 
 197.71389315502506179 242.02427428658549502 4.1234258020918561627 
 178.11797521275963163 253.33798278557026151 4.1234258020918561627 
 250.43864887041311817 107.07206002259998456 4.1234258020918561627 
 217.30981109729046352 230.71056578760070011 4.1234258020918561627 
