 66.669853609598817457 84.181208790424804533 4.1234258020918561627 
 111.92468760553785501 84.181208790424804533 4.1234258020918561627 
 100.61097910655311694 95.494917289409585237 4.1234258020918561627 
 89.297270607568336231 84.181208790424804533 4.1234258020918561627 
 77.983562108583583949 95.494917289409585237 4.1234258020918561627 
 89.297270607568336231 106.80862578839433752 4.1234258020918561627 
 77.983562108583583949 118.12233428737910401 4.1234258020918561627 
 66.669853609598817457 106.80862578839433752 4.1234258020918561627 
 66.669853609598817457 129.43604278636388472 4.1234258020918561627 
 157.17952160147689256 84.181208790424804533 4.1234258020918561627 
 145.86581310249215448 95.494917289409571026 4.1234258020918561627 
 134.55210460350735957 84.181208790424804533 4.1234258020918561627 
 123.23839610452260729 95.494917289409571026 4.1234258020918561627 
 134.55210460350735957 106.80862578839432331 4.1234258020918561627 
 123.2383961045226215 118.1223342873790898 4.1234258020918561627 
 111.92468760553786922 106.80862578839432331 4.1234258020918561627 
 100.61097910655308851 118.12233428737910401 4.1234258020918561627 
 111.92468760553785501 129.43604278636385629 4.1234258020918561627 
 100.6109791065530743 140.74975128534862279 4.1234258020918561627 
 89.297270607568336231 129.43604278636385629 4.1234258020918561627 
 77.983562108583569739 140.74975128534862279 4.1234258020918561627 
 89.297270607568336231 152.06345978433338928 4.1234258020918561627 
 77.983562108583569739 163.37716828331812735 4.1234258020918561627 
 66.669853609598803246 152.06345978433338928 4.1234258020918561627 
 66.669853609598817457 174.69087678230289384 4.1234258020918561627 
 179.80693859944642554 84.181208790424804533 4.1234258020918561627 
 168.49323010046165905 95.494917289409585237 4.1234258020918561627 
 179.80693859944642554 106.80862578839433752 4.1234258020918561627 
 168.49323010046165905 118.12233428737911822 4.1234258020918561627 
 157.17952160147692098 106.80862578839433752 4.1234258020918561627 
 145.86581310249215448 118.12233428737910401 4.1234258020918561627 
 157.17952160147692098 129.43604278636385629 4.1234258020918561627 
 145.86581310249218291 140.74975128534862279 4.1234258020918561627 
 134.55210460350738799 129.43604278636385629 4.1234258020918561627 
 123.2383961045226215 140.74975128534862279 4.1234258020918561627 
 134.55210460350738799 152.06345978433338928 4.1234258020918561627 
 123.2383961045226215 163.37716828331812735 4.1234258020918561627 
 111.92468760553786922 152.06345978433338928 4.1234258020918561627 
 100.61097910655311694 163.37716828331815577 4.1234258020918561627 
 111.92468760553786922 174.69087678230289384 4.1234258020918561627 
 100.61097910655311694 186.00458528128768876 4.1234258020918561627 
 89.297270607568336231 174.69087678230289384 4.1234258020918561627 
 77.98356210858359816 186.00458528128768876 4.1234258020918561627 
 89.297270607568364653 197.31829378027245525 4.1234258020918561627 
 66.669853609598817457 197.31829378027242683 4.1234258020918561627 
 179.80693859944642554 129.43604278636388472 4.1234258020918561627 
 168.49323010046168747 140.74975128534862279 4.1234258020918561627 
 179.80693859944645396 152.06345978433338928 4.1234258020918561627 
 168.49323010046168747 163.37716828331812735 4.1234258020918561627 
 157.17952160147692098 152.06345978433338928 4.1234258020918561627 
 145.86581310249218291 163.37716828331812735 4.1234258020918561627 
 157.17952160147692098 174.69087678230289384 4.1234258020918561627 
 145.86581310249218291 186.00458528128768876 4.1234258020918561627 
 134.55210460350738799 174.69087678230289384 4.1234258020918561627 
 123.2383961045226215 186.00458528128768876 4.1234258020918561627 
 134.55210460350738799 197.31829378027245525 4.1234258020918561627 
 111.92468760553786922 197.31829378027245525 4.1234258020918561627 
 179.80693859944642554 174.69087678230289384 4.1234258020918561627 
 168.49323010046168747 186.00458528128766034 4.1234258020918561627 
 179.80693859944642554 197.31829378027242683 4.1234258020918561627 
 157.17952160147692098 197.31829378027242683 4.1234258020918561627 
 89.297270607568336231 61.553791792455292864 4.1234258020918561627 
 77.98356210858359816 72.867500291440052251 4.1234258020918561627 
 66.669853609598817457 61.553791792455292864 4.1234258020918561627 
 55.356145110614043858 72.867500291440052251 4.1234258020918561627 
 55.356145110614043858 95.494917289409585237 4.1234258020918561627 
 44.042436611629291576 84.181208790424804533 4.1234258020918561627 
 44.042436611629291576 106.80862578839435173 4.1234258020918561627 
 134.55210460350735957 61.553791792455292864 4.1234258020918561627 
 123.23839610452260729 72.867500291440066462 4.1234258020918561627 
 111.92468760553785501 61.553791792455292864 4.1234258020918561627 
 100.61097910655308851 72.867500291440052251 4.1234258020918561627 
 55.356145110614043858 118.12233428737911822 4.1234258020918561627 
 55.356145110614043858 140.74975128534865121 4.1234258020918561627 
 44.042436611629291576 129.43604278636388472 4.1234258020918561627 
 44.042436611629305787 152.06345978433338928 4.1234258020918561627 
 179.80693859944639712 61.553791792455278653 4.1234258020918561627 
 168.49323010046165905 72.86750029144003804 4.1234258020918561627 
 157.17952160147689256 61.553791792455292864 4.1234258020918561627 
 145.86581310249215448 72.867500291440052251 4.1234258020918561627 
 55.356145110614058069 163.37716828331812735 4.1234258020918561627 
 55.356145110614043858 186.00458528128766034 4.1234258020918561627 
 44.042436611629291576 174.69087678230289384 4.1234258020918561627 
 44.042436611629305787 197.31829378027239841 4.1234258020918561627 
 191.12064709843119203 72.867500291440066462 4.1234258020918561627 
 202.43435559741595853 84.181208790424804533 4.1234258020918561627 
 191.12064709843122046 95.494917289409585237 4.1234258020918561627 
 77.98356210858359816 208.63200227925719332 4.1234258020918561627 
 55.35614511061407228 208.6320022792571649 4.1234258020918561627 
 66.669853609598845878 219.94571077824193139 4.1234258020918561627 
 202.43435559741595853 106.80862578839433752 4.1234258020918561627 
 191.12064709843119203 118.12233428737910401 4.1234258020918561627 
 202.43435559741595853 129.43604278636388472 4.1234258020918561627 
 191.12064709843122046 140.74975128534865121 4.1234258020918561627 
 123.23839610452263571 208.63200227925722174 4.1234258020918561627 
 100.61097910655313115 208.63200227925719332 4.1234258020918561627 
 111.92468760553789764 219.94571077824195982 4.1234258020918561627 
 89.297270607568350442 219.94571077824193139 4.1234258020918561627 
 202.43435559741595853 152.06345978433338928 4.1234258020918561627 
 191.12064709843119203 163.37716828331812735 4.1234258020918561627 
 202.43435559741595853 174.69087678230289384 4.1234258020918561627 
 191.12064709843122046 186.00458528128766034 4.1234258020918561627 
 168.49323010046168747 208.63200227925719332 4.1234258020918561627 
 145.86581310249215448 208.63200227925719332 4.1234258020918561627 
 157.17952160147692098 219.94571077824193139 4.1234258020918561627 
 134.55210460350735957 219.94571077824193139 4.1234258020918561627 
 202.43435559741595853 197.31829378027239841 4.1234258020918561627 
 191.12064709843119203 208.6320022792571649 4.1234258020918561627 
 179.80693859944642554 219.94571077824193139 4.1234258020918561627 
 111.92468760553785501 38.926374794485774089 4.1234258020918561627 
 100.61097910655308851 50.240083293470547687 4.1234258020918561627 
 89.297270607568322021 38.926374794485774089 4.1234258020918561627 
 77.983562108583569739 50.240083293470533476 4.1234258020918561627 
 32.728728112644532189 95.494917289409585237 4.1234258020918561627 
 32.728728112644532189 118.12233428737911822 4.1234258020918561627 
 21.415019613659755038 106.80862578839435173 4.1234258020918561627 
 21.415019613659787012 129.43604278636388472 4.1234258020918561627 
 157.17952160147692098 38.926374794485774089 4.1234258020918561627 
 145.86581310249215448 50.240083293470533476 4.1234258020918561627 
 134.55210460350735957 38.926374794485774089 4.1234258020918561627 
 123.23839610452260729 50.240083293470533476 4.1234258020918561627 
  32.7287281126445464 140.74975128534862279 4.1234258020918561627 
 32.728728112644532189 163.37716828331812735 4.1234258020918561627 
 21.415019613659769249 152.06345978433338928 4.1234258020918561627 
 21.415019613659787012 174.69087678230289384 4.1234258020918561627 
 168.49323010046165905 50.240083293470519266 4.1234258020918561627 
  32.7287281126445464 186.00458528128766034 4.1234258020918561627 
 213.74806409640072502 95.494917289409585237 4.1234258020918561627 
 225.06177259538549151 106.80862578839435173 4.1234258020918561627 
 213.74806409640072502 118.12233428737910401 4.1234258020918561627 
 100.61097910655313115 231.25941927722672631 4.1234258020918561627 
 77.983562108583612371 231.25941927722672631 4.1234258020918561627 
 89.297270607568378864 242.57312777621146438 4.1234258020918561627 
 225.06177259538546309 129.43604278636385629 4.1234258020918561627 
 213.74806409640072502 140.74975128534862279 4.1234258020918561627 
 225.06177259538546309 152.06345978433338928 4.1234258020918561627 
 213.74806409640072502 163.37716828331812735 4.1234258020918561627 
 145.86581310249215448 231.25941927722672631 4.1234258020918561627 
 123.23839610452263571 231.25941927722672631 4.1234258020918561627 
 134.55210460350738799 242.5731277762114928 4.1234258020918561627 
 111.92468760553786922 242.57312777621146438 4.1234258020918561627 
 225.06177259538546309 174.69087678230289384 4.1234258020918561627 
 213.74806409640072502 186.00458528128766034 4.1234258020918561627 
 168.49323010046165905 231.25941927722672631 4.1234258020918561627 
 157.17952160147692098 242.57312777621146438 4.1234258020918561627 
 123.2383961045226215 27.612666295501000491 4.1234258020918561627 
 100.6109791065530743 27.612666295501000491 4.1234258020918561627 
 10.101311114675011638 118.12233428737910401 4.1234258020918561627 
 10.101311114675011638 140.74975128534862279 4.1234258020918561627 
 145.86581310249215448 27.612666295501000491 4.1234258020918561627 
 10.101311114675027625 163.37716828331812735 4.1234258020918561627 
 236.37548109437022958 118.12233428737910401 4.1234258020918561627 
 236.37548109437022958 140.74975128534862279 4.1234258020918561627 
 123.2383961045226215 253.88683627519623087 4.1234258020918561627 
 100.61097910655313115 253.88683627519620245 4.1234258020918561627 
 236.37548109437020116 163.37716828331812735 4.1234258020918561627 
 145.86581310249215448 253.88683627519620245 4.1234258020918561627 
