 96.549952564304618363 9.3296403342028035865 4.3103544384533538647 
 74.452961696391028568 17.445062584433905783 4.3103544384533538647 
 107.93749794301113809 6.2227444705304604256 4.3103544384533538647 
 62.811963009532654212 22.210709012853126154 4.3103544384533538647 
 13.242486106847779936 32.283164833706251784 4.3103544384533538647 
 127.28722742837368287 7.0206794712962921068 4.3103544384533538647 
 139.55354651938156962 5.4753310741781815452 4.3103544384533538647 
 95.230133933031382298 21.461178400854652892 4.3103544384533538647 
 83.690919915004812424 24.691447504815339897 4.3103544384533538647 
 117.18128697871209454 14.383725159495210022 4.3103544384533538647 
 36.085280551359936396 33.718596675360522852 4.3103544384533538647 
 23.591344311858680527 39.642232036053805189 4.3103544384533538647 
 60.492067822134309552 35.30421734747287843 4.3103544384533538647 
 159.14263852837896707 8.5810036805287985828 4.3103544384533538647 
 147.29266311653137222 14.725961218368865957 4.3103544384533538647 
 103.12043891698286302 31.552012430971036139 4.3103544384533538647 
 180.0883908462454599 10.483472313338628723 4.3103544384533538647 
 82.559017928257105723 36.465295021711746415 4.3103544384533538647 
 47.87896329270109419 41.372289288294361143 4.3103544384533538647 
 116.08718581323310559 27.070810943271922611 4.3103544384533538647 
 199.74176595720908267 8.1723438065349292003 4.3103544384533538647 
 169.34674532948162096 15.797143020882080222 4.3103544384533538647 
 218.82084710186987309 7.7406234625791512372 4.3103544384533538647 
 71.849851267932976384 42.63805307406538958 4.3103544384533538647 
 18.704588511570424458 51.802538983920143778 4.3103544384533538647 
 6.5943641619666326648 55.161550701490085657 4.3103544384533538647 
 94.059959153238963836 41.702375451035294418 4.3103544384533538647 
 190.79456670217598457 15.674954362776770012 4.3103544384533538647 
 139.70220781112038821 27.183536945070741808 4.3103544384533538647 
 209.57817886803633201 15.603089875406416454 4.3103544384533538647 
 228.79299281329397786 14.412862048544107907 4.3103544384533538647 
 127.48519357751796122 32.506982512004015007 4.3103544384533538647 
 47.638753761815586074 54.678417548804567616 4.3103544384533538647 
 170.56789339913174786 28.263437597156734427 4.3103544384533538647 
 4.3774881777597638433 67.289069750940157633 4.3103544384533538647 
 77.162596933419905554 54.802869792062168131 4.3103544384533538647 
 24.22064681371016448 62.834954207544733151 4.3103544384533538647 
 90.116076841562545496 54.059779641957796059 4.3103544384533538647 
 160.15790843721157444 35.753545882011003698 4.3103544384533538647 
 146.98036432262190942 37.375530381469751262 4.3103544384533538647 
 36.685864904020732524 62.864076550867835635 4.3103544384533538647 
 194.34767537776619406 26.959757994109487811 4.3103544384533538647 
 183.3768759968592974 32.486781230411921229 4.3103544384533538647 
 109.79644122483908575 58.117024456265667709 4.3103544384533538647 
 207.16315543349631412 29.011200905681985063 4.3103544384533538647 
 233.25488001255888548 26.313176720281397536 4.3103544384533538647 
 57.928636363103137796 64.023755149861315772 4.3103544384533538647 
 15.036145492200512663 72.91151163760062559 4.3103544384533538647 
 71.178698270083472721 65.734359544162842326 4.3103544384533538647 
 98.043018030918204886 63.860376878797197264 4.3103544384533538647 
 143.31101879692459988 50.898302851443922634 4.3103544384533538647 
 163.92056401388217068 47.190657072048011855 4.3103544384533538647 
 186.52875896307801895 43.900613459570756447 4.3103544384533538647 
 39.759475152505771689 74.701905245988740489 4.3103544384533538647 
 175.66772694836598134 49.020290837430216868 4.3103544384533538647 
 52.157477050189918089 74.814491862927326338 4.3103544384533538647 
 120.07505565527614522 64.575963633240888839 4.3103544384533538647 
 134.09006214254134193 61.100261353866393677 4.3103544384533538647 
 154.98426814995048062 55.971663506232957275 4.3103544384533538647 
 215.23000080544710499 44.56532011608654642 4.3103544384533538647 
 12.496729453904178442 85.25895099876122174 4.3103544384533538647 
 234.73809717631996818 38.764791695249122938 4.3103544384533538647 
 92.243188380396077264 75.744891603226278676 4.3103544384533538647 
 79.292795020449048593 77.018452929547734698 4.3103544384533538647 
 196.68147368847141365 53.045272910470039562 4.3103544384533538647 
 34.447230238937045499 86.491197804434804652 4.3103544384533538647 
 227.44246050881852739 48.303240160898063493 4.3103544384533538647 
 178.85352860746428405 59.711395242806851513 4.3103544384533538647 
 118.94529538587359241 77.524621939824470473 4.3103544384533538647 
 209.08411676272646673 55.73103582535204481 4.3103544384533538647 
 22.788412533886216238 91.848759007652489572 4.3103544384533538647 
 159.95524302539993755 67.018572153282192971 4.3103544384533538647 
 55.226884544924587317 86.424636842968595829 4.3103544384533538647 
 138.95541422887643535 73.133115812522902388 4.3103544384533538647 
 171.49200960036608876 67.768571520155390431 4.3103544384533538647 
 190.01177143357824662 62.893058019678726112 4.3103544384533538647 
 98.95603498321632685 86.901597248427634668 4.3103544384533538647 
 45.026412783000282047 92.98912884477879004 4.3103544384533538647 
 76.14015405711857909 89.718553899835995935 4.3103544384533538647 
 130.0977725969160872 81.322082432695964371 4.3103544384533538647 
 111.28957500762132327 87.435981567355639754 4.3103544384533538647 
 64.713695384338734584 93.843744137855907184 4.3103544384533538647 
 235.9310413189475355 58.620958853717930026 4.3103544384533538647 
 19.329549671790211107 103.75419032559177879 4.3103544384533538647 
 158.87192459677262946 79.107924969086610645 4.3103544384533538647 
 188.78927678147687175 74.654225653855561973 4.3103544384533538647 
 148.07785383635791732 81.852742098401904514 4.3103544384533538647 
 177.36578464188423254 77.946777981112333578 4.3103544384533538647 
 215.12318321698191426 69.309468278481048742 4.3103544384533538647 
 8.4073496272605261481 110.69732529870806559 4.3103544384533538647 
 94.842188031741713417 98.705132222550886922 4.3103544384533538647 
 83.024914060334012333 100.29727886894809785 4.3103544384533538647 
 48.67280662512578715 104.43645484722516414 4.3103544384533538647 
 134.22907555067908447 92.523747356989190394 4.3103544384533538647 
 168.99848239877675837 86.151362254170422261 4.3103544384533538647 
 27.961279162822815891 111.6892675405723736 4.3103544384533538647 
 61.01083775804365672 105.84812421142984817 4.3103544384533538647 
 208.51082449605652869 79.607988895647906702 4.3103544384533538647 
 115.9595769720161087 99.249170089418143448 4.3103544384533538647 
 197.03820383297576768 82.263849889341088328 4.3103544384533538647 
 237.36825111218871598 71.077922324638080909 4.3103544384533538647 
 145.90345872618408407 93.88328234951201523 4.3103544384533538647 
 39.916746110924869129 112.20763597747512108 4.3103544384533538647 
 226.99051846818312583 77.123628969649686837 4.3103544384533538647 
 127.65705123425875911 101.70080507375183743 4.3103544384533538647 
 11.140425753226569583 123.17686860539137683 4.3103544384533538647 
 99.811537323460896687 110.46505565805588844 4.3103544384533538647 
 172.28212694956943096 97.595351656588903211 4.3103544384533538647 
 80.650658831918519809 112.96470405284941307 4.3103544384533538647 
 23.152993871692707728 122.83219195708586824 4.3103544384533538647 
 111.68843994433289879 110.80561397278771096 4.3103544384533538647 
 194.26975335557736457 93.66156671466229966 4.3103544384533538647 
 68.650475684697894962 115.89991764039584154 4.3103544384533538647 
 213.55905370493741202 91.175655031006286322 4.3103544384533538647 
 151.45509714025629933 104.89121617927449392 4.3103544384533538647 
 225.43996934677798549 90.203147740627329654 4.3103544384533538647 
 42.761994224775421003  123.588519099381557 4.3103544384533538647 
 184.23468967237158722 100.28881015904102014 4.3103544384533538647 
   6.1789962376259151 134.66614326209437991 4.3103544384533538647 
 163.75717773706520575 106.19608163877042273 4.3103544384533538647 
 204.88249862427227299 99.782288661143084596 4.3103544384533538647 
 32.170467927934744523 130.26724660973039249 4.3103544384533538647 
 91.73714727551369208 120.02293854173822751 4.3103544384533538647 
 131.99461592367663343 112.97097167046725019 4.3103544384533538647 
 52.872356678418448439 129.98299523409389167 4.3103544384533538647 
 144.14953079905356503 115.33687507953011675 4.3103544384533538647 
 65.53304759794190204 128.10434035390073859 4.3103544384533538647 
 121.39306081037132401 119.31685752512262866 4.3103544384533538647 
 232.63172009544095431 100.77691540888353927 4.3103544384533538647 
 244.60494909076899717 97.117969487943270224 4.3103544384533538647 
 189.01590503321966708 111.6674089155324765 4.3103544384533538647 
 168.85262739979484081  116.921195619545216 4.3103544384533538647 
 201.52318742152692721 111.53073843044656144 4.3103544384533538647 
 12.251346726261591158 146.61048901929206068 4.3103544384533538647 
 33.891922894861728821 142.01683202687175367 4.3103544384533538647 
 46.429031218697659256 140.6680468828536732 4.3103544384533538647 
 96.685091008020393133 132.66372895816252253 4.3103544384533538647 
 180.85177800209319798 120.18152805228561419 4.3103544384533538647 
 73.995112599449967661 138.43190258681650562 4.3103544384533538647 
 24.300722521026198564 150.23432565434583807 4.3103544384533538647 
 149.6972405428768127 126.7548039667845643 4.3103544384533538647 
 121.34651302662580008 131.26498763908733736 4.3103544384533538647 
 251.21509338111209786 107.03481731698508383 4.3103544384533538647 
 161.87426362529333801 126.61801759790775179 4.3103544384533538647 
 229.99729905250927686 114.78823108522065866 4.3103544384533538647 
 109.79801762842474488 136.79821017633602764 4.3103544384533538647 
 207.89198674646451082 121.6019231689720641 4.3103544384533538647 
 87.602102421347822769 142.27180117940261539 4.3103544384533538647 
 53.494865461294963893 149.15601490828328224 4.3103544384533538647 
 65.885374532903199452 147.8031342239196988 4.3103544384533538647 
 220.37141102905783896 122.84725480591356472 4.3103544384533538647 
 181.76160580595430361 132.44869141076648589 4.3103544384533538647 
 144.74584813609416756 138.45067509944416884 4.3103544384533538647 
 131.94563166232171625 139.82410954828176841 4.3103544384533538647 
 249.49166153348900821 118.59211983574000726 4.3103544384533538647 
 169.99162839201125053 135.62683017836607746 4.3103544384533538647 
 26.139777655335624473 162.85306287119931312 4.3103544384533538647 
 239.25480079249385312 123.85234001367250301 4.3103544384533538647 
 202.67133323784912591 132.65029589642122687 4.3103544384533538647 
 48.035897814408613726 160.10330627630065692 4.3103544384533538647 
 114.14017654123843215 148.65524888275115245 4.3103544384533538647 
 68.214732719053742471 159.27745944666742162 4.3103544384533538647 
 93.352985868814997161 154.65009239550869324 4.3103544384533538647 
 192.09593778188434499 138.91840909453458153 4.3103544384533538647 
 17.897859813612253532 172.10652422645392789 4.3103544384533538647 
 37.963987967924985867 167.00978215736117249 4.3103544384533538647 
 222.68833288838547446 135.55474313409604292 4.3103544384533538647 
 127.11204900492133163 151.2646393975223873 4.3103544384533538647 
 57.97278974499311488 165.84378755170217801 4.3103544384533538647 
 105.70479568724631747 157.17614596100830227 4.3103544384533538647 
 153.5878526403479043 147.86914933057101962 4.3103544384533538647 
 166.30370271497559997 146.45780544658703093 4.3103544384533538647 
 211.7603618817299207 140.58351748575827855 4.3103544384533538647 
 242.87655072750101226 136.48759951433544302 4.3103544384533538647 
 76.970694135898568788 166.8393911136839165 4.3103544384533538647 
 88.625975992949136639 166.49989687401156857 4.3103544384533538647 
 232.67634777558876635 143.47412505373321778 4.3103544384533538647 
 22.531033980131905281 182.95603461452324723 4.3103544384533538647 
 195.36369655505711762 151.50125151429131165 4.3103544384533538647 
 256.44532434883740279 137.79980410287643622 4.3103544384533538647 
 153.61785920916329928 160.34564535181505107 4.3103544384533538647 
 41.269774776035198727 179.10679322901208366 4.3103544384533538647 
 208.15567386524600124 152.08913169323361103 4.3103544384533538647 
 174.36530576660706515 156.41543918450381057 4.3103544384533538647 
 132.63961118275872764 163.67759145077087624 4.3103544384533538647 
 110.8728229368410183 168.33103987619762165 4.3103544384533538647 
 59.953906740961912192 177.11900651205300505 4.3103544384533538647 
 71.526467101842953866 177.17899280681996288 4.3103544384533538647 
 33.176810399336666535 187.42886768502054906 4.3103544384533538647 
 165.60556155988052751 164.41553376107029294 4.3103544384533538647 
 122.97011919683032488 171.17362391209184125 4.3103544384533538647 
 186.76811461334983733 160.46580076633205181 4.3103544384533538647 
 92.928794386532231897 178.33408297230906214 4.3103544384533538647 
 145.44914398857588367 169.25147245811481866 4.3103544384533538647 
 230.64087558830664193 156.07126930298915113 4.3103544384533538647 
 51.66685147970204639 185.28150461992692044 4.3103544384533538647 
 217.9429926533663604 159.70361508692047892 4.3103544384533538647 
 104.68375937351265748 178.81995242599768403 4.3103544384533538647 
 75.416899619559956136 187.46193486482590629 4.3103544384533538647 
 20.822553682719579626 201.57169234216422637 4.3103544384533538647 
 32.830927776642113258 199.4728411387771132 4.3103544384533538647 
 87.029710130123348222 189.42978176117475186 4.3103544384533538647 
 167.45991258702895266 176.10521530516442112 4.3103544384533538647 
 123.19290785370749575 183.5153328316058321 4.3103544384533538647 
 190.55504783033623539 173.09999954444168679 4.3103544384533538647 
 155.40600926296778539 180.28041348118324549 4.3103544384533538647 
 111.27078401445434963 188.76887981167266162 4.3103544384533538647 
 238.53854557523422386 166.48203617737968329 4.3103544384533538647 
 67.402766702891568684 196.17580432878540364 4.3103544384533538647 
 55.778947007975226313 197.14771254540499967 4.3103544384533538647 
 216.24978527765676972 171.80991351882738627 4.3103544384533538647 
 203.97457242356975371 177.74635023055853367 4.3103544384533538647 
 179.64013048676869744 180.69015496980009061 4.3103544384533538647 
 40.637462593361384222 208.56723728607320822 4.3103544384533538647 
 253.15446577493642621  168.891199932280756 4.3103544384533538647 
 131.42182631120235214 192.14423747668880083 4.3103544384533538647 
 228.97441424514738628 175.95550134662246933 4.3103544384533538647 
 85.451467028198621279 201.53487070383985724 4.3103544384533538647 
 52.540071925861560942 209.24606582599645321 4.3103544384533538647 
 24.394872392029824937 219.42036430740506603 4.3103544384533538647 
 155.49875467212856961 192.53045939539433107 4.3103544384533538647 
 73.695948258166296796 205.70662250893684586 4.3103544384533538647 
 110.72259102235445027 201.71259844906927583 4.3103544384533538647 
 143.52427540070448231 196.55928146921817756 4.3103544384533538647 
 35.928023926743847483 219.12490276560072289 4.3103544384533538647 
 178.81251113954743914 193.10438732884625779 4.3103544384533538647 
 123.10298846182749344 202.01038807455668689 4.3103544384533538647 
 206.81443906326049387 190.25682266975425705 4.3103544384533538647 
 167.34127597632686957 198.64438289798474102 4.3103544384533538647 
 90.771861678059991618 211.59340895393947335 4.3103544384533538647 
 229.58325818024707132 188.10727871362323071 4.3103544384533538647 
 102.64422393854287918 212.47125262152374603 4.3103544384533538647 
 70.586343006826055557 217.44337849983790534 4.3103544384533538647 
 58.575452808808812222 220.95781446668357262 4.3103544384533538647 
 218.76668021123944641 193.88477725025737186 4.3103544384533538647 
 141.74481851281998956 208.3816081479949105 4.3103544384533538647 
 129.84940166988278065 211.05269567683515675 4.3103544384533538647 
 40.27846117817463778 230.38508274573300127 4.3103544384533538647 
 188.15814856826429491 201.98011961748628096 4.3103544384533538647 
 82.107046340830933673 221.63619032930245112 4.3103544384533538647 
 200.51156930638768472 201.22307126109214437 4.3103544384533538647 
 29.836569551098470754 236.91735011201518546 4.3103544384533538647 
 250.59486068612577014 192.83905381024814574 4.3103544384533538647 
 238.85121681133185234 196.76432556214996339 4.3103544384533538647 
 52.003364662593369872 233.47056570428847522 4.3103544384533538647 
 99.643177493476358109 225.30750944142354797 4.3103544384533538647 
 170.09448868444687264 211.09785822897123353 4.3103544384533538647 
  148.088405552146952 218.54135464149686641 4.3103544384533538647 
 127.71325351815175964 222.28434466018248372 4.3103544384533538647 
 183.37817493268534008 213.40575491121842333 4.3103544384533538647 
 220.53561107556495813 206.05222808651413402 4.3103544384533538647 
 87.622389212046542184 232.10214394208051658 4.3103544384533538647 
 160.4746525287315535 218.97768978612754154 4.3103544384533538647 
 209.13855756628703375 211.40122525134134435 4.3103544384533538647 
 108.00399598076053564 232.56222481617172093 4.3103544384533538647 
 119.46960317996725109 230.64608854934269289 4.3103544384533538647 
 138.82651808426570028 227.03370120375680585 4.3103544384533538647 
 232.9590899159096864 208.57506818116820568 4.3103544384533538647 
 51.284977586923318427 247.47345345765702973 4.3103544384533538647 
 38.888175321746771829 253.6165067816659473 4.3103544384533538647 
 83.810333128608661468 245.37948439584727112 4.3103544384533538647 
 192.44135450642352225 223.1135691780317245 4.3103544384533538647 
 163.36256826401432818 230.52506409806181864 4.3103544384533538647 
 104.93688096428283529 243.83969369626260004 4.3103544384533538647 
 205.91836726252526546 223.58777442426440984 4.3103544384533538647 
 135.72792711430560075 238.51219301708533749 4.3103544384533538647 
 60.963155866875148092 255.97305344329191712 4.3103544384533538647 
 124.32243035566202138 241.69815170691029493 4.3103544384533538647 
 74.297826019615030191 255.24178687692463541 4.3103544384533538647 
 237.4324882803713308 220.46690948787602338 4.3103544384533538647 
 94.910295350356690847 250.6017746654214875 4.3103544384533538647 
 174.6083294393887968 234.96805690455178706 4.3103544384533538647 
 155.53209117667182682 239.9569870136936629 4.3103544384533538647 
 186.82256429551068777 233.78750324530557236 4.3103544384533538647 
 115.08627921720874099 249.63967089603289651 4.3103544384533538647 
 250.27663657978641254 221.46874673284813184 4.3103544384533538647 
 144.73964294901446692 244.88389721916021813 4.3103544384533538647 
 216.10024017128952778 234.38821868109184265 4.3103544384533538647 
 229.56592349453603674 231.46838444266910528 4.3103544384533538647 
 172.67403248460607301 246.68893296216478461 4.3103544384533538647 
 161.79225986349692334 249.94322769846769461 4.3103544384533538647 
