 255.77683199999998465 2.7255679999999755658 4.3103544384533538647 
 112.83735466666664138 1.9724671999999978667 4.3103544384533538647 
 192.63562666666666701 1.5425919999999981869 4.3103544384533538647 
 91.704895999999976652 1.3966463999999936263 4.3103544384533538647 
 126.52209066666662807                    1 4.3103544384533538647 
 212.21749333333329446 4.3968810666666584552 4.3103544384533538647 
 180.88471466666666743 3.8950613333333268251 4.3103544384533538647 
 230.75820800000002464 8.9179007999999910794 4.3103544384533538647 
 79.763007999999985032 4.5873365333333371296 4.3103544384533538647 
 249.45474133333334521 12.881036799999993292 4.3103544384533538647 
 101.45849599999998247 9.4319402666666665169 4.3103544384533538647 
 201.63334399999996549 9.3281407999999981229 4.3103544384533538647 
 149.30327466666665259 7.2209023999999919496 4.3103544384533538647 
 219.79552000000001044 14.120281599999998434 4.3103544384533538647 
 238.66365866666669149 17.943769599999995989 4.3103544384533538647 
 136.12473600000001284 9.2009600000000020259 4.3103544384533538647 
 53.260608000000019047 9.9511423999999966128 4.3103544384533538647 
 178.83773866666663821 16.252633599999988689 4.3103544384533538647 
 8.2095573333333362598 10.935257599999992806 4.3103544384533538647 
 81.746239999999971815 17.71268693333333033 4.3103544384533538647 
 28.529386666666688654 11.768699733333324531 4.3103544384533538647 
 94.450666666666649007  20.3475242666666567 4.3103544384533538647 
 166.84388266666664435 20.793220266666669005 4.3103544384533538647 
 153.69555199999999218 18.949337599999989123 4.3103544384533538647 
 40.562325333333319577 15.023065600000002462 4.3103544384533538647 
 202.14466133333331754 21.148036266666668581 4.3103544384533538647 
 190.11718400000000884 23.647278933333335971 4.3103544384533538647 
 112.41034666666664066  29.3601749333333224 4.3103544384533538647 
 213.99251199999997652 26.446468266666656177 4.3103544384533538647 
 239.89348266666669929 30.59341226666665392 4.3103544384533538647 
 60.781120000000001369 21.641262933333322849 4.3103544384533538647 
 251.95295999999999026 31.450414933333330936 4.3103544384533538647 
 17.049834666666658478 19.124782933333335677 4.3103544384533538647 
 73.136960000000001969 26.722948266666662676 4.3103544384533538647 
 99.570922666666646705 31.865817599999992638 4.3103544384533538647 
 146.65128533333333394 31.061636266666663886 4.3103544384533538647 
 167.51818666666665081 32.814468266666665386 4.3103544384533538647 
 190.20755199999996421 35.487961599999998441 4.3103544384533538647 
 40.467349333333366701 27.253038933333332494 4.3103544384533538647 
 178.39153066666665381 37.622148266666663119 4.3103544384533538647 
 52.413760000000003458 30.570628266666670214 4.3103544384533538647 
 120.66702933333333192 38.259332266666660871 4.3103544384533538647 
 135.10406399999999394 38.529412266666668074 4.3103544384533538647 
 156.61369599999997604  38.9833855999999912 4.3103544384533538647 
 217.75878400000001989 43.558446933333335949 4.3103544384533538647 
 11.401194666666681243 30.394244266666660792 4.3103544384533538647 
 238.10344533333332606 43.004633600000005345 4.3103544384533538647 
 90.892778666666643517 41.844270933333334028 4.3103544384533538647 
 78.054037333333326387 39.722628266666667685 4.3103544384533538647 
 197.64750933333331773 46.948740266666661114 4.3103544384533538647 
 32.284821333333340476 37.265710933333338062 4.3103544384533538647 
 228.58766933333333782 50.329817599999991273 4.3103544384533538647 
 248.67547733333333326 49.838297600000004195 4.3103544384533538647 
 178.70171733333333464 48.773508266666659949 4.3103544384533538647 
 116.22440533333332269 50.474372266666662767 4.3103544384533538647 
 208.93241599999998925 52.753028266666674995 4.3103544384533538647 
  19.6366293333333779 39.423193599999997616 4.3103544384533538647 
 158.55613866666666922 50.940462933333328976 4.3103544384533538647 
 52.373653333333336946 42.579588266666661411 4.3103544384533538647 
 136.68930133333333288 51.411502933333352416 4.3103544384533538647 
 169.50568533333333221 54.650841600000013898 4.3103544384533538647 
 188.65627733333332117 54.734724266666653136 4.3103544384533538647 
 94.489322666666637929 54.35823359999999127 4.3103544384533538647 
 40.821738666666654183 46.280324266666667654 4.3103544384533538647 
 71.721791999999979339 51.174020266666666146 4.3103544384533538647 
 126.01401599999999803 57.028910933333328614 4.3103544384533538647 
 106.26429866666664736 58.066564266666667038 4.3103544384533538647 
 59.617002666666664368 52.201262933333346439 4.3103544384533538647 
 234.11658666666667727 62.492974933333343301 4.3103544384533538647 
 246.63874133333331429 61.737262933333333592 4.3103544384533538647 
 13.214272000000043761 50.027737600000001805 4.3103544384533538647 
 154.38077866666665727 62.337497599999991849 4.3103544384533538647 
 184.4314239999999927 65.778734933333353752 4.3103544384533538647 
 143.24409599999998477 62.195076266666681875 4.3103544384533538647 
 172.54500266666664743 66.002478933333335931 4.3103544384533538647 
 211.25134933333330878 67.431812266666668165 4.3103544384533538647 
 87.460671999999973991 64.694830933333335565 4.3103544384533538647 
 75.633983999999998105 63.174190933333328246 4.3103544384533538647 
 41.381098666666666475 58.281348266666661573 4.3103544384533538647 
 127.10534400000000232 68.918148266666676705 4.3103544384533538647 
 162.33930666666665843 71.761881599999995274 4.3103544384533538647 
 19.498133333333377948 59.926489600000010682 4.3103544384533538647 
 52.933354666666673438 62.838233600000016565 4.3103544384533538647 
 202.19884799999999814 75.668014933333324734 4.3103544384533538647 
 107.71769599999997524 70.68591359999999213 4.3103544384533538647 
 190.42975999999998749 75.264046933333318634 4.3103544384533538647 
 232.28072533333335059 74.897454933333307281 4.3103544384533538647 
 252.81593599999999356 72.902788266666661343 4.3103544384533538647 
 138.03005866666666179 73.252910933333339472 4.3103544384533538647 
 30.912064000000039954 63.521497600000010664 4.3103544384533538647 
 220.69186133333332123 78.051204266666658782 4.3103544384533538647 
 118.38205866666663724 76.081540266666664252 4.3103544384533538647 
 243.40674133333334339 81.910233599999997978 4.3103544384533538647 
 89.217002666666672894 77.340206933333334405 4.3103544384533538647 
 162.54914133333332416 83.665796266666660586 4.3103544384533538647 
 70.062058666666658269 74.79548159999998802 4.3103544384533538647 
 11.969685333333352162 69.445252266666685159 4.3103544384533538647 
 100.60106666666663955 80.743129599999988955 4.3103544384533538647 
 184.80569599999998331 85.556868266666654677 4.3103544384533538647 
 57.71108266666669806 74.524804266666677677 4.3103544384533538647 
 204.08113066666663826 88.148100266666645553 4.3103544384533538647 
 140.54346666666663168 85.322628266666669106 4.3103544384533538647 
 215.80891733333331217 90.283737599999980716 4.3103544384533538647 
 30.714773333333322825 75.250990933333341104 4.3103544384533538647 
 173.39731199999999944 89.361028266666664877 4.3103544384533538647 
 152.08863999999996963 89.767044266666673025 4.3103544384533538647 
 193.4726613333333205 94.215812266666645769 4.3103544384533538647 
 18.755562666666687477 78.960857600000025514 4.3103544384533538647 
 78.943978666666652089 84.48260693333332938 4.3103544384533538647 
 119.65489066666665963 88.090329599999989796 4.3103544384533538647 
 243.55837866666666969 94.515673599999985299 4.3103544384533538647 
 38.825621333333337759 84.044334933333360027 4.3103544384533538647 
 130.78329599999997868 93.521540266666661978 4.3103544384533538647 
 51.541141333333328589 85.506521599999999239 4.3103544384533538647 
 107.77213866666664899 91.476100266666662719 4.3103544384533538647 
 220.01892266666666842 102.35857493333331547 4.3103544384533538647 
 232.53117866666664781 101.92320426666665867 4.3103544384533538647 
 175.07061333333331277 101.58938026666666588 4.3103544384533538647 
 154.23460266666663188 101.44550826666664989 4.3103544384533538647 
 187.18709333333333689 104.69448959999998294 4.3103544384533538647 
 253.47197866666664368 103.72774826666663728 4.3103544384533538647 
 17.377344000000025659 90.755630933333335975 4.3103544384533538647 
 29.836352000000019302 92.697646933333331276 4.3103544384533538647 
 80.451647999999991612 97.973294933333320955 4.3103544384533538647 
 164.98105599999999527 107.70035626666665962 4.3103544384533538647 
 57.041898666666689621 97.672324266666677772 4.3103544384533538647 
 5.9861120000000180852 96.21073493333332749 4.3103544384533538647 
 133.18679466666665689 105.98626560000001007 4.3103544384533538647 
 104.63477333333329966 103.00506026666667481 4.3103544384533538647 
 236.3494186666666792 113.21297493333332795 4.3103544384533538647 
 144.98429866666666044 109.00578559999999584 4.3103544384533538647 
 213.8478719999999953 115.21062826666664591 4.3103544384533538647 
 248.04622933333334345 114.57933226666663984 4.3103544384533538647 
 92.047679999999971301 105.3607722666666433 4.3103544384533538647 
 190.73226666666667484 116.07087359999999876 4.3103544384533538647 
 69.191402666666661503 104.90312959999999975 4.3103544384533538647 
 34.464576000000000988 102.72516693333334103 4.3103544384533538647 
 46.783040000000013947 104.62528426666666803 4.3103544384533538647 
 202.46414933333332442  120.503684266666653 4.3103544384533538647 
 162.68490666666667721 119.78500693333333516 4.3103544384533538647 
 125.37700266666664106 116.0020949333333391 4.3103544384533538647 
 112.6574719999999985 114.01579093333332082 4.3103544384533538647 
 231.69346133333334592 123.93041493333332426 4.3103544384533538647 
 150.49341866666662781 119.80855893333333029 4.3103544384533538647 
 4.4965333333333550314 108.87548160000000053 4.3103544384533538647 
 220.44396800000001235 126.36190293333334012 4.3103544384533538647 
 182.8299733333333279 125.39157759999999087 4.3103544384533538647 
 26.358250666666695139 111.88655360000002759 4.3103544384533538647 
 249.73292799999998692 126.84992426666664755 4.3103544384533538647 
 93.173056000000002541 117.93762560000000406 4.3103544384533538647 
 46.063253333333342709 116.31151359999998363 4.3103544384533538647 
 71.542592000000027497 118.34807893333331208 4.3103544384533538647 
 170.9926186666666581 128.70899626666667359 4.3103544384533538647 
 14.842005333333327499 115.95089493333334474 4.3103544384533538647 
 201.41318399999997268 133.3778389333333223 4.3103544384533538647 
 105.02756266666665397 123.81547093333333009 4.3103544384533538647 
 239.40093866666666145 133.33030826666666258 4.3103544384533538647 
 34.47080533333337371 120.00328959999998801 4.3103544384533538647 
 82.81973333333331766 123.98494293333331484 4.3103544384533538647 
 131.48004266666663398 127.38812159999999096 4.3103544384533538647 
 144.12789333333330433 129.31597226666667666 4.3103544384533538647 
 189.55603199999998765 135.40689493333334781 4.3103544384533538647 
 220.67206400000000599 139.50400426666666931 4.3103544384533538647 
 52.563690666666659013 125.88198826666665298 4.3103544384533538647 
 63.909696000000018046 128.57067093333333219 4.3103544384533538647 
  209.011178666666666 143.61246293333334734 4.3103544384533538647 
 170.89235199999998827 141.70884693333331938 4.3103544384533538647 
 233.43886933333334355 144.2833535999999981 4.3103544384533538647 
 128.27987199999998325 139.44725760000000037 4.3103544384533538647 
 14.90421333333336662 128.4913109333333523 4.3103544384533538647 
 183.09629866666665521 145.58750293333335435 4.3103544384533538647 
 149.33757866666664427 141.02080426666665858 4.3103544384533538647 
 107.15406933333331096 137.23610026666668205 4.3103544384533538647 
 84.924565333333305261 136.09732693333333486 4.3103544384533538647 
 33.466176000000025681 131.40706560000000991 4.3103544384533538647 
 44.62888533333334351 134.46020693333332474 4.3103544384533538647 
 4.933098666666652754 134.43520426666665912 4.3103544384533538647 
 138.80573866666662752 146.48111360000001469 4.3103544384533538647 
 95.873941333333306147 141.97406293333332883 4.3103544384533538647 
 160.2694613333333109 148.14323626666663358 4.3103544384533538647 
 65.002986666666700444 141.11526826666667489 4.3103544384533538647 
 118.08450133333332133 145.9354069333333257 4.3103544384533538647 
 203.78468266666666864 155.25355093333334366 4.3103544384533538647 
 23.348885333333360137 137.14658560000000875 4.3103544384533538647 
 253.91426133333334292 154.04642559999999207 4.3103544384533538647 
 190.57934933333334016 155.47567359999999326 4.3103544384533538647 
 240.61369599999997604 155.73867093333331013 4.3103544384533538647 
 76.231658666666646695 144.62699093333333167 4.3103544384533538647 
 45.725333333333338715 145.39968426666666801 4.3103544384533538647 
 1.4817920000000111003 145.97926826666667921 4.3103544384533538647 
 56.433130666666691866 150.30609493333335536 4.3103544384533538647 
 137.57139199999997459 158.25242026666668949 4.3103544384533538647 
 92.894869333333318195 153.95290026666668837 4.3103544384533538647 
 160.65738666666666745 161.3270655999999974 4.3103544384533538647 
 124.84759466666665162 159.16557226666662928 4.3103544384533538647 
 80.01926399999999262 155.94176426666666657 4.3103544384533538647 
 208.71874133333332679 167.3536469333333514 4.3103544384533538647 
 35.728960000000007824 151.74242560000001845 4.3103544384533538647 
 24.24966399999999922 149.6727509333333046 4.3103544384533538647 
 185.81049600000000055 166.73122559999998771 4.3103544384533538647 
 235.8806826666667007 168.33941759999999022 4.3103544384533538647 
 172.41708800000000679 169.28832426666667743 4.3103544384533538647 
 148.14990933333331213 165.83360426666664011 4.3103544384533538647 
 6.6685226666667096751 156.78426026666667781 4.3103544384533538647 
 222.21309866666666721 173.4635989333333157 4.3103544384533538647 
 98.610069333333314034 164.4175829333333354 4.3103544384533538647 
 197.02858666666665499 174.02893226666668625 4.3103544384533538647 
 51.775637333333364154 161.59023359999997638 4.3103544384533538647 
 17.98986666666666423 160.52058026666665569 4.3103544384533538647 
 245.96622933333335936 176.90748159999995437 4.3103544384533538647 
 121.76663466666666125 171.02221226666668485 4.3103544384533538647 
 39.340949333333327331  162.577284266666652 4.3103544384533538647 
 76.139669333333344525 168.30255359999998177 4.3103544384533538647 
 109.15743999999997982 171.81453226666664591 4.3103544384533538647 
 144.13745066666663774 177.61062826666662318 4.3103544384533538647 
 88.021141333333318357 171.79447893333332331 4.3103544384533538647 
 171.92223999999998796 182.10752426666664405 4.3103544384533538647 
 131.62323199999997314 179.99287893333331567 4.3103544384533538647 
 54.311402666666680261 172.68305493333329537 4.3103544384533538647 
 222.80172799999999711 186.47019093333335604 4.3103544384533538647 
 194.47157333333331053 185.92422826666668811 4.3103544384533538647 
 65.552021333333328812 176.60378026666663231 4.3103544384533538647 
 33.299605333333360591 173.10929493333333085 4.3103544384533538647 
 20.78837333333334314 173.39533226666668497 4.3103544384533538647 
 182.52823466666666263 188.70532693333333896 4.3103544384533538647 
 245.33791999999999689 189.62223360000001549 4.3103544384533538647 
 104.37877333333332786 182.77346559999998021 4.3103544384533538647 
 92.19735466666664081 182.27477760000002149 4.3103544384533538647 
 150.86743466666663949 188.60275626666668813 4.3103544384533538647 
 43.342570666666688339 180.14101759999999786 4.3103544384533538647 
 162.99586133333332327 191.0688042666666604 4.3103544384533538647 
 233.93695999999999913 193.66771626666667316 4.3103544384533538647 
 213.54254933333331223 195.93297493333332682 4.3103544384533538647 
 201.18312533333332226 196.68501759999998058 4.3103544384533538647 
 11.201685333333323058 183.78074026666666896 4.3103544384533538647 
 256.74374399999999241 196.46528426666662881 4.3103544384533538647 
 59.330965333333367084 188.22592426666662391 4.3103544384533538647 
 131.05943466666664676 192.73459626666669919 4.3103544384533538647 
 107.87667199999999923 194.22886826666666593 4.3103544384533538647 
 87.227029333333334193 192.57084160000002271 4.3103544384533538647 
 143.29316266666666024 198.40192426666666847 4.3103544384533538647 
 181.08772266666665018 200.91601493333334361 4.3103544384533538647 
 45.961194666666656872 191.67782826666669393 4.3103544384533538647 
 119.72793599999998548 197.85613226666663422 4.3103544384533538647 
 168.69459199999997168 203.13297493333331545 4.3103544384533538647 
 65.529237333333369975 197.3973802666666586 4.3103544384533538647 
 231.88947199999998361 205.99394560000001775 4.3103544384533538647 
 77.100095999999993523 198.51405226666665271 4.3103544384533538647 
 219.77836799999997197 206.71031893333335461 4.3103544384533538647 
 96.732394666666635885 200.03469226666669556 4.3103544384533538647 
 192.43492266666666524 206.56832426666667857 4.3103544384533538647 
 6.8835626666666938078 197.12055893333334211 4.3103544384533538647 
 38.842602666666671496 203.51612159999999108 4.3103544384533538647 
 149.53495466666666402 210.12467626666668252 4.3103544384533538647 
 119.52876799999997104 209.75748693333335382 4.3103544384533538647 
 59.647808000000019035 207.4967509333333453 4.3103544384533538647 
 162.43001599999996643 214.07083093333338297 4.3103544384533538647 
 90.768533333333323299 210.32008960000001707 4.3103544384533538647 
 14.032106666666670947 207.83543893333336428 4.3103544384533538647 
 78.927082666666649402 210.44552960000001463 4.3103544384533538647 
 216.79434666666665521 218.30524159999998801 4.3103544384533538647 
 237.09437866666667105 217.85894826666668678 4.3103544384533538647 
 27.101674666666681901 210.58035626666665507 4.3103544384533538647 
 193.67805866666665793 219.21276160000005007 4.3103544384533538647 
 48.212714666666698804 211.43334826666668391 4.3103544384533538647 
 129.24140799999997853 216.95970559999997818 4.3103544384533538647 
 109.52394666666666012 216.84134826666667095 4.3103544384533538647 
 141.34500266666663038 218.98065493333336917 4.3103544384533538647 
 249.64435199999999782 219.71196159999999509 4.3103544384533538647 
 67.950229333333368231 215.72595626666668522 4.3103544384533538647 
 205.82525866666665593 223.50477226666669139 4.3103544384533538647 
 97.824063999999992802 218.80708693333332349 4.3103544384533538647 
 227.09715199999999413 226.17382826666664641 4.3103544384533538647 
 169.46958933333331743 227.13852159999999003 4.3103544384533538647 
 7.7493546666666590639 219.22001493333337407 4.3103544384533538647 
 183.2321493333333251 227.80335360000000833 4.3103544384533538647 
 49.16375466666668359 223.75411626666669918 4.3103544384533538647 
 124.33943466666666211 227.78056960000000686 4.3103544384533538647 
 27.641493333333347238 223.80642560000003982 4.3103544384533538647 
 61.553386666666675353 225.90733226666671385 4.3103544384533538647 
 112.98617599999997196 228.10756693333331668 4.3103544384533538647 
 142.69523199999997587 231.37506560000002764 4.3103544384533538647 
 254.76085333333332983 231.54146560000000932 4.3103544384533538647 
 93.368042666666653417 229.75680426666670542 4.3103544384533538647 
 209.8191146666666782 235.34212693333333277 4.3103544384533538647 
 222.3586773333333042 238.78737493333332509 4.3103544384533538647 
 38.70274133333332145 230.34321493333337116 4.3103544384533538647 
 15.550357333333341359 229.49141760000003387 4.3103544384533538647 
 188.14299733333331233 239.54086826666667775 4.3103544384533538647 
 103.91020799999999724  235.613230933333341 4.3103544384533538647 
 163.15355733333333887 239.35432959999997138 4.3103544384533538647 
 131.69576533333332691 236.47765760000001478 4.3103544384533538647 
 82.219242666666644936 234.51490560000002006 4.3103544384533538647 
 150.83500799999998776 239.91531093333335889 4.3103544384533538647 
 69.687360000000026616 234.28791893333334428 4.3103544384533538647 
 200.57273599999999192 242.33988693333333231 4.3103544384533538647 
 126.69582933333330743 247.06982826666668984 4.3103544384533538647 
 224.86176000000003228 252.35819093333333285 4.3103544384533538647 
 105.17902933333331816 246.98159360000002494 4.3103544384533538647 
 10.800704000000042271 241.99701760000002082 4.3103544384533538647 
 40.747413333333376784 242.72627626666664469 4.3103544384533538647 
 183.94877866666666932 251.1361322666666922 4.3103544384533538647 
 64.691776000000032809 245.15170559999998545 4.3103544384533538647 
 164.19496533333330035 252.81660159999998427 4.3103544384533538647 
 145.70195199999997726 251.52670293333332552 4.3103544384533538647 
 84.137535999999997216 246.40209493333333057 4.3103544384533538647 
 203.42594133333332707 254.03371093333333874 4.3103544384533538647 
 115.77137066666664111 252.10807893333335983 4.3103544384533538647 
 52.888213333333318644 247.68772693333332313 4.3103544384533538647 
 94.483434666666653357 251.98221226666672123 4.3103544384533538647 
 134.59300266666664925 255.79695359999999482 4.3103544384533538647 
 74.102762666666663449 252.75644159999998806 4.3103544384533538647 
 32.422122666666652435 252.27516160000001832 4.3103544384533538647 
 19.178474666666701864 253.29438293333333831 4.3103544384533538647 
