 161.39782399999998574                    1 4.3103544384533538647 
 7.4127999999999856229 1.3676159999999981665 4.3103544384533538647 
 227.60761599999997884 3.0149845333333358255 4.3103544384533538647 
 239.8559359999999856 4.6970496000000068193 4.3103544384533538647 
 192.90536533333332159 8.6664490666666704755 4.3103544384533538647 
 180.9232853333333253 8.8000810666666744453 4.3103544384533538647 
 49.802218666666689728 2.7042261333333348361 4.3103544384533538647 
 71.309034666666718749 4.2761429333333431657 4.3103544384533538647 
 215.94033066666665377 7.5115306666666734614 4.3103544384533538647 
 132.6033706666667058 5.1983914666666652948 4.3103544384533538647 
 60.536469333333357667 7.5179818666666653471 4.3103544384533538647 
 119.00200533333335784 7.6865152000000005472 4.3103544384533538647 
 155.76812800000001857 13.046924800000002875 4.3103544384533538647 
 30.74958933333333988 11.627157333333327571 4.3103544384533538647 
 89.314112000000022817 11.277111466666671191 4.3103544384533538647 
 42.691648000000050445 12.990101333333329947 4.3103544384533538647 
 6.5395840000000440284 14.079833599999998839 4.3103544384533538647 
 244.93710933333332491 15.635502933333343734 4.3103544384533538647 
 197.91511466666665342 20.455607466666666738 4.3103544384533538647 
 176.78265599999997448 19.879786666666664274 4.3103544384533538647 
 142.01427200000003381 15.643720533333331346 4.3103544384533538647 
 211.59985066666664011 19.48314026666666976 4.3103544384533538647 
 78.197482666666715545 13.874564266666675749 4.3103544384533538647 
 164.84076799999999707 23.070476800000005113 4.3103544384533538647 
 111.13444266666671467 18.167684266666658033 4.3103544384533538647 
 98.567488000000054171 18.277883733333329275 4.3103544384533538647 
 61.184064000000027761 19.418935466666667367 4.3103544384533538647 
 186.5362559999999803  27.9150805333333345 4.3103544384533538647 
 25.912042666666700086 24.589094399999989804 4.3103544384533538647 
 234.38103466666663621 25.704042666666662598 4.3103544384533538647 
 50.302016000000001839 23.482858666666668768 4.3103544384533538647 
 13.635392000000017276 25.233096533333323919 4.3103544384533538647 
 72.552853333333345631 23.80512853333333112 4.3103544384533538647 
 221.20249599999999646 27.684100266666671786 4.3103544384533538647 
 138.33836800000003109 28.434282666666664596 4.3103544384533538647 
 93.287317333333334091 29.418397866666662566 4.3103544384533538647 
 166.82399999999998386 36.195827200000003643 4.3103544384533538647 
 113.60714666666669359 30.251839999999994291 4.3103544384533538647 
 179.52842666666666105 38.83066453333332646 4.3103544384533538647 
 251.9216426666666564 39.276360533333338765 4.3103544384533538647 
 238.7733119999999758 37.432477866666658883 4.3103544384533538647 
 81.154368000000005168 32.149380266666668149 4.3103544384533538647 
 125.64008533333331741 33.506205866666668669 4.3103544384533538647 
 52.871829333333337786 35.342152533333333508 4.3103544384533538647 
 31.210560000000018732 37.211549866666672415 4.3103544384533538647 
 8.7355520000000375092 37.123400533333324347 4.3103544384533538647 
 197.4881066666666527 47.84331519999999216 4.3103544384533538647 
 145.85888000000002762 40.124403199999989056 4.3103544384533538647 
 102.12759466666666697 37.607923200000001884 4.3103544384533538647 
 42.704277333333330091 41.634291199999992727 4.3103544384533538647 
 158.2147199999999998 45.206088533333328883 4.3103544384533538647 
 184.64868266666664454 50.348957866666658845 4.3103544384533538647 
 75.775296000000039953 42.921459199999993928 4.3103544384533538647 
 231.72904533333334598 49.544776533333333646 4.3103544384533538647 
 63.329088000000041347 42.891336533333330294 4.3103544384533538647 
 252.59594666666666285 51.297608533333338698 4.3103544384533538647 
 125.54510933333337164 45.736179200000002254 4.3103544384533538647 
 24.774293333333357481 48.408989866666658486 4.3103544384533538647 
 137.49152000000000839 49.053768533333339974 4.3103544384533538647 
 205.74478933333332975 56.742472533333327078 4.3103544384533538647 
 220.18182399999997756 57.012552533333334281 4.3103544384533538647 
 12.981568000000031304 48.854856533333332891 4.3103544384533538647 
 241.69145599999998808 57.466525866666657407 4.3103544384533538647 
 96.478954666666680851 48.877384533333334105 4.3103544384533538647 
 175.97053866666664135 60.327411200000007341 4.3103544384533538647 
 46.696341333333357682 52.978760533333328908 4.3103544384533538647 
 163.13179733333333843 58.205768533333333892 4.3103544384533538647 
 83.529024000000021033 52.278941866666656324 4.3103544384533538647 
 58.760597333333379311 54.281288533333324153 4.3103544384533538647 
 117.36258133333333831 55.748851200000004269 4.3103544384533538647 
 201.30216533333333473 68.957512533333314764 4.3103544384533538647 
 104.71438933333338639 57.906333866666663823 4.3103544384533538647 
 28.080277333333349077 60.230301866666664523 4.3103544384533538647 
 243.63389866666665284 69.423603199999973867 4.3103544384533538647 
 137.45141333333333478 61.062728533333334724 4.3103544384533538647 
 7.8288853333333463524 60.974664533333339023 4.3103544384533538647 
 221.76706133333334492 69.894643200000004413 4.3103544384533538647 
 39.634240000000012571 61.962056533333338848 4.3103544384533538647 
 254.58344533333331583   73.133981866666673 4.3103544384533538647 
 179.56708266666663576 72.841373866666657477 4.3103544384533538647 
 125.89949866666665912 64.763464533333348072 4.3103544384533538647 
 156.79955199999997717 69.657160533333339458 4.3103544384533538647 
 77.426837333333367042 63.713949866666659716 4.3103544384533538647 
 211.09177600000001007 75.512051199999987716 4.3103544384533538647 
 64.423232000000027142 65.213768533333336563 4.3103544384533538647 
 191.34205866666664519 76.54970453333332614 4.3103544384533538647 
 144.6947626666666622 70.68440320000000554 4.3103544384533538647 
 98.292032000000048697 68.510877866666675118 4.3103544384533538647 
 239.45853866666666931 80.820637866666643845 4.3103544384533538647 
 23.023424000000037637 71.852531200000001377 4.3103544384533538647 
 228.32185599999999681 80.678216533333340976 4.3103544384533538647 
 10.787477333333360008 73.666547200000024986 4.3103544384533538647 
 43.247765333333333615 73.147891200000017875 4.3103544384533538647 
 85.944981333333331008 72.390557866666668474 4.3103544384533538647 
 55.491136000000004458 74.873587200000017106 4.3103544384533538647 
 172.53843199999997182 83.177971200000001772 4.3103544384533538647 
 160.71174400000001015 81.657331200000001559 4.3103544384533538647 
 126.45885866666667141 76.764488533333334885 4.3103544384533538647 
 212.18310400000001437 87.401288533333328701 4.3103544384533538647 
 247.41706666666667047 90.24502186666664727 4.3103544384533538647 
 32.568725333333347294 79.669832533333348579 4.3103544384533538647 
 104.57589333333338288 78.40962986666667689 4.3103544384533538647 
 138.01111466666668548 81.321373866666675667 4.3103544384533538647 
 192.79545599999997307 89.169053866666644126 4.3103544384533538647 
 223.10781866666667383 91.736051199999991468 4.3103544384533538647 
 115.98982400000004134 82.004637866666669765 4.3103544384533538647 
 1.9047893333333680843 84.692381866666679002 4.3103544384533538647 
 203.45981866666664928 94.564680533333316248 4.3103544384533538647 
 85.354986666666690098  85.1522431999999867 4.3103544384533538647 
 55.350592000000020221 87.064307200000015996 4.3103544384533538647 
 174.29476266666668494 95.823347200000000612 4.3103544384533538647 
 247.6269013333333362 102.14893653333332679 4.3103544384533538647 
 155.1398186666666561 93.278621866666668438 4.3103544384533538647 
 97.047445333333357098 87.928392533333337155 4.3103544384533538647 
 185.67882666666665159 99.226269866666655162 4.3103544384533538647 
 31.756010666666711018 91.857651200000020708 4.3103544384533538647 
 142.7888426666667101 93.007944533333329673 4.3103544384533538647 
 225.62122666666664372 103.8057685333333211 4.3103544384533538647 
 44.444053333333371825  94.3005738666666673 4.3103544384533538647 
 115.79253333333332421 93.734131200000007311 4.3103544384533538647 
 65.368213333333372361 94.161139200000008032 4.3103544384533538647 
 6.9914240000000065223 96.939421866666691585 4.3103544384533538647 
 77.588970666666682519 94.965917866666657687 4.3103544384533538647 
 237.16639999999998167 108.25018453333332502 4.3103544384533538647 
 20.248895999999998452 98.867613866666673061 4.3103544384533538647 
 103.83332266666668886 97.44399786666667751 4.3103544384533538647 
 164.02173866666666413 102.96574719999999559 4.3103544384533538647 
 204.73265066666667167 106.57346986666667021 4.3103544384533538647 
 123.9033813333333427 102.52747520000001202 4.3103544384533538647 
 215.86105599999999072 112.00468053333332819 4.3103544384533538647 
 136.61890133333332642 103.98966186666665124 4.3103544384533538647 
 192.84989866666666103 109.95924053333332893 4.3103544384533538647 
 60.91082666666667933 105.23015253333333874 4.3103544384533538647 
 48.832831999999989137 105.5034751999999969 4.3103544384533538647 
 239.31236266666664392 119.92864853333330188 4.3103544384533538647 
 80.362986666666685664 108.07490986666667254 4.3103544384533538647 
 102.45510400000003415 109.23877119999998797 4.3103544384533538647 
 21.332885333333372557 111.41016320000001372 4.3103544384533538647 
 114.91411200000001713 111.18078719999998327 4.3103544384533538647 
 165.52940799999998944 116.45643519999998716 4.3103544384533538647 
 250.05881600000000731 126.18349653333331162 4.3103544384533538647 
 142.11965866666668035 116.15546453333334398 4.3103544384533538647 
 91.063872000000017692 114.6938751999999937 4.3103544384533538647 
 68.86218666666670174 113.99405653333332111 4.3103544384533538647 
 218.26455466666666894 124.46940586666667627 4.3103544384533538647 
 42.951402666666702146 115.65566719999998213 4.3103544384533538647 
 189.7125333333333117 121.48820053333334101 4.3103544384533538647 
 10.792597333333349141 118.10592853333334062 4.3103544384533538647 
 230.06205866666667248 127.48892586666666205 4.3103544384533538647 
 31.124032000000017462 118.19842986666667173 4.3103544384533538647 
 177.12543999999996913 123.84391253333332372 4.3103544384533538647 
 154.26916266666665933 123.38626986666666596 4.3103544384533538647 
 119.54233600000000592 121.20830719999999303 4.3103544384533538647 
 131.86080000000001178 123.10842453333333424 4.3103544384533538647 
 247.76266666666666083 138.26814720000001557 4.3103544384533538647 
 61.725333333333338715 124.25957120000001055 4.3103544384533538647 
 210.4547626666666531 134.48523520000000531 4.3103544384533538647 
 197.73523199999999633 132.49893119999998703 4.3103544384533538647 
 49.59596799999999206 125.78686720000000321 4.3103544384533538647 
 235.57117866666663986 138.29169919999998228 4.3103544384533538647 
 89.574293333333358191 127.35862186666665252 4.3103544384533538647 
 11.516906666666667292 130.42430720000001543 4.3103544384533538647 
 111.43601066666670363 130.36969386666666537 4.3103544384533538647 
 31.01685333333334782 130.36397653333332869 4.3103544384533538647 
 178.25081600000001458 136.42076586666667026 4.3103544384533538647 
 131.14101333333334765 134.79465386666666404 4.3103544384533538647 
 156.62035200000002533 136.8312191999999925 4.3103544384533538647 
 256.07037866666667014 147.19213653333335401 4.3103544384533538647 
 79.21824000000002286 134.16361386666665112 4.3103544384533538647 
 99.919765333333330659 134.43403520000001095 4.3103544384533538647 
 66.630976000000003978 134.75377919999999676 4.3103544384533538647 
 41.825856000000023016 135.6158165333333443 4.3103544384533538647 
 190.10532266666666601 142.29861119999998209 4.3103544384533538647 
 21.490666666666704998 137.10283520000001545 4.3103544384533538647 
 2.8345813333333351736 138.79601919999998927 4.3103544384533538647 
 119.54856533333337154 138.48642986666666843 4.3103544384533538647 
 167.8974933333333297 142.46808319999999526 4.3103544384533538647 
 216.55780266666664602 145.87126186666665717 4.3103544384533538647 
 229.20565333333331637 147.79911253333332866 4.3103544384533538647 
 137.64145066666665684 144.3651285333333476 4.3103544384533538647 
 148.98745600000000877 147.0538112000000126 4.3103544384533538647 
 80.885482666666703722 145.8425898666666285 4.3103544384533538647 
 61.052736000000003003 146.50639786666664577 4.3103544384533538647 
 255.97011200000000031 160.19198719999997138 4.3103544384533538647 
 40.417600000000007299 147.9368405333333385 4.3103544384533538647 
 213.35763199999999529 157.93039786666668078 4.3103544384533538647 
 99.981973333333371556 146.97445120000000429 4.3103544384533538647 
 234.41533866666665631 159.50394453333331057 4.3103544384533538647 
 19.752512000000024273 149.55902720000000272 4.3103544384533538647 
 7.2819840000000111147 151.11772586666666029 4.3103544384533538647 
 192.2318293333333088 155.71924053333333404 4.3103544384533538647 
 170.0023253333333173 154.58046720000001528 4.3103544384533538647 
 118.54393600000003062 149.8902058666666619 4.3103544384533538647 
 129.70664533333334134 152.94334720000000516 4.3103544384533538647 
 50.898666666666699143 153.81562453333336293 4.3103544384533538647 
 90.010858666666663908 152.91834453333333954 4.3103544384533538647 
 71.200234666666673888 152.33014186666665069 4.3103544384533538647 
 223.88349866666663956 164.9642538666666951 4.3103544384533538647 
 180.95170133333331819 160.45720320000000925 4.3103544384533538647 
 245.34722133333332295  166.626376533333314 4.3103544384533538647 
 30.324800000000021072 156.09069653333335737 4.3103544384533538647 
 150.08074666666669827 159.59840853333335531 4.3103544384533538647 
 203.16226133333333337 164.41854719999997769 4.3103544384533538647 
 108.42664533333336863 155.62972586666668917 4.3103544384533538647 
 161.30941866666665874 163.11013120000001209 4.3103544384533538647 
 130.80309333333335076 163.88282453333334843 4.3103544384533538647 
 74.417130666666707839 163.38174720000000661 4.3103544384533538647 
 86.559552000000010707 164.46240853333335963 4.3103544384533538647 
 47.303829333333368368 166.27992320000001314 4.3103544384533538647 
 141.51089066666671101 168.78923520000000735 4.3103544384533538647 
 34.898325333333374942 168.48843519999996943 4.3103544384533538647 
 222.64915199999998663 176.73556053333334148 4.3103544384533538647 
 177.97262933333331603 172.43604053333334036 4.3103544384533538647 
 245.73514666666667949 179.81020586666667782 4.3103544384533538647 
 209.92535466666666366 177.64871253333330969 4.3103544384533538647 
 165.09702400000000466 174.42490453333331857 4.3103544384533538647 
 120.80672000000001276 170.22556586666669887 4.3103544384533538647 
 109.32742400000000771 168.15589119999998502 4.3103544384533538647 
 66.809664000000040573 172.06697386666667171 4.3103544384533538647 
 4.518890666666690592 174.68269653333331348 4.3103544384533538647 
 233.22766933333332418 184.31674453333332053 4.3103544384533538647 
 55.038357333333379984 175.27380053333334331 4.3103544384533538647 
  91.7462826666667155 175.26740053333335823 4.3103544384533538647 
 183.68782933333332608 182.9007231999999874 4.3103544384533538647 
 136.85339733333336198 180.0733738666666568 4.3103544384533538647 
 103.06762666666666917 179.00372053333333611 4.3103544384533538647 
 17.223146666666675486 181.82142719999998803 4.3103544384533538647 
 30.155413333333367376 181.06810453333335431 4.3103544384533538647 
 73.248149333333330446 181.54682453333333569 4.3103544384533538647 
 206.84439466666665908 189.50535253333333685 4.3103544384533538647 
 124.41870933333332516 181.06042453333333242 4.3103544384533538647 
 161.21742933333334236 186.78569386666666219 4.3103544384533538647 
 194.23519999999999186 190.29767253333332633 4.3103544384533538647 
 84.464789333333342825 184.24642986666665934 4.3103544384533538647 
 229.21521066666664979 196.09376853333330359 4.3103544384533538647 
 173.09890133333331619 190.27761920000000373 4.3103544384533538647 
 55.24759466666667862 187.75687253333333615 4.3103544384533538647 
 216.70099199999998518 198.47601919999996767 4.3103544384533538647 
 139.3891626666666923 191.16619519999997578 4.3103544384533538647 
 66.599999999999994316 190.83254186666667351 4.3103544384533538647 
 14.483776000000034401 193.92229119999998943 4.3103544384533538647 
 150.62978133333334085 195.08692053333331273 4.3103544384533538647 
 2.4947840000000116589 194.78415786666664644 4.3103544384533538647 
 118.37736533333335842 191.59243520000001126 4.3103544384533538647 
 36.244202666666687662 195.36177919999997243 4.3103544384533538647 
 105.86613333333335163 191.87847253333336539 4.3103544384533538647 
 189.4565333333333399 201.25660586666666063 4.3103544384533538647 
 48.50199466666666126 197.64948053333330336 4.3103544384533538647 
 177.27511466666663864 200.75791786666667349 4.3103544384533538647 
 85.752639999999999532 196.24890453333330242 4.3103544384533538647 
 235.94519466666665153 207.08589653333334013 4.3103544384533538647 
 128.42033066666670038 198.62415786666667827 4.3103544384533538647 
 248.07362133333333531 209.55194453333334081 4.3103544384533538647 
 73.975872000000038042 199.8560298666666597 4.3103544384533538647 
 96.279445333333327994 202.26388053333332095 4.3103544384533538647 
 144.40872533333336492 206.70906453333330433 4.3103544384533538647 
 216.1371946666666588 211.21773653333335119 4.3103544384533538647 
 18.948757333333379194 205.85854720000000384 4.3103544384533538647 
 31.105770666666710866 207.33447253333329741 4.3103544384533538647 
 192.95443199999999706 212.71200853333331793 4.3103544384533538647 
 172.30478933333333202 211.0539818666666747 4.3103544384533538647 
 55.668885333333371079 208.62121386666663625 4.3103544384533538647 
 228.37092266666664386 216.88506453333332047 4.3103544384533538647 
 68.668224000000023466 210.11497386666664511 4.3103544384533538647 
 131.0389546666666547 210.16096853333334593 4.3103544384533538647 
 204.80569599999998331 216.33927253333331464 4.3103544384533538647 
 9.2635946666666608706 213.64214186666669093 4.3103544384533538647 
 253.77235199999998372 221.61611519999999587 4.3103544384533538647 
 150.60699733333336781 215.88052053333333902 4.3103544384533538647 
 162.17785599999999135 216.99719253333333313 4.3103544384533538647 
 181.81015466666664793 218.51783253333334756 4.3103544384533538647 
 91.961322666666703185 215.60369919999999411 4.3103544384533538647 
 78.396992000000011558 218.32890453333337177 4.3103544384533538647 
 50.051221333333344887 219.45172053333334361 4.3103544384533538647 
 36.858602666666712366 219.48721919999999841 4.3103544384533538647 
 123.92036266666667643 221.99926186666664307 4.3103544384533538647 
 234.61271466666667607 228.60781653333336294 4.3103544384533538647 
 204.60652799999996887 228.24062720000000581 4.3103544384533538647 
 4.2931840000000498492 224.95665920000004689 4.3103544384533538647 
 144.72556800000000976 225.97989120000002572 4.3103544384533538647 
 247.50777599999997847 232.55397120000003497 4.3103544384533538647 
 175.84629333333333534 228.80322986666669749 4.3103544384533538647 
 99.109866666666675883 226.31857920000001627 4.3103544384533538647 
 164.00484266666666144 228.92866986666666662 4.3103544384533538647 
 59.185471999999997195 228.65432319999999322 4.3103544384533538647 
 112.17943466666669394 229.06349653333333549 4.3103544384533538647 
 72.48407466666667176 229.15284053333337511 4.3103544384533538647 
 133.29047466666671085 229.91648853333336433 4.3103544384533538647 
 214.31916799999999057 235.44284586666665859 4.3103544384533538647 
 194.60170666666667216 235.32448853333335137 4.3103544384533538647 
 226.42276266666664242 237.46379520000002117 4.3103544384533538647 
 31.590037333333324199 231.70729386666667438 4.3103544384533538647 
 153.02798933333335185 234.20909653333333722 4.3103544384533538647 
 182.90182400000000484 237.2902272000000039 4.3103544384533538647 
 7.2439253333333306628 237.2890325333333692 4.3103544384533538647 
 254.54734933333332947 245.62166186666667045 4.3103544384533538647 
 92.827114666666659559 237.70315520000002607 4.3103544384533538647 
 19.591232000000005087 240.55917653333332851 4.3103544384533538647 
 80.370837333333355446 239.05031253333334007 4.3103544384533538647 
 53.896000000000036323 239.47808853333336288 4.3103544384533538647 
 41.035327999999999804 240.12389120000000275 4.3103544384533538647 
 134.24151466666668853 242.23725653333337959 4.3103544384533538647 
 209.41719466666665994 246.26370986666668728 4.3103544384533538647 
 112.71925333333335573 242.28956586666669182 4.3103544384533538647 
 146.63114666666666608 244.39047253333336585 4.3103544384533538647 
 198.06393599999998401 246.5907071999999971 4.3103544384533538647 
 227.77299199999998791 249.85820586666667964 4.3103544384533538647 
 178.44580266666665125 248.23994453333338583 4.3103544384533538647 
 62.342976000000035697 248.95077119999999127 4.3103544384533538647 
 123.78050133333333349 248.82635520000002316 4.3103544384533538647 
 100.62811733333334985 247.97455786666668587 4.3103544384533538647 
 75.130005333333372164 250.30228053333334515 4.3103544384533538647 
 188.98796799999999507  254.096371199999993 4.3103544384533538647 
 35.971733333333332894 251.4290218666666874 4.3103544384533538647 
 216.77352533333336737 254.9607978666666952 4.3103544384533538647 
 167.29700266666665698 252.99804586666670048 4.3103544384533538647 
 23.451626666666697929 253.24269653333334418 4.3103544384533538647 
 154.76512000000002445 252.77105919999999628 4.3103544384533538647 
