 86.96089416389808946 41.354908694610543307 4.0852826022848089949 
 75.382670436455342156 61.408980451940905709 4.0852826022848089949 
 114.67370708500013166 57.354908694610536202 4.0852826022848089949 
 103.09548335755738435 77.40898045194091992 4.0852826022848089949 
 110.98992799138032694 31.735401248620089376 4.0852826022848089949 
 129.93570990606269788 62.920344383270624178 4.0852826022848089949 
 118.35748617861995058 82.974416140600993685 4.0852826022848089949 
 99.411704263937565429 51.78947300595044112 4.0852826022848089949 
 63.804446709012594852 81.46305220927123969 4.0852826022848089949 
 52.226222981569833337 101.5171239666016163 4.0852826022848089949 
 91.517259630114637048 97.463052209271253901 4.0852826022848089949 
 79.939035902671889744 117.5171239666016163 4.0852826022848089949 
 87.833480536494818125 71.843544763280789311 4.0852826022848089949 
 106.77926245117720327 103.02848789793135609 4.0852826022848089949 
 95.20103872373444176 123.0825596552617327 4.0852826022848089949 
 76.255256809052070821 91.897616520611180135 4.0852826022848089949 
 40.647999254127078927 121.5711957239319787 4.0852826022848089949 
 29.069775526684331624 141.62526748126231269 4.0852826022848089949 
 68.360812175229128229 137.57119572393199292 4.0852826022848089949 
 56.782588447786388031 157.62526748126231269 4.0852826022848089949 
 64.677033081609309306 111.95168827794154254 4.0852826022848089949 
 83.622814996291708667 143.13663141259206668 4.0852826022848089949 
 72.044591268848947152 163.19070316992244329 4.0852826022848089949 
 53.098809354166562002 132.00576003527189073 4.0852826022848089949 
 17.491551799241573661 161.6793392385926893 4.0852826022848089949 
 5.9133280717988299102 181.73341099592303749 4.0852826022848089949 
 45.204364720343633621 177.6793392385926893 4.0852826022848089949 
 33.626140992900872106 197.73341099592306591 4.0852826022848089949 
 41.520585626723807593 152.05983179260223892 4.0852826022848089949 
 60.466367541406206954 183.24477492725276306 4.0852826022848089949 
 48.888143813963445439 203.2988466845831681 4.0852826022848089949 
 29.942361899281060289 172.11390354993258711 4.0852826022848089949 
 110.11734161878361249 1.2467651799498085108 4.0852826022848089949 
 98.539117891340836763 21.300836937280202221 4.0852826022848089949 
 137.83015453988565469 17.246765179949800739 4.0852826022848089949 
 126.25193081244287896 37.300836937280195116 4.0852826022848089949 
 18.364138171838288116 192.16797530726299215 4.0852826022848089949 
 153.09215736094824933 22.812200868609892268 4.0852826022848089949 
 141.51393363350547361 42.866272625940261776 4.0852826022848089949 
 122.56815171882310267   11.681329491289695 4.0852826022848089949 
 142.38652000610218806 73.354908694610529096 4.0852826022848089949 
 130.80829627865941234 93.408980451940891498 4.0852826022848089949 
 170.09933292720421605 89.354908694610529096 4.0852826022848089949 
 158.52110919976146874 109.40898045194090571 4.0852826022848089949 
 166.41555383358439713 63.735401248620092929 4.0852826022848089949 
 185.36133574826675385 94.920344383270617072 4.0852826022848089949 
 173.78311202082400655 114.97441614060097947 4.0852826022848089949 
 154.83733010614164982 83.78947300595044112 4.0852826022848089949 
 119.23007255121666503 113.46305220927123969 4.0852826022848089949 
 107.65184882377391773 133.51712396660158788 4.0852826022848089949 
 146.94288547231872144 129.46305220927123969 4.0852826022848089949 
 135.36466174487594571 149.5171239666016163 4.0852826022848089949 
 143.25910637869890252 103.84354476328078931 4.0852826022848089949 
 162.20488829338125925 135.02848789793134188 4.0852826022848089949 
 150.62666456593848352 155.08255965526171849 4.0852826022848089949 
 131.68088265125615521 123.89761652061116592 4.0852826022848089949 
 96.073625096331156215 153.57119572393196449 4.0852826022848089949 
 84.495401368888408911 173.62526748126234111 4.0852826022848089949 
 123.78643801743321262 169.57119572393196449 4.0852826022848089949 
 112.20821428999046532 189.62526748126231269 4.0852826022848089949 
 120.10265892381337949 143.95168827794151412 4.0852826022848089949 
 139.04844083849579306 175.13663141259203826 4.0852826022848089949 
 127.47021711105300312 195.19070316992241487 4.0852826022848089949 
 108.52443519637063218 164.00576003527186231 4.0852826022848089949 
 72.917177641445661607 193.67933923859266088 4.0852826022848089949 
 61.338953914002907197 213.73341099592306591 4.0852826022848089949 
 100.62999056254771801 209.67933923859271772 4.0852826022848089949 
 89.051766835104956499 229.73341099592303749 4.0852826022848089949 
 96.946211468927899091 184.05983179260223892 4.0852826022848089949 
 115.89199338361027003 215.24477492725279149 4.0852826022848089949 
 104.31376965616750851 235.29884668458311126 4.0852826022848089949 
 85.367987741485151787 204.11390354993255869 4.0852826022848089949 
 165.54296746098771109 33.246765179949797187 4.0852826022848089949 
 153.96474373354493537 53.30083693728018801 4.0852826022848089949 
 193.25578038208973908 49.246765179949804292 4.0852826022848089949 
 181.67755665464696335 69.300836937280195116 4.0852826022848089949 
 73.789764014042376061 224.16797530726296372 4.0852826022848089949 
 208.5177832031523053 54.812200868609878057 4.0852826022848089949 
 196.93955947570952958 74.866272625940240459 4.0852826022848089949 
 177.99377756102714443   43.681329491289695 4.0852826022848089949 
 197.81214584830624403 105.3549086946105291 4.0852826022848089949 
 186.23392212086349673 125.4089804519408915 4.0852826022848089949 
 225.52495876940830044 121.35490869461051489 4.0852826022848089949 
 213.94673504196555314 141.4089804519408915 4.0852826022848089949 
 221.84117967578848152 95.735401248620092929 4.0852826022848089949 
 240.78696159047083825 126.92034438327061707 4.0852826022848089949 
 229.20873786302809094 146.97441614060096526 4.0852826022848089949 
 210.26295594834573421 115.78947300595044112 4.0852826022848089949 
 174.65569839342074943 145.46305220927123969 4.0852826022848089949 
 163.0774746659779737 165.5171239666016163 4.0852826022848089949 
 202.36851131452277741 161.46305220927123969 4.0852826022848089949 
 190.79028758708003011 181.51712396660158788 4.0852826022848089949 
 198.68473222090295849 135.84354476328078931 4.0852826022848089949 
 217.63051413558534364 167.02848789793134188 4.0852826022848089949 
 206.05229040814259633 187.08255965526169007 4.0852826022848089949 
 187.10650849346021118 155.8976165206111375 4.0852826022848089949 
 151.4992509385352264 185.57119572393196449 4.0852826022848089949 
 139.92102721109250751 205.62526748126231269 4.0852826022848089949 
 179.21206385963731123 201.57119572393199292 4.0852826022848089949 
 167.6338401321945355 221.62526748126231269 4.0852826022848089949 
 175.52828476601746388 175.95168827794151412 4.0852826022848089949 
 194.47406668069984903 207.13663141259206668 4.0852826022848089949 
 182.8958429532570733 227.19070316992241487 4.0852826022848089949 
 163.95006103857471658 196.00576003527186231 4.0852826022848089949 
 128.34280348364973179 225.6793392385926893 4.0852826022848089949 
 116.76457975620698448 245.73341099592303749 4.0852826022848089949 
 156.0556164047517882 241.6793392385926893 4.0852826022848089949 
 152.37183731113194085 216.05983179260223892 4.0852826022848089949 
 171.31761922581435442 247.24477492725276306 4.0852826022848089949 
 140.79361358368922197 236.11390354993258711 4.0852826022848089949 
 220.96859330319176706 65.246765179949790081 4.0852826022848089949 
 209.39036957574899134 85.300836937280195116 4.0852826022848089949 
 248.68140622429382347 81.246765179949790081 4.0852826022848089949 
 237.10318249685104774 101.3008369372801809 4.0852826022848089949 
 129.21538985624644624 256.16797530726296372 4.0852826022848089949 
 252.36518531791361397 106.86627262594022625 4.0852826022848089949 
 233.41940340323125724 75.681329491289687894 4.0852826022848089949 
 253.23777169051032843 137.35490869461051489 4.0852826022848089949 
 241.6595479630675527 157.4089804519408915 4.0852826022848089949 
 59.248081242796075685 25.354908694610536202 4.0852826022848089949 
 47.669857515353321276 45.408980451940912815 4.0852826022848089949 
 74.510084063858627701 30.920344383270627731 4.0852826022848089949 
 62.931860336415880397 50.974416140600979475 4.0852826022848089949 
 230.08132423562483382 177.46305220927123969 4.0852826022848089949 
 218.50310050818208651 197.51712396660158788 4.0852826022848089949 
 36.091633787910573972 65.463052209271253901 4.0852826022848089949 
 24.513410060467819562 85.517123966601616303 4.0852826022848089949 
 254.11035806310704288 167.84354476328078931 4.0852826022848089949 
 51.353636608973118882 71.028487897931341877 4.0852826022848089949 
 39.775412881530364473 91.08255965526171849 4.0852826022848089949 
 242.53213433566429558 187.89761652061116592 4.0852826022848089949 
 206.92487678073931079 217.57119572393196449 4.0852826022848089949 
 195.34665305329659191 237.62526748126231269 4.0852826022848089949 
 12.935186333025059824 105.57119572393199292 4.0852826022848089949 
 1.3569626055823160726 125.62526748126234111 4.0852826022848089949 
 230.95391060822151985 207.95168827794151412 4.0852826022848089949 
 28.197189154087617169 111.13663141259206668 4.0852826022848089949 
 16.618965426644859207 131.19070316992241487 4.0852826022848089949 
 219.37568688077880097 228.00576003527186231 4.0852826022848089949 
 207.79746315333605367 248.05983179260223892 4.0852826022848089949 
 5.0407416992021163438 151.24477492725279149 4.0852826022848089949 
 70.826304970238808778 5.3008369372801968922 4.0852826022848089949 
 86.088307791301375005 10.866272625940245788 4.0852826022848089949 
