 93.678126112736336495 38.820165548960446245 4.0852826022848089949 
 82.09990238529357498 58.874237306290815752 4.0852826022848089949 
 121.39093903383836448 54.820165548960439139 4.0852826022848089949 
 109.81271530639560297 74.874237306290808647 4.0852826022848089949 
 117.70715994021853135 29.200658102969981655 4.0852826022848089949 
 136.65294185490094492 60.385601237620548432 4.0852826022848089949 
 125.07471812745819761 80.439672994950882412 4.0852826022848089949 
 106.12893621277579825 49.254729860300344058 4.0852826022848089949 
 70.521678657850827676 78.928309063621156838 4.0852826022848089949 
 58.943454930408073267 98.98238082095151924 4.0852826022848089949 
 98.234491578952869872 94.928309063621142627 4.0852826022848089949 
 86.656267851510108358 114.98238082095150503 4.0852826022848089949 
 94.550712485333036739 69.308801617630692249 4.0852826022848089949 
 113.4964944000154361 100.49374475228124481 4.0852826022848089949 
 101.91827067257267458 120.54781650961163564 4.0852826022848089949 
 82.972488757890275224 89.362873374961068862 4.0852826022848089949 
 47.365231202965318857 119.03645257828188164 4.0852826022848089949 
 35.787007475522571553 139.09052433561222983 4.0852826022848089949 
 75.078044124067346843 135.03645257828188164 4.0852826022848089949 
 63.499820396624606644 155.09052433561220141 4.0852826022848089949 
 71.39426503044752792 109.41694513229143126 4.0852826022848089949 
 90.340046945129941491 140.60188826694195541 4.0852826022848089949 
 78.761823217687179977 160.65596002427233202 4.0852826022848089949 
 59.816041303004787721 129.47101688962177946 4.0852826022848089949 
 24.208783748079817144 159.14459609294260645 4.0852826022848089949 
 12.630560020637073393 179.19866785027298306 4.0852826022848089949 
 51.92159666918184513 175.14459609294257803 4.0852826022848089949 
 40.343372941739104931 195.19866785027298306 4.0852826022848089949 
 48.237817575562033312 149.52508864695212765 4.0852826022848089949 
 67.183599490244432673 180.71003178160265179 4.0852826022848089949 
 55.605375762801678263 200.76410353893305683 4.0852826022848089949 
 36.659593848119286008 169.57916040428247584 4.0852826022848089949 
 105.2563498401790838 18.766093791630108711 4.0852826022848089949 
 144.5473864887238733 14.712022034299705453 4.0852826022848089949 
 132.96916276128109757 34.766093791630098053 4.0852826022848089949 
 25.081370120676517388 189.63323216161288087 4.0852826022848089949 
 159.80938930978646795 20.277457722959784547 4.0852826022848089949 
 148.23116558234372064 40.331529480290150502 4.0852826022848089949 
 129.28538366766130707 9.1465863456395855025 4.0852826022848089949 
 149.10375195494040668 70.820165548960446245 4.0852826022848089949 
 137.52552822749765937 90.874237306290808647 4.0852826022848089949 
 176.81656487604243466 86.820165548960432034 4.0852826022848089949 
 165.23834114859968736 106.87423730629080865 4.0852826022848089949 
 173.13278578242264416 61.200658102969995866 4.0852826022848089949 
 192.07856769710500089 92.38560123762052001 4.0852826022848089949 
 180.50034396966225358 112.4396729949508682 4.0852826022848089949 
 161.55456205497989686 81.254729860300344058 4.0852826022848089949 
 125.94730450005491207 110.92830906362115684 4.0852826022848089949 
 114.36908077261215055 130.98238082095150503 4.0852826022848089949 
 153.66011742115694005 126.92830906362114263 4.0852826022848089949 
 142.08189369371419275 146.98238082095153345 4.0852826022848089949 
 149.97633832753714955 101.30880161763070646 4.0852826022848089949 
 168.92212024221947786 132.4937447522812306 4.0852826022848089949 
 157.34389651477673056 152.54781650961160722 4.0852826022848089949 
 138.39811460009440225 121.36287337496108307 4.0852826022848089949 
 102.79085704516938904 151.03645257828188164 4.0852826022848089949 
 91.212633317726655946 171.09052433561222983 4.0852826022848089949 
 130.50366996627141702 167.03645257828185322 4.0852826022848089949 
 118.92544623882868393 187.09052433561222983 4.0852826022848089949 
 126.81989087265162652 141.41694513229145969 4.0852826022848089949 
 145.76567278733398325 172.60188826694192699 4.0852826022848089949 
 134.18744905989123595 192.65596002427233202 4.0852826022848089949 
 115.24166714520887922 161.47101688962177946 4.0852826022848089949 
 79.634409590283894431 191.14459609294257803 4.0852826022848089949 
 68.056185862841132916 211.19866785027295464 4.0852826022848089949 
 107.34722251138593663 207.14459609294260645 4.0852826022848089949 
 95.768998783943175113 227.19866785027295464 4.0852826022848089949 
 103.66344341776613192 181.52508864695215607 4.0852826022848089949 
 122.60922533244848864 212.71003178160268021 4.0852826022848089949 
 111.03100160500574134 232.76410353893299998 4.0852826022848089949 
 92.085219690323398822 201.57916040428247584 4.0852826022848089949 
 172.26019940982590128 30.712022034299714335 4.0852826022848089949 
 160.68197568238315398 50.766093791630105159 4.0852826022848089949 
 199.97301233092798611 46.712022034299707229 4.0852826022848089949 
 188.39478860348521039 66.766093791630098053 4.0852826022848089949 
 80.506995962880623097 221.63323216161288087 4.0852826022848089949 
 215.23501515199052392 52.277457722959766784 4.0852826022848089949 
 203.65679142454774819 72.331529480290143397 4.0852826022848089949 
 184.71100950986541989 41.146586345639597937 4.0852826022848089949 
 204.52937779714449107 102.82016554896044624 4.0852826022848089949 
 192.95115406970171534 122.87423730629080865 4.0852826022848089949 
 232.24219071824654748 118.82016554896043203 4.0852826022848089949 
 220.66396699080377175 138.87423730629080865 4.0852826022848089949 
 228.55841162462670013 93.200658102969967445 4.0852826022848089949 
 247.50419353930908528 124.38560123762053422 4.0852826022848089949 
 235.92596981186633798 144.43967299495088241 4.0852826022848089949 
 216.98018789718395283 113.25472986030032985 4.0852826022848089949 
 181.37293034225899646 142.92830906362115684 4.0852826022848089949 
 169.79470661481622074 162.98238082095150503 4.0852826022848089949 
 209.08574326336105287 158.92830906362115684 4.0852826022848089949 
 197.50751953591827714 178.98238082095153345 4.0852826022848089949 
 205.4019641697411771 133.30880161763067804 4.0852826022848089949 
 224.34774608442359067 164.49374475228125903 4.0852826022848089949 
 212.76952235698084337 184.54781650961160722 4.0852826022848089949 
 193.8237404422984298 153.36287337496105465 4.0852826022848089949 
 158.21648288737347343 183.03645257828191006 4.0852826022848089949 
 146.63825915993072613 203.09052433561222983 4.0852826022848089949 
 185.92929580847550142 199.03645257828188164 4.0852826022848089949 
 174.35107208103281096 219.09052433561220141 4.0852826022848089949 
 182.24551671485568249 173.41694513229140284 4.0852826022848089949 
 201.19129862953809607 204.60188826694195541 4.0852826022848089949 
 189.61307490209534876 224.65596002427233202 4.0852826022848089949 
 170.66729298741293519 193.47101688962177946 4.0852826022848089949 
 135.06003543248797882 223.14459609294260645 4.0852826022848089949 
 123.48181170504521731 243.19866785027298306 4.0852826022848089949 
 162.77284835359003523 239.14459609294260645 4.0852826022848089949 
 159.08906925997015946 213.52508864695212765 4.0852826022848089949 
 178.03485117465260146 244.71003178160265179 4.0852826022848089949 
 147.51084553252741216 233.57916040428247584 4.0852826022848089949 
 227.6858252520300141 62.712022034299714335 4.0852826022848089949 
 216.10760152458723837 82.766093791630112264 4.0852826022848089949 
 255.39863817313207051 78.712022034299707229 4.0852826022848089949 
 243.82041444568929478 98.766093791630098053 4.0852826022848089949 
 135.93262180508466486 253.63323216161288087 4.0852826022848089949 
 240.13663535206944744 73.146586345639576621 4.0852826022848089949 
 248.37677991190577131 154.87423730629078023 4.0852826022848089949 
 65.965313191634294299 22.82016554896045335 4.0852826022848089949 
 54.387089464191532784 42.874237306290822858 4.0852826022848089949 
 81.227316012696832104 28.385601237620530668 4.0852826022848089949 
  69.6490922852540848 48.439672994950882412 4.0852826022848089949 
 50.703310370571735177 17.254729860300361821 4.0852826022848089949 
 236.79855618446305243 174.92830906362112842 4.0852826022848089949 
 225.22033245702027671 194.98238082095150503 4.0852826022848089949 
 42.808865736748792585 62.928309063621156838 4.0852826022848089949 
 31.230642009306031071 82.98238082095151924 4.0852826022848089949 
 39.125086643128987873 37.308801617630713565 4.0852826022848089949 
 58.07086855781133039 68.493744752281244814 4.0852826022848089949 
 46.492644830368575981 88.547816509611621427 4.0852826022848089949 
 27.546862915686229911 57.362873374961083073 4.0852826022848089949 
 213.64210872957750098 215.03645257828185322 4.0852826022848089949 
 202.06388500213481052 235.09052433561220141 4.0852826022848089949 
 19.652418281863273108 103.03645257828189585 4.0852826022848089949 
 8.0741945544205293572 123.09052433561222983 4.0852826022848089949 
 15.968639188243473725 77.416945132291445475 4.0852826022848089949 
 34.914421102925828677 108.60188826694195541 4.0852826022848089949 
 23.336197375483074268 128.65596002427233202 4.0852826022848089949 
 4.3904154608007299743 97.471016889621779455 4.0852826022848089949 
 190.48566127469203479 255.14459609294257803 4.0852826022848089949 
 11.75797364804032874 148.71003178160268021 4.0852826022848089949 
 77.543536919077027392 2.7660937916301158168 4.0852826022848089949 
 92.805539740139593619 8.3315294802901362914 4.0852826022848089949 
