 131.65287482059125068 26.597654760309119126 4.0852826022848089949 
 115.27879379705173335 42.971735783848629353 4.0852826022848089949 
 154.28029181856078367 49.22507175827862369 4.0852826022848089949 
 137.90621079502128055 65.599152781818148128 4.0852826022848089949 
 157.35285090685783871 23.525095672012060533 4.0852826022848089949 
 167.58181375380323175 58.550966821005687279 4.0852826022848089949 
 151.20773273026372863 74.925047844545204612 4.0852826022848089949 
 140.97876988331833559 39.899176695551567207 4.0852826022848089949 
 98.904712773512230228 59.345816807388132474 4.0852826022848089949 
 82.530631749972712896 75.719897830927649807 4.0852826022848089949 
  121.532129771481749 81.973233805357651249 4.0852826022848089949 
 105.15804874794223167 98.347314828897182792 4.0852826022848089949 
 124.60468885977880404 56.273257719091091644 4.0852826022848089949 
 134.83365170672416866 91.299128868084721944 4.0852826022848089949 
 118.45957068318467975 107.67320989162423928 4.0852826022848089949 
 108.23060783623928671 72.647338742630608976 4.0852826022848089949 
 66.156550726433209775 92.093978854467167139 4.0852826022848089949 
 49.782469702893699548 108.46805987800667026 4.0852826022848089949 
 88.783967724402714339 114.72139585243668591 4.0852826022848089949 
 72.409886700863225428 131.09547687597620325 4.0852826022848089949 
 91.85652681269976938 89.021419766170126309 4.0852826022848089949 
 102.08548965964519084 124.04729091516372819 4.0852826022848089949 
 85.711408636105673509 140.42137193870325973 4.0852826022848089949 
 75.482445789160280469 105.39550078970962943 4.0852826022848089949 
 33.408388679354196427 124.84214090154618759 4.0852826022848089949 
 17.034307655814675542 141.21622192508570492 4.0852826022848089949 
 56.035805677323700991 147.46955789951570637 4.0852826022848089949 
 39.661724653784197869 163.84363892305523791 4.0852826022848089949 
 59.108364765620763137 121.76958181324913255 4.0852826022848089949 
 69.337327612566170387 156.79545296224276285 4.0852826022848089949 
 52.96324658902666016 173.16953398578226597 4.0852826022848089949 
 42.734283742081267121 138.14366283678864988 4.0852826022848089949 
 148.02695584413078222 10.223573736769582254 4.0852826022848089949 
 23.287643630244673432 180.21771994659474103 4.0852826022848089949 
 170.65437284210028679 32.850990734739106358 4.0852826022848089949 
 26.360202718541732025 154.51774386032818143 4.0852826022848089949 
 36.589165565487135723 189.54361500932179752 4.0852826022848089949 
 183.95589477734273487 42.176885797466148631 4.0852826022848089949 
 9.9861216950022377858 170.89182488386768455 4.0852826022848089949 
 176.90770881653028823 71.852488756248149571 4.0852826022848089949 
 160.53362779299078511 88.226569779787666903 4.0852826022848089949 
 199.53512581449982122 94.479905754217654135 4.0852826022848089949 
 183.16104479096028967 110.85398677775717147 4.0852826022848089949 
 202.60768490279684784 68.77992966795110874 4.0852826022848089949 
 212.8366477497422693 103.80580081694472483 4.0852826022848089949 
 196.46256672620273775 120.17988184048422795 4.0852826022848089949 
 186.23360387925737314 85.154010691490611862 4.0852826022848089949 
 144.15954676945128199 104.60065080332718424 4.0852826022848089949 
 127.78546574591175045 120.97473182686670157 4.0852826022848089949 
 166.78696376742078655 127.2280678012966888 4.0852826022848089949 
 150.41288274388125501 143.60214882483617771 4.0852826022848089949 
 169.85952285571784159 101.52809171503011498 4.0852826022848089949 
 180.08848570266323463 136.55396286402375949 4.0852826022848089949 
 163.71440467912373151 152.92804388756329104 4.0852826022848089949 
 153.48544183217833847 117.90217273856966074 4.0852826022848089949 
 111.41138472237224732 137.34881285040620469 4.0852826022848089949 
 95.037303698832744203 153.72289387394570781 4.0852826022848089949 
 134.03880172034175189 159.97622984837570925 4.0852826022848089949 
 117.66472069680226298 176.35031087191521237 4.0852826022848089949 
 137.11136080863880693 134.27625376210914965 4.0852826022848089949 
 147.34032365558422839 169.30212491110276574 4.0852826022848089949 
 130.96624263204469685 185.67620593464229728 4.0852826022848089949 
 120.73727978509933223 150.65033478564865277 4.0852826022848089949 
 78.663222675293241082 170.09697489748521093 4.0852826022848089949 
 62.289141651753716644 186.47105592102474247 4.0852826022848089949 
 101.29063967326274565 192.7243918954547155 4.0852826022848089949 
 84.916558649723242524 209.09847291899424704 4.0852826022848089949 
 104.36319876155980069 167.02441580918818431 4.0852826022848089949 
 114.59216160850520794 202.0502869581818004 4.0852826022848089949 
 98.218080584965704816 218.42436798172130352 4.0852826022848089949 
 87.989117738020311776 183.39849683272768743 4.0852826022848089949 
 45.915060628214192207 202.84513694456427402 4.0852826022848089949 
 193.28178984006979135 55.478407732708625133 4.0852826022848089949 
 68.542477626183696771 225.47255394253377858 4.0852826022848089949 
 215.90920683803932434 78.105824730678136802 4.0852826022848089949 
 71.615036714480780233 199.77257785626719055 4.0852826022848089949 
 81.843999561426187483 234.79844900526083507 4.0852826022848089949 
 229.21072877328180084 87.431719793405193286 4.0852826022848089949 
 55.240955690941284217 216.1466588798067221 4.0852826022848089949 
 222.16254281246932578 117.10732275218718712 4.0852826022848089949 
 205.78846178892982266 133.48140377572670445 4.0852826022848089949 
 244.78995981043885877 139.7347397501567059 4.0852826022848089949 
 228.41587878689935565 156.10882077369620902 4.0852826022848089949 
 247.86251889873591381 114.03476366389014629 4.0852826022848089949 
 241.71740072214180373 165.4347158364232655 4.0852826022848089949 
 231.48843787519641069 130.40884468742964941 4.0852826022848089949 
 189.41438076539031954 149.85548479926620757 4.0852826022848089949 
 173.04029974185081642 166.22956582280573912 4.0852826022848089949 
 212.04179776335985252 172.48290179723576898 4.0852826022848089949 
 195.6677167398203494 188.8569828207752721 4.0852826022848089949 
 215.11435685165690757 146.78292571096915253 4.0852826022848089949 
 225.34331969860227218 181.80879685996282547 4.0852826022848089949 
 208.96923867506276906 198.18287788350232859 4.0852826022848089949 
 198.74027582811737602 163.1570067345087125 4.0852826022848089949 
 156.66621871831128487 182.60364684634527066 4.0852826022848089949 
 140.29213769477178175 198.97772786988474536 4.0852826022848089949 
 179.29363571628084628 205.23106384431477522 4.0852826022848089949 
 162.91955469274131474 221.60514486785427835 4.0852826022848089949 
 182.3661948045778729 179.5310877580481872 4.0852826022848089949 
 192.59515765152326594 214.55695890704183171 4.0852826022848089949 
 176.2210766279837344 230.93103993058133483 4.0852826022848089949 
 165.99211378103834136 195.90516878158771874 4.0852826022848089949 
 123.91805667123227863 215.3518088934242769 4.0852826022848089949 
 107.5439756476927613 231.72588991696378002 4.0852826022848089949 
 146.54547366920181162 237.97922589139378147 4.0852826022848089949 
 130.1713926456623085 254.35330691493331301 4.0852826022848089949 
 149.61803275749883824 212.27924980512722186 4.0852826022848089949 
 159.84699560444423128 247.30512095412083795 4.0852826022848089949 
 133.24395173395933512 228.65333082866672498 4.0852826022848089949 
 91.169894624153243967 248.09997094050328315 4.0852826022848089949 
 238.53662383600885732 100.73324172864766979 4.0852826022848089949 
 116.86987071041981778 245.02741185220625653 4.0852826022848089949 
 251.04329578486886021 178.73623777166571358 4.0852826022848089949 
 109.02545782262170349 3.9702377623395830319 4.0852826022848089949 
 92.651376799082200364 20.344318785879089262 4.0852826022848089949 
 122.32697975786415157 13.296132825066640848 4.0852826022848089949 
 105.95289873432464844 29.670213848606149298 4.0852826022848089949 
 234.66921476132935709 195.11031879520527355 4.0852826022848089949 
 218.29513373778985397 211.48439981874477667 4.0852826022848089949 
 76.277295775542683032  36.7183998094186137 4.0852826022848089949 
  59.9032147520031657 53.092480832958131032 4.0852826022848089949 
 79.349854863839766494  11.0184237231520612 4.0852826022848089949 
 89.578817710785131112 46.044294872145670183 4.0852826022848089949 
 73.20473668724561378 62.41837589568518041 4.0852826022848089949 
 62.975773840300242057 27.392504746691567874 4.0852826022848089949 
 201.92105271425032242 227.85848084228427979 4.0852826022848089949 
 185.5469716907108193 244.23256186582375449 4.0852826022848089949 
 43.529133728463662578 69.466561856497648364 4.0852826022848089949 
 27.155052704924166562 85.840642880037137274 4.0852826022848089949 
 46.60169281676073183 43.766585770231088759 4.0852826022848089949 
 56.830655663706124869 78.792456919224676426 4.0852826022848089949 
 40.456574640166600432 95.166537942764193758 4.0852826022848089949 
 30.227611793221239367 60.140666793770584775 4.0852826022848089949 
 10.780971681384659888 102.21472390357665461 4.0852826022848089949 
 13.853530769681716706 76.514747817310109212 4.0852826022848089949 
 24.082493616627107968 111.54061896630369688 4.0852826022848089949 
 7.7084125930875879718 127.91469998984321421 4.0852826022848089949 
