 9.2488570222732491288 36.242518927859997291 4.3424888559876624328 
 9.2488570222732491288 60.62347130881237689 4.3424888559876624328 
 19.805912566634855665 42.337757023098092191 4.3424888559876624328 
 19.805912566634855665 54.528233213574274885 4.3424888559876624328 
 9.2488570222732491288 72.813947499288573795 4.3424888559876624328 
 9.2488570222732491288 97.194899880240953394 4.3424888559876624328 
 19.805912566634855665 78.909185594526661589 4.3424888559876624328 
 19.805912566634855665 91.099661785002865599 4.3424888559876624328 
 9.2488570222732491288 109.38537607071714319 4.3424888559876624328 
 9.2488570222732491288 133.76632845166952279 4.3424888559876624328 
 19.805912566634855665 115.48061416595523099 4.3424888559876624328 
 19.805912566634855665  127.671090356431435 4.3424888559876624328 
 9.2488570222732491288 145.95680464214569838 4.3424888559876624328 
 9.2488570222732491288 170.3377570230981064 4.3424888559876624328 
 19.805912566634855665 152.05204273738377196 4.3424888559876624328 
 19.805912566634855665 164.2425189278600044 4.3424888559876624328 
 9.2488570222732491288 182.52823321357428199 4.3424888559876624328 
 9.2488570222732491288 206.90918559452663317 4.3424888559876624328 
 19.805912566634855665 188.62347130881235557 4.3424888559876624328 
 19.805912566634855665 200.81394749928855958 4.3424888559876624328 
 9.2488570222732491288 219.09966178500283718 4.3424888559876624328 
 9.2488570222732491288 243.48061416595518835 4.3424888559876624328 
 19.805912566634855665 225.19489988024091076 4.3424888559876624328 
 19.805912566634855665 237.38537607071711477 4.3424888559876624328 
 9.2488570222732491288 255.67109035643142079 4.3424888559876624328 
 9.2488570222732491288 24.052042737383786175 4.3424888559876624328 
 19.805912566634855665 5.7663284516695076931 4.3424888559876624328 
 19.805912566634855665 17.956804642145691275 4.3424888559876624328 
 30.362968110996465754 36.242518927859997291 4.3424888559876624328 
 30.362968110996465754 60.62347130881237689 4.3424888559876624328 
 40.92002365535807229 42.337757023098092191 4.3424888559876624328 
 40.92002365535807229 54.528233213574274885 4.3424888559876624328 
 30.362968110996465754 72.813947499288573795 4.3424888559876624328 
 30.362968110996465754 97.194899880240953394 4.3424888559876624328 
 40.92002365535807229 78.909185594526661589 4.3424888559876624328 
 40.92002365535807229 91.099661785002865599 4.3424888559876624328 
 30.362968110996465754 109.38537607071714319 4.3424888559876624328 
 30.362968110996465754 133.76632845166952279 4.3424888559876624328 
 40.92002365535807229 115.48061416595523099 4.3424888559876624328 
 40.92002365535807229  127.671090356431435 4.3424888559876624328 
 30.362968110996465754 145.95680464214569838 4.3424888559876624328 
 30.362968110996465754 170.3377570230981064 4.3424888559876624328 
 40.92002365535807229 152.05204273738377196 4.3424888559876624328 
 40.92002365535807229 164.2425189278600044 4.3424888559876624328 
 30.362968110996465754 182.52823321357428199 4.3424888559876624328 
 30.362968110996465754 206.90918559452663317 4.3424888559876624328 
 40.92002365535807229 188.62347130881235557 4.3424888559876624328 
 40.92002365535807229 200.81394749928855958 4.3424888559876624328 
 30.362968110996465754 219.09966178500283718 4.3424888559876624328 
 30.362968110996465754 243.48061416595518835 4.3424888559876624328 
 40.92002365535807229 225.19489988024091076 4.3424888559876624328 
 40.92002365535807229 237.38537607071711477 4.3424888559876624328 
 30.362968110996465754 255.67109035643142079 4.3424888559876624328 
 30.362968110996465754 24.052042737383786175 4.3424888559876624328 
 40.92002365535807229 5.7663284516695076931 4.3424888559876624328 
 40.92002365535807229 17.956804642145691275 4.3424888559876624328 
 51.477079199719682379 36.242518927859997291 4.3424888559876624328 
 51.477079199719682379 60.62347130881237689 4.3424888559876624328 
 62.034134744081285362 42.337757023098092191 4.3424888559876624328 
 62.034134744081285362 54.528233213574274885 4.3424888559876624328 
 51.477079199719682379 72.813947499288573795 4.3424888559876624328 
 51.477079199719682379 97.194899880240953394 4.3424888559876624328 
 62.034134744081285362 78.909185594526661589 4.3424888559876624328 
 62.034134744081285362 91.099661785002865599 4.3424888559876624328 
 51.477079199719682379 109.38537607071714319 4.3424888559876624328 
 51.477079199719682379 133.76632845166952279 4.3424888559876624328 
 62.034134744081285362 115.48061416595523099 4.3424888559876624328 
 62.034134744081285362  127.671090356431435 4.3424888559876624328 
 51.477079199719682379 145.95680464214569838 4.3424888559876624328 
 51.477079199719682379 170.3377570230981064 4.3424888559876624328 
 62.034134744081285362 152.05204273738377196 4.3424888559876624328 
 62.034134744081285362 164.2425189278600044 4.3424888559876624328 
 51.477079199719682379 182.52823321357428199 4.3424888559876624328 
 51.477079199719682379 206.90918559452663317 4.3424888559876624328 
 62.034134744081285362 188.62347130881235557 4.3424888559876624328 
 62.034134744081285362 200.81394749928855958 4.3424888559876624328 
 51.477079199719682379 219.09966178500283718 4.3424888559876624328 
 51.477079199719682379 243.48061416595518835 4.3424888559876624328 
 62.034134744081285362 225.19489988024091076 4.3424888559876624328 
 62.034134744081285362 237.38537607071711477 4.3424888559876624328 
 51.477079199719682379 255.67109035643142079 4.3424888559876624328 
 51.477079199719682379 24.052042737383786175 4.3424888559876624328 
 62.034134744081285362 5.7663284516695076931 4.3424888559876624328 
 62.034134744081285362 17.956804642145691275 4.3424888559876624328 
 72.591190288442916767 36.242518927859997291 4.3424888559876624328 
 72.591190288442916767 60.62347130881237689 4.3424888559876624328 
 83.14824583280451975 42.337757023098092191 4.3424888559876624328 
 83.14824583280451975 54.528233213574274885 4.3424888559876624328 
 72.591190288442916767 72.813947499288573795 4.3424888559876624328 
 72.591190288442916767 97.194899880240953394 4.3424888559876624328 
 83.14824583280451975 78.909185594526661589 4.3424888559876624328 
 83.14824583280451975 91.099661785002865599 4.3424888559876624328 
 72.591190288442916767 109.38537607071714319 4.3424888559876624328 
 72.591190288442916767 133.76632845166952279 4.3424888559876624328 
 83.14824583280451975 115.48061416595523099 4.3424888559876624328 
 83.14824583280451975  127.671090356431435 4.3424888559876624328 
 72.591190288442916767 145.95680464214569838 4.3424888559876624328 
 72.591190288442916767 170.3377570230981064 4.3424888559876624328 
 83.14824583280451975 152.05204273738377196 4.3424888559876624328 
 83.14824583280451975 164.2425189278600044 4.3424888559876624328 
 72.591190288442916767 182.52823321357428199 4.3424888559876624328 
 72.591190288442916767 206.90918559452663317 4.3424888559876624328 
 83.14824583280451975 188.62347130881235557 4.3424888559876624328 
 83.14824583280451975 200.81394749928855958 4.3424888559876624328 
 72.591190288442916767 219.09966178500283718 4.3424888559876624328 
 72.591190288442916767 243.48061416595518835 4.3424888559876624328 
 83.14824583280451975 225.19489988024091076 4.3424888559876624328 
 83.14824583280451975 237.38537607071711477 4.3424888559876624328 
 72.591190288442916767 255.67109035643142079 4.3424888559876624328 
 72.591190288442916767 24.052042737383786175 4.3424888559876624328 
 83.14824583280451975 5.7663284516695076931 4.3424888559876624328 
 83.14824583280451975 17.956804642145691275 4.3424888559876624328 
 93.705301377166122734 36.242518927859997291 4.3424888559876624328 
 93.705301377166122734 60.62347130881237689 4.3424888559876624328 
 104.26235692152773993 42.337757023098092191 4.3424888559876624328 
 104.26235692152773993 54.528233213574274885 4.3424888559876624328 
 93.705301377166122734 72.813947499288573795 4.3424888559876624328 
 93.705301377166122734 97.194899880240953394 4.3424888559876624328 
 104.26235692152773993 78.909185594526661589 4.3424888559876624328 
 104.26235692152773993 91.099661785002865599 4.3424888559876624328 
 93.705301377166122734 109.38537607071714319 4.3424888559876624328 
 93.705301377166122734 133.76632845166952279 4.3424888559876624328 
 104.26235692152773993 115.48061416595523099 4.3424888559876624328 
 104.26235692152773993  127.671090356431435 4.3424888559876624328 
 93.705301377166122734 145.95680464214569838 4.3424888559876624328 
 93.705301377166122734 170.3377570230981064 4.3424888559876624328 
 104.26235692152773993 152.05204273738377196 4.3424888559876624328 
 104.26235692152773993 164.2425189278600044 4.3424888559876624328 
 93.705301377166122734 182.52823321357428199 4.3424888559876624328 
 93.705301377166122734 206.90918559452663317 4.3424888559876624328 
 104.26235692152773993 188.62347130881235557 4.3424888559876624328 
 104.26235692152773993 200.81394749928855958 4.3424888559876624328 
 93.705301377166122734 219.09966178500283718 4.3424888559876624328 
 93.705301377166122734 243.48061416595518835 4.3424888559876624328 
 104.26235692152773993 225.19489988024091076 4.3424888559876624328 
 104.26235692152773993 237.38537607071711477 4.3424888559876624328 
 93.705301377166122734 255.67109035643142079 4.3424888559876624328 
 93.705301377166122734 24.052042737383786175 4.3424888559876624328 
 104.26235692152773993 5.7663284516695076931 4.3424888559876624328 
 104.26235692152773993 17.956804642145691275 4.3424888559876624328 
 114.81941246588934291 36.242518927859997291 4.3424888559876624328 
 114.81941246588934291 60.62347130881237689 4.3424888559876624328 
 125.37646801025094589 42.337757023098092191 4.3424888559876624328 
 125.37646801025094589 54.528233213574274885 4.3424888559876624328 
 114.81941246588934291 72.813947499288573795 4.3424888559876624328 
 114.81941246588934291 97.194899880240953394 4.3424888559876624328 
 125.37646801025094589 78.909185594526661589 4.3424888559876624328 
 125.37646801025094589 91.099661785002865599 4.3424888559876624328 
 114.81941246588934291 109.38537607071714319 4.3424888559876624328 
 114.81941246588934291 133.76632845166952279 4.3424888559876624328 
 125.37646801025094589 115.48061416595523099 4.3424888559876624328 
 125.37646801025094589  127.671090356431435 4.3424888559876624328 
 114.81941246588934291 145.95680464214569838 4.3424888559876624328 
 114.81941246588934291 170.3377570230981064 4.3424888559876624328 
 125.37646801025094589 152.05204273738377196 4.3424888559876624328 
 125.37646801025094589 164.2425189278600044 4.3424888559876624328 
 114.81941246588934291 182.52823321357428199 4.3424888559876624328 
 114.81941246588934291 206.90918559452663317 4.3424888559876624328 
 125.37646801025094589 188.62347130881235557 4.3424888559876624328 
 125.37646801025094589 200.81394749928855958 4.3424888559876624328 
 114.81941246588934291 219.09966178500283718 4.3424888559876624328 
 114.81941246588934291 243.48061416595518835 4.3424888559876624328 
 125.37646801025094589 225.19489988024091076 4.3424888559876624328 
 125.37646801025094589 237.38537607071711477 4.3424888559876624328 
 114.81941246588934291 255.67109035643142079 4.3424888559876624328 
 114.81941246588934291 24.052042737383786175 4.3424888559876624328 
 125.37646801025094589 5.7663284516695076931 4.3424888559876624328 
 125.37646801025094589 17.956804642145691275 4.3424888559876624328 
 135.9335235546125773 36.242518927859997291 4.3424888559876624328 
 135.9335235546125773 60.62347130881237689 4.3424888559876624328 
 146.49057909897416607 42.337757023098092191 4.3424888559876624328 
 146.49057909897416607 54.528233213574274885 4.3424888559876624328 
 135.9335235546125773 72.813947499288573795 4.3424888559876624328 
 135.9335235546125773 97.194899880240953394 4.3424888559876624328 
 146.49057909897416607 78.909185594526661589 4.3424888559876624328 
 146.49057909897416607 91.099661785002865599 4.3424888559876624328 
 135.9335235546125773 109.38537607071714319 4.3424888559876624328 
 135.9335235546125773 133.76632845166952279 4.3424888559876624328 
 146.49057909897416607 115.48061416595523099 4.3424888559876624328 
 146.49057909897416607  127.671090356431435 4.3424888559876624328 
 135.9335235546125773 145.95680464214569838 4.3424888559876624328 
 135.9335235546125773 170.3377570230981064 4.3424888559876624328 
 146.49057909897416607 152.05204273738377196 4.3424888559876624328 
 146.49057909897416607 164.2425189278600044 4.3424888559876624328 
 135.9335235546125773 182.52823321357428199 4.3424888559876624328 
 135.9335235546125773 206.90918559452663317 4.3424888559876624328 
 146.49057909897416607 188.62347130881235557 4.3424888559876624328 
 146.49057909897416607 200.81394749928855958 4.3424888559876624328 
 135.9335235546125773 219.09966178500283718 4.3424888559876624328 
 135.9335235546125773 243.48061416595518835 4.3424888559876624328 
 146.49057909897416607 225.19489988024091076 4.3424888559876624328 
 146.49057909897416607 237.38537607071711477 4.3424888559876624328 
 135.9335235546125773 255.67109035643142079 4.3424888559876624328 
 135.9335235546125773 24.052042737383786175 4.3424888559876624328 
 146.49057909897416607 5.7663284516695076931 4.3424888559876624328 
 146.49057909897416607 17.956804642145691275 4.3424888559876624328 
 157.04763464333578327 36.242518927859997291 4.3424888559876624328 
 157.04763464333578327 60.62347130881237689 4.3424888559876624328 
 167.60469018769740046 42.337757023098092191 4.3424888559876624328 
 167.60469018769740046 54.528233213574274885 4.3424888559876624328 
 157.04763464333578327 72.813947499288573795 4.3424888559876624328 
 157.04763464333578327 97.194899880240953394 4.3424888559876624328 
 167.60469018769740046 78.909185594526661589 4.3424888559876624328 
 167.60469018769740046 91.099661785002865599 4.3424888559876624328 
 157.04763464333578327 109.38537607071714319 4.3424888559876624328 
 157.04763464333578327 133.76632845166952279 4.3424888559876624328 
 167.60469018769740046 115.48061416595523099 4.3424888559876624328 
 167.60469018769740046  127.671090356431435 4.3424888559876624328 
 157.04763464333578327 145.95680464214569838 4.3424888559876624328 
 157.04763464333578327 170.3377570230981064 4.3424888559876624328 
 167.60469018769740046 152.05204273738377196 4.3424888559876624328 
 167.60469018769740046 164.2425189278600044 4.3424888559876624328 
 157.04763464333578327 182.52823321357428199 4.3424888559876624328 
 157.04763464333578327 206.90918559452663317 4.3424888559876624328 
 167.60469018769740046 188.62347130881235557 4.3424888559876624328 
 167.60469018769740046 200.81394749928855958 4.3424888559876624328 
 157.04763464333578327 219.09966178500283718 4.3424888559876624328 
 157.04763464333578327 243.48061416595518835 4.3424888559876624328 
 167.60469018769740046 225.19489988024091076 4.3424888559876624328 
 167.60469018769740046 237.38537607071711477 4.3424888559876624328 
 157.04763464333578327 255.67109035643142079 4.3424888559876624328 
 157.04763464333578327 24.052042737383786175 4.3424888559876624328 
 167.60469018769740046 5.7663284516695076931 4.3424888559876624328 
 167.60469018769740046 17.956804642145691275 4.3424888559876624328 
 178.16174573205898923 36.242518927859997291 4.3424888559876624328 
 178.16174573205898923 60.62347130881237689 4.3424888559876624328 
 188.71880127642060643 42.337757023098092191 4.3424888559876624328 
 188.71880127642060643 54.528233213574274885 4.3424888559876624328 
 178.16174573205898923 72.813947499288573795 4.3424888559876624328 
 178.16174573205898923 97.194899880240953394 4.3424888559876624328 
 188.71880127642060643 78.909185594526661589 4.3424888559876624328 
 188.71880127642060643 91.099661785002865599 4.3424888559876624328 
 178.16174573205898923 109.38537607071714319 4.3424888559876624328 
 178.16174573205898923 133.76632845166952279 4.3424888559876624328 
 188.71880127642060643 115.48061416595523099 4.3424888559876624328 
 188.71880127642060643  127.671090356431435 4.3424888559876624328 
 178.16174573205898923 145.95680464214569838 4.3424888559876624328 
 178.16174573205898923 170.3377570230981064 4.3424888559876624328 
 188.71880127642060643 152.05204273738377196 4.3424888559876624328 
 188.71880127642060643 164.2425189278600044 4.3424888559876624328 
 178.16174573205898923 182.52823321357428199 4.3424888559876624328 
 178.16174573205898923 206.90918559452663317 4.3424888559876624328 
 188.71880127642060643 188.62347130881235557 4.3424888559876624328 
 188.71880127642060643 200.81394749928855958 4.3424888559876624328 
 178.16174573205898923 219.09966178500283718 4.3424888559876624328 
 178.16174573205898923 243.48061416595518835 4.3424888559876624328 
 188.71880127642060643 225.19489988024091076 4.3424888559876624328 
 188.71880127642060643 237.38537607071711477 4.3424888559876624328 
 178.16174573205898923 255.67109035643142079 4.3424888559876624328 
 178.16174573205898923 24.052042737383786175 4.3424888559876624328 
 188.71880127642060643 5.7663284516695076931 4.3424888559876624328 
 188.71880127642060643 17.956804642145691275 4.3424888559876624328 
 199.2758568207821952 36.242518927859997291 4.3424888559876624328 
 199.2758568207821952 60.62347130881237689 4.3424888559876624328 
 209.83291236514381239 42.337757023098092191 4.3424888559876624328 
 209.83291236514381239 54.528233213574274885 4.3424888559876624328 
 199.2758568207821952 72.813947499288573795 4.3424888559876624328 
 199.2758568207821952 97.194899880240953394 4.3424888559876624328 
 209.83291236514381239 78.909185594526661589 4.3424888559876624328 
 209.83291236514381239 91.099661785002865599 4.3424888559876624328 
 199.2758568207821952 109.38537607071714319 4.3424888559876624328 
 199.2758568207821952 133.76632845166952279 4.3424888559876624328 
 209.83291236514381239 115.48061416595523099 4.3424888559876624328 
 209.83291236514381239  127.671090356431435 4.3424888559876624328 
 199.2758568207821952 145.95680464214569838 4.3424888559876624328 
 199.2758568207821952 170.3377570230981064 4.3424888559876624328 
 209.83291236514381239 152.05204273738377196 4.3424888559876624328 
 209.83291236514381239 164.2425189278600044 4.3424888559876624328 
 199.2758568207821952 182.52823321357428199 4.3424888559876624328 
 199.2758568207821952 206.90918559452663317 4.3424888559876624328 
 209.83291236514381239 188.62347130881235557 4.3424888559876624328 
 209.83291236514381239 200.81394749928855958 4.3424888559876624328 
 199.2758568207821952 219.09966178500283718 4.3424888559876624328 
 199.2758568207821952 243.48061416595518835 4.3424888559876624328 
 209.83291236514381239 225.19489988024091076 4.3424888559876624328 
 209.83291236514381239 237.38537607071711477 4.3424888559876624328 
 199.2758568207821952 255.67109035643142079 4.3424888559876624328 
 199.2758568207821952 24.052042737383786175 4.3424888559876624328 
 209.83291236514381239 5.7663284516695076931 4.3424888559876624328 
 209.83291236514381239 17.956804642145691275 4.3424888559876624328 
 220.38996790950542959 36.242518927859997291 4.3424888559876624328 
 220.38996790950542959 60.62347130881237689 4.3424888559876624328 
 230.94702345386704678 42.337757023098092191 4.3424888559876624328 
 230.94702345386704678 54.528233213574274885 4.3424888559876624328 
 220.38996790950542959 72.813947499288573795 4.3424888559876624328 
 220.38996790950542959 97.194899880240953394 4.3424888559876624328 
 230.94702345386704678 78.909185594526661589 4.3424888559876624328 
 230.94702345386704678 91.099661785002865599 4.3424888559876624328 
 220.38996790950542959 109.38537607071714319 4.3424888559876624328 
 220.38996790950542959 133.76632845166952279 4.3424888559876624328 
 230.94702345386704678 115.48061416595523099 4.3424888559876624328 
 230.94702345386704678  127.671090356431435 4.3424888559876624328 
 220.38996790950542959 145.95680464214569838 4.3424888559876624328 
 220.38996790950542959 170.3377570230981064 4.3424888559876624328 
 230.94702345386704678 152.05204273738377196 4.3424888559876624328 
 230.94702345386704678 164.2425189278600044 4.3424888559876624328 
 220.38996790950542959 182.52823321357428199 4.3424888559876624328 
 220.38996790950542959 206.90918559452663317 4.3424888559876624328 
 230.94702345386704678 188.62347130881235557 4.3424888559876624328 
 230.94702345386704678 200.81394749928855958 4.3424888559876624328 
 220.38996790950542959 219.09966178500283718 4.3424888559876624328 
 220.38996790950542959 243.48061416595518835 4.3424888559876624328 
 230.94702345386704678 225.19489988024091076 4.3424888559876624328 
 230.94702345386704678 237.38537607071711477 4.3424888559876624328 
 220.38996790950542959 255.67109035643142079 4.3424888559876624328 
 220.38996790950542959 24.052042737383786175 4.3424888559876624328 
 230.94702345386704678 5.7663284516695076931 4.3424888559876624328 
 230.94702345386704678 17.956804642145691275 4.3424888559876624328 
 241.50407899822863556 36.242518927859997291 4.3424888559876624328 
 241.50407899822863556 60.62347130881237689 4.3424888559876624328 
 252.06113454259025275 42.337757023098092191 4.3424888559876624328 
 252.06113454259025275 54.528233213574274885 4.3424888559876624328 
 241.50407899822863556 72.813947499288573795 4.3424888559876624328 
 241.50407899822863556 97.194899880240953394 4.3424888559876624328 
 252.06113454259025275 78.909185594526661589 4.3424888559876624328 
 252.06113454259025275 91.099661785002865599 4.3424888559876624328 
 241.50407899822863556 109.38537607071714319 4.3424888559876624328 
 241.50407899822863556 133.76632845166952279 4.3424888559876624328 
 252.06113454259025275 115.48061416595523099 4.3424888559876624328 
 252.06113454259025275  127.671090356431435 4.3424888559876624328 
 241.50407899822863556 145.95680464214569838 4.3424888559876624328 
 241.50407899822863556 170.3377570230981064 4.3424888559876624328 
 252.06113454259025275 152.05204273738377196 4.3424888559876624328 
 252.06113454259025275 164.2425189278600044 4.3424888559876624328 
 241.50407899822863556 182.52823321357428199 4.3424888559876624328 
 241.50407899822863556 206.90918559452663317 4.3424888559876624328 
 252.06113454259025275 188.62347130881235557 4.3424888559876624328 
 252.06113454259025275 200.81394749928855958 4.3424888559876624328 
 241.50407899822863556 219.09966178500283718 4.3424888559876624328 
 241.50407899822863556 243.48061416595518835 4.3424888559876624328 
 252.06113454259025275 225.19489988024091076 4.3424888559876624328 
 252.06113454259025275 237.38537607071711477 4.3424888559876624328 
 241.50407899822863556 255.67109035643142079 4.3424888559876624328 
 241.50407899822863556 24.052042737383786175 4.3424888559876624328 
 252.06113454259025275 5.7663284516695076931 4.3424888559876624328 
 252.06113454259025275 17.956804642145691275 4.3424888559876624328 
