 22.569898813521831471 7.2225254428524667816 4.3424888559876624328 
 22.569898813521831471 31.603477823804837499 4.3424888559876624328 
 33.12695435788344156 13.317763538090559905 4.3424888559876624328 
 33.12695435788344156 25.508239728566742599 4.3424888559876624328 
 22.569898813521831471 43.793954014281020193 4.3424888559876624328 
 22.569898813521831471 68.174906395233406897 4.3424888559876624328 
 33.12695435788344156 49.889192109519129303 4.3424888559876624328 
 33.12695435788344156 62.079668299995319103 4.3424888559876624328 
 22.569898813521831471 80.365382585709596697 4.3424888559876624328 
 22.569898813521831471 104.7463349666619763 4.3424888559876624328 
 33.12695435788344156 86.460620680947684491 4.3424888559876624328 
 33.12695435788344156 98.651096871423888501 4.3424888559876624328 
 22.569898813521831471 116.9368111571381661 4.3424888559876624328 
 22.569898813521831471 141.3177635380905599 4.3424888559876624328 
 33.12695435788344156 123.03204925237625389 4.3424888559876624328 
 33.12695435788344156 135.2225254428524579 4.3424888559876624328 
 22.569898813521831471 153.50823972856673549 4.3424888559876624328 
 22.569898813521831471 177.88919210951911509 4.3424888559876624328 
 33.12695435788344156 159.6034778238048375 4.3424888559876624328 
 33.12695435788344156 171.79395401428101309 4.3424888559876624328 
 22.569898813521831471 190.07966829999529068 4.3424888559876624328 
 22.569898813521831471 214.46062068094767028 4.3424888559876624328 
 33.12695435788344156 196.17490639523339269 4.3424888559876624328 
 33.12695435788344156 208.36538258570956827 4.3424888559876624328 
 22.569898813521831471 226.65109687142387429 4.3424888559876624328 
 22.569898813521831471 251.03204925237625389 4.3424888559876624328 
 33.12695435788344156 232.7463349666619763 4.3424888559876624328 
 33.12695435788344156 244.93681115713815188 4.3424888559876624328 
 43.684009902245051649 7.2225254428524667816 4.3424888559876624328 
 43.684009902245051649 31.603477823804837499 4.3424888559876624328 
 54.241065446606668843 13.317763538090559905 4.3424888559876624328 
 54.241065446606668843 25.508239728566742599 4.3424888559876624328 
 43.684009902245051649 43.793954014281020193 4.3424888559876624328 
 43.684009902245051649 68.174906395233406897 4.3424888559876624328 
 54.241065446606668843 49.889192109519129303 4.3424888559876624328 
 54.241065446606668843 62.079668299995319103 4.3424888559876624328 
 43.684009902245051649 80.365382585709596697 4.3424888559876624328 
 43.684009902245051649 104.7463349666619763 4.3424888559876624328 
 54.241065446606668843 86.460620680947684491 4.3424888559876624328 
 54.241065446606668843 98.651096871423888501 4.3424888559876624328 
 43.684009902245051649 116.9368111571381661 4.3424888559876624328 
 43.684009902245051649 141.3177635380905599 4.3424888559876624328 
 54.241065446606668843 123.03204925237625389 4.3424888559876624328 
 54.241065446606668843 135.2225254428524579 4.3424888559876624328 
 43.684009902245051649 153.50823972856673549 4.3424888559876624328 
 43.684009902245051649 177.88919210951911509 4.3424888559876624328 
 54.241065446606668843 159.6034778238048375 4.3424888559876624328 
 54.241065446606668843 171.79395401428101309 4.3424888559876624328 
 43.684009902245051649 190.07966829999529068 4.3424888559876624328 
 43.684009902245051649 214.46062068094767028 4.3424888559876624328 
 54.241065446606668843 196.17490639523339269 4.3424888559876624328 
 54.241065446606668843 208.36538258570956827 4.3424888559876624328 
 43.684009902245051649 226.65109687142387429 4.3424888559876624328 
 43.684009902245051649 251.03204925237625389 4.3424888559876624328 
 54.241065446606668843 232.7463349666619763 4.3424888559876624328 
 54.241065446606668843 244.93681115713815188 4.3424888559876624328 
 64.798120990968271826 7.2225254428524667816 4.3424888559876624328 
 64.798120990968271826 31.603477823804837499 4.3424888559876624328 
 75.35517653532988902 13.317763538090559905 4.3424888559876624328 
 75.35517653532988902 25.508239728566742599 4.3424888559876624328 
 64.798120990968271826 43.793954014281020193 4.3424888559876624328 
 64.798120990968271826 68.174906395233406897 4.3424888559876624328 
 75.35517653532988902 49.889192109519129303 4.3424888559876624328 
 75.35517653532988902 62.079668299995319103 4.3424888559876624328 
 64.798120990968271826 80.365382585709596697 4.3424888559876624328 
 64.798120990968271826 104.7463349666619763 4.3424888559876624328 
 75.35517653532988902 86.460620680947684491 4.3424888559876624328 
 75.35517653532988902 98.651096871423888501 4.3424888559876624328 
 64.798120990968271826 116.9368111571381661 4.3424888559876624328 
 64.798120990968271826 141.3177635380905599 4.3424888559876624328 
 75.35517653532988902 123.03204925237625389 4.3424888559876624328 
 75.35517653532988902 135.2225254428524579 4.3424888559876624328 
 64.798120990968271826 153.50823972856673549 4.3424888559876624328 
 64.798120990968271826 177.88919210951911509 4.3424888559876624328 
 75.35517653532988902 159.6034778238048375 4.3424888559876624328 
 75.35517653532988902 171.79395401428101309 4.3424888559876624328 
 64.798120990968271826 190.07966829999529068 4.3424888559876624328 
 64.798120990968271826 214.46062068094767028 4.3424888559876624328 
 75.35517653532988902 196.17490639523339269 4.3424888559876624328 
 75.35517653532988902 208.36538258570956827 4.3424888559876624328 
 64.798120990968271826 226.65109687142387429 4.3424888559876624328 
 64.798120990968271826 251.03204925237625389 4.3424888559876624328 
 75.35517653532988902 232.7463349666619763 4.3424888559876624328 
 75.35517653532988902 244.93681115713815188 4.3424888559876624328 
 85.912232079691492004 7.2225254428524667816 4.3424888559876624328 
 85.912232079691492004 31.603477823804837499 4.3424888559876624328 
 96.469287624053094987 13.317763538090559905 4.3424888559876624328 
 96.469287624053094987 25.508239728566742599 4.3424888559876624328 
 85.912232079691492004 43.793954014281020193 4.3424888559876624328 
 85.912232079691492004 68.174906395233406897 4.3424888559876624328 
 96.469287624053094987 49.889192109519129303 4.3424888559876624328 
 96.469287624053094987 62.079668299995319103 4.3424888559876624328 
 85.912232079691492004 80.365382585709596697 4.3424888559876624328 
 85.912232079691492004 104.7463349666619763 4.3424888559876624328 
 96.469287624053094987 86.460620680947684491 4.3424888559876624328 
 96.469287624053094987 98.651096871423888501 4.3424888559876624328 
 85.912232079691492004 116.9368111571381661 4.3424888559876624328 
 85.912232079691492004 141.3177635380905599 4.3424888559876624328 
 96.469287624053094987 123.03204925237625389 4.3424888559876624328 
 96.469287624053094987 135.2225254428524579 4.3424888559876624328 
 85.912232079691492004 153.50823972856673549 4.3424888559876624328 
 85.912232079691492004 177.88919210951911509 4.3424888559876624328 
 96.469287624053094987 159.6034778238048375 4.3424888559876624328 
 96.469287624053094987 171.79395401428101309 4.3424888559876624328 
 85.912232079691492004 190.07966829999529068 4.3424888559876624328 
 85.912232079691492004 214.46062068094767028 4.3424888559876624328 
 96.469287624053094987 196.17490639523339269 4.3424888559876624328 
 96.469287624053094987 208.36538258570956827 4.3424888559876624328 
 85.912232079691492004 226.65109687142387429 4.3424888559876624328 
 85.912232079691492004 251.03204925237625389 4.3424888559876624328 
 96.469287624053094987 232.7463349666619763 4.3424888559876624328 
 96.469287624053094987 244.93681115713815188 4.3424888559876624328 
 107.02634316841471218 7.2225254428524667816 4.3424888559876624328 
 107.02634316841471218 31.603477823804837499 4.3424888559876624328 
 117.58339871277631516 13.317763538090559905 4.3424888559876624328 
 117.58339871277631516 25.508239728566742599 4.3424888559876624328 
 107.02634316841471218 43.793954014281020193 4.3424888559876624328 
 107.02634316841471218 68.174906395233406897 4.3424888559876624328 
 117.58339871277631516 49.889192109519129303 4.3424888559876624328 
 117.58339871277631516 62.079668299995319103 4.3424888559876624328 
 107.02634316841471218 80.365382585709596697 4.3424888559876624328 
 107.02634316841471218 104.7463349666619763 4.3424888559876624328 
 117.58339871277631516 86.460620680947684491 4.3424888559876624328 
 117.58339871277631516 98.651096871423888501 4.3424888559876624328 
 107.02634316841471218 116.9368111571381661 4.3424888559876624328 
 107.02634316841471218 141.3177635380905599 4.3424888559876624328 
 117.58339871277631516 123.03204925237625389 4.3424888559876624328 
 117.58339871277631516 135.2225254428524579 4.3424888559876624328 
 107.02634316841471218 153.50823972856673549 4.3424888559876624328 
 107.02634316841471218 177.88919210951911509 4.3424888559876624328 
 117.58339871277631516 159.6034778238048375 4.3424888559876624328 
 117.58339871277631516 171.79395401428101309 4.3424888559876624328 
 107.02634316841471218 190.07966829999529068 4.3424888559876624328 
 107.02634316841471218 214.46062068094767028 4.3424888559876624328 
 117.58339871277631516 196.17490639523339269 4.3424888559876624328 
 117.58339871277631516 208.36538258570956827 4.3424888559876624328 
 107.02634316841471218 226.65109687142387429 4.3424888559876624328 
 107.02634316841471218 251.03204925237625389 4.3424888559876624328 
 117.58339871277631516 232.7463349666619763 4.3424888559876624328 
 117.58339871277631516 244.93681115713815188 4.3424888559876624328 
 128.14045425713791815 7.2225254428524667816 4.3424888559876624328 
 128.14045425713791815 31.603477823804837499 4.3424888559876624328 
 138.69750980149953534 13.317763538090559905 4.3424888559876624328 
 138.69750980149953534 25.508239728566742599 4.3424888559876624328 
 128.14045425713791815 43.793954014281020193 4.3424888559876624328 
 128.14045425713791815 68.174906395233406897 4.3424888559876624328 
 138.69750980149953534 49.889192109519129303 4.3424888559876624328 
 138.69750980149953534 62.079668299995319103 4.3424888559876624328 
 128.14045425713791815 80.365382585709596697 4.3424888559876624328 
 128.14045425713791815 104.7463349666619763 4.3424888559876624328 
 138.69750980149953534 86.460620680947684491 4.3424888559876624328 
 138.69750980149953534 98.651096871423888501 4.3424888559876624328 
 128.14045425713791815 116.9368111571381661 4.3424888559876624328 
 128.14045425713791815 141.3177635380905599 4.3424888559876624328 
 138.69750980149953534 123.03204925237625389 4.3424888559876624328 
 138.69750980149953534 135.2225254428524579 4.3424888559876624328 
 128.14045425713791815 153.50823972856673549 4.3424888559876624328 
 128.14045425713791815 177.88919210951911509 4.3424888559876624328 
 138.69750980149953534 159.6034778238048375 4.3424888559876624328 
 138.69750980149953534 171.79395401428101309 4.3424888559876624328 
 128.14045425713791815 190.07966829999529068 4.3424888559876624328 
 128.14045425713791815 214.46062068094767028 4.3424888559876624328 
 138.69750980149953534 196.17490639523339269 4.3424888559876624328 
 138.69750980149953534 208.36538258570956827 4.3424888559876624328 
 128.14045425713791815 226.65109687142387429 4.3424888559876624328 
 128.14045425713791815 251.03204925237625389 4.3424888559876624328 
 138.69750980149953534 232.7463349666619763 4.3424888559876624328 
 138.69750980149953534 244.93681115713815188 4.3424888559876624328 
 149.25456534586115254 7.2225254428524667816 4.3424888559876624328 
 149.25456534586115254 31.603477823804837499 4.3424888559876624328 
 159.81162089022276973 13.317763538090559905 4.3424888559876624328 
 159.81162089022276973 25.508239728566742599 4.3424888559876624328 
 149.25456534586115254 43.793954014281020193 4.3424888559876624328 
 149.25456534586115254 68.174906395233406897 4.3424888559876624328 
 159.81162089022276973 49.889192109519129303 4.3424888559876624328 
 159.81162089022276973 62.079668299995319103 4.3424888559876624328 
 149.25456534586115254 80.365382585709596697 4.3424888559876624328 
 149.25456534586115254 104.7463349666619763 4.3424888559876624328 
 159.81162089022276973 86.460620680947684491 4.3424888559876624328 
 159.81162089022276973 98.651096871423888501 4.3424888559876624328 
 149.25456534586115254 116.9368111571381661 4.3424888559876624328 
 149.25456534586115254 141.3177635380905599 4.3424888559876624328 
 159.81162089022276973 123.03204925237625389 4.3424888559876624328 
 159.81162089022276973 135.2225254428524579 4.3424888559876624328 
 149.25456534586115254 153.50823972856673549 4.3424888559876624328 
 149.25456534586115254 177.88919210951911509 4.3424888559876624328 
 159.81162089022276973 159.6034778238048375 4.3424888559876624328 
 159.81162089022276973 171.79395401428101309 4.3424888559876624328 
 149.25456534586115254 190.07966829999529068 4.3424888559876624328 
 149.25456534586115254 214.46062068094767028 4.3424888559876624328 
 159.81162089022276973 196.17490639523339269 4.3424888559876624328 
 159.81162089022276973 208.36538258570956827 4.3424888559876624328 
 149.25456534586115254 226.65109687142387429 4.3424888559876624328 
 149.25456534586115254 251.03204925237625389 4.3424888559876624328 
 159.81162089022276973 232.7463349666619763 4.3424888559876624328 
 159.81162089022276973 244.93681115713815188 4.3424888559876624328 
 170.3686764345843585 7.2225254428524667816 4.3424888559876624328 
 170.3686764345843585 31.603477823804837499 4.3424888559876624328 
 180.92573197894600412 13.317763538090559905 4.3424888559876624328 
 180.92573197894600412 25.508239728566742599 4.3424888559876624328 
 170.3686764345843585 43.793954014281020193 4.3424888559876624328 
 170.3686764345843585 68.174906395233406897 4.3424888559876624328 
 180.92573197894600412 49.889192109519129303 4.3424888559876624328 
 180.92573197894600412 62.079668299995319103 4.3424888559876624328 
 170.3686764345843585 80.365382585709596697 4.3424888559876624328 
 170.3686764345843585 104.7463349666619763 4.3424888559876624328 
 180.92573197894600412 86.460620680947684491 4.3424888559876624328 
 180.92573197894600412 98.651096871423888501 4.3424888559876624328 
 170.3686764345843585 116.9368111571381661 4.3424888559876624328 
 170.3686764345843585 141.3177635380905599 4.3424888559876624328 
 180.92573197894600412 123.03204925237625389 4.3424888559876624328 
 180.92573197894600412 135.2225254428524579 4.3424888559876624328 
 170.3686764345843585 153.50823972856673549 4.3424888559876624328 
 170.3686764345843585 177.88919210951911509 4.3424888559876624328 
 180.92573197894600412 159.6034778238048375 4.3424888559876624328 
 180.92573197894600412 171.79395401428101309 4.3424888559876624328 
 170.3686764345843585 190.07966829999529068 4.3424888559876624328 
 170.3686764345843585 214.46062068094767028 4.3424888559876624328 
 180.92573197894600412 196.17490639523339269 4.3424888559876624328 
 180.92573197894600412 208.36538258570956827 4.3424888559876624328 
 170.3686764345843585 226.65109687142387429 4.3424888559876624328 
 170.3686764345843585 251.03204925237625389 4.3424888559876624328 
 180.92573197894600412 232.7463349666619763 4.3424888559876624328 
 180.92573197894600412 244.93681115713815188 4.3424888559876624328 
 191.48278752330759289 7.2225254428524667816 4.3424888559876624328 
 191.48278752330759289 31.603477823804837499 4.3424888559876624328 
 202.03984306766921009 13.317763538090559905 4.3424888559876624328 
 202.03984306766921009 25.508239728566742599 4.3424888559876624328 
 191.48278752330759289 43.793954014281020193 4.3424888559876624328 
 191.48278752330759289 68.174906395233406897 4.3424888559876624328 
 202.03984306766921009 49.889192109519129303 4.3424888559876624328 
 202.03984306766921009 62.079668299995319103 4.3424888559876624328 
 191.48278752330759289 80.365382585709596697 4.3424888559876624328 
 191.48278752330759289 104.7463349666619763 4.3424888559876624328 
 202.03984306766921009 86.460620680947684491 4.3424888559876624328 
 202.03984306766921009 98.651096871423888501 4.3424888559876624328 
 191.48278752330759289 116.9368111571381661 4.3424888559876624328 
 191.48278752330759289 141.3177635380905599 4.3424888559876624328 
 202.03984306766921009 123.03204925237625389 4.3424888559876624328 
 202.03984306766921009 135.2225254428524579 4.3424888559876624328 
 191.48278752330759289 153.50823972856673549 4.3424888559876624328 
 191.48278752330759289 177.88919210951911509 4.3424888559876624328 
 202.03984306766921009 159.6034778238048375 4.3424888559876624328 
 202.03984306766921009 171.79395401428101309 4.3424888559876624328 
 191.48278752330759289 190.07966829999529068 4.3424888559876624328 
 191.48278752330759289 214.46062068094767028 4.3424888559876624328 
 202.03984306766921009 196.17490639523339269 4.3424888559876624328 
 202.03984306766921009 208.36538258570956827 4.3424888559876624328 
 191.48278752330759289 226.65109687142387429 4.3424888559876624328 
 191.48278752330759289 251.03204925237625389 4.3424888559876624328 
 202.03984306766921009 232.7463349666619763 4.3424888559876624328 
 202.03984306766921009 244.93681115713815188 4.3424888559876624328 
 212.59689861203079886 7.2225254428524667816 4.3424888559876624328 
 212.59689861203079886 31.603477823804837499 4.3424888559876624328 
 223.15395415639241605 13.317763538090559905 4.3424888559876624328 
 223.15395415639241605 25.508239728566742599 4.3424888559876624328 
 212.59689861203079886 43.793954014281020193 4.3424888559876624328 
 212.59689861203079886 68.174906395233406897 4.3424888559876624328 
 223.15395415639241605 49.889192109519129303 4.3424888559876624328 
 223.15395415639241605 62.079668299995319103 4.3424888559876624328 
 212.59689861203079886 80.365382585709596697 4.3424888559876624328 
 212.59689861203079886 104.7463349666619763 4.3424888559876624328 
 223.15395415639241605 86.460620680947684491 4.3424888559876624328 
 223.15395415639241605 98.651096871423888501 4.3424888559876624328 
 212.59689861203079886 116.9368111571381661 4.3424888559876624328 
 212.59689861203079886 141.3177635380905599 4.3424888559876624328 
 223.15395415639241605 123.03204925237625389 4.3424888559876624328 
 223.15395415639241605 135.2225254428524579 4.3424888559876624328 
 212.59689861203079886 153.50823972856673549 4.3424888559876624328 
 212.59689861203079886 177.88919210951911509 4.3424888559876624328 
 223.15395415639241605 159.6034778238048375 4.3424888559876624328 
 223.15395415639241605 171.79395401428101309 4.3424888559876624328 
 212.59689861203079886 190.07966829999529068 4.3424888559876624328 
 212.59689861203079886 214.46062068094767028 4.3424888559876624328 
 223.15395415639241605 196.17490639523339269 4.3424888559876624328 
 223.15395415639241605 208.36538258570956827 4.3424888559876624328 
 212.59689861203079886 226.65109687142387429 4.3424888559876624328 
 212.59689861203079886 251.03204925237625389 4.3424888559876624328 
 223.15395415639241605 232.7463349666619763 4.3424888559876624328 
 223.15395415639241605 244.93681115713815188 4.3424888559876624328 
 233.71100970075400483 7.2225254428524667816 4.3424888559876624328 
 233.71100970075400483 31.603477823804837499 4.3424888559876624328 
 244.26806524511565044 13.317763538090559905 4.3424888559876624328 
 244.26806524511565044 25.508239728566742599 4.3424888559876624328 
 233.71100970075400483 43.793954014281020193 4.3424888559876624328 
 233.71100970075400483 68.174906395233406897 4.3424888559876624328 
 244.26806524511565044 49.889192109519129303 4.3424888559876624328 
 244.26806524511565044 62.079668299995319103 4.3424888559876624328 
 233.71100970075400483 80.365382585709596697 4.3424888559876624328 
 233.71100970075400483 104.7463349666619763 4.3424888559876624328 
 244.26806524511565044 86.460620680947684491 4.3424888559876624328 
 244.26806524511565044 98.651096871423888501 4.3424888559876624328 
 233.71100970075400483 116.9368111571381661 4.3424888559876624328 
 233.71100970075400483 141.3177635380905599 4.3424888559876624328 
 244.26806524511565044 123.03204925237625389 4.3424888559876624328 
 244.26806524511565044 135.2225254428524579 4.3424888559876624328 
 233.71100970075400483 153.50823972856673549 4.3424888559876624328 
 233.71100970075400483 177.88919210951911509 4.3424888559876624328 
 244.26806524511565044 159.6034778238048375 4.3424888559876624328 
 244.26806524511565044 171.79395401428101309 4.3424888559876624328 
 233.71100970075400483 190.07966829999529068 4.3424888559876624328 
 233.71100970075400483 214.46062068094767028 4.3424888559876624328 
 244.26806524511565044 196.17490639523339269 4.3424888559876624328 
 244.26806524511565044 208.36538258570956827 4.3424888559876624328 
 233.71100970075400483 226.65109687142387429 4.3424888559876624328 
 233.71100970075400483 251.03204925237625389 4.3424888559876624328 
 244.26806524511565044 232.7463349666619763 4.3424888559876624328 
 244.26806524511565044 244.93681115713815188 4.3424888559876624328 
 254.82512078947723921 7.2225254428524667816 4.3424888559876624328 
 254.82512078947723921 31.603477823804837499 4.3424888559876624328 
 12.012843269160210724 13.317763538090559905 4.3424888559876624328 
 12.012843269160210724 25.508239728566742599 4.3424888559876624328 
 254.82512078947723921 43.793954014281020193 4.3424888559876624328 
 254.82512078947723921 68.174906395233406897 4.3424888559876624328 
 12.012843269160210724 49.889192109519129303 4.3424888559876624328 
 12.012843269160210724 62.079668299995319103 4.3424888559876624328 
 254.82512078947723921 80.365382585709596697 4.3424888559876624328 
 254.82512078947723921 104.7463349666619763 4.3424888559876624328 
 12.012843269160210724 86.460620680947684491 4.3424888559876624328 
 12.012843269160210724 98.651096871423888501 4.3424888559876624328 
 254.82512078947723921 116.9368111571381661 4.3424888559876624328 
 254.82512078947723921 141.3177635380905599 4.3424888559876624328 
 12.012843269160210724 123.03204925237625389 4.3424888559876624328 
 12.012843269160210724 135.2225254428524579 4.3424888559876624328 
 254.82512078947723921 153.50823972856673549 4.3424888559876624328 
 254.82512078947723921 177.88919210951911509 4.3424888559876624328 
 12.012843269160210724 159.6034778238048375 4.3424888559876624328 
 12.012843269160210724 171.79395401428101309 4.3424888559876624328 
 254.82512078947723921 190.07966829999529068 4.3424888559876624328 
 254.82512078947723921 214.46062068094767028 4.3424888559876624328 
 12.012843269160210724 196.17490639523339269 4.3424888559876624328 
 12.012843269160210724 208.36538258570956827 4.3424888559876624328 
 254.82512078947723921 226.65109687142387429 4.3424888559876624328 
 254.82512078947723921 251.03204925237625389 4.3424888559876624328 
 12.012843269160210724 232.7463349666619763 4.3424888559876624328 
 12.012843269160210724 244.93681115713815188 4.3424888559876624328 
