 81.841475237321489544 8.6454283829775278036 4.3424888559876624328 
 102.2363933723709124 3.1804413774903750323 4.3424888559876624328 
 93.616424992192051491 11.800409757669246602 4.3424888559876624328 
 73.221506857142628633 17.265396763156399373 4.3424888559876624328 
 55.981570096784885493 34.505333523514124749 4.3424888559876624328 
 76.376488231834315457 29.040346518026957767 4.3424888559876624328 
 67.756519851655454545 37.66031489820583289 4.3424888559876624328 
 47.361601716606031687 43.125301903692999872 4.3424888559876624328 
 30.121664956248284994 60.365238664050743012 4.3424888559876624328 
 50.516583091297732722 54.900251658563561818 4.3424888559876624328 
 41.896614711118843388 63.520220038742436941 4.3424888559876624328 
 21.501696576069427636 68.985207044229596818 4.3424888559876624328 
 4.2617598157117164703 86.225143804587332852 4.3424888559876624328 
 24.656677950761132223 80.760156799100158764 4.3424888559876624328 
 16.036709570582260653 89.380125179279019676 4.3424888559876624328 
 114.01134312724148856 6.3354227521820796198 4.3424888559876624328 
 96.771406366883766736 23.575359512539822759 4.3424888559876624328 
 117.16632450193317538 18.110372507052655777 4.3424888559876624328 
 108.54635612175432868 26.730340887231513136 4.3424888559876624328 
 88.151437986704905825 32.195327892718680118 4.3424888559876624328 
 70.911501226347184001 49.435264653076409047 4.3424888559876624328 
 91.30641936139660686 43.970277647589242065 4.3424888559876624328 
 82.686450981217731737 52.590246027768110082 4.3424888559876624328 
 62.291532846168308879 58.055233033255277064 4.3424888559876624328 
 45.051596085810565739 75.295169793613027309 4.3424888559876624328 
 65.446514220860009914 69.830182788125839011 4.3424888559876624328 
 56.826545840681127686 78.450151168304714133 4.3424888559876624328 
 36.431627705631711933 83.91513817379187401 4.3424888559876624328 
 19.191690945273979452 101.15507493414961004 4.3424888559876624328 
 39.586609080323412968 95.690087928662435957 4.3424888559876624328 
 30.966640700144555609 104.31005630884131108 4.3424888559876624328 
 10.571722565095123869 109.77504331432845674 4.3424888559876624328 
 13.726703939786828457 121.54999306919901869 4.3424888559876624328 
 5.1067355596079719859 130.16996144937789381 4.3424888559876624328 
 137.56124263698262666 12.645385501565487019 4.3424888559876624328 
 157.95616077203203531 7.1803984960783209246 4.3424888559876624328 
 149.33619239185318861 15.800366876257177395 4.3424888559876624328 
 128.94127425680375154 21.265353881744342601 4.3424888559876624328 
 111.70133749644602972 38.505290642102075083 4.3424888559876624328 
 132.09625563149543837 33.040303636614922311 4.3424888559876624328 
 123.47628725131659166 41.660272016793776118 4.3424888559876624328 
 103.08136911626716881  47.1252590222809431 4.3424888559876624328 
 85.841432355909446983 64.365195782638664923 4.3424888559876624328 
 106.23635049095888405 58.900208777151505046 4.3424888559876624328 
 97.616382110779994719 67.520177157330380169 4.3424888559876624328 
 77.22146397573057186 72.985164162817540046 4.3424888559876624328 
 59.981527215372828721 90.225100923175290291 4.3424888559876624328 
 80.376445350422272895 84.760113917688087781 4.3424888559876624328 
 71.756476970243397773 93.380082297866977115 4.3424888559876624328 
 51.361558835193974915 98.845069303354136991 4.3424888559876624328 
 34.121622074836245986 116.08500606371185881 4.3424888559876624328 
 54.516540209885675949 110.62001905822469894 4.3424888559876624328 
 45.896571829706822143 119.23998743840355985 4.3424888559876624328 
 25.501653694657388627 124.70497444389070552 4.3424888559876624328 
 8.2617169342996774617 141.94491120424845576 4.3424888559876624328 
 28.656635069349093214 136.47992419876129588 4.3424888559876624328 
 20.036666689170235855 145.09989257894014258 4.3424888559876624328 
 2.7967299288124936041 162.33982933929789283 4.3424888559876624328 
 169.73111052690259726 10.335379870770008637 4.3424888559876624328 
 152.49117376654487543 27.575316631127751776 4.3424888559876624328 
 172.8860919015943125 22.110329625640584794 4.3424888559876624328 
 164.2661235214154658 30.730298005819442153 4.3424888559876624328 
 143.87120538636602873 36.195285011306609135 4.3424888559876624328 
 126.6312686260082927 53.435221771664338064 4.3424888559876624328 
 147.02618676105771556 47.970234766177185293 4.3424888559876624328 
 138.40621838087886886 56.590203146356039099 4.3424888559876624328 
 118.01130024582943179 62.055190151843198976 4.3424888559876624328 
 100.77136348547170996 79.295126912200942115 4.3424888559876624328 
 121.16628162052114703 73.830139906713768028 4.3424888559876624328 
 112.54631324034227191 82.45010828689264315 4.3424888559876624328 
 92.151395105292834842 87.915095292379803027 4.3424888559876624328 
 74.911458344935098808 105.15503205273755327 4.3424888559876624328 
 95.306376479984535877 99.690045047250350763 4.3424888559876624328 
 86.686408099805660754 108.3100134274292401 4.3424888559876624328 
 66.291489964756237896 113.77500043291641418 4.3424888559876624328 
 49.051553204398508967 131.01493719327410759 4.3424888559876624328 
 69.446471339447938931 125.54995018778696192 4.3424888559876624328 
 60.826502959269078019 134.16991856796582283 4.3424888559876624328 
 40.431584824219655161 139.63490557345298271 4.3424888559876624328 
 23.191648063861940443 156.87484233381073295 4.3424888559876624328 
 43.586566198911356196 151.40985532832354465 4.3424888559876624328 
 34.96659781873250239 160.02982370850241978 4.3424888559876624328 
 14.571679683683054662 165.49481071398960808 4.3424888559876624328 
 178.3510789070815008 1.7154114905911530542 4.3424888559876624328 
 17.72666105837475925 177.2697604688601416 4.3424888559876624328 
 9.1066926781959018911 185.88972884903901672 4.3424888559876624328 
 184.66104165646487445 25.265311000332275171 4.3424888559876624328 
 167.42110489610715263  42.5052477606900041 4.3424888559876624328 
 187.8160230311565897 37.040260755202837117 4.3424888559876624328 
 179.19605465097771457 45.660229135381705134 4.3424888559876624328 
 158.8011365159282775 51.125216140868872117 4.3424888559876624328 
 141.56119975557055568 68.365152901226608151 4.3424888559876624328 
 161.95611789061996433 62.900165895739434063 4.3424888559876624328 
 153.33614951044111763 71.520134275918309186 4.3424888559876624328 
 132.94123137539170898 76.985121281405454852 4.3424888559876624328 
 115.70129461503397295 94.225058041763190886 4.3424888559876624328 
 136.0962127500833958 88.760071036276016798 4.3424888559876624328 
 127.47624436990453489 97.380039416454906132 4.3424888559876624328 
 107.08132623485509782 102.8450264219420518 4.3424888559876624328 
 89.841389474497361789 120.08496318229980204 4.3424888559876624328 
 110.23630760954681307 114.61997617681261374 4.3424888559876624328 
 101.61633922936792374 123.23994455699150308 4.3424888559876624328 
 81.221421094318500877 128.70493156247869138 4.3424888559876624328 
 63.981484333960786159 145.94486832283638478 4.3424888559876624328 
 84.376402469010201912 140.4798813173492249 4.3424888559876624328 
 75.756434088831355211 149.0998496975280716 4.3424888559876624328 
 55.361515953781918142 154.56483670301523148 4.3424888559876624328 
 38.121579193424203424 171.80477346337298172 4.3424888559876624328 
 58.516497328473626283 166.33978645788582185 4.3424888559876624328 
 49.896528948294765371 174.95975483806466855 4.3424888559876624328 
 29.501610813245317644 180.42474184355182842 4.3424888559876624328 
 193.28101003664374957 16.645342620153400048 4.3424888559876624328 
 32.656592187937022231 192.19969159842241879 4.3424888559876624328 
 24.036623807758168425 200.81965997860126549 4.3424888559876624328 
 199.59097278602712322 40.195242129894538152 4.3424888559876624328 
 182.3510360256694014 57.435178890252267081 4.3424888559876624328 
 202.74595416071883847 51.970191884765100099 4.3424888559876624328 
 194.12598578053999177 60.590160264943968116 4.3424888559876624328 
 173.7310676454905547 66.055147270431135098 4.3424888559876624328 
 156.49113088513283287 83.295084030788856921 4.3424888559876624328 
 176.88604902018224152 77.830097025301697045 4.3424888559876624328 
 168.26608064000339482 86.450065405480572167 4.3424888559876624328 
 147.87116250495395775 91.915052410967717833 4.3424888559876624328 
 130.63122574459623593 109.15498917132545387 4.3424888559876624328 
  151.026143879645673 103.69000216583827978 4.3424888559876624328 
 142.40617549946679787 112.3099705460171549 4.3424888559876624328 
 122.01125736441737502 117.77495755150432899 4.3424888559876624328 
 104.77132060405962477 135.01489431186206502 4.3424888559876624328 
 125.16623873910907605 129.54990730637487673 4.3424888559876624328 
 116.54627035893018672 138.16987568655378027 4.3424888559876624328 
 96.151352223880763859 143.63486269204094015 4.3424888559876624328 
 78.911415463523042035 160.87479945239866197 4.3424888559876624328 
 99.306333598572479104 155.40981244691147367 4.3424888559876624328 
 90.686365218393618193 164.02978082709034879 4.3424888559876624328 
 70.291447083344181124 169.49476783257750867 4.3424888559876624328 
 53.051510322986473511 186.73470459293523049 4.3424888559876624328 
 73.446428458035882159 181.26971758744807062 4.3424888559876624328 
 64.826460077857035458 189.88968596762694574 4.3424888559876624328 
 44.431541942807584178 195.35467297311413404 4.3424888559876624328 
 208.21094116620602676 31.575273749715666582 4.3424888559876624328 
 47.586523317499285213 207.12962272798469598 4.3424888559876624328 
 38.966554937320431407 215.74959110816354269 4.3424888559876624328 
 214.52090391558942883 55.12517325945682245 4.3424888559876624328 
 197.28096715523170701 72.365110019814551379 4.3424888559876624328 
 217.67588529028114408 66.900123014327377291 4.3424888559876624328 
 209.05591691010224054 75.520091394506238203 4.3424888559876624328 
 188.66099877505280347 80.985078399993398079 4.3424888559876624328 
 171.42106201469511007 98.225015160351134114 4.3424888559876624328 
 191.81598014974451871 92.760028154863974237 4.3424888559876624328 
 183.19601176956564359 101.37999653504283515 4.3424888559876624328 
 162.80109363451623494 106.84498354053000924 4.3424888559876624328 
 145.56115687415851312 124.08492030088773106 4.3424888559876624328 
 165.95607500920795019 118.61993329540055697 4.3424888559876624328 
 157.33610662902907507 127.23990167557943209 4.3424888559876624328 
  136.941188493979638 132.70488868106659197 4.3424888559876624328 
 119.70125173362190196 149.94482544142434222 4.3424888559876624328 
 140.09616986867132482 144.47983843593715392 4.3424888559876624328 
 131.47620148849247812 153.09980681611602904 4.3424888559876624328 
 111.08128335344305526 158.56479382160318892 4.3424888559876624328 
 93.841346593085319228 175.80473058196091074 4.3424888559876624328 
 114.2362647281347563 170.33974357647375086 4.3424888559876624328 
 105.61629634795588117 178.95971195665259756 4.3424888559876624328 
 85.221378212906458316 184.42469896213978586 4.3424888559876624328 
 67.981441452548750703 201.66463572249750769 4.3424888559876624328 
 88.376359587598173562 196.19964871701034781 4.3424888559876624328 
 79.75639120741931265 204.81961709718919451 4.3424888559876624328 
 59.36147307236986137 210.28460410267641123 4.3424888559876624328 
 223.14087229576830396 46.505204879277947327 4.3424888559876624328 
 62.516454447061562405 222.05955385754694476 4.3424888559876624328 
 53.896486066882715704 230.67952223772579146 4.3424888559876624328 
 229.4508350451516776 70.055104389019078326 4.3424888559876624328 
 212.21089828479395578 87.29504114937681436 4.3424888559876624328 
 232.60581641984339285 81.830054143889654483 4.3424888559876624328 
 223.98584803966454615 90.450022524068529606 4.3424888559876624328 
 203.59092990461508066 95.915009529555689483 4.3424888559876624328 
 186.35099314425735884 113.15494628991341131 4.3424888559876624328 
 206.7459112793067959 107.68995928442626564 4.3424888559876624328 
 198.1259428991279492 116.30992766460511234 4.3424888559876624328 
 177.73102476407851213 121.77491467009227222 4.3424888559876624328 
 160.49108800372076189 139.01485143045002246 4.3424888559876624328 
 180.88600613877022738 133.54986442496283416 4.3424888559876624328 
 172.26603775859135226 142.16983280514170929 4.3424888559876624328 
 151.87111962354191519 147.63481981062886916 4.3424888559876624328 
 134.63118286318416494 164.87475657098661941 4.3424888559876624328 
 155.02610099823363043 159.40976956549943111 4.3424888559876624328 
 146.40613261805475531 168.02973794567833465 4.3424888559876624328 
 126.01121448300531824 173.49472495116546611 4.3424888559876624328 
 108.77127772264759642 190.73466171152318793 4.3424888559876624328 
 129.16619585769703349 185.26967470603605648 4.3424888559876624328 
 120.54622747751817258 193.88964308621490318 4.3424888559876624328 
 100.15130934246874972 199.35463009170203463 4.3424888559876624328 
 82.911372582111013685 216.59456685205978488 4.3424888559876624328 
 103.30629071716045075  211.129579846572625 4.3424888559876624328 
 94.686322336981589842 219.7495482267514717 4.3424888559876624328 
 74.291404201932124352   225.21453523223866 4.3424888559876624328 
 238.07080342533058115 61.435136008840210309 4.3424888559876624328 
 77.446385576623853808 236.98948498710925037 4.3424888559876624328 
 68.826417196444992896 245.60945336728809707 4.3424888559876624328 
 244.3807661747139548 84.985035518581355518 4.3424888559876624328 
 227.14082941435623297 102.22497227893907734 4.3424888559876624328 
 247.53574754940567004 96.759985273451903254 4.3424888559876624328 
 238.91577916922682334 105.37995365363079259 4.3424888559876624328 
 218.52086103417738627 110.84494065911793825 4.3424888559876624328 
 201.28092427381963603 128.08487741947567429 4.3424888559876624328 
 221.6758424088690731 122.61989041398851441 4.3424888559876624328 
 213.05587402869019797 131.23985879416738953 4.3424888559876624328 
 192.66095589364078933 136.70484579965452099 4.3424888559876624328 
 175.42101913328303908 153.94478256001227123 4.3424888559876624328 
 195.81593726833250457 148.47979555452511136 4.3424888559876624328 
 187.19596888815360103 157.09976393470395806 4.3424888559876624328 
 166.80105075310416396 162.56475094019114636 4.3424888559876624328 
 149.56111399274644214 179.80468770054886818 4.3424888559876624328 
 169.95603212779590763 174.3397006950617083 4.3424888559876624328 
 161.33606374761700408  182.959669075240555 4.3424888559876624328 
 140.94114561256756701 188.4246560807277433 4.3424888559876624328 
 123.7012088522098594 205.66459284108546512 4.3424888559876624328 
 144.09612698725931068 200.19960583559830525 4.3424888559876624328 
 135.47615860708043556 208.81957421577715195 4.3424888559876624328 
 115.0812404720310127 214.28456122126434025 4.3424888559876624328 
 97.841303711673290877 231.52449798162203365 4.3424888559876624328 
 118.23622184672271374 226.05951097613490219 4.3424888559876624328 
 109.61625346654385282 234.67947935631377732 4.3424888559876624328 
 89.221335331494415755 240.14446636180093719 4.3424888559876624328 
 253.00073455489282992 76.365067138402480396 4.3424888559876624328 
 92.376316706186116789 251.91941611667149914 4.3424888559876624328 
 242.07076054391851017 117.15490340850134032 4.3424888559876624328 
 253.84571029878907211 120.30988478319305557 4.3424888559876624328 
 233.45079216373963504 125.77487178868020123 4.3424888559876624328 
 216.2108554033818848 143.01480854903795148 4.3424888559876624328 
 236.60577353843132187 137.54982154355076318 4.3424888559876624328 
 227.98580515825247517 146.16978992372966673 4.3424888559876624328 
 207.5908870232030381 151.63477692921679818 4.3424888559876624328 
 190.35095026284531627 168.87471368957454843 4.3424888559876624328 
 210.74586839789475334 163.40972668408736013 4.3424888559876624328 
 202.12590001771590664 172.02969506426623525 4.3424888559876624328 
 181.73098188266644115 177.49468206975339513 4.3424888559876624328 
 164.49104512230869091 194.73461883011114537 4.3424888559876624328 
 184.8859632573581564 189.26963182462398549 4.3424888559876624328 
 176.26599487717928127 197.88960020480286062 4.3424888559876624328 
 155.87107674212984421 203.35458721028999207 4.3424888559876624328 
 138.63113998177212238 220.5945239706477139 4.3424888559876624328 
 159.02605811682155945 215.12953696516058244 4.3424888559876624328 
 150.40608973664271275 223.74950534533942914 4.3424888559876624328 
 130.01117160159327568 229.2144923508265606 4.3424888559876624328 
 112.77123484123556807 246.45442911118431084 4.3424888559876624328 
 133.16615297628499093 240.98944210569715096 4.3424888559876624328 
 124.54618459610611581 249.60941048587599767 4.3424888559876624328 
 104.15126646105667874 255.07439749136318596 4.3424888559876624328 
 248.38072329330191224   140.70480291824245 4.3424888559876624328 
 231.14078653294416199 157.94473967860017183 4.3424888559876624328 
 251.53570466799359906 152.47975267311304037 4.3424888559876624328 
 242.91573628781475236 161.09972105329188707 4.3424888559876624328 
 222.52081815276531529 166.56470805877907537 4.3424888559876624328 
 205.28088139240756504 183.8046448191367972 4.3424888559876624328 
 225.67579952745703054 178.3396578136496089 4.3424888559876624328 
 217.05583114727812699 186.95962619382848402 4.3424888559876624328 
 196.66091301222871834 192.42461319931567232 4.3424888559876624328 
 179.42097625187099652 209.66454995967336572 4.3424888559876624328 
 199.81589438692043359 204.19956295418623426 4.3424888559876624328 
 191.19592600674153005 212.81953133436508097 4.3424888559876624328 
 170.8010078716921214 218.28451833985226926 4.3424888559876624328 
 153.56107111133439957 235.52445510020996267 4.3424888559876624328 
 173.95598924638383664 230.05946809472280279 4.3424888559876624328 
 165.33602086620496152 238.67943647490170633 4.3424888559876624328 
 144.94110273115555287 244.14442348038883779 4.3424888559876624328 
 148.0960841058472397 255.91937323525939973 4.3424888559876624328 
 246.07071766250643918 172.87467080816244902 4.3424888559876624328 
 237.45074928232756406 181.49463918834132414 4.3424888559876624328 
 220.21081252196984224 198.73457594869904597 4.3424888559876624328 
 240.60573065701927931 193.26958894321191451 4.3424888559876624328 
 231.98576227684043261 201.88955732339076121 4.3424888559876624328 
 211.59084414179096711 207.35454432887789267 4.3424888559876624328 
 194.35090738143321687 224.59448108923567133 4.3424888559876624328 
 214.74582551648268236 219.12949408374848304 4.3424888559876624328 
 206.12585713630380724 227.74946246392738658 4.3424888559876624328 
 185.73093900125437017 233.21444946941451803 4.3424888559876624328 
 168.49100224089664835 250.45438622977223986 4.3424888559876624328 
 188.88592037594608541 244.9893992242851084 4.3424888559876624328 
 180.26595199576723871 253.6093676044639551 4.3424888559876624328 
