 89.100339866010557444 2.9830970927249715885 4.3424888559876624328 
 71.860403105652807199 20.223033853082700517 4.3424888559876624328 
 92.255321240702244268 14.758046847595547746 4.3424888559876624328 
 83.635352860523383356 23.378015227774405105 4.3424888559876624328 
 63.240434725473953392 28.843002233261572087 4.3424888559876624328 
 46.000497965116224464 46.082938993619301016 4.3424888559876624328 
 66.395416100165661533 40.617951988132134034 4.3424888559876624328 
 57.77544771998678641 49.237920368311002051 4.3424888559876624328 
 37.380529584937356447 54.702907373798169033 4.3424888559876624328 
 20.140592824579641729 71.942844134155905067 4.3424888559876624328 
 40.535510959629057481 66.47785712866874519 4.3424888559876624328 
 31.915542579450185912 75.097825508847606102 4.3424888559876624328 
 11.520624444400768382 80.562812514334751768 4.3424888559876624328 
 14.67560581909247297 92.337762269205327925 4.3424888559876624328 
 6.0556374389136164993 100.95773064938418884 4.3424888559876624328 
 112.65023937575166713 9.2930598421083647764 4.3424888559876624328 
 133.04515751080111841 3.8280728366212124492 4.3424888559876624328 
 124.42518913062224328 12.448041216800083575 4.3424888559876624328 
 104.03027099557282042 17.913028222287220359 4.3424888559876624328 
 86.79033423521507018 35.152964982644967051 4.3424888559876624328 
 107.18525237026450725 29.687977977157828491 4.3424888559876624328 
 98.565283990085646337 38.307946357336682297 4.3424888559876624328 
 78.170365855036223479 43.772933362823820858 4.3424888559876624328 
 60.930429094678487445 61.012870123181556892 4.3424888559876624328 
 81.325347229727938725 55.547883117694397015 4.3424888559876624328 
 72.705378849549049391 64.167851497873272137 4.3424888559876624328 
 52.310460714499619428 69.632838503360432014 4.3424888559876624328 
 35.07052395414190471 86.872775263718153838 4.3424888559876624328 
 55.465442089191320463 81.407788258231008172 4.3424888559876624328 
 46.845473709012466657 90.027756638409869083 4.3424888559876624328 
 26.45055557396303314 95.492743643897014749 4.3424888559876624328 
 9.2106188136053059878 112.73268040425473657 4.3424888559876624328 
 29.605536948654737728 107.26769339876759091 4.3424888559876624328 
 20.985568568475880369 115.88766177894645182 4.3424888559876624328 
 3.7456318081181692037 133.12759853930418785 4.3424888559876624328 
 144.82010726567165193 6.9830542113128863946 4.3424888559876624328 
 127.58017050531394432 24.222990971670629534 4.3424888559876624328 
 147.97508864036336718 18.758003966183462552 4.3424888559876624328 
 139.35512026018452048 27.377972346362334122 4.3424888559876624328 
 118.96020212513508341 32.842959351849486893 4.3424888559876624328 
 101.72026536477733316 50.082896112207230033 4.3424888559876624328 
 122.11518349982677023 44.61790910672006305 4.3424888559876624328 
 113.49521511964790932 53.237877486898931068 4.3424888559876624328 
 93.100296984598486461 58.702864492386083839 4.3424888559876624328 
 75.860360224240750426 75.942801252743834084 4.3424888559876624328 
 96.255278359290201706 70.477814247256659996 4.3424888559876624328 
 87.635309979111312373 79.097782627435520908 4.3424888559876624328 
 67.240391844061889515 84.562769632922680785 4.3424888559876624328 
 50.000455083704167691 101.80270639328041682 4.3424888559876624328 
 70.39537321875359055 96.337719387793256942 4.3424888559876624328 
 61.775404838574729638 104.95768776797211785 4.3424888559876624328 
 41.380486703525299674 110.42267477345929194 4.3424888559876624328 
 24.140549943167570746 127.66261153381699955 4.3424888559876624328 
 44.535468078217000709 122.19762452832983968 4.3424888559876624328 
 35.915499698038146903 130.8175929085087148 4.3424888559876624328 
 15.520581562988715163 136.28257991399584625 4.3424888559876624328 
 18.675562937680432185 148.05752966886643662 4.3424888559876624328 
 10.055594557501578379 156.67749804904528332 4.3424888559876624328 
 165.21502540072111742 1.5180672058257189683 4.3424888559876624328 
 159.75003839523395754 21.91298534087516714 4.3424888559876624328 
 142.5101016348762073 39.152922101232896068 4.3424888559876624328 
 162.90501976992564437 33.687935095745729086 4.3424888559876624328 
 154.28505138974676925 42.307903475924611314 4.3424888559876624328 
 133.8901332546973606 47.772890481411764085 4.3424888559876624328 
 116.65019649433962456 65.01282724176950012 4.3424888559876624328 
 137.04511462938904742 59.547840236282340243 4.3424888559876624328 
 128.4251462492101723 68.167808616461201154 4.3424888559876624328 
 108.03022811416074944 73.632795621948361031 4.3424888559876624328 
 90.790291353803041829 90.872732382306097065 4.3424888559876624328 
 111.18520948885246469 85.407745376818922978 4.3424888559876624328 
 102.56524110867357535  94.0277137569977981 4.3424888559876624328 
 82.170322973624152496 99.492700762484972188 4.3424888559876624328 
 64.930386213266444884 116.73263752284269401 4.3424888559876624328 
 85.325304348315853531 111.26765051735551992 4.3424888559876624328 
 76.705335968136992619 119.88761889753439505 4.3424888559876624328 
 56.310417833087576867 125.35260590302155492 4.3424888559876624328 
 39.070481072729847938 142.59254266337927675 4.3424888559876624328 
 59.465399207779270796 137.12755565789211687 4.3424888559876624328 
 50.845430827600409884 145.74752403807099199 4.3424888559876624328 
 30.450512692550994132 151.21251104355812345 4.3424888559876624328 
 13.210575932193266979 168.45244780391587369 4.3424888559876624328 
 33.605494067242702272 162.98746079842868539 4.3424888559876624328 
 24.98552568706384136 171.60742917860756052 4.3424888559876624328 
 4.5906075520143794222 177.07241618409474881 4.3424888559876624328 
 168.37000677541283267 13.29301696069629557 4.3424888559876624328 
 188.76492491046224131 7.8280299552091276993 4.3424888559876624328 
 180.14495653028336619 16.447998335387985946 4.3424888559876624328 
 174.67996952479620631 36.842916470437430121 4.3424888559876624328 
 157.44003276443845607 54.08285323079515905 4.3424888559876624328 
 177.83495089948789314 48.617866225307992067 4.3424888559876624328 
 169.21498251930904644 57.237834605486860085 4.3424888559876624328 
 148.82006438425960937 62.702821610974034172 4.3424888559876624328 
 131.58012762390188755 79.942758371331763101 4.3424888559876624328 
 151.97504575895129619 74.477771365844603224 4.3424888559876624328 
 143.35507737877244949 83.097739746023464136 4.3424888559876624328 
 122.96015924372301242 88.562726751510609802 4.3424888559876624328 
 105.72022248336530481 105.80266351186836005 4.3424888559876624328 
 126.11514061841472767 100.33767650638118596 4.3424888559876624328 
 117.49517223823583834 108.95764488656006108 4.3424888559876624328 
 97.100254103186415477 114.42263189204723517 4.3424888559876624328 
 79.860317342828693654 131.66256865240495699 4.3424888559876624328 
 100.25523547787811651 126.19758164691779712 4.3424888559876624328 
 91.635267097699255601 134.81755002709664382 4.3424888559876624328 
 71.240348962649846953 140.28253703258380369 4.3424888559876624328 
 54.000412202292118025 157.52247379294152552 4.3424888559876624328 
 74.395330337341533777 152.05748678745439406 4.3424888559876624328 
 65.775361957162687077 160.67745516763324076 4.3424888559876624328 
 45.380443822113257113 166.14244217312040064 4.3424888559876624328 
 28.140507061755531737 183.38237893347812246 4.3424888559876624328 
 48.535425196804965253 177.91739192799096259 4.3424888559876624328 
 39.915456816626104342 186.53736030816983771 4.3424888559876624328 
 19.520538681576645956 192.00234731365702601 4.3424888559876624328 
 183.29993790497510986 28.222948090258558551 4.3424888559876624328 
 203.69485604002449008 22.757961084771391569 4.3424888559876624328 
 195.07488765984564338 31.377929464950248928 4.3424888559876624328 
 189.60990065435848351 51.772847599999693102 4.3424888559876624328 
 172.36996389400073326 69.012784360357429136 4.3424888559876624328 
 192.76488202905017033 63.547797354870255049 4.3424888559876624328 
 184.14491364887132363 72.167765735049130171 4.3424888559876624328 
 163.74999551382188656 77.632752740536275837 4.3424888559876624328 
 146.51005875346413632 94.872689500894026082 4.3424888559876624328 
 166.90497688851357339 89.407702495406851995 4.3424888559876624328 
 158.28500850833469826 98.027670875585727117 4.3424888559876624328 
 137.89009037328528962 103.49265788107288699 4.3424888559876624328 
 120.65015361292755358 120.73259464143062303 4.3424888559876624328 
 141.04507174797700486 115.26760763594343473 4.3424888559876624328 
 132.42510336779810132 123.88757601612230985 4.3424888559876624328 
 112.03018523274867846 129.35256302160948394 4.3424888559876624328 
 94.790248472390970846 146.59249978196723418 4.3424888559876624328 
 115.18516660744037949 141.12751277648004589 4.3424888559876624328 
 106.56519822726153279 149.74748115665892101 4.3424888559876624328 
 86.170280092212109935 155.21246816214608089 4.3424888559876624328 
 68.930343331854373901 172.45240492250380271 4.3424888559876624328 
 89.325261466903796759 166.98741791701664283 4.3424888559876624328 
 80.705293086724935847 175.60738629719551795 4.3424888559876624328 
  60.3103749516755272 181.07237330268264941 4.3424888559876624328 
 43.070438191317798271 198.31231006304039965 4.3424888559876624328 
 63.465356326367228235 192.84732305755321136 4.3424888559876624328 
 54.845387946188374428 201.46729143773208648 4.3424888559876624328 
 34.450469811138908938 206.93227844321927478 4.3424888559876624328 
 198.22986903453735863 43.152879219820825085 4.3424888559876624328 
 218.62478716958676728 37.687892214333658103 4.3424888559876624328 
 210.00481878940792058 46.307860594512511909 4.3424888559876624328 
 204.53983178392073228 66.702778729561956084 4.3424888559876624328 
 187.29989502356301045 83.942715489919692118 4.3424888559876624328 
 207.6948131586124191 78.47772848443251803 4.3424888559876624328 
 199.0748447784335724 87.097696864611393153 4.3424888559876624328 
 178.67992664338413533 92.56268387009856724 4.3424888559876624328 
 161.43998988302644193 109.80262063045628906 4.3424888559876624328 
 181.83490801807582216 104.33763362496911498 4.3424888559876624328 
 173.21493963789697546 112.9576020051479901 4.3424888559876624328 
 152.82002150284756681 118.42258901063516419 4.3424888559876624328 
 135.58008474248981656 135.66252577099288601 4.3424888559876624328 
 155.97500287753925363 130.19753876550569771 4.3424888559876624328 
 147.35503449736037851 138.81750714568457283 4.3424888559876624328 
 126.96011636231095565 144.28249415117176113 4.3424888559876624328 
 109.72017960195324804 161.52243091152948296 4.3424888559876624328 
 130.11509773700265669 156.05744390604232308 4.3424888559876624328 
 121.49512935682379577 164.67741228622116978 4.3424888559876624328 
 101.10021122177437292 170.14239929170835808 4.3424888559876624328 
 83.860274461416665304 187.3823360520660799 4.3424888559876624328 
 104.25519259646605974 181.9173490465788916 4.3424888559876624328 
 95.635224216287213039 190.5373174267577383 4.3424888559876624328 
 75.240306081237804392 196.00230443224495502 4.3424888559876624328 
 58.000369320880075463 213.24224119260264843 4.3424888559876624328 
 78.395287455929491216 207.77725418711548855 4.3424888559876624328 
 69.775319075750630304 216.39722256729433525 4.3424888559876624328 
 49.38040094070118613 221.86220957278155197 4.3424888559876624328 
 213.15980016409963582 58.082810349383088067 4.3424888559876624328 
 233.55471829914904447 52.617823343895906874 4.3424888559876624328 
 224.93474991897016935 61.237791724074767785 4.3424888559876624328 
 219.46976291348300947 81.632709859124219065 4.3424888559876624328 
 202.22982615312528765 98.872646619481955099 4.3424888559876624328 
 222.62474428817472472 93.407659613994795222 4.3424888559876624328 
 214.00477590799587801 102.02762799417367034 4.3424888559876624328 
 193.60985777294644095 107.49261499966083022 4.3424888559876624328 
 176.3699210125886907 124.73255176001855205 4.3424888559876624328 
 196.76483914763809935 119.26756475453142059 4.3424888559876624328 
 188.14487076745925265 127.88753313471026729 4.3424888559876624328 
 167.74995263240981558 133.35252014019741296 4.3424888559876624328 
 150.51001587205209375 150.5924569005551632 4.3424888559876624328 
 170.90493400710153082 145.1274698950679749 4.3424888559876624328 
 162.28496562692268412 153.74743827524687845 4.3424888559876624328 
 141.89004749187324705 159.21242528073403832 4.3424888559876624328 
 124.65011073151551102 176.45236204109176015 4.3424888559876624328 
 145.04502886656493388 170.98737503560462869 4.3424888559876624328 
 136.42506048638605876 179.60734341578347539 4.3424888559876624328 
 116.0301423513366359 185.07233042127060685 4.3424888559876624328 
 98.790205590978928285 202.31226718162832867 4.3424888559876624328 
 119.18512372602835114 196.84728017614119722 4.3424888559876624328 
 110.56515534584950444 205.46724855632004392 4.3424888559876624328 
 90.170237210800067373 210.93223556180717537 4.3424888559876624328 
 72.93030045044234555 228.17217232216492562 4.3424888559876624328 
 93.325218585491768408 222.70718531667776574 4.3424888559876624328 
 84.705250205312921707 231.32715369685664086 4.3424888559876624328 
 64.310332070263456217 236.79214070234380074 4.3424888559876624328 
 228.08973129366188459 73.012741478945358153 4.3424888559876624328 
 248.48464942871132166 67.547754473458198277 4.3424888559876624328 
 239.86468104853247496 76.167722853637044977 4.3424888559876624328 
 234.39969404304525824 96.562640988686496257 4.3424888559876624328 
 217.15975728268753642 113.80257774904421808 4.3424888559876624328 
 237.55467541773700191 108.33759074355707241 4.3424888559876624328 
 228.93470703755809836 116.95755912373593333 4.3424888559876624328 
 208.53978890250866129 122.4225461292230932 4.3424888559876624328 
 191.29985214215096789 139.66248288958081503 4.3424888559876624328 
 211.69477027720040496 134.19749588409368357 4.3424888559876624328 
 203.07480189702152984 142.81746426427253027 4.3424888559876624328 
 182.67988376197209277 148.28245126975966173 4.3424888559876624328 
 165.43994700161437095 165.52238803011741197 4.3424888559876624328 
 185.83486513666380802 160.0574010246302521 4.3424888559876624328 
 177.21489675648493289 168.67736940480912722 4.3424888559876624328 
 156.8199786214354674 174.14235641029628709 4.3424888559876624328 
 139.58004186107774558 191.38229317065400892 4.3424888559876624328 
 159.97495999612718265 185.91730616516684904 4.3424888559876624328 
 151.35499161594833595 194.53727454534569574 4.3424888559876624328 
 130.96007348089889888 200.00226155083288404 4.3424888559876624328 
 113.72013672054119127 217.24219831119060586 4.3424888559876624328 
 134.11505485559061412 211.77721130570344599 4.3424888559876624328 
 125.49508647541176742 220.39717968588229269 4.3424888559876624328 
 105.10016834036233035 225.86216669136948099 4.3424888559876624328 
 87.860231580004608531 243.10210345172717439 4.3424888559876624328 
 108.25514971505405981 237.63711644624004293 4.3424888559876624328 
 99.635181334875184689 246.25708482641891806 4.3424888559876624328 
 79.240263199825719198 251.72207183190607793 4.3424888559876624328 
 243.01966242322416178 87.942672608507621135 4.3424888559876624328 
 254.79461217809472373 91.097653983199307959 4.3424888559876624328 
 249.32962517260753543 111.49257211824874503 4.3424888559876624328 
 232.08968841224981361 128.73250887860649527 4.3424888559876624328 
 252.48460654729925068 123.26752187311932119 4.3424888559876624328 
 243.86463816712040398 131.88749025329821052 4.3424888559876624328 
 223.46972003207093849 137.35247725878534197 4.3424888559876624328 
 206.22978327171318824 154.59241401914309222 4.3424888559876624328 
 226.62470140676265373 149.12742701365593234 4.3424888559876624328 
 218.00473302658380703 157.74739539383480746 4.3424888559876624328 
 197.60981489153434154 163.21238239932193892 4.3424888559876624328 
 180.36987813117661972 180.45231915967968916 4.3424888559876624328 
 200.76479626622605679 174.98733215419252929 4.3424888559876624328 
 192.14482788604721009 183.60730053437137599 4.3424888559876624328 
 171.74990975099777302 189.07228753985853587 4.3424888559876624328 
 154.50997299064002277 206.31222430021628611 4.3424888559876624328 
 174.90489112568948826 200.84723729472912623 4.3424888559876624328 
 166.28492274551061314 209.46720567490800136 4.3424888559876624328 
 145.89000461046117607 214.93219268039513281 4.3424888559876624328 
 128.65006785010345425 232.17212944075285463 4.3424888559876624328 
 149.04498598515289132 226.70714243526572318 4.3424888559876624328 
 140.42501760497404462 235.32711081544456988 4.3424888559876624328 
 120.03009946992459334 240.79209782093170134 4.3424888559876624328 
 123.18508084461632279 252.5670475758022917 4.3424888559876624328 
 247.01961954181206238 143.66244000816874404 4.3424888559876624328 
 238.39965116163321568 152.28240838834761917 4.3424888559876624328 
 221.15971440127549386 169.52234514870534099 4.3424888559876624328 
 241.55463253632493092 164.05735814321818111 4.3424888559876624328 
 232.9346641561460558 172.67732652339702781 4.3424888559876624328 
 212.53974602109661873 178.14231352888421611 4.3424888559876624328 
 195.29980926073889691 195.38225028924193794 4.3424888559876624328 
 215.6947273957883624 189.91726328375477806 4.3424888559876624328 
 207.07475901560945886 198.5372316639336816 4.3424888559876624328 
 186.67984088055999337 204.00221866942081306 4.3424888559876624328 
 169.43990412020229996 221.24215542977850646 4.3424888559876624328 
 189.83482225525170861  215.777168424291375 4.3424888559876624328 
 181.21485387507286191 224.39713680447025013 4.3424888559876624328 
 160.81993574002342484   229.86212380995741 4.3424888559876624328 
 143.57999897966573144 247.1020605703151034 4.3424888559876624328 
 163.97491711471514009 241.63707356482797195 4.3424888559876624328 
 155.35494873453629339 250.25704194500684707 4.3424888559876624328 
 134.96003059948685632 255.72202895049397853 4.3424888559876624328 
 253.32958229119546445 167.21233951790986794 4.3424888559876624328 
 236.0896455308377142 184.45227627826761818 4.3424888559876624328 
 256.48456366588720812 178.98728927278048673 4.3424888559876624328 
 247.86459528570833299 187.60725765295933343 4.3424888559876624328 
 227.4696771506588675 193.07224465844646488 4.3424888559876624328 
 210.22974039030114568 210.31218141880418671 4.3424888559876624328 
 230.62465852535058275 204.84719441331705525 4.3424888559876624328 
 222.00469014517173605 213.46716279349590195 4.3424888559876624328 
 201.60977201012229898 218.93214979898306183 4.3424888559876624328 
 184.36983524976454873 236.17208655934081207 4.3424888559876624328 
 204.76475338481401423 230.7070995538536522 4.3424888559876624328 
 196.1447850046351391 239.32706793403252732 4.3424888559876624328 
 175.74986686958570203 244.79205493951965877 4.3424888559876624328 
 178.90484824427741728 256.56700469439022072 4.3424888559876624328 
