 114.22279289990926543 12.774439207992751122 4.3424888559876624328 
 135.33721376986264318 12.774260355716098303 4.3424888559876624328 
 124.77995170468092567 18.869498450954207414 4.3424888559876624328 
 103.66553083472753372 18.869677303230844245 4.3424888559876624328 
 82.551006704364070288 31.060153493707030492 4.3424888559876624328 
 103.66542757431747646 31.059974641430390108 4.3424888559876624328 
 93.108165509135730531 37.155212736668481455 4.3424888559876624328 
 71.993744639182338574 37.15539158894513605 4.3424888559876624328 
 50.879220508818882251 49.345867779421318744 4.3424888559876624328 
 71.993641378772295525 49.345688927144685465 4.3424888559876624328 
 61.436379313590556706 55.440927022382773259 4.3424888559876624328 
 40.321958443637164748 55.441105874659413644 4.3424888559876624328 
 19.207434313273719084 67.631582065135603443 4.3424888559876624328 
 40.321855183227107489 67.631403212858955953 4.3424888559876624328 
 29.764593118045379327 73.726641308097057959 4.3424888559876624328 
 8.6501722480919909231 73.726820160373705448 4.3424888559876624328 
 8.6500689876819514268 85.917117498573233547 4.3424888559876624328 
 156.45163463981603513 12.774081503439459695 4.3424888559876624328 
 177.56605550976945551 12.773902651162853061 4.3424888559876624328 
 167.00879344458769538 18.869140746400944408 4.3424888559876624328 
 145.89437257463430342 18.869319598677552818 4.3424888559876624328 
 124.77984844427086841 31.059795789153753276 4.3424888559876624328 
 145.89426931422426037 31.059616936877130655 4.3424888559876624328 
 135.33700724904252866 37.154855032115236213 4.3424888559876624328 
 114.2225863790891367 37.155033884391848176 4.3424888559876624328 
 93.108062248725687482 49.34551007486803087 4.3424888559876624328 
 114.22248311867907944 49.345331222591418907 4.3424888559876624328 
 103.66522105349734773 55.440569317829513807 4.3424888559876624328 
 82.550800183543955768 55.44074817010613998 4.3424888559876624328 
 61.436276053180499446 67.631224360582322674 4.3424888559876624328 
 82.550696923133912719 67.631045508305703606 4.3424888559876624328 
 71.993434857952181005 73.726283603543805611 4.3424888559876624328 
 50.879013987998774837 73.726462455820410469 4.3424888559876624328 
 29.764489857635343384 85.916938646296614479 4.3424888559876624328 
 50.878910727588731788 85.916759794019995411 4.3424888559876624328 
 40.32164866240700718 92.011997889258083205 4.3424888559876624328 
 19.20722779245361167 92.012176741534702273 4.3424888559876624328 
 19.207124532043575726  104.202474079734273 4.3424888559876624328 
 8.6498624668618440126 110.2977121749723608 4.3424888559876624328 
 188.12321431454111575 18.868961894124289813 4.3424888559876624328 
 167.00869018417765233 31.059438084600490271 4.3424888559876624328 
 188.12311105413104428 31.059259232323853439 4.3424888559876624328 
 177.56584898894931257 37.154497327561948339 4.3424888559876624328 
 156.45142811899592061 37.154676179838581618 4.3424888559876624328 
 135.33690398863248561 49.345152370314785628 4.3424888559876624328 
 156.45132485858587756 49.344973518038145244 4.3424888559876624328 
 145.89406279340414585 55.440211613276240143 4.3424888559876624328 
 124.77964192345073968 55.440390465552873422 4.3424888559876624328 
 103.66511779308729047 67.630866656029070327 4.3424888559876624328 
 124.77953866304071084 67.630687803752422838 4.3424888559876624328 
 114.22227659785896492 73.725925898990524843 4.3424888559876624328 
 93.107855727905572962 73.726104751267158122 4.3424888559876624328 
 71.993331597542109535 85.916580941743347921 4.3424888559876624328 
 93.107752467495515702 85.916402089466714642 4.3424888559876624328 
 82.550490402313783989 92.011640184704802436 4.3424888559876624328 
 61.436069532360392031 92.011819036981449926 4.3424888559876624328 
 40.32154540199694992 104.20229522745763973 4.3424888559876624328 
 61.435966271950334772 104.20211637518100645 4.3424888559876624328 
 50.878704206768610163 110.29735447041909424 4.3424888559876624328 
 29.764283336815221759 110.29753332269574173 4.3424888559876624328 
 8.6497592064517760946 122.48800951317191732 4.3424888559876624328 
 29.764180076405168052 122.48783066089528404 4.3424888559876624328 
 19.206918011223436338 128.58306875613337183 4.3424888559876624328 
 198.68047637972287589 12.773723798886184255 4.3424888559876624328 
 209.23763518449453613 18.868783041847638771 4.3424888559876624328 
 198.68026985890273295 37.154318475285307954 4.3424888559876624328 
 177.56574572853929794 49.344794665761504859 4.3424888559876624328 
 198.6801665984926899 49.34461581348487158 4.3424888559876624328 
 188.12290453331092976 55.439853908722973586 4.3424888559876624328 
 167.00848366335753781 55.440032760999599759 4.3424888559876624328 
 145.8939595329941028 67.630508951475803769 4.3424888559876624328 
 167.00838040294749476 67.63033009919915628 4.3424888559876624328 
 156.45111833776576304 73.725568194437258285 4.3424888559876624328 
 135.33669746781237109 73.725747046713891564 4.3424888559876624328 
 114.22217333744890766 85.916223237190095574 4.3424888559876624328 
 135.33659420740229962 85.916044384913433873 4.3424888559876624328 
 124.7793321422205679 92.011282480151550089 4.3424888559876624328 
 103.66491127226717595 92.011461332428183368 4.3424888559876624328 
 82.550387141903726729 104.20193752290437317 4.3424888559876624328 
 103.66480801185711869 104.20175867062772568 4.3424888559876624328 
 93.107545946675386972 110.29699676586584189 4.3424888559876624328 
 71.993125076722009226 110.29717561814246096 4.3424888559876624328 
 50.878600946358560009 122.48765180861865076 4.3424888559876624328 
 71.993021816311951966 122.48747295634201748 4.3424888559876624328 
 61.435759751130220252 128.5827110515801337 4.3424888559876624328 
 40.321338881176842506 128.58288990385673856 4.3424888559876624328 
 19.206814750813382631 140.77336609433291414 4.3424888559876624328 
 40.321235620766792351 140.77318724205630929 4.3424888559876624328 
 29.763973555585060637 146.86842533729438287 4.3424888559876624328 
 8.6495526856316384823 146.86860418957104457 4.3424888559876624328 
 209.23753192408446466 31.059080380047198844 4.3424888559876624328 
 8.6494494252215847752 159.0589015277706153 4.3424888559876624328 
 219.79469072885612491 37.15413962300866757 4.3424888559876624328 
 209.23732540326435014 55.439675056446326096 4.3424888559876624328 
 188.12280127290088672 67.630151246922523001 4.3424888559876624328 
 209.23722214285430709 67.629972394645889722 4.3424888559876624328 
 198.67996007767254696 73.725210489883977516 4.3424888559876624328 
  177.565539207719155 73.725389342160610795 4.3424888559876624328 
 156.45101507735569157 85.915865532636814805 4.3424888559876624328 
 177.56543594730908353 85.915686680360181526 4.3424888559876624328 
 167.00817388212738024 92.010924775598283532 4.3424888559876624328 
 145.89375301217398828  92.0111036278749026 4.3424888559876624328 
 124.77922888181051064 104.20157981835110661 4.3424888559876624328 
 145.89364975176391681 104.20140096607447333 4.3424888559876624328 
 135.3363876865821851 110.29663906131256113 4.3424888559876624328 
 114.22196681662879314 110.2968179135891944 4.3424888559876624328 
 93.107442686265343923 122.48729410406539841 4.3424888559876624328 
 114.22186355621873588 122.48711525178875092 4.3424888559876624328 
 103.66460149103700417 128.58235334702686714 4.3424888559876624328 
 82.550180621083612209 128.58253219930350042 4.3424888559876624328 
 61.435656490720170098 140.77300838977967601 4.3424888559876624328 
 82.550077360673554949 140.77282953750301431 4.3424888559876624328 
 71.992815295491837446 146.86806763274114473 4.3424888559876624328 
 50.878394425538452595 146.86824648501777801 4.3424888559876624328 
 29.763870295174992719 159.0587226754939536 4.3424888559876624328 
 50.878291165128395335 159.05854382321732032 4.3424888559876624328 
 40.321029099946670726 165.15378191845539391 4.3424888559876624328 
 19.206608229993246795 165.15396077073205561 4.3424888559876624328 
 219.79458746844608186 49.344436961208216985 4.3424888559876624328 
 19.206504969583193088 177.34425810893159792 4.3424888559876624328 
 230.35174627321777052 55.439496204169685711 4.3424888559876624328 
 219.79438094762593892 73.725031637607344237 4.3424888559876624328 
 198.67985681726247549 85.915507828083534037 4.3424888559876624328 
 219.79427768721589587 85.915328975806900758 4.3424888559876624328 
 209.23701562203416415 92.010567071045002763 4.3424888559876624328 
 188.1225947520807722 92.010745923321636042 4.3424888559876624328 
 167.00807062171730877 104.20122211379782584 4.3424888559876624328 
 188.12249149167070073 104.20104326152119256 4.3424888559876624328 
 177.56522942648896901 110.29628135675928036 4.3424888559876624328 
 156.45080855653557705 110.29646020903592785 4.3424888559876624328 
 135.33628442617211363 122.48693639951211765 4.3424888559876624328 
 156.45070529612553401 122.48675754723547016 4.3424888559876624328 
 145.89344323094377387 128.58199564247357216 4.3424888559876624328 
 124.77902236099041033 128.58217449475023386 4.3424888559876624328 
 103.66449823062694691 140.77265068522640945 4.3424888559876624328 
 124.77891910058035307 140.77247183294977617 4.3424888559876624328 
 114.22165703539860715 146.86770992818787818 4.3424888559876624328 
 93.107236165445229403 146.86788878046448303 4.3424888559876624328 
 71.992712035081780186 159.05836497094068704 4.3424888559876624328 
 93.107132905035157933 159.05818611866405377 4.3424888559876624328 
 82.54987083985344043 165.15342421390215577 4.3424888559876624328 
 61.435449969900055578 165.15360306617876063 4.3424888559876624328 
 40.320925839536599256 177.34407925665496464 4.3424888559876624328 
 61.435346709490005424 177.34390040437833136 4.3424888559876624328 
 50.87808464430827371 183.43913849961643336 4.3424888559876624328 
 29.763663774354853331 183.43931735189306664 4.3424888559876624328 
 230.35164301280769905 67.629793542369228021 4.3424888559876624328 
 29.763560513944799624 195.62961469009263737 4.3424888559876624328 
 240.90880181757938772 73.724852785330696747 4.3424888559876624328 
 230.35143649198755611 92.010388218768369484 4.3424888559876624328 
 209.23691236162409268 104.20086440924457349 4.3424888559876624328 
 230.35133323157748464 104.20068555696791179 4.3424888559876624328 
 219.79407116639575293 110.2959236522060138 4.3424888559876624328 
 198.67965029644238939 110.29610250448266129 4.3424888559876624328 
 177.56512616607892596 122.4865786949588653 4.3424888559876624328 
 198.67954703603231792 122.4863998426822036 4.3424888559876624328 
 188.12228497085055778 128.5816379379203056 4.3424888559876624328 
 167.00786410089719425 128.5818167901969673 4.3424888559876624328 
 145.89333997053375924 140.77229298067314289 4.3424888559876624328 
 167.00776084048712278 140.77211412839650961 4.3424888559876624328 
 156.45049877530541949 146.8673522236345832 4.3424888559876624328 
 135.33607790535202753 146.8675310759112449 4.3424888559876624328 
 114.2215537749885641 159.05800726638742049 4.3424888559876624328 
 135.33597464494195606 159.05782841411078721 4.3424888559876624328 
 124.77871257976021013 165.15306650934886079 4.3424888559876624328 
 103.6642917098068466 165.15324536162552249 4.3424888559876624328 
 82.549767579443397381 177.34372155210169808 4.3424888559876624328 
 103.66418844939677513 177.34354269982509322 4.3424888559876624328 
 93.106926384215057624 183.43878079506313838 4.3424888559876624328 
 71.992505514261665667 183.43895964733980009 4.3424888559876624328 
 50.877981383898223555 195.62943583781597567 4.3424888559876624328 
 71.992402253851608407 195.62925698553934239 4.3424888559876624328 
 61.435140188669883798 201.7244950807774444 4.3424888559876624328 
 40.32071931871647763 201.7246739330541061 4.3424888559876624328 
 240.90869855716931625 85.915150123530267479 4.3424888559876624328 
 40.32061605830640616 213.91497127125364841 4.3424888559876624328 
 251.46585736194097649 92.010209366491707783 4.3424888559876624328 
 240.9084920363491733 110.29574479992938052 4.3424888559876624328 
 219.79396790598570988 122.48622099040558453 4.3424888559876624328 
 240.90838877593910183 122.48604213812895125 4.3424888559876624328 
 230.35112671075737012 128.58128023336706747 4.3424888559876624328 
 209.23670584080397816 128.58145908564367232 4.3424888559876624328 
 188.12218171044057158 140.77193527611987633 4.3424888559876624328 
 209.23660258039393511 140.77175642384324306 4.3424888559876624328 
 198.67934051521217498 146.86699451908134506 4.3424888559876624328 
 177.56491964525881144 146.86717337135797834 4.3424888559876624328 
 156.45039551489534801 159.05764956183415393 4.3424888559876624328 
 177.56481638484876839 159.05747070955752065 4.3424888559876624328 
 167.00755431966703668 165.15270880479562265 4.3424888559876624328 
 145.89313344971364472 165.15288765707225593 4.3424888559876624328 
 124.77860931935018129 177.34336384754843152 4.3424888559876624328 
 145.89303018930357325 177.34318499527179824 4.3424888559876624328 
 135.33576812412184154 183.43842309050990025 4.3424888559876624328 
 114.22134725416844958 183.43860194278656195 4.3424888559876624328 
 93.106823123805000364 195.62907813326273754 4.3424888559876624328 
 114.22124399375839232 195.62889928098607584 4.3424888559876624328 
 103.66398192857667482 201.72413737622420626 4.3424888559876624328 
 82.549561058623282861 201.72431622850083954 4.3424888559876624328 
 61.435036928259826539 213.91479241897701513 4.3424888559876624328 
 82.549457798213239812 213.91461356670038185 4.3424888559876624328 
 71.992195733031508098 220.00985166193848386 4.3424888559876624328 
 50.877774863078080614 220.01003051421511714 4.3424888559876624328 
 251.46575410153093344 104.20050670469127851 4.3424888559876624328 
 50.877671602668030459 232.20032785241468787 4.3424888559876624328 
 251.4655475807107905 128.58110138109037734 4.3424888559876624328 
 230.35102345034732707 140.77157757156660978 4.3424888559876624328 
 251.46544432030071903 140.7713987192899765 4.3424888559876624328 
 240.90818225511898731 146.8666368145280785 4.3424888559876624328 
 219.79376138516562378 146.86681566680468336 4.3424888559876624328 
 198.67923725480216035 159.05729185728088737 4.3424888559876624328 
 219.79365812475555231 159.05711300500425409 4.3424888559876624328 
 209.23639605957382059 165.1523511002423561 4.3424888559876624328 
 188.12197518962042864 165.15252995251896095 4.3424888559876624328 
 167.00745105925696521 177.34300614299519339 4.3424888559876624328 
 188.12187192921038559 177.34282729071853169 4.3424888559876624328 
 177.56460986402865387 183.43806538595666211 4.3424888559876624328 
 156.4501889940752335 183.43824423823323855 4.3424888559876624328 
 135.33566486371179849 195.62872042870947098 4.3424888559876624328 
 156.45008573366519045 195.6285415764328377 4.3424888559876624328 
 145.89282366848345873 201.72377967167093971 4.3424888559876624328 
 124.77840279853006678 201.72395852394754456 4.3424888559876624328 
 103.66387866816661756 213.91443471442374857 4.3424888559876624328 
 124.77829953812000952 213.91425586214711529 4.3424888559876624328 
 114.22103747293829201 220.0094939573852173 4.3424888559876624328 
 93.106616602984900055 220.00967280966182216 4.3424888559876624328 
 71.992092472621450838 232.20014900013802617 4.3424888559876624328 
 93.106513342574842795 232.19997014786139289 4.3424888559876624328 
 82.549251277393111081 238.29520824309949489 4.3424888559876624328 
 61.434830407439697808 238.29538709537612817 4.3424888559876624328 
 61.434727147029647654 250.4856844335756989 4.3424888559876624328 
 240.90807899470894426 159.05693415272762081 4.3424888559876624328 
 251.46523779948060451 165.15199339568908954 4.3424888559876624328 
 230.35081692952721255 165.1521722479656944 4.3424888559876624328 
 209.23629279916374912 177.34264843844189841 4.3424888559876624328 
 230.3507136691171695 177.34246958616529355 4.3424888559876624328 
 219.79345160393543779 183.43770768140336713 4.3424888559876624328 
 198.67903073398204583 183.43788653368000041 4.3424888559876624328 
 177.5645066036185824  195.628362724156176 4.3424888559876624328 
 198.67892747357197436 195.62818387187957114 4.3424888559876624328 
 188.12166540839024265 201.72342196711764473 4.3424888559876624328 
 167.00724453843685069 201.72360081939430643 4.3424888559876624328 
 145.89272040807338726 213.91407700987048202 4.3424888559876624328 
 167.00714127802680764 213.91389815759384874 4.3424888559876624328 
 156.4498792128450475 220.00913625283195074 4.3424888559876624328 
 135.33545834289165555 220.0093151051085556 4.3424888559876624328 
 114.22093421252823475 232.19979129558475961 4.3424888559876624328 
 135.3353550824816125 232.19961244330815475 4.3424888559876624328 
  124.778093017299895 238.29485053854622834 4.3424888559876624328 
 103.66367214734650304 238.29502939082286161 4.3424888559876624328 
 82.549148016983039611 250.4855055812990372 4.3424888559876624328 
 103.66356888693645999 250.48532672902243235 4.3424888559876624328 
 93.106306821754742487 256.58056482426047751 4.3424888559876624328 
 71.991885951801307897 256.58074367653716763 4.3424888559876624328 
 251.46513453907056146 177.34229073388863185 4.3424888559876624328 
 240.90787247388882975 183.43752882912673385 4.3424888559876624328 
 219.79334834352536632 195.62800501960293786 4.3424888559876624328 
 240.90776921347875827 195.62782616732627616 4.3424888559876624328 
 230.35050714829705498 201.72306426256440659 4.3424888559876624328 
 209.2360862783436346 201.72324311484101145 4.3424888559876624328 
 188.12156214798017118 213.91371930531718704 4.3424888559876624328 
 209.23598301793359155 213.91354045304058218 4.3424888559876624328 
 198.67872095275185984 220.00877854827865576 4.3424888559876624328 
 177.56430008279843946 220.00895740055531746 4.3424888559876624328 
 156.44977595243497603 232.19943359103149305 4.3424888559876624328 
 177.56419682238839641 232.19925473875485977 4.3424888559876624328 
 167.0069347572066647 238.29449283399296178 4.3424888559876624328 
 145.89251388725327274 238.29467168626959506 4.3424888559876624328 
 124.77798975688982352 250.48514787674577065 4.3424888559876624328 
 145.89241062684322969 250.48496902446913737 4.3424888559876624328 
 135.3351485616615264 256.58020711970721095 4.3424888559876624328 
 114.22072769170810602 256.58038597198390107 4.3424888559876624328 
 251.46492801825044694 201.72288541028774489 4.3424888559876624328 
 230.35040388788698351 213.9133616007639489 4.3424888559876624328 
 219.7931418227052518 220.00859969600202248 4.3424888559876624328 
 198.67861769234178837 232.19907588647822649 4.3424888559876624328 
 93.108372029955859261 12.774618060269359532 4.3424888559876624328 
 82.551109964774113337 18.869856155507452655 4.3424888559876624328 
 188.12135562716005666 238.29431398171630008 4.3424888559876624328 
 167.00683149679662165 250.48479017219250409 4.3424888559876624328 
 61.436585834410671225 31.060332345983653113 4.3424888559876624328 
 50.879323769228932406 37.155570441221740907 4.3424888559876624328 
 156.44956943161491836 256.58002826743063451 4.3424888559876624328 
 29.764799638865486742 49.346046631697930707 4.3424888559876624328 
 19.207537573683758581 55.441284726936018501 4.3424888559876624328 
