 18.983800577485116179 7.9721120073577029785 3.9881158579226632099 
 18.983800577485116179 36.416556451802158278 3.9881158579226632099 
 31.300606320197136512  15.0832231184688208 3.9881158579226632099 
 31.300606320197136512 29.305445340691040457 3.9881158579226632099 
 18.983800577485116179  50.6387786740243655 3.9881158579226632099 
 18.983800577485116179 79.083223118468822577 3.9881158579226632099 
 31.300606320197136512 57.749889785135479769 3.9881158579226632099 
 31.300606320197136512 71.972112007357708308 3.9881158579226632099 
 18.983800577485116179 93.305445340691036904 3.9881158579226632099 
 18.983800577485116179 121.74988978513547977 3.9881158579226632099 
 31.300606320197136512 100.41655645180216538 3.9881158579226632099 
 31.300606320197136512 114.63877867402437971 3.9881158579226632099 
 18.983800577485116179 135.97211200735770831 3.9881158579226632099 
 18.983800577485116179 164.41655645180216538 3.9881158579226632099 
 31.300606320197136512 143.08322311846882258 3.9881158579226632099 
 31.300606320197136512 157.30544534069105111 3.9881158579226632099 
 18.983800577485116179 178.63877867402439392 3.9881158579226632099 
 18.983800577485116179 207.08322311846882258 3.9881158579226632099 
 31.300606320197136512 185.74988978513550819 3.9881158579226632099 
 31.300606320197136512 199.97211200735770831 3.9881158579226632099 
 18.983800577485116179 221.30544534069107954 3.9881158579226632099 
 18.983800577485116179 249.74988978513550819 3.9881158579226632099 
 31.300606320197136512 228.41655645180219381 3.9881158579226632099 
 31.300606320197136512 242.63877867402439392 3.9881158579226632099 
 43.617412062909139081 7.9721120073577029785 3.9881158579226632099 
 43.617412062909139081 36.416556451802158278 3.9881158579226632099 
 55.934217805621159414  15.0832231184688208 3.9881158579226632099 
 55.934217805621159414 29.305445340691040457 3.9881158579226632099 
 43.617412062909139081  50.6387786740243655 3.9881158579226632099 
 43.617412062909139081 79.083223118468822577 3.9881158579226632099 
 55.934217805621159414 57.749889785135479769 3.9881158579226632099 
 55.934217805621159414 71.972112007357708308 3.9881158579226632099 
 43.617412062909139081 93.305445340691036904 3.9881158579226632099 
 43.617412062909139081 121.74988978513547977 3.9881158579226632099 
 55.934217805621159414 100.41655645180216538 3.9881158579226632099 
 55.934217805621159414 114.63877867402437971 3.9881158579226632099 
 43.617412062909139081 135.97211200735770831 3.9881158579226632099 
 43.617412062909139081 164.41655645180216538 3.9881158579226632099 
 55.934217805621159414 143.08322311846882258 3.9881158579226632099 
 55.934217805621159414 157.30544534069105111 3.9881158579226632099 
 43.617412062909139081 178.63877867402439392 3.9881158579226632099 
 43.617412062909139081 207.08322311846882258 3.9881158579226632099 
 55.934217805621159414 185.74988978513550819 3.9881158579226632099 
 55.934217805621159414 199.97211200735770831 3.9881158579226632099 
 43.617412062909139081 221.30544534069107954 3.9881158579226632099 
 43.617412062909139081 249.74988978513550819 3.9881158579226632099 
 55.934217805621159414 228.41655645180219381 3.9881158579226632099 
 55.934217805621159414 242.63877867402439392 3.9881158579226632099 
 68.251023548333179747 7.9721120073577029785 3.9881158579226632099 
 68.251023548333179747 36.416556451802158278 3.9881158579226632099 
 80.56782929104520008  15.0832231184688208 3.9881158579226632099 
 80.56782929104520008 29.305445340691040457 3.9881158579226632099 
 68.251023548333179747  50.6387786740243655 3.9881158579226632099 
 68.251023548333179747 79.083223118468822577 3.9881158579226632099 
 80.56782929104520008 57.749889785135479769 3.9881158579226632099 
 80.56782929104520008 71.972112007357708308 3.9881158579226632099 
 68.251023548333179747 93.305445340691036904 3.9881158579226632099 
 68.251023548333179747 121.74988978513547977 3.9881158579226632099 
 80.56782929104520008 100.41655645180216538 3.9881158579226632099 
 80.56782929104520008 114.63877867402437971 3.9881158579226632099 
 68.251023548333179747 135.97211200735770831 3.9881158579226632099 
 68.251023548333179747 164.41655645180216538 3.9881158579226632099 
 80.56782929104520008 143.08322311846882258 3.9881158579226632099 
 80.56782929104520008 157.30544534069105111 3.9881158579226632099 
 68.251023548333179747 178.63877867402439392 3.9881158579226632099 
 68.251023548333179747 207.08322311846882258 3.9881158579226632099 
 80.56782929104520008 185.74988978513550819 3.9881158579226632099 
 80.56782929104520008 199.97211200735770831 3.9881158579226632099 
 68.251023548333179747 221.30544534069107954 3.9881158579226632099 
 68.251023548333179747 249.74988978513550819 3.9881158579226632099 
 80.56782929104520008 228.41655645180219381 3.9881158579226632099 
 80.56782929104520008 242.63877867402439392 3.9881158579226632099 
 92.884635033757206202 7.9721120073577029785 3.9881158579226632099 
 92.884635033757206202 36.416556451802158278 3.9881158579226632099 
 105.20144077646922653  15.0832231184688208 3.9881158579226632099 
 105.20144077646922653 29.305445340691040457 3.9881158579226632099 
 92.884635033757206202  50.6387786740243655 3.9881158579226632099 
 92.884635033757206202 79.083223118468822577 3.9881158579226632099 
 105.20144077646922653 57.749889785135479769 3.9881158579226632099 
 105.20144077646922653 71.972112007357708308 3.9881158579226632099 
 92.884635033757206202 93.305445340691036904 3.9881158579226632099 
 92.884635033757206202 121.74988978513547977 3.9881158579226632099 
 105.20144077646922653 100.41655645180216538 3.9881158579226632099 
 105.20144077646922653 114.63877867402437971 3.9881158579226632099 
 92.884635033757206202 135.97211200735770831 3.9881158579226632099 
 92.884635033757206202 164.41655645180216538 3.9881158579226632099 
 105.20144077646922653 143.08322311846882258 3.9881158579226632099 
 105.20144077646922653 157.30544534069105111 3.9881158579226632099 
 92.884635033757206202 178.63877867402439392 3.9881158579226632099 
 92.884635033757206202 207.08322311846882258 3.9881158579226632099 
 105.20144077646922653 185.74988978513550819 3.9881158579226632099 
 105.20144077646922653 199.97211200735770831 3.9881158579226632099 
 92.884635033757206202 221.30544534069107954 3.9881158579226632099 
 92.884635033757206202 249.74988978513550819 3.9881158579226632099 
 105.20144077646922653 228.41655645180219381 3.9881158579226632099 
 105.20144077646922653 242.63877867402439392 3.9881158579226632099 
 117.51824651918124687 7.9721120073577029785 3.9881158579226632099 
 117.51824651918124687 36.416556451802158278 3.9881158579226632099 
 129.83505226189328141  15.0832231184688208 3.9881158579226632099 
 129.83505226189328141 29.305445340691040457 3.9881158579226632099 
 117.51824651918124687  50.6387786740243655 3.9881158579226632099 
 117.51824651918124687 79.083223118468822577 3.9881158579226632099 
 129.83505226189328141 57.749889785135479769 3.9881158579226632099 
 129.83505226189328141 71.972112007357708308 3.9881158579226632099 
 117.51824651918124687 93.305445340691036904 3.9881158579226632099 
 117.51824651918124687 121.74988978513547977 3.9881158579226632099 
 129.83505226189328141 100.41655645180216538 3.9881158579226632099 
 129.83505226189328141 114.63877867402437971 3.9881158579226632099 
 117.51824651918124687 135.97211200735770831 3.9881158579226632099 
 117.51824651918124687 164.41655645180216538 3.9881158579226632099 
 129.83505226189328141 143.08322311846882258 3.9881158579226632099 
 129.83505226189328141 157.30544534069105111 3.9881158579226632099 
 117.51824651918124687 178.63877867402439392 3.9881158579226632099 
 117.51824651918124687 207.08322311846882258 3.9881158579226632099 
 129.83505226189328141 185.74988978513550819 3.9881158579226632099 
 129.83505226189328141 199.97211200735770831 3.9881158579226632099 
 117.51824651918124687 221.30544534069107954 3.9881158579226632099 
 117.51824651918124687 249.74988978513550819 3.9881158579226632099 
 129.83505226189328141 228.41655645180219381 3.9881158579226632099 
 129.83505226189328141 242.63877867402439392 3.9881158579226632099 
 142.15185800460531595 7.9721120073577029785 3.9881158579226632099 
 142.15185800460531595 36.416556451802158278 3.9881158579226632099 
 154.46866374731729366  15.0832231184688208 3.9881158579226632099 
 154.46866374731729366 29.305445340691040457 3.9881158579226632099 
 142.15185800460531595  50.6387786740243655 3.9881158579226632099 
 142.15185800460531595 79.083223118468822577 3.9881158579226632099 
 154.46866374731729366 57.749889785135479769 3.9881158579226632099 
 154.46866374731729366 71.972112007357708308 3.9881158579226632099 
 142.15185800460531595 93.305445340691036904 3.9881158579226632099 
 142.15185800460531595 121.74988978513547977 3.9881158579226632099 
 154.46866374731729366 100.41655645180216538 3.9881158579226632099 
 154.46866374731729366 114.63877867402437971 3.9881158579226632099 
 142.15185800460531595 135.97211200735770831 3.9881158579226632099 
 142.15185800460531595 164.41655645180216538 3.9881158579226632099 
 154.46866374731729366 143.08322311846882258 3.9881158579226632099 
 154.46866374731729366 157.30544534069105111 3.9881158579226632099 
 142.15185800460531595 178.63877867402439392 3.9881158579226632099 
 142.15185800460531595 207.08322311846882258 3.9881158579226632099 
 154.46866374731729366 185.74988978513550819 3.9881158579226632099 
 154.46866374731729366 199.97211200735770831 3.9881158579226632099 
 142.15185800460531595 221.30544534069107954 3.9881158579226632099 
 142.15185800460531595 249.74988978513550819 3.9881158579226632099 
 154.46866374731729366 228.41655645180219381 3.9881158579226632099 
 154.46866374731729366 242.63877867402439392 3.9881158579226632099 
 166.7854694900293282 7.9721120073577029785 3.9881158579226632099 
 166.7854694900293282 36.416556451802158278 3.9881158579226632099 
 179.1022752327413059  15.0832231184688208 3.9881158579226632099 
 179.1022752327413059 29.305445340691040457 3.9881158579226632099 
 166.7854694900293282  50.6387786740243655 3.9881158579226632099 
 166.7854694900293282 79.083223118468822577 3.9881158579226632099 
 179.1022752327413059 57.749889785135479769 3.9881158579226632099 
 179.1022752327413059 71.972112007357708308 3.9881158579226632099 
 166.7854694900293282 93.305445340691036904 3.9881158579226632099 
 166.7854694900293282 121.74988978513547977 3.9881158579226632099 
 179.1022752327413059 100.41655645180216538 3.9881158579226632099 
 179.1022752327413059 114.63877867402437971 3.9881158579226632099 
 166.7854694900293282 135.97211200735770831 3.9881158579226632099 
 166.7854694900293282 164.41655645180216538 3.9881158579226632099 
 179.1022752327413059 143.08322311846882258 3.9881158579226632099 
 179.1022752327413059 157.30544534069105111 3.9881158579226632099 
 166.7854694900293282 178.63877867402439392 3.9881158579226632099 
 166.7854694900293282 207.08322311846882258 3.9881158579226632099 
 179.1022752327413059 185.74988978513550819 3.9881158579226632099 
 179.1022752327413059 199.97211200735770831 3.9881158579226632099 
 166.7854694900293282 221.30544534069107954 3.9881158579226632099 
 166.7854694900293282 249.74988978513550819 3.9881158579226632099 
 179.1022752327413059 228.41655645180219381 3.9881158579226632099 
 179.1022752327413059 242.63877867402439392 3.9881158579226632099 
 191.41908097545334044 7.9721120073577029785 3.9881158579226632099 
 191.41908097545334044 36.416556451802158278 3.9881158579226632099 
 203.73588671816537499  15.0832231184688208 3.9881158579226632099 
 203.73588671816537499 29.305445340691040457 3.9881158579226632099 
 191.41908097545334044  50.6387786740243655 3.9881158579226632099 
 191.41908097545334044 79.083223118468822577 3.9881158579226632099 
 203.73588671816537499 57.749889785135479769 3.9881158579226632099 
 203.73588671816537499 71.972112007357708308 3.9881158579226632099 
 191.41908097545334044 93.305445340691036904 3.9881158579226632099 
 191.41908097545334044 121.74988978513547977 3.9881158579226632099 
 203.73588671816537499 100.41655645180216538 3.9881158579226632099 
 203.73588671816537499 114.63877867402437971 3.9881158579226632099 
 191.41908097545334044 135.97211200735770831 3.9881158579226632099 
 191.41908097545334044 164.41655645180216538 3.9881158579226632099 
 203.73588671816537499 143.08322311846882258 3.9881158579226632099 
 203.73588671816537499 157.30544534069105111 3.9881158579226632099 
 191.41908097545334044 178.63877867402439392 3.9881158579226632099 
 191.41908097545334044 207.08322311846882258 3.9881158579226632099 
 203.73588671816537499 185.74988978513550819 3.9881158579226632099 
 203.73588671816537499 199.97211200735770831 3.9881158579226632099 
 191.41908097545334044 221.30544534069107954 3.9881158579226632099 
 191.41908097545334044 249.74988978513550819 3.9881158579226632099 
 203.73588671816537499 228.41655645180219381 3.9881158579226632099 
 203.73588671816537499 242.63877867402439392 3.9881158579226632099 
 216.05269246087740953 7.9721120073577029785 3.9881158579226632099 
 216.05269246087740953 36.416556451802158278 3.9881158579226632099 
 228.36949820358938723  15.0832231184688208 3.9881158579226632099 
 228.36949820358938723 29.305445340691040457 3.9881158579226632099 
 216.05269246087740953  50.6387786740243655 3.9881158579226632099 
 216.05269246087740953 79.083223118468822577 3.9881158579226632099 
 228.36949820358938723 57.749889785135479769 3.9881158579226632099 
 228.36949820358938723 71.972112007357708308 3.9881158579226632099 
 216.05269246087740953 93.305445340691036904 3.9881158579226632099 
 216.05269246087740953 121.74988978513547977 3.9881158579226632099 
 228.36949820358938723 100.41655645180216538 3.9881158579226632099 
 228.36949820358938723 114.63877867402437971 3.9881158579226632099 
 216.05269246087740953 135.97211200735770831 3.9881158579226632099 
 216.05269246087740953 164.41655645180216538 3.9881158579226632099 
 228.36949820358938723 143.08322311846882258 3.9881158579226632099 
 228.36949820358938723 157.30544534069105111 3.9881158579226632099 
 216.05269246087740953 178.63877867402439392 3.9881158579226632099 
 216.05269246087740953 207.08322311846882258 3.9881158579226632099 
 228.36949820358938723 185.74988978513550819 3.9881158579226632099 
 228.36949820358938723 199.97211200735770831 3.9881158579226632099 
 216.05269246087740953 221.30544534069107954 3.9881158579226632099 
 216.05269246087740953 249.74988978513550819 3.9881158579226632099 
 228.36949820358938723 228.41655645180219381 3.9881158579226632099 
 228.36949820358938723 242.63877867402439392 3.9881158579226632099 
 240.68630394630142177 7.9721120073577029785 3.9881158579226632099 
 240.68630394630142177 36.416556451802158278 3.9881158579226632099 
 6.6669948347730949578  15.0832231184688208 3.9881158579226632099 
 6.6669948347730949578 29.305445340691040457 3.9881158579226632099 
 240.68630394630142177  50.6387786740243655 3.9881158579226632099 
 240.68630394630142177 79.083223118468822577 3.9881158579226632099 
 6.6669948347730949578 57.749889785135479769 3.9881158579226632099 
 6.6669948347730949578 71.972112007357708308 3.9881158579226632099 
 240.68630394630142177 93.305445340691036904 3.9881158579226632099 
 240.68630394630142177 121.74988978513547977 3.9881158579226632099 
 6.6669948347730949578 100.41655645180216538 3.9881158579226632099 
 6.6669948347730949578 114.63877867402437971 3.9881158579226632099 
 240.68630394630142177 135.97211200735770831 3.9881158579226632099 
 240.68630394630142177 164.41655645180216538 3.9881158579226632099 
 6.6669948347730949578 143.08322311846882258 3.9881158579226632099 
 6.6669948347730949578 157.30544534069105111 3.9881158579226632099 
 240.68630394630142177 178.63877867402439392 3.9881158579226632099 
 240.68630394630142177 207.08322311846882258 3.9881158579226632099 
 6.6669948347730949578 185.74988978513550819 3.9881158579226632099 
 6.6669948347730949578 199.97211200735770831 3.9881158579226632099 
 240.68630394630142177 221.30544534069107954 3.9881158579226632099 
 240.68630394630142177 249.74988978513550819 3.9881158579226632099 
 6.6669948347730949578 228.41655645180219381 3.9881158579226632099 
 6.6669948347730949578 242.63877867402439392 3.9881158579226632099 
