 77.817851504026734233 19.414493300814967824 3.9881158579226632099 
 99.15118483736007704 7.0976875581029457152 3.9881158579226632099 
 92.04007372624894856 19.414493300814967824 3.9881158579226632099 
 70.706740392915634175 31.731299043526988157 3.9881158579226632099 
 56.484518170693405636 56.364910528951014612 3.9881158579226632099 
 77.817851504026734233 44.04810478623900849 3.9881158579226632099 
 70.706740392915634175 56.364910528951014612 3.9881158579226632099 
 49.373407059582291367 68.681716271663034945 3.9881158579226632099 
 35.151184837360069935 93.315327757087075611 3.9881158579226632099 
 56.484518170693391426 80.998522014375069489 3.9881158579226632099 
 49.373407059582291367 93.315327757087075611 3.9881158579226632099 
 28.040073726248966324 105.63213349979908173 3.9881158579226632099 
 13.817851504026746667 130.26574498522310819 3.9881158579226632099 
 35.151184837360069935 117.94893924251110207 3.9881158579226632099 
 28.040073726248966324 130.26574498522310819 3.9881158579226632099 
 6.7067403929156288456 142.58255072793511431 3.9881158579226632099 
 13.817851504026746667 154.89935647064714885 3.9881158579226632099 
 6.7067403929156288456 167.21616221335915498 3.9881158579226632099 
 113.37340705958230558 7.0976875581029457152 3.9881158579226632099 
 99.15118483736007704 31.731299043526988157 3.9881158579226632099 
 120.48451817069339143 19.414493300814953614 3.9881158579226632099 
 113.37340705958229137 31.731299043526988157 3.9881158579226632099 
 92.040073726248962771 44.048104786238994279 3.9881158579226632099 
 77.817851504026748444 68.681716271663034945 3.9881158579226632099 
 99.15118483736007704 56.364910528951028823 3.9881158579226632099 
 92.040073726248962771 68.681716271663020734 3.9881158579226632099 
 70.706740392915634175 80.998522014375069489 3.9881158579226632099 
 56.484518170693405636 105.63213349979909594 3.9881158579226632099 
 77.817851504026734233 93.315327757087075611 3.9881158579226632099 
 70.706740392915634175 105.63213349979908173 3.9881158579226632099 
 49.373407059582305578 117.94893924251110207 3.9881158579226632099 
 35.151184837360084146 142.58255072793511431 3.9881158579226632099 
 56.484518170693405636 130.26574498522310819 3.9881158579226632099 
 49.373407059582305578 142.58255072793511431 3.9881158579226632099 
 28.040073726248980535 154.89935647064714885 3.9881158579226632099 
 13.817851504026746667 179.53296795607118952 3.9881158579226632099 
 35.151184837360069935 167.21616221335915498 3.9881158579226632099 
 28.040073726248980535 179.5329679560711611 3.9881158579226632099 
 6.7067403929156288456 191.84977369878319564 3.9881158579226632099 
 13.817851504026746667 204.16657944149523018 3.9881158579226632099 
 134.70674039291563417 19.414493300814953614 3.9881158579226632099 
 120.48451817069340564 44.04810478623900849 3.9881158579226632099 
 141.81785150402674844 31.731299043526973946 3.9881158579226632099 
 134.70674039291563417 44.048104786238994279 3.9881158579226632099 
 113.37340705958230558 56.364910528951014612 3.9881158579226632099 
 99.151184837360091251 80.998522014375055278 3.9881158579226632099 
 120.48451817069340564 68.681716271663034945 3.9881158579226632099 
 113.37340705958230558 80.998522014375041067 3.9881158579226632099 
 92.040073726248962771 93.315327757087075611 3.9881158579226632099 
 77.817851504026748444 117.94893924251111628 3.9881158579226632099 
 99.15118483736007704 105.63213349979909594 3.9881158579226632099 
 92.040073726248962771 117.94893924251110207 3.9881158579226632099 
 70.706740392915648385 130.26574498522310819 3.9881158579226632099 
 56.484518170693419847 154.89935647064712043 3.9881158579226632099 
 77.817851504026748444 142.58255072793511431 3.9881158579226632099 
 70.706740392915648385 154.89935647064712043 3.9881158579226632099 
 49.373407059582305578 167.21616221335915498 3.9881158579226632099 
 35.151184837360098356 191.84977369878319564 3.9881158579226632099 
 56.484518170693419847 179.53296795607118952 3.9881158579226632099 
 49.373407059582305578 191.84977369878316722 3.9881158579226632099 
 28.040073726248980535 204.16657944149520176 3.9881158579226632099 
 141.81785150402674844 7.097687558102959926 3.9881158579226632099 
 35.151184837360069935 216.48338518420723631 3.9881158579226632099 
 156.04007372624894856 7.0976875581029457152 3.9881158579226632099 
 156.04007372624894856 31.731299043526959736 3.9881158579226632099 
 141.81785150402672002 56.364910528951014612 3.9881158579226632099 
 163.15118483736006283 44.048104786238994279 3.9881158579226632099 
 156.04007372624897698 56.364910528951014612 3.9881158579226632099 
 134.70674039291563417 68.681716271663020734 3.9881158579226632099 
 120.48451817069339143 93.315327757087047189 3.9881158579226632099 
 141.81785150402674844 80.998522014375055278 3.9881158579226632099 
 134.70674039291563417  93.3153277570870614 3.9881158579226632099 
 113.37340705958227716 105.63213349979908173 3.9881158579226632099 
 99.15118483736007704 130.26574498522310819 3.9881158579226632099 
 120.48451817069340564 117.94893924251111628 3.9881158579226632099 
 113.37340705958230558 130.26574498522310819 3.9881158579226632099 
 92.04007372624894856 142.58255072793511431 3.9881158579226632099 
 77.817851504026748444 167.21616221335912655 3.9881158579226632099 
 99.151184837360105462 154.89935647064712043 3.9881158579226632099 
 92.040073726248976982 167.21616221335915498 3.9881158579226632099 
 70.706740392915634175 179.5329679560711611 3.9881158579226632099 
 56.484518170693405636 204.16657944149520176 3.9881158579226632099 
 77.817851504026748444 191.84977369878319564 3.9881158579226632099 
 70.706740392915662596 204.16657944149520176 3.9881158579226632099 
 49.373407059582291367 216.48338518420723631 3.9881158579226632099 
 163.15118483736003441 19.414493300814967824 3.9881158579226632099 
 56.484518170693419847 228.80019092691927085 3.9881158579226632099 
 177.37340705958229137 19.414493300814967824 3.9881158579226632099 
 177.37340705958229137 44.048104786238980068 3.9881158579226632099 
 163.15118483736006283 68.681716271663034945 3.9881158579226632099 
 184.48451817069343406 56.364910528951014612 3.9881158579226632099 
 177.37340705958229137 68.681716271663034945 3.9881158579226632099 
 156.04007372624894856 80.998522014375041067 3.9881158579226632099 
 141.81785150402674844 105.63213349979908173 3.9881158579226632099 
 163.15118483736009125 93.315327757087075611 3.9881158579226632099 
 156.04007372624897698 105.63213349979908173 3.9881158579226632099 
 134.70674039291563417 117.94893924251110207 3.9881158579226632099 
 120.48451817069340564 142.58255072793511431 3.9881158579226632099 
 141.81785150402674844 130.26574498522310819 3.9881158579226632099 
 134.7067403929156626 142.58255072793511431 3.9881158579226632099 
 113.37340705958230558 154.89935647064712043 3.9881158579226632099 
 99.151184837360091251 179.5329679560711611 3.9881158579226632099 
 120.48451817069343406 167.21616221335915498 3.9881158579226632099 
  113.373407059582334 179.5329679560711611 3.9881158579226632099 
 92.040073726248976982 191.84977369878316722 3.9881158579226632099 
 77.817851504026748444 216.48338518420723631 3.9881158579226632099 
 99.151184837360105462 204.16657944149520176 3.9881158579226632099 
 92.040073726248991193 216.48338518420723631 3.9881158579226632099 
 70.706740392915634175 228.80019092691924243 3.9881158579226632099 
 184.48451817069340564 31.731299043526988157 3.9881158579226632099 
 77.817851504026762655 241.11699666963127697 3.9881158579226632099 
 198.70674039291563417 31.731299043526988157 3.9881158579226632099 
 198.70674039291563417 56.364910528951000401 3.9881158579226632099 
 184.48451817069340564 80.998522014375041067 3.9881158579226632099 
 205.81785150402674844 68.681716271663020734 3.9881158579226632099 
 198.70674039291563417 80.998522014375041067 3.9881158579226632099 
 177.37340705958229137  93.3153277570870614 3.9881158579226632099 
 163.15118483736009125 117.94893924251108785 3.9881158579226632099 
 184.48451817069340564 105.63213349979908173 3.9881158579226632099 
 177.37340705958229137 117.94893924251108785 3.9881158579226632099 
 156.04007372624897698 130.26574498522310819 3.9881158579226632099 
 141.81785150402674844 154.89935647064714885 3.9881158579226632099 
 163.15118483736006283 142.58255072793511431 3.9881158579226632099 
 156.04007372624897698 154.89935647064712043 3.9881158579226632099 
 134.7067403929156626 167.21616221335915498 3.9881158579226632099 
 120.48451817069341985 191.84977369878316722 3.9881158579226632099 
 141.81785150402674844 179.5329679560711611 3.9881158579226632099 
 134.7067403929156626 191.84977369878316722 3.9881158579226632099 
 113.37340705958231979 204.16657944149520176 3.9881158579226632099 
 99.151184837360105462 228.80019092691924243 3.9881158579226632099 
 120.48451817069341985 216.48338518420723631 3.9881158579226632099 
 113.37340705958230558 228.80019092691921401 3.9881158579226632099 
 92.040073726248976982 241.11699666963124855 3.9881158579226632099 
 205.81785150402674844 44.04810478623900849 3.9881158579226632099 
 99.15118483736007704 253.43380241234328309 3.9881158579226632099 
 220.04007372624894856 44.048104786238994279 3.9881158579226632099 
 220.04007372624894856 68.681716271663006523 3.9881158579226632099 
 205.81785150402672002 93.315327757087047189 3.9881158579226632099 
 227.15118483736003441 80.998522014375026856 3.9881158579226632099 
 220.04007372624894856 93.315327757087047189 3.9881158579226632099 
 198.70674039291563417 105.63213349979906752 3.9881158579226632099 
 184.48451817069340564 130.26574498522307977 3.9881158579226632099 
 205.81785150402672002 117.94893924251108785 3.9881158579226632099 
 198.70674039291563417 130.26574498522307977 3.9881158579226632099 
 177.37340705958226295 142.58255072793511431 3.9881158579226632099 
 163.15118483736006283 167.21616221335915498 3.9881158579226632099 
 184.48451817069340564 154.89935647064712043 3.9881158579226632099 
 177.37340705958226295 167.21616221335912655 3.9881158579226632099 
 156.04007372624894856 179.53296795607113268 3.9881158579226632099 
 141.81785150402674844 204.16657944149517334 3.9881158579226632099 
 163.15118483736006283 191.84977369878316722 3.9881158579226632099 
 156.04007372624894856 204.16657944149517334 3.9881158579226632099 
 134.70674039291563417 216.48338518420720789 3.9881158579226632099 
 120.48451817069340564 241.11699666963124855 3.9881158579226632099 
 141.81785150402674844 228.80019092691921401 3.9881158579226632099 
 134.70674039291563417 241.11699666963124855 3.9881158579226632099 
 113.37340705958229137 253.43380241234328309 3.9881158579226632099 
 227.15118483736003441 56.364910528951014612 3.9881158579226632099 
 241.37340705958226295 56.364910528951000401 3.9881158579226632099 
 241.37340705958229137 80.998522014375012645 3.9881158579226632099 
 227.15118483736006283 105.63213349979906752 3.9881158579226632099 
 248.48451817069340564 93.315327757087047189 3.9881158579226632099 
 241.37340705958226295 105.63213349979905331 3.9881158579226632099 
 220.04007372624897698 117.94893924251108785 3.9881158579226632099 
 205.81785150402674844 142.58255072793508589 3.9881158579226632099 
 227.15118483736006283 130.26574498522307977 3.9881158579226632099 
 220.04007372624897698 142.58255072793508589 3.9881158579226632099 
 198.70674039291563417 154.89935647064712043 3.9881158579226632099 
 184.48451817069340564 179.5329679560711611 3.9881158579226632099 
 205.81785150402674844 167.21616221335915498 3.9881158579226632099 
 198.70674039291563417 179.53296795607113268 3.9881158579226632099 
 177.37340705958229137 191.84977369878316722 3.9881158579226632099 
 163.15118483736009125 216.48338518420717946 3.9881158579226632099 
 184.48451817069340564 204.16657944149517334 3.9881158579226632099 
 177.37340705958229137 216.48338518420717946 3.9881158579226632099 
 156.04007372624897698 228.80019092691921401 3.9881158579226632099 
 141.81785150402674844 253.43380241234325467 3.9881158579226632099 
 163.15118483736006283 241.11699666963124855 3.9881158579226632099 
 156.04007372624897698 253.43380241234325467 3.9881158579226632099 
 248.48451817069340564 68.681716271663034945 3.9881158579226632099 
 248.48451817069340564 117.94893924251108785 3.9881158579226632099 
 241.37340705958229137 130.26574498522307977 3.9881158579226632099 
 227.15118483736009125 154.89935647064712043 3.9881158579226632099 
 248.48451817069340564 142.58255072793511431 3.9881158579226632099 
 241.37340705958229137 154.89935647064712043 3.9881158579226632099 
 220.04007372624897698 167.21616221335915498 3.9881158579226632099 
 205.81785150402674844 191.84977369878316722 3.9881158579226632099 
 227.15118483736006283 179.5329679560711611 3.9881158579226632099 
 220.04007372624897698 191.84977369878316722 3.9881158579226632099 
 198.70674039291563417 204.16657944149520176 3.9881158579226632099 
 184.48451817069343406 228.80019092691921401 3.9881158579226632099 
 205.81785150402674844 216.48338518420720789 3.9881158579226632099 
 198.70674039291563417 228.80019092691921401 3.9881158579226632099 
 177.37340705958229137 241.11699666963124855 3.9881158579226632099 
 184.48451817069343406 253.43380241234325467 3.9881158579226632099 
 70.706740392915634175 7.0976875581029457152 3.9881158579226632099 
 248.48451817069346248 167.21616221335915498 3.9881158579226632099 
 56.484518170693405636 31.731299043526988157 3.9881158579226632099 
 49.373407059582305578 44.048104786238994279 3.9881158579226632099 
 241.37340705958231979 179.5329679560711611 3.9881158579226632099 
 227.15118483736009125 204.16657944149520176 3.9881158579226632099 
 35.151184837360069935 68.681716271663063367 3.9881158579226632099 
 28.040073726248966324 80.998522014375055278 3.9881158579226632099 
 220.04007372624897698 216.48338518420720789 3.9881158579226632099 
 205.81785150402677687 241.11699666963124855 3.9881158579226632099 
 13.817851504026746667 105.63213349979908173 3.9881158579226632099 
 6.7067403929156430564 117.94893924251108785 3.9881158579226632099 
 198.7067403929156626 253.43380241234325467 3.9881158579226632099 
