 129.64990879797289836 6.7910119398721553452 3.9881158579226632099 
 154.28352028339693902 6.7910119398721553452 3.9881158579226632099 
 141.9667145406849329 13.902123050983272279 3.9881158579226632099 
 117.33310305526089223 13.902123050983258068 3.9881158579226632099 
 92.699491569836851568 28.124345273205491935 3.9881158579226632099 
 117.33310305526092066 28.124345273205491935 3.9881158579226632099 
 105.01629731254888611 35.23545638431661331 3.9881158579226632099 
 80.382685827124845446 35.235456384316599099 3.9881158579226632099 
 55.749074341700818991 49.457678606538820532 3.9881158579226632099 
 80.382685827124859657 49.457678606538827637 3.9881158579226632099 
 68.065880084412825113 56.568789717649949012 3.9881158579226632099 
 43.432268598988798658 56.568789717649934801 3.9881158579226632099 
 18.798657113564772203 70.791011939872149128 3.9881158579226632099 
 43.432268598988798658 70.791011939872163339 3.9881158579226632099 
 31.115462856276792536 77.902123050983277608 3.9881158579226632099 
 6.4818513708527500938 77.902123050983277608 3.9881158579226632099 
 6.4818513708527500938 92.124345273205506146 3.9881158579226632099 
 166.60032602610894514 13.902123050983272279 3.9881158579226632099 
 141.9667145406849329 28.124345273205477724 3.9881158579226632099 
 166.60032602610897356 28.124345273205477724 3.9881158579226632099 
 154.28352028339693902 35.235456384316599099 3.9881158579226632099 
 129.64990879797292678 35.235456384316599099 3.9881158579226632099 
 105.0162973125488719 49.457678606538827637 3.9881158579226632099 
 129.64990879797292678 49.457678606538820532 3.9881158579226632099 
 117.33310305526089223 56.568789717649934801 3.9881158579226632099 
 92.699491569836879989 56.568789717649934801 3.9881158579226632099 
 68.065880084412839324 70.791011939872149128 3.9881158579226632099 
 92.699491569836865779 70.791011939872149128 3.9881158579226632099 
 80.382685827124845446 77.902123050983277608 3.9881158579226632099 
 55.749074341700818991 77.902123050983277608 3.9881158579226632099 
 31.115462856276792536 92.124345273205506146 3.9881158579226632099 
 55.74907434170080478 92.124345273205491935 3.9881158579226632099 
 43.432268598988812869 99.235456384316591993 3.9881158579226632099 
 18.798657113564757992 99.235456384316620415 3.9881158579226632099 
 18.798657113564757992 113.45767860653883474 3.9881158579226632099 
 6.4818513708527500938 120.56878971764994901 3.9881158579226632099 
 178.91713176882095127 6.7910119398721553452 3.9881158579226632099 
 203.55074325424502035 6.7910119398721411343 3.9881158579226632099 
 191.23393751153298581 13.902123050983258068 3.9881158579226632099 
 178.91713176882097969 35.235456384316599099 3.9881158579226632099 
 154.28352028339693902 49.457678606538820532 3.9881158579226632099 
 178.91713176882097969 49.457678606538827637 3.9881158579226632099 
 166.60032602610897356 56.568789717649934801 3.9881158579226632099 
 141.9667145406849329 56.56878971764992059 3.9881158579226632099 
 117.33310305526089223 70.791011939872149128 3.9881158579226632099 
 141.96671454068496132 70.791011939872149128 3.9881158579226632099 
 129.64990879797292678 77.902123050983277608 3.9881158579226632099 
 105.01629731254888611 77.902123050983277608 3.9881158579226632099 
 80.382685827124859657 92.124345273205477724 3.9881158579226632099 
 105.01629731254888611 92.124345273205506146 3.9881158579226632099 
 92.699491569836865779 99.235456384316620415 3.9881158579226632099 
 68.065880084412839324 99.235456384316606204 3.9881158579226632099 
 43.432268598988812869 113.45767860653883474 3.9881158579226632099 
 68.065880084412839324 113.45767860653884895 3.9881158579226632099 
 55.749074341700833202 120.56878971764994901 3.9881158579226632099 
 31.115462856276792536 120.56878971764994901 3.9881158579226632099 
 6.4818513708527500938 134.79101193987219176 3.9881158579226632099 
 31.115462856276778325 134.79101193987219176 3.9881158579226632099 
 18.798657113564772203 141.90212305098330603 3.9881158579226632099 
 191.23393751153298581 28.124345273205477724 3.9881158579226632099 
 215.86754899695702647 28.124345273205477724 3.9881158579226632099 
 203.55074325424502035 35.235456384316599099 3.9881158579226632099 
 191.23393751153298581 56.56878971764992059 3.9881158579226632099 
 166.60032602610897356 70.791011939872149128 3.9881158579226632099 
 191.23393751153298581 70.791011939872149128 3.9881158579226632099 
 178.91713176882100811 77.902123050983263397 3.9881158579226632099 
 154.28352028339693902 77.902123050983263397 3.9881158579226632099 
 129.64990879797292678 92.124345273205491935 3.9881158579226632099 
 154.28352028339696744 92.124345273205477724 3.9881158579226632099 
 141.9667145406849329 99.235456384316591993 3.9881158579226632099 
 117.33310305526090644 99.235456384316591993 3.9881158579226632099 
 92.699491569836879989 113.45767860653882053 3.9881158579226632099 
 117.33310305526090644 113.45767860653883474 3.9881158579226632099 
 105.01629731254888611 120.56878971764994901 3.9881158579226632099 
 80.382685827124859657 120.5687897176499348 3.9881158579226632099 
 55.749074341700833202 134.79101193987216334 3.9881158579226632099 
 80.382685827124845446 134.79101193987216334 3.9881158579226632099 
 68.065880084412853535 141.90212305098327761 3.9881158579226632099 
 43.432268598988798658 141.90212305098327761 3.9881158579226632099 
 18.798657113564772203 156.12434527320550615 3.9881158579226632099 
 43.432268598988798658 156.12434527320550615 3.9881158579226632099 
 31.115462856276792536 163.23545638431662042 3.9881158579226632099 
 6.481851370852735883 163.23545638431662042 3.9881158579226632099 
 203.55074325424499193 49.457678606538820532 3.9881158579226632099 
 228.1843547396690326 49.457678606538806321 3.9881158579226632099 
 215.86754899695702647 56.56878971764992059 3.9881158579226632099 
 203.55074325424502035 77.902123050983277608 3.9881158579226632099 
 178.91713176882097969 92.124345273205477724 3.9881158579226632099 
 203.55074325424502035 92.124345273205477724 3.9881158579226632099 
 191.23393751153301423 99.235456384316591993 3.9881158579226632099 
 166.60032602610897356 99.235456384316591993 3.9881158579226632099 
 141.9667145406849329 113.45767860653883474 3.9881158579226632099 
 166.60032602610897356 113.45767860653882053 3.9881158579226632099 
 154.28352028339696744 120.5687897176499348 3.9881158579226632099 
 129.64990879797292678 120.5687897176499348 3.9881158579226632099 
 105.01629731254890032 134.79101193987216334 3.9881158579226632099 
 129.64990879797292678 134.79101193987216334 3.9881158579226632099 
 117.33310305526090644 141.90212305098327761 3.9881158579226632099 
 92.699491569836879989 141.90212305098327761 3.9881158579226632099 
 68.065880084412853535 156.12434527320550615 3.9881158579226632099 
 92.699491569836879989 156.12434527320550615 3.9881158579226632099 
 80.382685827124873867 163.23545638431659199 3.9881158579226632099 
 55.749074341700818991 163.23545638431662042 3.9881158579226632099 
 31.115462856276792536 177.45767860653882053 3.9881158579226632099 
 55.749074341700818991 177.45767860653882053 3.9881158579226632099 
 43.432268598988812869 184.5687897176499348 3.9881158579226632099 
 18.798657113564757992 184.5687897176499348 3.9881158579226632099 
 215.86754899695699805 70.791011939872149128 3.9881158579226632099 
 240.50116048238106714 70.791011939872149128 3.9881158579226632099 
 228.1843547396690326 77.902123050983277608 3.9881158579226632099 
 215.86754899695702647 99.235456384316591993 3.9881158579226632099 
 191.23393751153298581 113.45767860653882053 3.9881158579226632099 
 215.86754899695702647 113.45767860653880632 3.9881158579226632099 
 203.55074325424502035 120.56878971764992059 3.9881158579226632099 
 178.91713176882097969 120.56878971764992059 3.9881158579226632099 
 154.28352028339693902 134.79101193987216334 3.9881158579226632099 
 178.91713176882100811 134.79101193987213492 3.9881158579226632099 
 166.60032602610897356 141.90212305098324919 3.9881158579226632099 
 141.96671454068496132 141.90212305098327761 3.9881158579226632099 
 117.33310305526092066 156.12434527320547772 3.9881158579226632099 
 141.9667145406849329 156.12434527320547772 3.9881158579226632099 
 129.64990879797292678 163.23545638431659199 3.9881158579226632099 
 105.01629731254888611 163.23545638431659199 3.9881158579226632099 
 80.382685827124873867 177.45767860653882053 3.9881158579226632099 
 105.01629731254888611 177.45767860653882053 3.9881158579226632099 
 92.699491569836879989 184.56878971764990638 3.9881158579226632099 
 68.065880084412839324 184.5687897176499348 3.9881158579226632099 
 43.432268598988812869 198.79101193987219176 3.9881158579226632099 
 68.065880084412825113 198.79101193987216334 3.9881158579226632099 
 55.749074341700818991 205.90212305098327761 3.9881158579226632099 
 31.115462856276778325 205.90212305098330603 3.9881158579226632099 
 228.1843547396690326 92.124345273205477724 3.9881158579226632099 
 252.81796622509307326 92.124345273205463513 3.9881158579226632099 
 240.50116048238106714 99.235456384316577783 3.9881158579226632099 
 228.1843547396690326 120.56878971764990638 3.9881158579226632099 
 203.55074325424502035 134.79101193987213492 3.9881158579226632099 
 228.1843547396690326 134.79101193987213492 3.9881158579226632099 
 215.86754899695702647 141.90212305098322076 3.9881158579226632099 
 191.23393751153298581 141.90212305098324919 3.9881158579226632099 
 166.60032602610897356 156.12434527320547772 3.9881158579226632099 
 191.23393751153301423 156.1243452732054493 3.9881158579226632099 
 178.91713176882097969 163.23545638431656357 3.9881158579226632099 
 154.28352028339696744 163.23545638431656357 3.9881158579226632099 
 129.64990879797292678 177.45767860653879211 3.9881158579226632099 
 154.28352028339693902 177.45767860653876369 3.9881158579226632099 
 141.9667145406849329 184.56878971764990638 3.9881158579226632099 
 117.33310305526090644 184.56878971764990638 3.9881158579226632099 
 92.699491569836879989 198.79101193987213492 3.9881158579226632099 
 117.33310305526089223 198.79101193987213492 3.9881158579226632099 
 105.01629731254888611 205.90212305098324919 3.9881158579226632099 
 80.382685827124845446 205.90212305098324919 3.9881158579226632099 
 55.749074341700818991 220.12434527320547772 3.9881158579226632099 
 80.382685827124845446 220.12434527320547772 3.9881158579226632099 
 68.065880084412839324 227.23545638431659199 3.9881158579226632099 
 43.432268598988784447 227.23545638431659199 3.9881158579226632099 
 240.50116048238103872 113.45767860653880632 3.9881158579226632099 
 252.81796622509307326 120.56878971764989217 3.9881158579226632099 
 240.50116048238106714 141.90212305098324919 3.9881158579226632099 
 215.86754899695702647 156.12434527320547772 3.9881158579226632099 
 240.50116048238106714 156.1243452732054493 3.9881158579226632099 
 228.18435473966906102 163.23545638431656357 3.9881158579226632099 
 203.55074325424502035 163.23545638431656357 3.9881158579226632099 
 178.91713176882097969 177.45767860653879211 3.9881158579226632099 
 203.55074325424502035 177.45767860653876369 3.9881158579226632099 
 191.23393751153298581 184.56878971764990638 3.9881158579226632099 
 166.60032602610897356 184.56878971764990638 3.9881158579226632099 
 141.96671454068496132 198.79101193987213492 3.9881158579226632099 
 166.60032602610897356 198.79101193987213492 3.9881158579226632099 
 154.28352028339693902 205.90212305098324919 3.9881158579226632099 
 129.64990879797292678 205.90212305098324919 3.9881158579226632099 
 105.01629731254890032 220.12434527320547772 3.9881158579226632099 
 129.64990879797292678 220.12434527320547772 3.9881158579226632099 
 117.33310305526092066 227.23545638431656357 3.9881158579226632099 
 92.699491569836879989 227.23545638431659199 3.9881158579226632099 
 68.065880084412839324 241.45767860653882053 3.9881158579226632099 
 92.699491569836851568 241.45767860653879211 3.9881158579226632099 
 80.382685827124845446 248.56878971764990638 3.9881158579226632099 
 55.74907434170080478 248.5687897176499348 3.9881158579226632099 
 252.81796622509307326 134.79101193987213492 3.9881158579226632099 
 252.81796622509307326 163.23545638431659199 3.9881158579226632099 
 228.18435473966906102 177.45767860653879211 3.9881158579226632099 
 252.81796622509310168 177.45767860653876369 3.9881158579226632099 
 240.50116048238106714 184.56878971764990638 3.9881158579226632099 
 215.8675489969570549 184.56878971764990638 3.9881158579226632099 
 191.23393751153298581 198.79101193987216334 3.9881158579226632099 
 215.8675489969570549 198.79101193987213492 3.9881158579226632099 
 203.55074325424502035 205.90212305098324919 3.9881158579226632099 
 178.91713176882100811 205.90212305098324919 3.9881158579226632099 
 154.28352028339696744 220.12434527320547772 3.9881158579226632099 
 178.91713176882100811 220.12434527320547772 3.9881158579226632099 
 166.60032602610897356 227.23545638431659199 3.9881158579226632099 
 141.96671454068496132 227.23545638431659199 3.9881158579226632099 
 117.33310305526092066 241.45767860653882053 3.9881158579226632099 
 141.9667145406849329 241.45767860653879211 3.9881158579226632099 
 129.64990879797292678 248.56878971764990638 3.9881158579226632099 
 105.01629731254888611 248.5687897176499348 3.9881158579226632099 
 240.50116048238106714 198.79101193987216334 3.9881158579226632099 
 228.18435473966906102 205.90212305098324919 3.9881158579226632099 
 203.55074325424502035 220.12434527320547772 3.9881158579226632099 
 105.0162973125488719 6.7910119398721269235 3.9881158579226632099 
 92.699491569836837357 13.902123050983243857 3.9881158579226632099 
 191.23393751153304265 227.23545638431659199 3.9881158579226632099 
 166.60032602610900199 241.45767860653882053 3.9881158579226632099 
 68.065880084412810902 28.124345273205463513 3.9881158579226632099 
 55.749074341700790569 35.235456384316584888 3.9881158579226632099 
 154.28352028339696744 248.5687897176499348 3.9881158579226632099 
 31.115462856276764114 49.457678606538806321 3.9881158579226632099 
 18.798657113564757992 56.56878971764992059 3.9881158579226632099 
