 247.99721223936293768 27.113683092967505672 3.9881158579226632099 
 219.55276779491850903 27.113683092967519883 3.9881158579226632099 
 240.88610112825182341 39.430488835679540216 3.9881158579226632099 
 226.66387890602959487 39.430488835679540216 3.9881158579226632099 
 205.33054557269625207 27.113683092967519883 3.9881158579226632099 
 176.88610112825182341 27.113683092967519883 3.9881158579226632099 
 198.21943446158516622 39.430488835679540216 3.9881158579226632099 
 183.99721223936293768 39.430488835679540216 3.9881158579226632099 
 162.66387890602959487 27.113683092967519883 3.9881158579226632099 
 134.2194344615851378 27.113683092967519883 3.9881158579226632099 
 155.5527677949184806 39.430488835679540216 3.9881158579226632099 
 141.33054557269625207 39.430488835679540216 3.9881158579226632099 
 119.99721223936293768 27.113683092967519883 3.9881158579226632099 
 91.552767794918494815 27.113683092967519883 3.9881158579226632099 
 112.88610112825182341 39.430488835679540216 3.9881158579226632099 
 98.663878906029623295 39.430488835679540216 3.9881158579226632099 
 77.330545572696266277 27.113683092967519883 3.9881158579226632099 
 48.886101128251823411 27.113683092967519883 3.9881158579226632099 
 70.219434461585152008 39.430488835679540216 3.9881158579226632099 
 55.997212239362944786 39.430488835679540216 3.9881158579226632099 
 34.663878906029587768 27.113683092967519883 3.9881158579226632099 
 6.2194344615851484548 27.113683092967534094 3.9881158579226632099 
 27.552767794918473498 39.430488835679540216 3.9881158579226632099 
 13.330545572696266277 39.430488835679554427 3.9881158579226632099 
 247.99721223936293768 51.747294578391546338 3.9881158579226632099 
 219.55276779491850903 51.747294578391560549 3.9881158579226632099 
 240.88610112825182341 64.064100321103566671 3.9881158579226632099 
 226.66387890602959487 64.064100321103566671 3.9881158579226632099 
 205.33054557269625207 51.747294578391560549 3.9881158579226632099 
 176.88610112825182341 51.747294578391560549 3.9881158579226632099 
 198.21943446158516622 64.064100321103566671 3.9881158579226632099 
 183.99721223936293768 64.064100321103566671 3.9881158579226632099 
 162.66387890602959487 51.747294578391560549 3.9881158579226632099 
 134.2194344615851378 51.747294578391560549 3.9881158579226632099 
 155.5527677949184806 64.064100321103566671 3.9881158579226632099 
 141.33054557269625207 64.064100321103566671 3.9881158579226632099 
 119.99721223936293768 51.747294578391560549 3.9881158579226632099 
 91.552767794918494815 51.747294578391560549 3.9881158579226632099 
 112.88610112825182341 64.064100321103566671 3.9881158579226632099 
 98.663878906029623295 64.064100321103566671 3.9881158579226632099 
 77.330545572696266277 51.747294578391560549 3.9881158579226632099 
 48.886101128251823411 51.747294578391560549 3.9881158579226632099 
 70.219434461585152008 64.064100321103566671 3.9881158579226632099 
 55.997212239362944786 64.064100321103566671 3.9881158579226632099 
 34.663878906029587768 51.747294578391560549 3.9881158579226632099 
 6.2194344615851484548 51.74729457839157476 3.9881158579226632099 
 27.552767794918473498 64.064100321103566671 3.9881158579226632099 
 13.330545572696266277 64.064100321103580882 3.9881158579226632099 
 247.99721223936293768 76.380906063815601215 3.9881158579226632099 
 219.55276779491850903 76.380906063815601215 3.9881158579226632099 
 240.88610112825182341 88.697711806527607337 3.9881158579226632099 
 226.66387890602959487 88.697711806527607337 3.9881158579226632099 
 205.33054557269625207 76.380906063815601215 3.9881158579226632099 
 176.88610112825182341 76.380906063815601215 3.9881158579226632099 
 198.21943446158516622 88.697711806527607337 3.9881158579226632099 
 183.99721223936293768 88.697711806527607337 3.9881158579226632099 
 162.66387890602959487 76.380906063815601215 3.9881158579226632099 
 134.2194344615851378 76.380906063815601215 3.9881158579226632099 
 155.5527677949184806 88.697711806527607337 3.9881158579226632099 
 141.33054557269625207 88.697711806527607337 3.9881158579226632099 
 119.99721223936293768 76.380906063815601215 3.9881158579226632099 
 91.552767794918494815 76.380906063815601215 3.9881158579226632099 
 112.88610112825182341 88.697711806527607337 3.9881158579226632099 
 98.663878906029623295 88.697711806527607337 3.9881158579226632099 
 77.330545572696266277 76.380906063815601215 3.9881158579226632099 
 48.886101128251823411 76.380906063815601215 3.9881158579226632099 
 70.219434461585152008 88.697711806527607337 3.9881158579226632099 
 55.997212239362944786 88.697711806527607337 3.9881158579226632099 
 34.663878906029587768 76.380906063815601215 3.9881158579226632099 
 6.2194344615851484548 76.380906063815601215 3.9881158579226632099 
 27.552767794918473498 88.697711806527607337 3.9881158579226632099 
 13.330545572696266277 88.697711806527607337 3.9881158579226632099 
 247.99721223936293768 101.01451754923961346 3.9881158579226632099 
 219.55276779491850903 101.01451754923961346 3.9881158579226632099 
 240.88610112825182341  113.331323291951648 3.9881158579226632099 
 226.66387890602959487  113.331323291951648 3.9881158579226632099 
 205.33054557269625207 101.01451754923961346 3.9881158579226632099 
 176.88610112825182341 101.01451754923961346 3.9881158579226632099 
 198.21943446158516622  113.331323291951648 3.9881158579226632099 
 183.99721223936293768  113.331323291951648 3.9881158579226632099 
 162.66387890602959487 101.01451754923961346 3.9881158579226632099 
 134.2194344615851378 101.01451754923961346 3.9881158579226632099 
 155.5527677949184806  113.331323291951648 3.9881158579226632099 
 141.33054557269625207  113.331323291951648 3.9881158579226632099 
 119.99721223936293768 101.01451754923961346 3.9881158579226632099 
 91.552767794918494815 101.01451754923961346 3.9881158579226632099 
 112.88610112825182341  113.331323291951648 3.9881158579226632099 
 98.663878906029623295  113.331323291951648 3.9881158579226632099 
 77.330545572696266277 101.01451754923961346 3.9881158579226632099 
 48.886101128251823411 101.01451754923961346 3.9881158579226632099 
 70.219434461585152008  113.331323291951648 3.9881158579226632099 
 55.997212239362944786  113.331323291951648 3.9881158579226632099 
 34.663878906029587768 101.01451754923961346 3.9881158579226632099 
 6.2194344615851484548 101.01451754923961346 3.9881158579226632099 
 27.552767794918473498  113.331323291951648 3.9881158579226632099 
 13.330545572696266277  113.331323291951648 3.9881158579226632099 
 247.99721223936293768 125.64812903466363991 3.9881158579226632099 
 219.55276779491850903 125.64812903466365412 3.9881158579226632099 
 240.88610112825182341 137.96493477737567446 3.9881158579226632099 
 226.66387890602959487 137.96493477737567446 3.9881158579226632099 
 205.33054557269625207 125.64812903466365412 3.9881158579226632099 
 176.88610112825182341 125.64812903466365412 3.9881158579226632099 
 198.21943446158516622 137.96493477737567446 3.9881158579226632099 
 183.99721223936293768 137.96493477737567446 3.9881158579226632099 
 162.66387890602959487 125.64812903466365412 3.9881158579226632099 
 134.21943446158516622 125.64812903466365412 3.9881158579226632099 
 155.5527677949184806 137.96493477737567446 3.9881158579226632099 
 141.33054557269625207 137.96493477737567446 3.9881158579226632099 
 119.99721223936293768 125.64812903466365412 3.9881158579226632099 
 91.552767794918494815 125.64812903466365412 3.9881158579226632099 
 112.88610112825182341 137.96493477737567446 3.9881158579226632099 
 98.663878906029623295 137.96493477737567446 3.9881158579226632099 
 77.330545572696266277 125.64812903466365412 3.9881158579226632099 
 48.886101128251823411 125.64812903466365412 3.9881158579226632099 
 70.219434461585152008 137.96493477737567446 3.9881158579226632099 
 55.997212239362944786 137.96493477737567446 3.9881158579226632099 
 34.663878906029587768 125.64812903466365412 3.9881158579226632099 
 6.2194344615851484548 125.64812903466366834 3.9881158579226632099 
 27.552767794918473498 137.96493477737567446 3.9881158579226632099 
 13.330545572696266277 137.96493477737567446 3.9881158579226632099 
 247.99721223936293768 150.28174052008768058 3.9881158579226632099 
 219.55276779491850903 150.28174052008768058 3.9881158579226632099 
 240.88610112825182341 162.5985462627996867 3.9881158579226632099 
 226.66387890602959487 162.5985462627996867 3.9881158579226632099 
 205.33054557269625207 150.28174052008768058 3.9881158579226632099 
 176.88610112825182341 150.28174052008768058 3.9881158579226632099 
 198.21943446158516622 162.5985462627996867 3.9881158579226632099 
 183.99721223936293768 162.5985462627996867 3.9881158579226632099 
 162.66387890602959487 150.28174052008768058 3.9881158579226632099 
 134.21943446158516622 150.28174052008768058 3.9881158579226632099 
 155.55276779491850903 162.5985462627996867 3.9881158579226632099 
 141.33054557269625207 162.5985462627996867 3.9881158579226632099 
 119.99721223936293768 150.28174052008768058 3.9881158579226632099 
 91.552767794918494815 150.28174052008768058 3.9881158579226632099 
 112.88610112825182341 162.5985462627996867 3.9881158579226632099 
 98.663878906029623295 162.5985462627996867 3.9881158579226632099 
 77.330545572696266277 150.28174052008768058 3.9881158579226632099 
 48.886101128251823411 150.28174052008768058 3.9881158579226632099 
 70.219434461585152008 162.5985462627996867 3.9881158579226632099 
 55.997212239362944786 162.5985462627996867 3.9881158579226632099 
 34.663878906029587768 150.28174052008768058 3.9881158579226632099 
 6.2194344615851484548 150.28174052008768058 3.9881158579226632099 
 27.552767794918473498 162.5985462627996867 3.9881158579226632099 
 13.330545572696266277 162.5985462627996867 3.9881158579226632099 
 247.99721223936293768 174.91535200551169282 3.9881158579226632099 
 219.55276779491850903 174.91535200551169282 3.9881158579226632099 
 240.88610112825182341 187.23215774822369895 3.9881158579226632099 
 226.66387890602959487 187.23215774822369895 3.9881158579226632099 
 205.33054557269625207 174.91535200551169282 3.9881158579226632099 
 176.88610112825182341 174.91535200551169282 3.9881158579226632099 
 198.21943446158516622 187.23215774822369895 3.9881158579226632099 
 183.99721223936293768 187.23215774822369895 3.9881158579226632099 
 162.66387890602959487 174.91535200551169282 3.9881158579226632099 
 134.21943446158516622 174.91535200551169282 3.9881158579226632099 
 155.55276779491850903 187.23215774822369895 3.9881158579226632099 
 141.33054557269625207 187.23215774822369895 3.9881158579226632099 
 119.99721223936293768 174.91535200551169282 3.9881158579226632099 
 91.552767794918494815 174.91535200551169282 3.9881158579226632099 
 112.88610112825182341 187.23215774822369895 3.9881158579226632099 
 98.663878906029623295 187.23215774822369895 3.9881158579226632099 
 77.330545572696266277 174.91535200551169282 3.9881158579226632099 
 48.886101128251823411 174.91535200551169282 3.9881158579226632099 
 70.219434461585152008 187.23215774822369895 3.9881158579226632099 
 55.997212239362944786 187.23215774822369895 3.9881158579226632099 
 34.663878906029587768 174.91535200551169282 3.9881158579226632099 
 6.2194344615851484548 174.91535200551169282 3.9881158579226632099 
 27.552767794918473498 187.23215774822369895 3.9881158579226632099 
 13.330545572696266277 187.23215774822369895 3.9881158579226632099 
 247.99721223936293768 199.54896349093570507 3.9881158579226632099 
 219.55276779491850903 199.54896349093573349 3.9881158579226632099 
 240.88610112825182341 211.86576923364773961 3.9881158579226632099 
 226.66387890602959487 211.86576923364773961 3.9881158579226632099 
 205.33054557269625207 199.54896349093573349 3.9881158579226632099 
 176.88610112825182341 199.54896349093573349 3.9881158579226632099 
 198.21943446158516622 211.86576923364773961 3.9881158579226632099 
 183.99721223936293768 211.86576923364773961 3.9881158579226632099 
 162.66387890602962329 199.54896349093573349 3.9881158579226632099 
 134.21943446158516622 199.54896349093573349 3.9881158579226632099 
 155.55276779491850903 211.86576923364773961 3.9881158579226632099 
 141.33054557269625207 211.86576923364773961 3.9881158579226632099 
 119.99721223936293768 199.54896349093573349 3.9881158579226632099 
 91.552767794918494815 199.54896349093573349 3.9881158579226632099 
 112.88610112825182341 211.86576923364773961 3.9881158579226632099 
 98.663878906029623295 211.86576923364773961 3.9881158579226632099 
 77.330545572696266277 199.54896349093573349 3.9881158579226632099 
 48.886101128251823411 199.54896349093573349 3.9881158579226632099 
 70.219434461585152008 211.86576923364773961 3.9881158579226632099 
 55.997212239362944786 211.86576923364773961 3.9881158579226632099 
 34.663878906029587768 199.54896349093573349 3.9881158579226632099 
 6.2194344615851484548 199.54896349093576191 3.9881158579226632099 
 27.552767794918473498 211.86576923364773961 3.9881158579226632099 
 13.330545572696266277 211.86576923364773961 3.9881158579226632099 
 247.99721223936293768 224.18257497635977415 3.9881158579226632099 
 219.55276779491850903 224.18257497635977415 3.9881158579226632099 
 240.88610112825182341 236.49938071907178028 3.9881158579226632099 
 226.66387890602959487 236.49938071907178028 3.9881158579226632099 
 205.33054557269625207 224.18257497635977415 3.9881158579226632099 
 176.88610112825182341 224.18257497635977415 3.9881158579226632099 
 198.21943446158516622 236.49938071907178028 3.9881158579226632099 
 183.99721223936293768 236.49938071907178028 3.9881158579226632099 
 162.66387890602962329 224.18257497635977415 3.9881158579226632099 
 134.21943446158516622 224.18257497635977415 3.9881158579226632099 
 155.55276779491850903 236.49938071907178028 3.9881158579226632099 
 141.33054557269625207 236.49938071907178028 3.9881158579226632099 
 119.99721223936293768 224.18257497635977415 3.9881158579226632099 
 91.552767794918494815 224.18257497635977415 3.9881158579226632099 
 112.88610112825182341 236.49938071907178028 3.9881158579226632099 
 98.663878906029623295 236.49938071907178028 3.9881158579226632099 
 77.330545572696266277 224.18257497635977415 3.9881158579226632099 
 48.886101128251823411 224.18257497635977415 3.9881158579226632099 
 70.219434461585152008 236.49938071907178028 3.9881158579226632099 
 55.997212239362944786 236.49938071907178028 3.9881158579226632099 
 34.663878906029587768 224.18257497635977415 3.9881158579226632099 
 6.2194344615851484548 224.18257497635977415 3.9881158579226632099 
 27.552767794918473498 236.49938071907178028 3.9881158579226632099 
 13.330545572696266277 236.4993807190718087 3.9881158579226632099 
 247.99721223936293768 248.8161864617837864 3.9881158579226632099 
 219.55276779491853745 248.81618646178381482 3.9881158579226632099 
 240.88610112825182341 14.796877350255483563 3.9881158579226632099 
 226.66387890602959487 14.796877350255483563 3.9881158579226632099 
 205.33054557269628049 248.81618646178381482 3.9881158579226632099 
 176.88610112825182341 248.81618646178381482 3.9881158579226632099 
 198.21943446158516622 14.796877350255483563 3.9881158579226632099 
 183.99721223936293768 14.796877350255483563 3.9881158579226632099 
 162.66387890602962329 248.81618646178381482 3.9881158579226632099 
 134.21943446158516622 248.81618646178381482 3.9881158579226632099 
 155.5527677949184806 14.796877350255483563 3.9881158579226632099 
 141.33054557269625207 14.796877350255483563 3.9881158579226632099 
 119.99721223936293768 248.81618646178381482 3.9881158579226632099 
 91.552767794918494815 248.81618646178381482 3.9881158579226632099 
 112.88610112825182341 14.796877350255483563 3.9881158579226632099 
 98.663878906029623295 14.796877350255483563 3.9881158579226632099 
 77.330545572696266277 248.81618646178381482 3.9881158579226632099 
 48.886101128251837622 248.81618646178381482 3.9881158579226632099 
 70.219434461585152008 14.796877350255483563 3.9881158579226632099 
 55.997212239362944786 14.796877350255483563 3.9881158579226632099 
 34.663878906029601978 248.81618646178381482 3.9881158579226632099 
 6.2194344615851626656 248.81618646178384324 3.9881158579226632099 
 27.552767794918473498 14.796877350255483563 3.9881158579226632099 
 13.330545572696266277 14.796877350255497774 3.9881158579226632099 
