 172.72194581422135684 6.3934225014950722965 3.9881158579226632099 
 158.98433406255460909 10.074404476286476395 3.9881158579226632099 
 135.19009253401253545 3.6987566742025399513 3.9881158579226632099 
 107.71486903067902574 11.060720623785346817 3.9881158579226632099 
 131.50911055922111359 17.436368425869297027 3.9881158579226632099 
 117.77149880755436584 21.117350400660701126 3.9881158579226632099 
 93.97725727901226378 14.741702598576765126 3.9881158579226632099 
 66.502033775678768279 22.103666548159573324 3.9881158579226632099 
 90.296275304220856128 28.479314350243519982 3.9881158579226632099 
 76.558663552554122589 32.160296325034920528 3.9881158579226632099 
 52.764422024012006318 25.78464852295097387 3.9881158579226632099 
 25.289198520678525028 33.146612472533782068 3.9881158579226632099 
 49.083440049220591561 39.522260274617728726 3.9881158579226632099 
 35.345828297553865127 43.203242249409136377 3.9881158579226632099 
 11.551586769011752409 36.827594447325196825 3.9881158579226632099 
 7.8706047942203358758 50.565206198991958786 3.9881158579226632099 
 223.99141084609698282 5.4071063539961867761 3.9881158579226632099 
 196.5161873427634589 12.769070303579008296 3.9881158579226632099 
 220.31042887130553254 19.14471810566294252 3.9881158579226632099 
 206.57281711963881321 22.825700080454346619 3.9881158579226632099 
 182.77857559109671115 16.45005227837042483 3.9881158579226632099 
 155.30335208776321565 23.812016227953233027 3.9881158579226632099 
 179.09759361630528929 30.187664030037154816 3.9881158579226632099 
 165.35998186463854154 33.868646004828555363 3.9881158579226632099 
 141.5657403360964679 27.492998202744637126 3.9881158579226632099 
 114.09051683276295819 34.854962152327445324 3.9881158579226632099 
 137.88475836130504604 41.230609954411377771 3.9881158579226632099 
 124.14714660963829829 44.911591929202785423 3.9881158579226632099 
 100.35290508109619623 38.535944127118860081 3.9881158579226632099 
 72.877681577762700726 45.897908076701668278 3.9881158579226632099 
 96.671923106304788575 52.273555878785600726 3.9881158579226632099 
 82.934311354638055036 55.954537853577008377 3.9881158579226632099 
 59.140069826095945871 49.578890051493068825 3.9881158579226632099 
 31.664846322762461028 56.940854001075891233 3.9881158579226632099 
 55.459087851304531114 63.316501803159816575 3.9881158579226632099 
 41.721476099637797574 66.997483777951217121 3.9881158579226632099 
 17.927234571095688409 60.621835975867298885 3.9881158579226632099 
 14.246252596304271876 74.359447727534032424 3.9881158579226632099 
 230.36705864818088685 29.20134788253829683 3.9881158579226632099 
 202.89183514484739135 36.563311832121101475 3.9881158579226632099 
 226.68607667338946499 42.938959634205055238 3.9881158579226632099 
 212.94846492172274566 46.619941608996455784 3.9881158579226632099 
 189.15422339318061518 40.244293806912509126 3.9881158579226632099 
 161.67899988984717652 47.606257756495331535 3.9881158579226632099 
 185.47324141838925016 53.981905558579263982 3.9881158579226632099 
 171.73562966672250241 57.662887533370664528 3.9881158579226632099 
 147.94138813818040035 51.287239731286732081 3.9881158579226632099 
 120.46616463484689064 58.649203680869540278 3.9881158579226632099 
 144.26040616338897848 65.024851482953494042 3.9881158579226632099 
 130.52279441172225916 68.705833457744887482 3.9881158579226632099 
 106.72855288318014289 62.330185655660955035 3.9881158579226632099 
 79.253329379846633174 69.692149605243770338 3.9881158579226632099 
 103.04757090838873523 76.067797407327716996 3.9881158579226632099 
 89.309959156721987483 79.748779382119096226 3.9881158579226632099 
 65.515717628179885423 73.373131580035163779 3.9881158579226632099 
 38.040494124846397028 80.735095529617979082 3.9881158579226632099 
 61.834735653388463561 87.11074333170192574 3.9881158579226632099 
 48.097123901721737127 90.791725306493333392 3.9881158579226632099 
 24.302882373179624409 84.416077504409386734 3.9881158579226632099 
 20.621900398388206099 98.153689256076148695 3.9881158579226632099 
 6.8842886467214778889 101.83467123086754214 3.9881158579226632099 
 236.74270645026484772 52.995589411080381126 3.9881158579226632099 
 209.2674829469313238 60.357553360663182218 3.9881158579226632099 
 233.06172447547339743 66.733201162747135982 3.9881158579226632099 
 219.32411272380664968 70.414183137538543633 3.9881158579226632099 
 195.52987119526457604 64.038535335454582764 3.9881158579226632099 
 168.05464769193108054 71.400499285037412278 3.9881158579226632099 
 191.84888922047315418 77.776147087121344725 3.9881158579226632099 
 178.11127746880643485 81.457129061912752377 3.9881158579226632099 
 154.31703594026433279 75.08148125982881993 3.9881158579226632099 
 126.84181243693082308 82.443445209411621022 3.9881158579226632099 
 150.63605396547293935 88.819093011495553469 3.9881158579226632099 
 136.89844221380616318 92.500074986286975331 3.9881158579226632099 
 113.10420068526407533 86.124427184203042884 3.9881158579226632099 
 85.628977181930579832 93.486391133785843977 3.9881158579226632099 
 109.42321871047265347 99.862038935869776424 3.9881158579226632099 
 95.68560695880591993 103.54302091066118408 3.9881158579226632099 
 71.891365430263817871 97.167373108577251628 3.9881158579226632099 
 44.416141926930329475 104.52933705816005272 3.9881158579226632099 
 68.210383455472396008 110.90498486024399938 3.9881158579226632099 
 54.472771703805669574 114.58596683503540703 3.9881158579226632099 
 30.678530175263560409 108.21031903295147458 3.9881158579226632099 
 3.2033066719300742342 115.57228298253427567 3.9881158579226632099 
 26.997548200472142099 121.94793078461823654 3.9881158579226632099 
 13.259936448805413889 125.62891275940961577 3.9881158579226632099 
 243.11835425234878016 76.78983093962247608 3.9881158579226632099 
 215.64313074901528466 84.151794889205291383 3.9881158579226632099 
 239.4373722775573583 90.527442691289238041 3.9881158579226632099 
 225.69976052589061055 94.208424666080631482 3.9881158579226632099 
 201.90551899734850849 87.832776863996699035 3.9881158579226632099 
 174.43029549401501299 95.194740813579500127 3.9881158579226632099 
 198.22453702255708663  101.570388615663461 3.9881158579226632099 
 184.4869252708903673 105.25137059045485444 3.9881158579226632099 
 160.69268374234826524 98.875722788370907779 3.9881158579226632099 
 133.21746023901476974 106.23768673795372308 3.9881158579226632099 
 157.01170176755684338 112.61333454003766974 3.9881158579226632099 
 143.27409001589012405 116.29431651482907739 3.9881158579226632099 
 119.47984848734800778 109.91866871274513073 3.9881158579226632099 
 92.004624984014512279 117.28063266232794604 3.9881158579226632099 
 115.79886651255660013 123.65628046441189269 3.9881158579226632099 
 102.06125476088986659 127.33726243920328614 3.9881158579226632099 
 78.267013232347750318 120.96161463711935369 3.9881158579226632099 
 50.791789729014269028 128.3235785867021832 3.9881158579226632099 
 74.586031257556328455 134.69922638878611565 3.9881158579226632099 
 60.848419505889609127 138.38020836357750909 3.9881158579226632099 
 37.054177977347492856 132.00456056149357664 3.9881158579226632099 
  9.57895447401400979 139.36652451107636352 3.9881158579226632099 
 33.373196002556078099 145.74217231316032439 3.9881158579226632099 
 19.635584250889348112 149.42315428795171783 3.9881158579226632099 
 249.49400205443271261 100.58407246816456393 3.9881158579226632099 
 222.01877855109918869 107.94603641774739344 3.9881158579226632099 
 245.81302007964129075 114.32168421983131168 3.9881158579226632099 
  232.075408327974543 118.00266619462271933 3.9881158579226632099 
 208.28116679943244094 111.62701839253880109 3.9881158579226632099 
 180.80594329609894544 118.98898234212160219 3.9881158579226632099 
 204.6001848246410475 125.36463014420553463 3.9881158579226632099 
 190.86257307297427133 129.04561211899692807 3.9881158579226632099 
 167.06833154443219769 122.66996431691302405 3.9881158579226632099 
 139.59310804109870219 130.03192826649583935 3.9881158579226632099 
 163.38734956964080425 136.40757606857974338 3.9881158579226632099 
 149.64973781797402808 140.08855804337116524 3.9881158579226632099 
 125.85549628943194023 133.71291024128723279 3.9881158579226632099 
 98.380272786098444726 141.0748741908700481 3.9881158579226632099 
 122.17451431464053258 147.45052199295398054 3.9881158579226632099 
 108.43690256297379904 151.13150396774537398 3.9881158579226632099 
 84.642661034431682765 144.75585616566144154 3.9881158579226632099 
 57.167437531098201475 152.11782011524428526 3.9881158579226632099 
 80.961679059640275113 158.49346791732818929 3.9881158579226632099 
 67.224067307973541574 162.17444989211961115 3.9881158579226632099 
 43.429825779431432409 155.7988020900356787 3.9881158579226632099 
 15.95460227609794579 163.16076603961849401 3.9881158579226632099 
 39.748843804640010546 169.53641384170239803 3.9881158579226632099 
 26.011232052973284112 173.21739581649381989 3.9881158579226632099 
 255.86964985651664506 124.37831399670665178 3.9881158579226632099 
 228.39442635318312114 131.74027794628946708 3.9881158579226632099 
 252.18866788172519477 138.11592574837337111 3.9881158579226632099 
 238.45105613005847545 141.79690772316479297 3.9881158579226632099 
 214.65681460151637339 135.42125992108086052 3.9881158579226632099 
 187.18159109818287789 142.78322387066367583 3.9881158579226632099 
 210.97583262672497995 149.15887167274757985 3.9881158579226632099 
 197.2382208750582322 152.83985364753903013 3.9881158579226632099 
 173.44397934651615856 146.46420584545506927 3.9881158579226632099 
 145.96875584318263464 153.82616979503791299 3.9881158579226632099 
 169.76299737172470827 160.20181759712181702 3.9881158579226632099 
 156.02538562005796052 163.88279957191323888 3.9881158579226632099 
 132.23114409151588688 157.50715176982930643 3.9881158579226632099 
 104.75592058818237717 164.86911571941212173 3.9881158579226632099 
 128.5501621167244366 171.24476352149605418 3.9881158579226632099 
 114.81255036505771727 174.92574549628744762 3.9881158579226632099 
 91.018308836515629423 168.55009769420351518 3.9881158579226632099 
 63.543085333182126817 175.91206164378633048 3.9881158579226632099 
 87.337326861724207561 182.28770944587026293 3.9881158579226632099 
 73.599715110057474021 185.96869142066168479 3.9881158579226632099 
 49.805473581515364856 179.59304361857772392 3.9881158579226632099 
 22.330250078181880014 186.95500756816053922 3.9881158579226632099 
 46.124491606723950099 193.33065537024450009 3.9881158579226632099 
 32.38687985505721656 197.01163734503589353 3.9881158579226632099 
 234.77007415526708201 155.53451947483156914 3.9881158579226632099 
 244.82670393214240789 165.59114925170689503 3.9881158579226632099 
 221.03246240360030583 159.21550144962296258 3.9881158579226632099 
 193.55723890026683875 166.57746539920577789 3.9881158579226632099 
 217.35148042880891239 172.95311320128971033 3.9881158579226632099 
 203.61386867714219306 176.63409517608110377 3.9881158579226632099 
 179.81962714860006258 170.25844737399717133 3.9881158579226632099 
 152.3444036452665955 177.62041132357998663 3.9881158579226632099 
 176.13864517380866914 183.99605912566391908 3.9881158579226632099 
 162.40103342214192139 187.67704110045534094 3.9881158579226632099 
 138.60679189359981933 181.30139329837140849 3.9881158579226632099 
 111.13156839026630962 188.66335724795422379 3.9881158579226632099 
 134.92580991880839747 195.03900505003815624 3.9881158579226632099 
 121.18819816714166393 198.71998702482954968 3.9881158579226632099 
 97.39395663859956187 192.34433922274564566 3.9881158579226632099 
 69.918733135266080581 199.70630317232843254 3.9881158579226632099 
 93.712974663808140008 206.08195097441236499 3.9881158579226632099 
 79.975362912141406468 209.76293294920375843 3.9881158579226632099 
 56.181121383599304409 203.3872851471198544 3.9881158579226632099 
 28.705897880265816013 210.7492490967026697 3.9881158579226632099 
 52.500139408807882546 217.12489689878657373 3.9881158579226632099 
 38.762527657141156112 220.80587887357799559 3.9881158579226632099 
 241.14572195735101445 179.3287610033736712 3.9881158579226632099 
 251.20235173422634034 189.38539078024899709 3.9881158579226632099 
 227.4081102056842667 183.00974297816509306 3.9881158579226632099 
 199.93288670235074278 190.37170692774787994 3.9881158579226632099 
 223.72712823089284484 196.74735472983181239 3.9881158579226632099 
 209.98951647922609709 200.42833670462320583 3.9881158579226632099 
 186.19527495068399503 194.05268890253930181 3.9881158579226632099 
 158.72005144735049953 201.41465285212208869 3.9881158579226632099 
 182.51429297589260159 207.79030065420602114 3.9881158579226632099 
 168.77668122422585384 211.47128262899741458 3.9881158579226632099 
 144.98243969568375178 205.09563482691353897 3.9881158579226632099 
 117.50721619235025628 212.45759877649635428 3.9881158579226632099 
 141.30145772089235834 218.83324657858022988 3.9881158579226632099 
 127.56384596922559638 222.51422855337165174 3.9881158579226632099 
 103.76960444068349432 216.13858075128771929 3.9881158579226632099 
 76.294380937350013028 223.50054470087056302 3.9881158579226632099 
 100.08862246589207246 229.87619250295446705 3.9881158579226632099 
 86.351010714225353126 233.55717447774588891 3.9881158579226632099 
 62.556769185683236856 227.18152667566195646 3.9881158579226632099 
 35.081545682349755566 234.54349062524477176 3.9881158579226632099 
 58.875787210891822099 240.91913842732867579 3.9881158579226632099 
 45.138175459225088559 244.60012040212009765 3.9881158579226632099 
 247.5213697594349469 203.12300253191577326 3.9881158579226632099 
 233.78375800776819915 206.8039845067071667 3.9881158579226632099 
 206.30853450443470365 214.16594845629001043 3.9881158579226632099 
 230.10277603297677729 220.54159625837388603 3.9881158579226632099 
 216.36516428131002954 224.22257823316530789 3.9881158579226632099 
 192.5709227527679559 217.84693043108137545 3.9881158579226632099 
 165.0956992494344604 225.20889438066419075 3.9881158579226632099 
 188.88994077797653404 231.5845421827481232 3.9881158579226632099 
 175.15232902630978629 235.26552415753951664 3.9881158579226632099 
 151.35808749776771265 228.88987635545561261 3.9881158579226632099 
 123.88286399443418873 236.25184030503842791 3.9881158579226632099 
 147.67710552297626236 242.62748810712233194 3.9881158579226632099 
 133.93949377130954304 246.3084700819137538 3.9881158579226632099 
 110.14525224276742676 239.93282227982982135 3.9881158579226632099 
 82.670028739433945475 247.29478622941263666 3.9881158579226632099 
 106.46427026797601911 253.67043403149654068 3.9881158579226632099 
 68.932416987767169303 250.9757682042040301 3.9881158579226632099 
