 102.65920396620032307 4.5283614062678498868 4.1234258020918561627 
 80.03178696823079008 4.528361406267835676 4.1234258020918561627 
 80.031786968230804291 27.155778404237381096 4.1234258020918561627 
 91.345495467215556573 15.842069905252607498 4.1234258020918561627 
 68.718078469246023587 15.842069905252607498 4.1234258020918561627 
 57.404369970261278411 27.155778404237352674 4.1234258020918561627 
 57.404369970261292622 49.78319540220688566 4.1234258020918561627 
 68.718078469246037798 38.469486903222126273 4.1234258020918561627 
 46.090661471276519023 38.469486903222112062 4.1234258020918561627 
 34.776952972291752531 49.78319540220688566 4.1234258020918561627 
 34.776952972291752531 72.410612400176432857 4.1234258020918561627 
 46.090661471276519023 61.096903901191659259 4.1234258020918561627 
 23.46324447330697538 61.096903901191659259 4.1234258020918561627 
 12.149535974322217768 72.410612400176418646 4.1234258020918561627 
 12.149535974322231979 95.038029398145965843 4.1234258020918561627 
 23.46324447330698959 83.724320899161185139 4.1234258020918561627 
 147.91403796213936062 4.5283614062678498868 4.1234258020918561627 
 125.28662096416984184 4.528361406267835676 4.1234258020918561627 
 125.28662096416984184 27.155778404237366885 4.1234258020918561627 
 136.60032946315462254 15.842069905252607498 4.1234258020918561627 
 113.97291246518508956 15.842069905252607498 4.1234258020918561627 
 102.65920396620032307 27.155778404237366885 4.1234258020918561627 
 102.65920396620032307 49.783195402206899871 4.1234258020918561627 
 113.97291246518508956 38.469486903222126273 4.1234258020918561627 
 91.345495467215570784 38.469486903222126273 4.1234258020918561627 
 80.031786968230818502 49.78319540220688566 4.1234258020918561627 
 80.031786968230818502 72.410612400176404435 4.1234258020918561627 
 91.345495467215570784 61.096903901191645048 4.1234258020918561627 
 68.71807846924606622 61.096903901191645048 4.1234258020918561627 
 57.404369970261278411 72.410612400176418646 4.1234258020918561627 
 57.404369970261278411 95.038029398145951632 4.1234258020918561627 
 68.718078469246037798 83.724320899161185139 4.1234258020918561627 
 46.090661471276519023 83.724320899161185139 4.1234258020918561627 
 34.776952972291752531 95.038029398145951632 4.1234258020918561627 
 34.776952972291752531 117.66544639611548462 4.1234258020918561627 
 46.090661471276519023 106.35173789713070391 4.1234258020918561627 
 23.46324447330698959 106.35173789713071812 4.1234258020918561627 
 12.14953597432224619 117.66544639611547041 4.1234258020918561627 
 12.149535974322231979 140.29286339408500339 4.1234258020918561627 
 23.463244473307003801 128.9791548951002369 4.1234258020918561627 
 170.5414549601088936 4.528361406267835676 4.1234258020918561627 
 170.5414549601088936 27.155778404237366885 4.1234258020918561627 
 181.85516345909366009 15.842069905252593287 4.1234258020918561627 
 159.22774646112409869 15.842069905252607498 4.1234258020918561627 
 147.91403796213936062 27.155778404237352674 4.1234258020918561627 
 147.91403796213936062 49.78319540220688566 4.1234258020918561627 
 159.22774646112412711 38.469486903222126273 4.1234258020918561627 
 136.60032946315459412 38.469486903222126273 4.1234258020918561627 
 125.28662096416984184 49.783195402206871449 4.1234258020918561627 
 125.28662096416984184 72.410612400176418646 4.1234258020918561627 
 136.60032946315462254 61.096903901191645048 4.1234258020918561627 
 113.97291246518507535 61.096903901191645048 4.1234258020918561627 
 102.65920396620032307 72.410612400176404435 4.1234258020918561627 
 102.65920396620033728 95.03802939814592321 4.1234258020918561627 
 113.97291246518508956 83.724320899161156717 4.1234258020918561627 
 91.345495467215570784 83.724320899161156717 4.1234258020918561627 
 80.031786968230804291 95.038029398145937421 4.1234258020918561627 
 80.031786968230804291 117.66544639611547041 4.1234258020918561627 
 91.345495467215556573 106.3517378971306897 4.1234258020918561627 
 68.718078469246037798 106.3517378971306897 4.1234258020918561627 
  57.4043699702612642 117.66544639611547041 4.1234258020918561627 
  57.4043699702612642 140.29286339408500339 4.1234258020918561627 
 68.718078469246037798 128.9791548951002369 4.1234258020918561627 
 46.090661471276490602 128.9791548951002369 4.1234258020918561627 
 34.776952972291752531 140.29286339408497497 4.1234258020918561627 
 34.776952972291766741 162.92028039205450796 4.1234258020918561627 
 46.090661471276519023 151.60657189306974146 4.1234258020918561627 
 23.46324447330698959 151.60657189306974146 4.1234258020918561627 
 12.14953597432224619 162.92028039205447953 4.1234258020918561627 
 12.149535974322260401 185.54769739002404094 4.1234258020918561627 
 23.463244473307018012 174.23398889103924603 4.1234258020918561627 
 193.16887195807839817 27.155778404237352674 4.1234258020918561627 
 193.16887195807839817 49.783195402206871449 4.1234258020918561627 
 204.48258045706313624 38.469486903222097851 4.1234258020918561627 
 181.85516345909366009 38.469486903222126273 4.1234258020918561627 
 170.5414549601088936 49.783195402206871449 4.1234258020918561627 
 170.5414549601088936 72.410612400176390224 4.1234258020918561627 
 181.85516345909366009 61.096903901191630837 4.1234258020918561627 
 159.22774646112409869 61.096903901191645048 4.1234258020918561627 
 147.91403796213936062 72.410612400176404435 4.1234258020918561627 
 147.91403796213936062 95.03802939814592321 4.1234258020918561627 
 159.22774646112409869 83.724320899161156717 4.1234258020918561627 
 136.60032946315459412 83.724320899161156717 4.1234258020918561627 
 125.28662096416984184 95.03802939814592321 4.1234258020918561627 
 125.28662096416984184 117.66544639611542777 4.1234258020918561627 
 136.60032946315462254 106.35173789713067549 4.1234258020918561627 
 113.97291246518508956 106.35173789713067549 4.1234258020918561627 
 102.65920396620030886 117.6654463961154562 4.1234258020918561627 
 102.65920396620030886 140.29286339408497497 4.1234258020918561627 
 113.97291246518507535 128.97915489510020848 4.1234258020918561627 
 91.345495467215556573 128.9791548951002369 4.1234258020918561627 
 80.03178696823079008 140.29286339408500339 4.1234258020918561627 
 80.03178696823079008 162.92028039205450796 4.1234258020918561627 
 91.345495467215556573 151.60657189306974146 4.1234258020918561627 
 68.718078469246023587 151.60657189306974146 4.1234258020918561627 
 57.404369970261278411 162.92028039205447953 4.1234258020918561627 
  57.4043699702612642 185.54769739002404094 4.1234258020918561627 
 68.718078469246037798 174.23398889103924603 4.1234258020918561627 
 46.090661471276519023 174.23398889103924603 4.1234258020918561627 
 34.776952972291780952 185.54769739002404094 4.1234258020918561627 
 34.776952972291766741 208.17511438799351708 4.1234258020918561627 
 46.090661471276519023 196.86140588900875059 4.1234258020918561627 
 23.463244473307003801 196.86140588900877901 4.1234258020918561627 
 215.79628895604790273 49.783195402206871449 4.1234258020918561627 
 215.79628895604790273 72.410612400176404435 4.1234258020918561627 
 227.10999745503269764 61.096903901191630837 4.1234258020918561627 
 204.48258045706316466 61.096903901191645048 4.1234258020918561627 
 193.16887195807842659 72.410612400176390224 4.1234258020918561627 
 193.16887195807842659 95.03802939814592321 4.1234258020918561627 
 204.48258045706316466 83.724320899161156717 4.1234258020918561627 
 181.85516345909366009 83.724320899161156717 4.1234258020918561627 
 170.5414549601088936 95.03802939814592321 4.1234258020918561627 
 170.5414549601088936 117.6654463961154562 4.1234258020918561627 
 181.85516345909366009 106.35173789713067549 4.1234258020918561627 
 159.22774646112412711 106.35173789713067549 4.1234258020918561627 
 147.91403796213936062 117.66544639611544198 4.1234258020918561627 
 147.91403796213938904 140.29286339408497497 4.1234258020918561627 
 159.22774646112412711 128.97915489510018006 4.1234258020918561627 
 136.60032946315462254 128.97915489510018006 4.1234258020918561627 
 125.28662096416984184 140.29286339408497497 4.1234258020918561627 
 125.28662096416984184 162.92028039205447953 4.1234258020918561627 
 136.60032946315462254 151.60657189306974146 4.1234258020918561627 
 113.97291246518507535 151.60657189306974146 4.1234258020918561627 
 102.65920396620030886 162.92028039205447953 4.1234258020918561627 
 102.65920396620030886 185.54769739002404094 4.1234258020918561627 
 113.97291246518507535 174.23398889103924603 4.1234258020918561627 
 91.345495467215556573 174.23398889103924603 4.1234258020918561627 
 80.031786968230818502 185.54769739002404094 4.1234258020918561627 
 80.031786968230818502 208.17511438799354551 4.1234258020918561627 
 91.345495467215570784 196.86140588900877901 4.1234258020918561627 
 68.718078469246037798 196.86140588900877901 4.1234258020918561627 
 57.404369970261292622 208.17511438799351708 4.1234258020918561627 
 57.404369970261292622 230.80253138596307849 4.1234258020918561627 
 68.71807846924606622 219.48882288697828358 4.1234258020918561627 
 46.090661471276533234 219.48882288697828358 4.1234258020918561627 
 238.42370595401746414 72.410612400176404435 4.1234258020918561627 
 238.42370595401746414 95.038029398145937421 4.1234258020918561627 
 249.73741445300223063 83.724320899161156717 4.1234258020918561627 
 227.10999745503269764 83.724320899161170928 4.1234258020918561627 
 215.79628895604793115 95.03802939814592321 4.1234258020918561627 
 215.79628895604793115 117.6654463961154562 4.1234258020918561627 
 227.10999745503272607 106.35173789713067549 4.1234258020918561627 
 204.48258045706316466 106.3517378971306897 4.1234258020918561627 
 193.16887195807842659 117.6654463961154562 4.1234258020918561627 
 193.16887195807842659 140.29286339408497497 4.1234258020918561627 
 204.48258045706319308 128.97915489510020848 4.1234258020918561627 
 181.85516345909366009 128.97915489510020848 4.1234258020918561627 
 170.54145496010892202 140.29286339408497497 4.1234258020918561627 
 170.54145496010892202 162.92028039205447953 4.1234258020918561627 
 181.85516345909366009 151.60657189306974146 4.1234258020918561627 
 159.22774646112415553 151.60657189306971304 4.1234258020918561627 
 147.91403796213936062 162.92028039205447953 4.1234258020918561627 
 147.91403796213938904 185.54769739002404094 4.1234258020918561627 
 159.22774646112412711 174.23398889103924603 4.1234258020918561627 
 136.60032946315462254 174.23398889103924603 4.1234258020918561627 
 125.28662096416984184 185.54769739002404094 4.1234258020918561627 
 125.28662096416984184 208.17511438799357393 4.1234258020918561627 
 136.60032946315462254 196.86140588900880743 4.1234258020918561627 
 113.97291246518507535 196.86140588900880743 4.1234258020918561627 
 102.65920396620032307 208.17511438799354551 4.1234258020918561627 
 102.65920396620032307 230.80253138596307849 4.1234258020918561627 
 113.97291246518510377 219.48882288697828358 4.1234258020918561627 
 91.345495467215570784 219.48882288697828358 4.1234258020918561627 
 80.031786968230832713 230.80253138596307849 4.1234258020918561627 
 80.031786968230846924 253.42994838393258306 4.1234258020918561627 
 91.345495467215584995 242.11623988494784498 4.1234258020918561627 
 68.71807846924606622 242.11623988494784498 4.1234258020918561627 
 249.73741445300220221 106.35173789713067549 4.1234258020918561627 
 238.42370595401746414 117.66544639611542777 4.1234258020918561627 
 238.42370595401746414 140.29286339408497497 4.1234258020918561627 
 249.73741445300223063 128.97915489510018006 4.1234258020918561627 
 227.10999745503269764 128.97915489510018006 4.1234258020918561627 
 215.79628895604790273 140.29286339408494655 4.1234258020918561627 
 215.79628895604790273 162.92028039205447953 4.1234258020918561627 
 227.10999745503269764 151.60657189306971304 4.1234258020918561627 
 204.48258045706316466 151.60657189306971304 4.1234258020918561627 
 193.16887195807842659 162.92028039205447953 4.1234258020918561627 
 193.16887195807842659 185.54769739002401252 4.1234258020918561627 
 204.48258045706319308 174.23398889103924603 4.1234258020918561627 
 181.85516345909366009 174.23398889103921761 4.1234258020918561627 
 170.5414549601088936 185.54769739002401252 4.1234258020918561627 
 170.5414549601088936 208.17511438799351708 4.1234258020918561627 
 181.85516345909366009 196.86140588900877901 4.1234258020918561627 
 159.22774646112409869 196.86140588900877901 4.1234258020918561627 
 147.91403796213936062 208.17511438799351708 4.1234258020918561627 
 147.91403796213936062 230.80253138596307849 4.1234258020918561627 
 159.22774646112409869 219.48882288697828358 4.1234258020918561627 
 136.60032946315459412 219.48882288697828358 4.1234258020918561627 
 125.28662096416984184 230.80253138596307849 4.1234258020918561627 
 125.28662096416984184 253.42994838393258306 4.1234258020918561627 
 136.60032946315462254 242.11623988494781656 4.1234258020918561627 
 113.97291246518507535 242.11623988494781656 4.1234258020918561627 
 102.65920396620032307 253.42994838393255463 4.1234258020918561627 
 249.73741445300220221 151.60657189306971304 4.1234258020918561627 
 238.42370595401743572 162.92028039205445111 4.1234258020918561627 
 238.42370595401746414 185.54769739002401252 4.1234258020918561627 
 249.73741445300220221 174.23398889103921761 4.1234258020918561627 
 227.10999745503269764 174.23398889103921761 4.1234258020918561627 
 215.79628895604790273 185.5476973900239841 4.1234258020918561627 
 215.79628895604793115 208.17511438799351708 4.1234258020918561627 
 227.10999745503269764 196.86140588900875059 4.1234258020918561627 
 204.48258045706316466 196.86140588900875059 4.1234258020918561627 
 193.16887195807839817 208.17511438799351708 4.1234258020918561627 
 193.16887195807839817 230.80253138596307849 4.1234258020918561627 
 204.48258045706316466 219.48882288697828358 4.1234258020918561627 
 181.85516345909363167 219.48882288697828358 4.1234258020918561627 
 170.5414549601088936 230.80253138596302165 4.1234258020918561627 
 170.5414549601088936 253.42994838393258306 4.1234258020918561627 
 181.85516345909366009 242.11623988494781656 4.1234258020918561627 
 159.22774646112409869 242.11623988494781656 4.1234258020918561627 
 147.91403796213936062 253.42994838393255463 4.1234258020918561627 
