 227.54872572275698417 11.283870438702187755 4.1234258020918561627 
 211.54872572275695575 27.28387043870218065 4.1234258020918561627 
 227.54872572275698417 27.28387043870218065 4.1234258020918561627 
 211.54872572275695575 11.283870438702187755 4.1234258020918561627 
 195.54872572275698417 11.283870438702187755 4.1234258020918561627 
 179.54872572275698417 27.28387043870218065 4.1234258020918561627 
 195.54872572275698417 27.28387043870218065 4.1234258020918561627 
 179.54872572275698417 11.283870438702187755 4.1234258020918561627 
 163.54872572275698417 11.283870438702187755 4.1234258020918561627 
 147.54872572275695575 27.28387043870218065 4.1234258020918561627 
 163.54872572275698417 27.28387043870218065 4.1234258020918561627 
 147.54872572275695575 11.283870438702187755 4.1234258020918561627 
 131.54872572275698417 11.283870438702187755 4.1234258020918561627 
 115.54872572275698417 27.28387043870218065 4.1234258020918561627 
 131.54872572275698417 27.28387043870218065 4.1234258020918561627 
 115.54872572275698417 11.283870438702187755 4.1234258020918561627 
 99.548725722756969958 11.283870438702187755 4.1234258020918561627 
 83.548725722756969958 27.28387043870218065 4.1234258020918561627 
 99.548725722756969958 27.28387043870218065 4.1234258020918561627 
 83.548725722756969958 11.283870438702187755 4.1234258020918561627 
 67.548725722756955747 11.283870438702187755 4.1234258020918561627 
 51.548725722756955747 27.28387043870218065 4.1234258020918561627 
 67.548725722756955747 27.28387043870218065 4.1234258020918561627 
 51.548725722756955747 11.283870438702187755 4.1234258020918561627 
 35.548725722756977063 11.283870438702187755 4.1234258020918561627 
 19.548725722756966405 27.28387043870218065 4.1234258020918561627 
 35.548725722756977063 27.28387043870218065 4.1234258020918561627 
 19.548725722756966405 11.283870438702187755 4.1234258020918561627 
 3.548725722756989498 11.283870438702201966 4.1234258020918561627 
 243.54872572275698417 27.28387043870218065 4.1234258020918561627 
 3.548725722756989498 27.283870438702194861 4.1234258020918561627 
 243.54872572275698417 11.283870438702187755 4.1234258020918561627 
 227.54872572275698417 43.283870438702173544 4.1234258020918561627 
 211.54872572275695575 59.28387043870218065 4.1234258020918561627 
 227.54872572275698417 59.28387043870218065 4.1234258020918561627 
 211.54872572275695575 43.283870438702173544 4.1234258020918561627 
 195.54872572275698417 43.283870438702173544 4.1234258020918561627 
 179.54872572275698417 59.28387043870218065 4.1234258020918561627 
 195.54872572275698417 59.28387043870218065 4.1234258020918561627 
 179.54872572275698417 43.283870438702173544 4.1234258020918561627 
 163.54872572275698417 43.283870438702173544 4.1234258020918561627 
 147.54872572275695575 59.28387043870218065 4.1234258020918561627 
 163.54872572275698417 59.28387043870218065 4.1234258020918561627 
 147.54872572275695575 43.283870438702173544 4.1234258020918561627 
 131.54872572275698417 43.283870438702173544 4.1234258020918561627 
 115.54872572275698417 59.28387043870218065 4.1234258020918561627 
 131.54872572275698417 59.28387043870218065 4.1234258020918561627 
 115.54872572275698417 43.283870438702173544 4.1234258020918561627 
 99.548725722756969958 43.283870438702173544 4.1234258020918561627 
 83.548725722756969958 59.28387043870218065 4.1234258020918561627 
 99.548725722756969958 59.28387043870218065 4.1234258020918561627 
 83.548725722756969958 43.283870438702173544 4.1234258020918561627 
 67.548725722756955747 43.283870438702173544 4.1234258020918561627 
 51.548725722756955747 59.28387043870218065 4.1234258020918561627 
 67.548725722756955747 59.28387043870218065 4.1234258020918561627 
 51.548725722756955747 43.283870438702173544 4.1234258020918561627 
 35.548725722756977063 43.283870438702173544 4.1234258020918561627 
 19.548725722756966405 59.28387043870218065 4.1234258020918561627 
 35.548725722756977063 59.28387043870218065 4.1234258020918561627 
 19.548725722756966405 43.283870438702173544 4.1234258020918561627 
 3.548725722756989498 43.283870438702187755 4.1234258020918561627 
 243.54872572275698417 59.28387043870218065 4.1234258020918561627 
 3.548725722756989498 59.283870438702194861 4.1234258020918561627 
 243.54872572275698417 43.283870438702173544 4.1234258020918561627 
 227.54872572275698417 75.283870438702194861 4.1234258020918561627 
 211.54872572275695575 91.283870438702194861 4.1234258020918561627 
 227.54872572275698417 91.283870438702194861 4.1234258020918561627 
 211.54872572275695575 75.283870438702194861 4.1234258020918561627 
 195.54872572275698417 75.283870438702194861 4.1234258020918561627 
 179.54872572275698417 91.283870438702194861 4.1234258020918561627 
 195.54872572275698417 91.283870438702194861 4.1234258020918561627 
 179.54872572275698417 75.283870438702194861 4.1234258020918561627 
 163.54872572275698417 75.283870438702194861 4.1234258020918561627 
 147.54872572275695575 91.283870438702194861 4.1234258020918561627 
 163.54872572275698417 91.283870438702194861 4.1234258020918561627 
 147.54872572275695575 75.283870438702194861 4.1234258020918561627 
 131.54872572275698417 75.283870438702194861 4.1234258020918561627 
 115.54872572275698417 91.283870438702194861 4.1234258020918561627 
 131.54872572275698417 91.283870438702194861 4.1234258020918561627 
 115.54872572275698417 75.283870438702194861 4.1234258020918561627 
 99.548725722756969958 75.283870438702194861 4.1234258020918561627 
 83.548725722756969958 91.283870438702194861 4.1234258020918561627 
 99.548725722756969958 91.283870438702194861 4.1234258020918561627 
 83.548725722756969958 75.283870438702194861 4.1234258020918561627 
 67.548725722756955747 75.283870438702194861 4.1234258020918561627 
 51.548725722756955747 91.283870438702194861 4.1234258020918561627 
 67.548725722756955747 91.283870438702194861 4.1234258020918561627 
 51.548725722756955747 75.283870438702194861 4.1234258020918561627 
 35.548725722756977063 75.283870438702194861 4.1234258020918561627 
 19.548725722756966405 91.283870438702194861 4.1234258020918561627 
 35.548725722756977063 91.283870438702194861 4.1234258020918561627 
 19.548725722756966405 75.283870438702194861 4.1234258020918561627 
 3.548725722756989498 75.283870438702194861 4.1234258020918561627 
 243.54872572275698417 91.283870438702194861 4.1234258020918561627 
 3.548725722756989498 91.283870438702194861 4.1234258020918561627 
 243.54872572275698417 75.283870438702194861 4.1234258020918561627 
 227.54872572275698417 107.28387043870218065 4.1234258020918561627 
 211.54872572275695575 123.28387043870218065 4.1234258020918561627 
 227.54872572275698417 123.28387043870218065 4.1234258020918561627 
 211.54872572275695575 107.28387043870218065 4.1234258020918561627 
 195.54872572275698417 107.28387043870218065 4.1234258020918561627 
 179.54872572275698417 123.28387043870218065 4.1234258020918561627 
 195.54872572275698417 123.28387043870218065 4.1234258020918561627 
 179.54872572275698417 107.28387043870218065 4.1234258020918561627 
 163.54872572275698417 107.28387043870218065 4.1234258020918561627 
 147.54872572275695575 123.28387043870218065 4.1234258020918561627 
 163.54872572275698417 123.28387043870218065 4.1234258020918561627 
 147.54872572275695575 107.28387043870218065 4.1234258020918561627 
 131.54872572275698417 107.28387043870218065 4.1234258020918561627 
 115.54872572275698417 123.28387043870218065 4.1234258020918561627 
 131.54872572275698417 123.28387043870218065 4.1234258020918561627 
 115.54872572275698417 107.28387043870218065 4.1234258020918561627 
 99.548725722756969958 107.28387043870218065 4.1234258020918561627 
 83.548725722756969958 123.28387043870218065 4.1234258020918561627 
 99.548725722756969958 123.28387043870218065 4.1234258020918561627 
 83.548725722756969958 107.28387043870218065 4.1234258020918561627 
 67.548725722756955747 107.28387043870218065 4.1234258020918561627 
 51.548725722756955747 123.28387043870218065 4.1234258020918561627 
 67.548725722756955747 123.28387043870218065 4.1234258020918561627 
 51.548725722756955747 107.28387043870218065 4.1234258020918561627 
 35.548725722756977063 107.28387043870218065 4.1234258020918561627 
 19.548725722756966405 123.28387043870218065 4.1234258020918561627 
 35.548725722756977063 123.28387043870218065 4.1234258020918561627 
 19.548725722756966405 107.28387043870218065 4.1234258020918561627 
 3.548725722756989498 107.28387043870218065 4.1234258020918561627 
 243.54872572275698417 123.28387043870218065 4.1234258020918561627 
 3.548725722756989498 123.28387043870218065 4.1234258020918561627 
 243.54872572275698417 107.28387043870218065 4.1234258020918561627 
 227.54872572275698417 139.28387043870219486 4.1234258020918561627 
 211.54872572275695575 155.28387043870219486 4.1234258020918561627 
 227.54872572275698417 155.28387043870219486 4.1234258020918561627 
 211.54872572275695575 139.28387043870219486 4.1234258020918561627 
 195.54872572275698417 139.28387043870219486 4.1234258020918561627 
 179.54872572275698417 155.28387043870219486 4.1234258020918561627 
 195.54872572275698417 155.28387043870219486 4.1234258020918561627 
 179.54872572275698417 139.28387043870219486 4.1234258020918561627 
 163.54872572275698417 139.28387043870219486 4.1234258020918561627 
 147.54872572275695575 155.28387043870219486 4.1234258020918561627 
 163.54872572275698417 155.28387043870219486 4.1234258020918561627 
 147.54872572275695575 139.28387043870219486 4.1234258020918561627 
 131.54872572275698417 139.28387043870219486 4.1234258020918561627 
 115.54872572275698417 155.28387043870219486 4.1234258020918561627 
 131.54872572275698417 155.28387043870219486 4.1234258020918561627 
 115.54872572275698417 139.28387043870219486 4.1234258020918561627 
 99.548725722756969958 139.28387043870219486 4.1234258020918561627 
 83.548725722756969958 155.28387043870219486 4.1234258020918561627 
 99.548725722756969958 155.28387043870219486 4.1234258020918561627 
 83.548725722756969958 139.28387043870219486 4.1234258020918561627 
 67.548725722756955747 139.28387043870219486 4.1234258020918561627 
 51.548725722756955747 155.28387043870219486 4.1234258020918561627 
 67.548725722756955747 155.28387043870219486 4.1234258020918561627 
 51.548725722756955747 139.28387043870219486 4.1234258020918561627 
 35.548725722756977063 139.28387043870219486 4.1234258020918561627 
 19.548725722756966405 155.28387043870219486 4.1234258020918561627 
 35.548725722756977063 155.28387043870219486 4.1234258020918561627 
 19.548725722756966405 139.28387043870219486 4.1234258020918561627 
 3.548725722756989498 139.28387043870219486 4.1234258020918561627 
 243.54872572275698417 155.28387043870219486 4.1234258020918561627 
 3.548725722756989498 155.28387043870219486 4.1234258020918561627 
 243.54872572275698417 139.28387043870219486 4.1234258020918561627 
 227.54872572275698417 171.28387043870219486 4.1234258020918561627 
 211.54872572275695575 187.28387043870222328 4.1234258020918561627 
 227.54872572275698417 187.28387043870222328 4.1234258020918561627 
 211.54872572275695575 171.28387043870219486 4.1234258020918561627 
 195.54872572275698417 171.28387043870219486 4.1234258020918561627 
 179.54872572275698417 187.28387043870222328 4.1234258020918561627 
 195.54872572275698417 187.28387043870222328 4.1234258020918561627 
 179.54872572275698417 171.28387043870219486 4.1234258020918561627 
 163.54872572275698417 171.28387043870219486 4.1234258020918561627 
 147.54872572275695575 187.28387043870222328 4.1234258020918561627 
 163.54872572275698417 187.28387043870222328 4.1234258020918561627 
 147.54872572275695575 171.28387043870219486 4.1234258020918561627 
 131.54872572275698417 171.28387043870219486 4.1234258020918561627 
 115.54872572275698417 187.28387043870222328 4.1234258020918561627 
 131.54872572275698417 187.28387043870222328 4.1234258020918561627 
 115.54872572275698417 171.28387043870219486 4.1234258020918561627 
 99.548725722756969958 171.28387043870219486 4.1234258020918561627 
 83.548725722756969958 187.28387043870222328 4.1234258020918561627 
 99.548725722756969958 187.28387043870222328 4.1234258020918561627 
 83.548725722756969958 171.28387043870219486 4.1234258020918561627 
 67.548725722756955747 171.28387043870219486 4.1234258020918561627 
 51.548725722756955747 187.28387043870222328 4.1234258020918561627 
 67.548725722756955747 187.28387043870222328 4.1234258020918561627 
 51.548725722756955747 171.28387043870219486 4.1234258020918561627 
 35.548725722756977063 171.28387043870219486 4.1234258020918561627 
 19.548725722756966405 187.28387043870222328 4.1234258020918561627 
 35.548725722756977063 187.28387043870222328 4.1234258020918561627 
 19.548725722756966405 171.28387043870219486 4.1234258020918561627 
 3.548725722756989498 171.28387043870219486 4.1234258020918561627 
 243.54872572275698417 187.28387043870222328 4.1234258020918561627 
 3.548725722756989498 187.28387043870222328 4.1234258020918561627 
 243.54872572275698417 171.28387043870219486 4.1234258020918561627 
 227.54872572275698417 203.28387043870219486 4.1234258020918561627 
 211.54872572275695575 219.28387043870219486 4.1234258020918561627 
 227.54872572275698417 219.28387043870219486 4.1234258020918561627 
 211.54872572275695575 203.28387043870219486 4.1234258020918561627 
 195.54872572275698417 203.28387043870219486 4.1234258020918561627 
 179.54872572275698417 219.28387043870219486 4.1234258020918561627 
 195.54872572275698417 219.28387043870219486 4.1234258020918561627 
 179.54872572275698417 203.28387043870219486 4.1234258020918561627 
 163.54872572275698417 203.28387043870219486 4.1234258020918561627 
 147.54872572275695575 219.28387043870219486 4.1234258020918561627 
 163.54872572275698417 219.28387043870219486 4.1234258020918561627 
 147.54872572275695575 203.28387043870219486 4.1234258020918561627 
 131.54872572275698417 203.28387043870219486 4.1234258020918561627 
 115.54872572275698417 219.28387043870219486 4.1234258020918561627 
 131.54872572275698417 219.28387043870219486 4.1234258020918561627 
 115.54872572275698417 203.28387043870219486 4.1234258020918561627 
 99.548725722756969958 203.28387043870219486 4.1234258020918561627 
 83.548725722756969958 219.28387043870219486 4.1234258020918561627 
 99.548725722756969958 219.28387043870219486 4.1234258020918561627 
 83.548725722756969958 203.28387043870219486 4.1234258020918561627 
 67.548725722756955747 203.28387043870219486 4.1234258020918561627 
 51.548725722756955747 219.28387043870219486 4.1234258020918561627 
 67.548725722756955747 219.28387043870219486 4.1234258020918561627 
 51.548725722756955747 203.28387043870219486 4.1234258020918561627 
 35.548725722756977063 203.28387043870219486 4.1234258020918561627 
 19.548725722756966405 219.28387043870219486 4.1234258020918561627 
 35.548725722756977063 219.28387043870219486 4.1234258020918561627 
 19.548725722756966405 203.28387043870219486 4.1234258020918561627 
 3.548725722756989498 203.28387043870219486 4.1234258020918561627 
 243.54872572275698417 219.28387043870219486 4.1234258020918561627 
 3.548725722756989498 219.28387043870219486 4.1234258020918561627 
 243.54872572275698417 203.28387043870219486 4.1234258020918561627 
 227.54872572275698417 235.28387043870216644 4.1234258020918561627 
 211.54872572275698417 251.28387043870219486 4.1234258020918561627 
 227.54872572275698417 251.28387043870219486 4.1234258020918561627 
 211.54872572275695575 235.28387043870216644 4.1234258020918561627 
 195.54872572275698417 235.28387043870216644 4.1234258020918561627 
 179.54872572275698417 251.28387043870219486 4.1234258020918561627 
 195.54872572275701259 251.28387043870219486 4.1234258020918561627 
 179.54872572275698417 235.28387043870216644 4.1234258020918561627 
 163.54872572275698417 235.28387043870216644 4.1234258020918561627 
 147.54872572275695575 251.28387043870219486 4.1234258020918561627 
 163.54872572275698417 251.28387043870219486 4.1234258020918561627 
 147.54872572275695575 235.28387043870216644 4.1234258020918561627 
 131.54872572275698417 235.28387043870216644 4.1234258020918561627 
 115.54872572275698417 251.28387043870219486 4.1234258020918561627 
 131.54872572275701259 251.28387043870219486 4.1234258020918561627 
 115.54872572275698417 235.28387043870216644 4.1234258020918561627 
 99.548725722756969958 235.28387043870216644 4.1234258020918561627 
 83.548725722756969958 251.28387043870219486 4.1234258020918561627 
 99.548725722756969958 251.28387043870219486 4.1234258020918561627 
 83.548725722756969958 235.28387043870216644 4.1234258020918561627 
 67.548725722756955747 235.28387043870216644 4.1234258020918561627 
 51.548725722756969958 251.28387043870219486 4.1234258020918561627 
 67.548725722756955747 251.28387043870219486 4.1234258020918561627 
 51.548725722756955747 235.28387043870216644 4.1234258020918561627 
 35.548725722756977063 235.28387043870216644 4.1234258020918561627 
 19.548725722756980616 251.28387043870219486 4.1234258020918561627 
 35.548725722756991274 251.28387043870219486 4.1234258020918561627 
 19.548725722756966405 235.28387043870216644 4.1234258020918561627 
 3.548725722756989498 235.28387043870219486 4.1234258020918561627 
 243.54872572275698417 251.28387043870219486 4.1234258020918561627 
 3.5487257227570041529 251.28387043870222328 4.1234258020918561627 
 243.54872572275698417 235.28387043870216644 4.1234258020918561627 
