 6.895372684671801089 18.411430012841215387 4.1234258020918561627 
 18.209081183656557812 34.411430012841222492 4.1234258020918561627 
 6.895372684671801089 50.411430012841229598 4.1234258020918561627 
 18.209081183656557812 66.411430012841222492 4.1234258020918561627 
 6.895372684671801089 82.411430012841222492 4.1234258020918561627 
 18.209081183656557812 98.411430012841222492 4.1234258020918561627 
 6.895372684671801089 114.4114300128412367 4.1234258020918561627 
 18.209081183656557812 130.41143001284120828 4.1234258020918561627 
 6.895372684671801089 146.41143001284120828 4.1234258020918561627 
 18.209081183656557812 162.4114300128412367 4.1234258020918561627 
 6.895372684671801089 178.4114300128412367 4.1234258020918561627 
 18.209081183656557812 194.4114300128412367 4.1234258020918561627 
 6.895372684671801089 210.41143001284120828 4.1234258020918561627 
 18.209081183656557812 226.4114300128412367 4.1234258020918561627 
 6.895372684671801089 242.41143001284120828 4.1234258020918561627 
 18.209081183656557812 2.4114300128412082813 4.1234258020918561627 
 29.522789682641317199 18.411430012841215387 4.1234258020918561627 
 40.836498181626076587 34.411430012841222492 4.1234258020918561627 
 29.522789682641317199 50.411430012841229598 4.1234258020918561627 
 40.836498181626076587 66.411430012841222492 4.1234258020918561627 
 29.522789682641317199 82.411430012841222492 4.1234258020918561627 
 40.836498181626076587 98.411430012841222492 4.1234258020918561627 
 29.522789682641317199 114.4114300128412367 4.1234258020918561627 
 40.836498181626076587 130.41143001284120828 4.1234258020918561627 
 29.522789682641317199 146.41143001284120828 4.1234258020918561627 
 40.836498181626076587 162.4114300128412367 4.1234258020918561627 
 29.522789682641317199 178.4114300128412367 4.1234258020918561627 
 40.836498181626076587 194.4114300128412367 4.1234258020918561627 
 29.522789682641317199 210.41143001284120828 4.1234258020918561627 
 40.836498181626076587 226.4114300128412367 4.1234258020918561627 
 29.522789682641317199 242.41143001284120828 4.1234258020918561627 
 40.836498181626076587 2.4114300128412082813 4.1234258020918561627 
 52.150206680610850185 18.411430012841215387 4.1234258020918561627 
 63.463915179595595362 34.411430012841222492 4.1234258020918561627 
 52.150206680610850185 50.411430012841229598 4.1234258020918561627 
 63.463915179595595362 66.411430012841222492 4.1234258020918561627 
 52.150206680610850185 82.411430012841222492 4.1234258020918561627 
 63.463915179595595362 98.411430012841222492 4.1234258020918561627 
 52.150206680610850185 114.4114300128412367 4.1234258020918561627 
 63.463915179595595362 130.41143001284120828 4.1234258020918561627 
 52.150206680610850185 146.41143001284120828 4.1234258020918561627 
 63.463915179595595362 162.4114300128412367 4.1234258020918561627 
 52.150206680610850185 178.4114300128412367 4.1234258020918561627 
 63.463915179595595362 194.4114300128412367 4.1234258020918561627 
 52.150206680610850185 210.41143001284120828 4.1234258020918561627 
 63.463915179595595362 226.4114300128412367 4.1234258020918561627 
 52.150206680610850185 242.41143001284120828 4.1234258020918561627 
 63.463915179595595362 2.4114300128412082813 4.1234258020918561627 
 74.77762367858036896 18.411430012841215387 4.1234258020918561627 
 86.091332177565121242 34.411430012841222492 4.1234258020918561627 
 74.77762367858036896 50.411430012841229598 4.1234258020918561627 
 86.091332177565121242 66.411430012841222492 4.1234258020918561627 
 74.77762367858036896 82.411430012841222492 4.1234258020918561627 
 86.091332177565121242 98.411430012841222492 4.1234258020918561627 
 74.77762367858036896 114.4114300128412367 4.1234258020918561627 
 86.091332177565121242 130.41143001284120828 4.1234258020918561627 
 74.77762367858036896 146.41143001284120828 4.1234258020918561627 
 86.091332177565121242 162.4114300128412367 4.1234258020918561627 
 74.77762367858036896 178.4114300128412367 4.1234258020918561627 
 86.091332177565121242 194.4114300128412367 4.1234258020918561627 
 74.77762367858036896 210.41143001284120828 4.1234258020918561627 
 86.091332177565121242 226.4114300128412367 4.1234258020918561627 
 74.77762367858036896 242.41143001284120828 4.1234258020918561627 
 86.091332177565121242 2.4114300128412082813 4.1234258020918561627 
 97.405040676549887735 18.411430012841215387 4.1234258020918561627 
 108.71874917553464002 34.411430012841222492 4.1234258020918561627 
 97.405040676549887735 50.411430012841229598 4.1234258020918561627 
 108.71874917553464002 66.411430012841222492 4.1234258020918561627 
 97.405040676549887735 82.411430012841222492 4.1234258020918561627 
 108.71874917553464002 98.411430012841222492 4.1234258020918561627 
 97.405040676549887735 114.4114300128412367 4.1234258020918561627 
 108.71874917553464002 130.41143001284120828 4.1234258020918561627 
 97.405040676549887735 146.41143001284120828 4.1234258020918561627 
 108.71874917553464002 162.4114300128412367 4.1234258020918561627 
 97.405040676549887735 178.4114300128412367 4.1234258020918561627 
 108.71874917553464002 194.4114300128412367 4.1234258020918561627 
 97.405040676549887735 210.41143001284120828 4.1234258020918561627 
 108.71874917553464002 226.4114300128412367 4.1234258020918561627 
 97.405040676549887735 242.41143001284120828 4.1234258020918561627 
 108.71874917553464002 2.4114300128412082813 4.1234258020918561627 
 120.03245767451940651 18.411430012841215387 4.1234258020918561627 
  131.346166173504173 34.411430012841222492 4.1234258020918561627 
 120.03245767451940651 50.411430012841229598 4.1234258020918561627 
  131.346166173504173 66.411430012841222492 4.1234258020918561627 
 120.03245767451940651 82.411430012841222492 4.1234258020918561627 
  131.346166173504173 98.411430012841222492 4.1234258020918561627 
 120.03245767451940651 114.4114300128412367 4.1234258020918561627 
  131.346166173504173 130.41143001284120828 4.1234258020918561627 
 120.03245767451940651 146.41143001284120828 4.1234258020918561627 
  131.346166173504173 162.4114300128412367 4.1234258020918561627 
 120.03245767451940651 178.4114300128412367 4.1234258020918561627 
  131.346166173504173 194.4114300128412367 4.1234258020918561627 
 120.03245767451940651 210.41143001284120828 4.1234258020918561627 
  131.346166173504173 226.4114300128412367 4.1234258020918561627 
 120.03245767451940651 242.41143001284120828 4.1234258020918561627 
  131.346166173504173 2.4114300128412082813 4.1234258020918561627 
 142.6598746724889395 18.411430012841215387 4.1234258020918561627 
 153.97358317147373441 34.411430012841222492 4.1234258020918561627 
 142.6598746724889395 50.411430012841229598 4.1234258020918561627 
 153.97358317147373441 66.411430012841222492 4.1234258020918561627 
 142.6598746724889395 82.411430012841222492 4.1234258020918561627 
 153.97358317147373441 98.411430012841222492 4.1234258020918561627 
 142.6598746724889395 114.4114300128412367 4.1234258020918561627 
 153.97358317147373441 130.41143001284120828 4.1234258020918561627 
 142.6598746724889395 146.41143001284120828 4.1234258020918561627 
 153.97358317147373441 162.4114300128412367 4.1234258020918561627 
 142.6598746724889395 178.4114300128412367 4.1234258020918561627 
 153.97358317147373441 194.4114300128412367 4.1234258020918561627 
 142.6598746724889395 210.41143001284120828 4.1234258020918561627 
 153.97358317147373441 226.4114300128412367 4.1234258020918561627 
 142.6598746724889395 242.41143001284120828 4.1234258020918561627 
 153.97358317147373441 2.4114300128412082813 4.1234258020918561627 
 165.28729167045847248 18.411430012841215387 4.1234258020918561627 
 176.60100016944323897 34.411430012841222492 4.1234258020918561627 
 165.28729167045847248 50.411430012841229598 4.1234258020918561627 
 176.60100016944323897 66.411430012841222492 4.1234258020918561627 
 165.28729167045847248 82.411430012841222492 4.1234258020918561627 
 176.60100016944323897 98.411430012841222492 4.1234258020918561627 
 165.28729167045847248 114.4114300128412367 4.1234258020918561627 
 176.60100016944323897 130.41143001284120828 4.1234258020918561627 
 165.28729167045847248 146.41143001284120828 4.1234258020918561627 
 176.60100016944323897 162.4114300128412367 4.1234258020918561627 
 165.28729167045847248 178.4114300128412367 4.1234258020918561627 
 176.60100016944323897 194.4114300128412367 4.1234258020918561627 
 165.28729167045847248 210.41143001284120828 4.1234258020918561627 
 176.60100016944323897 226.4114300128412367 4.1234258020918561627 
 165.28729167045847248 242.41143001284120828 4.1234258020918561627 
 176.60100016944323897 2.4114300128412082813 4.1234258020918561627 
 187.91470866842797705 18.411430012841215387 4.1234258020918561627 
 199.22841716741274354 34.411430012841222492 4.1234258020918561627 
 187.91470866842797705 50.411430012841229598 4.1234258020918561627 
 199.22841716741274354 66.411430012841222492 4.1234258020918561627 
 187.91470866842797705 82.411430012841222492 4.1234258020918561627 
 199.22841716741274354 98.411430012841222492 4.1234258020918561627 
 187.91470866842797705 114.4114300128412367 4.1234258020918561627 
 199.22841716741274354 130.41143001284120828 4.1234258020918561627 
 187.91470866842797705 146.41143001284120828 4.1234258020918561627 
 199.22841716741274354 162.4114300128412367 4.1234258020918561627 
 187.91470866842797705 178.4114300128412367 4.1234258020918561627 
 199.22841716741274354 194.4114300128412367 4.1234258020918561627 
 187.91470866842797705 210.41143001284120828 4.1234258020918561627 
 199.22841716741274354 226.4114300128412367 4.1234258020918561627 
 187.91470866842797705 242.41143001284120828 4.1234258020918561627 
 199.22841716741274354 2.4114300128412082813 4.1234258020918561627 
 210.54212566639751003 18.411430012841215387 4.1234258020918561627 
 221.85583416538227652 34.411430012841222492 4.1234258020918561627 
 210.54212566639751003 50.411430012841229598 4.1234258020918561627 
 221.85583416538227652 66.411430012841222492 4.1234258020918561627 
 210.54212566639751003 82.411430012841222492 4.1234258020918561627 
 221.85583416538227652 98.411430012841222492 4.1234258020918561627 
 210.54212566639751003 114.4114300128412367 4.1234258020918561627 
 221.85583416538227652 130.41143001284120828 4.1234258020918561627 
 210.54212566639751003 146.41143001284120828 4.1234258020918561627 
 221.85583416538227652 162.4114300128412367 4.1234258020918561627 
 210.54212566639751003 178.4114300128412367 4.1234258020918561627 
 221.85583416538227652 194.4114300128412367 4.1234258020918561627 
 210.54212566639751003 210.41143001284120828 4.1234258020918561627 
 221.85583416538227652 226.4114300128412367 4.1234258020918561627 
 210.54212566639751003 242.41143001284120828 4.1234258020918561627 
 221.85583416538227652 2.4114300128412082813 4.1234258020918561627 
 233.16954266436701459 18.411430012841215387 4.1234258020918561627 
 244.48325116335178109 34.411430012841222492 4.1234258020918561627 
 233.16954266436701459 50.411430012841229598 4.1234258020918561627 
 244.48325116335178109 66.411430012841222492 4.1234258020918561627 
 233.16954266436701459 82.411430012841222492 4.1234258020918561627 
 244.48325116335178109 98.411430012841222492 4.1234258020918561627 
 233.16954266436701459 114.4114300128412367 4.1234258020918561627 
 244.48325116335178109 130.41143001284120828 4.1234258020918561627 
 233.16954266436701459 146.41143001284120828 4.1234258020918561627 
 244.48325116335178109 162.4114300128412367 4.1234258020918561627 
 233.16954266436701459 178.4114300128412367 4.1234258020918561627 
 244.48325116335178109 194.4114300128412367 4.1234258020918561627 
 233.16954266436701459 210.41143001284120828 4.1234258020918561627 
 244.48325116335178109 226.4114300128412367 4.1234258020918561627 
 233.16954266436701459 242.41143001284120828 4.1234258020918561627 
 244.48325116335178109 2.4114300128412082813 4.1234258020918561627 
