 47.045969661030667908 14.342391033929994038 4.1234258020918561627 
 31.976661709114818422 26.869001024279587142 4.1234258020918561627 
 38.763760217750004244 45.25201747518018891 4.1234258020918561627 
 23.694452265834154758 57.778627465529766027 4.1234258020918561627 
 30.481550774469340581 76.161643916430378454 4.1234258020918561627 
 15.412242822553492871 88.688253906779962676 4.1234258020918561627 
 22.199341331188676918 107.07127035768054668 4.1234258020918561627 
  7.13003337927282832 119.59788034803014511 4.1234258020918561627 
 13.917131887908011478 137.98089679893075754 4.1234258020918561627 
 5.6349224446273336042 168.89052324018095419 4.1234258020918561627 
 62.115277612946485419 1.8157810435804146998 4.1234258020918561627 
 68.902376121581653479 20.198797494481016912 4.1234258020918561627 
 53.833068169665821756 32.725407484830611793 4.1234258020918561627 
 60.620166678301004026 51.108423935731195797 4.1234258020918561627 
 45.550858726385158093 63.635033926080794231 4.1234258020918561627 
 52.337957235020326152 82.018050376981392446 4.1234258020918561627 
 37.26864928310449443 94.544660367330976669 4.1234258020918561627 
  44.0557477917396767 112.92767681823157488 4.1234258020918561627 
 28.986439839823830766 125.45428680858117332 4.1234258020918561627 
 35.773538348458998826 143.83730325948178574 4.1234258020918561627 
 20.704230396543167103 156.36391324983136997 4.1234258020918561627 
 27.491328905178335162 174.74692970073198239 4.1234258020918561627 
 12.42202095326250344 187.27353969108153819 4.1234258020918561627 
 19.209119461897671499 205.6565561419821222 4.1234258020918561627 
 4.1398115099818539875 218.18316613233173484 4.1234258020918561627 
 83.971684073497499412 7.6721875041314238075 4.1234258020918561627 
 90.758782582132681682 26.055203955032041563 4.1234258020918561627 
 75.689474630216835749 38.58181394538161868 4.1234258020918561627 
 82.476573138852018019 56.964830396282224001 4.1234258020918561627 
 67.407265186936172086 69.491440386631808224 4.1234258020918561627 
 74.194363695571354356 87.87445683753242065 4.1234258020918561627 
 59.125055743655508422 100.40106682788199066 4.1234258020918561627 
 65.912154252290704903 118.78408327878258888 4.1234258020918561627 
 50.842846300374844759 131.3106932691321731 4.1234258020918561627 
 57.629944809010027029 149.69370972003278553 4.1234258020918561627 
 42.560636857094181096 162.22031971038236975 4.1234258020918561627 
 49.347735365729363366 180.60333616128298218 4.1234258020918561627 
 34.278427413813517433 193.12994615163253798 4.1234258020918561627 
 41.065525922448699703 211.5129626025331504 4.1234258020918561627 
 25.996217970532871533 224.03957259288273463 4.1234258020918561627 
 105.82809053404854183 13.528593964682446682 4.1234258020918561627 
 112.61518904268370989 31.91161041558304845 4.1234258020918561627 
 97.545881090767878163 44.438220405932639778 4.1234258020918561627 
 104.33297959940304622 62.821236856833245099 4.1234258020918561627 
  89.2636716474872145 75.347846847182822216 4.1234258020918561627 
 96.050770156122382559 93.730863298083434643 4.1234258020918561627 
 80.981462204206536626 106.25747328843301887 4.1234258020918561627 
 87.768560712841733107 124.64048973933360287 4.1234258020918561627 
 72.699252760925887173 137.16709972968317288 4.1234258020918561627 
 79.486351269561055233 155.55011618058381373 4.1234258020918561627 
 64.41704331764522351 168.07672617093339795 4.1234258020918561627 
 71.20414182628039157 186.45974262183401038 4.1234258020918561627 
 56.134833874364566952 198.98635261218353776 4.1234258020918561627 
 62.921932382999735012 217.36936906308417861 4.1234258020918561627 
 47.852624431083903289 229.89597905343373441 4.1234258020918561627 
 120.89739848596437355 1.0019839743328542436 4.1234258020918561627 
 127.68449699459955582 19.385000425233471333 4.1234258020918561627 
 134.47159550323473809 37.768016876134076654 4.1234258020918561627 
 119.40228755131889216 50.294626866483667982 4.1234258020918561627 
 126.18938605995407443 68.677643317384251986 4.1234258020918561627 
 111.1200781080382427 81.20425330773385042 4.1234258020918561627 
 117.90717661667341076 99.587269758634448635 4.1234258020918561627 
 102.83786866475756483 112.11387974898403286 4.1234258020918561627 
 109.6249671733927471 130.49689619988461686 4.1234258020918561627 
 94.555659221476915377 143.02350619023422951 4.1234258020918561627 
 101.34275773011208344 161.40652264113484193 4.1234258020918561627 
 86.273449778196223292 173.93313263148442616 4.1234258020918561627 
 93.060548286831405562 192.31614908238503858 4.1234258020918561627 
 77.991240334915588051 204.84275907273459438 4.1234258020918561627 
 84.77833884355075611 223.22577552363517839 4.1234258020918561627 
 69.709030891634910176 235.75238551398479103 4.1234258020918561627 
 142.75380494651540175 6.8583904348838782283 4.1234258020918561627 
 149.54090345515058402 25.241406885784481773 4.1234258020918561627 
 156.32800196378573787 43.624423336685097752 4.1234258020918561627 
 141.25869401186989194 56.151033327034674869 4.1234258020918561627 
 148.04579252050510263 74.534049777935265979 4.1234258020918561627 
 132.9764845685892567 87.060659768284864413 4.1234258020918561627 
 139.76358307722441054 105.44367621918546263 4.1234258020918561627 
 124.69427512530857882 117.97028620953503264 4.1234258020918561627 
 131.48137363394374688 136.35330266043561664 4.1234258020918561627 
 116.41206568202791516 148.87991265078522929 4.1234258020918561627 
 123.19916419066309743 167.26292910168584172 4.1234258020918561627 
 108.1298562387472515 179.78953909203542594 4.1234258020918561627 
 114.91695474738241955 198.17255554293603836 4.1234258020918561627 
 99.847646795466602043 210.69916553328559417 4.1234258020918561627 
 106.6347453041017701 229.08218198418620659 4.1234258020918561627 
 91.565437352185924169 241.60879197453576239 4.1234258020918561627 
 164.61021140706640153 12.714796895434901103 4.1234258020918561627 
 171.3973099157015838 31.097813346335502871 4.1234258020918561627 
 178.1844084243367945 49.48082979723611885 4.1234258020918561627 
 163.11510047242094856 62.007439787585695967 4.1234258020918561627 
 169.90219898105615925 80.390456238486308393 4.1234258020918561627 
 154.83289102914025648 92.917066228835878405 4.1234258020918561627 
 161.61998953777546717 111.30008267973649083 4.1234258020918561627 
 146.55068158585962124 123.82669267008606084 4.1234258020918561627 
 153.33778009449477508 142.20970912098667327 4.1234258020918561627 
 138.26847214257892915 154.73631911133622907 4.1234258020918561627 
 145.05557065121413984 173.11933556223686992 4.1234258020918561627 
 129.98626269929826549 185.64594555258645414 4.1234258020918561627 
 136.77336120793344776 204.02896200348706657 4.1234258020918561627 
 121.70405325601761604 216.55557199383659395 4.1234258020918561627 
 128.49115176465281252 234.93858844473726322 4.1234258020918561627 
 113.42184381273696658 247.4651984350867906 4.1234258020918561627 
 186.46661786761745816 18.571203355985925754 4.1234258020918561627 
 193.25371637625261201 36.954219806886527522 4.1234258020918561627 
 200.0408148848878227 55.337236257787132843 4.1234258020918561627 
 184.97150693297194834 67.863846248136724171 4.1234258020918561627 
 191.75860544160713062 86.246862699037308175 4.1234258020918561627 
 176.68929748969128468 98.773472689386892398 4.1234258020918561627 
 183.47639599832649537 117.15648914028750482 4.1234258020918561627 
 168.40708804641064944 129.68309913063708905 4.1234258020918561627 
 175.19418655504583171 148.06611558153767305 4.1234258020918561627 
 160.12487860312995736 160.59272557188725727 4.1234258020918561627 
 166.91197711176516805 178.97574202278789812 4.1234258020918561627 
 151.84266915984929369 191.50235201313748234 4.1234258020918561627 
 158.62976766848447596 209.88536846403809477 4.1234258020918561627 
 143.56045971656863003 222.41197845438765057 4.1234258020918561627 
 150.34755822520384072 240.79499490528823458 4.1234258020918561627 
 135.27825027328799479 253.32160489563784722 4.1234258020918561627 
 208.32302432816848636 24.427609816536936194 4.1234258020918561627 
 215.11012283680364021 42.810626267437534409 4.1234258020918561627 
 221.89722134543882248 61.193642718338153941 4.1234258020918561627 
 206.82791339352297655 73.720252708687738163 4.1234258020918561627 
 213.61501190215818724 92.103269159588336379 4.1234258020918561627 
 198.54570395024231289 104.62987914993790639 4.1234258020918561627 
 205.33280245887749516 123.01289560083853303 4.1234258020918561627 
 190.2634945069616208 135.53950559118808883 4.1234258020918561627 
 197.05059301559683149 153.92252204208870126 4.1234258020918561627 
 181.98128506368098556 166.44913203243828548 4.1234258020918561627 
 188.76838357231616783 184.8321484833388979 4.1234258020918561627 
 173.6990756204003219 197.35875847368848213 4.1234258020918561627 
 180.48617412903550417 215.74177492458909455 4.1234258020918561627 
 165.41686617711965823 228.26838491493865035 4.1234258020918561627 
 172.2039646857548405 246.65140136583926278 4.1234258020918561627 
 230.17943078871948615 30.284016277087957292 4.1234258020918561627 
 236.96652929735463999 48.667032727988562613 4.1234258020918561627 
 243.75362780598985069 67.050049178889167933 4.1234258020918561627 
 228.68431985407397633 79.576659169238752156 4.1234258020918561627 
 235.4714183627091586 97.959675620139350372 4.1234258020918561627 
 220.40211041079331267 110.48628561048893459 4.1234258020918561627 
 227.18920891942852336 128.86930206138953281 4.1234258020918561627 
 212.11990096751267743 141.39591205173914545 4.1234258020918561627 
 218.9069994761478597 159.77892850263972946 4.1234258020918561627 
 203.83769152423198534 172.30553849298928526 4.1234258020918561627 
 210.62479003286719603 190.68855494388992611 4.1234258020918561627 
 195.55548208095132168 203.21516493423951033 4.1234258020918561627 
 202.34258058958650395 221.59818138514012276 4.1234258020918561627 
 187.27327263767065801 234.12479137548965014 4.1234258020918561627 
 194.06037114630586871 252.50780782639029098 4.1234258020918561627 
 252.03583724927051435 36.140422737638964179 4.1234258020918561627 
 250.54072631462500453 85.433065629789766149 4.1234258020918561627 
 242.25851687134434087 116.34269207103994859 4.1234258020918561627 
 249.04561537997952314 134.72570852194056101 4.1234258020918561627 
 233.97630742806364879 147.25231851229014524 4.1234258020918561627 
 240.76340593669885948 165.63533496319072924 4.1234258020918561627 
 225.69409798478301354 178.16194495354031346 4.1234258020918561627 
 232.48119649341819581 196.54496140444095431 4.1234258020918561627 
 217.41188854150234988 209.07157139479051011 4.1234258020918561627 
 224.19898705013753215 227.45458784569115096 4.1234258020918561627 
 209.12967909822168622 239.98119783604070676 4.1234258020918561627 
