 73.038054258172024902 17.573682259761497448 4.1234258020918561627 
 55.240095287039324035 25.773234470820121089 4.1234258020918561627 
 57.038054258172032007 45.286495180863539645 4.1234258020918561627 
 39.24009528703933114 53.486047391922177496 4.1234258020918561627 
 41.038054258172039113 72.99930810196556763 4.1234258020918561627 
 23.240095287039320482 81.198860313024226798 4.1234258020918561627 
 25.038054258172028455 100.71212102306762404 4.1234258020918561627 
 7.2400952870393142646 108.91167323412626899 4.1234258020918561627 
 9.0380542581720213491 128.42493394416968044 4.1234258020918561627 
 108.63397220043746927 1.1745778376442148616 4.1234258020918561627 
 90.83601322930473998 9.3741300487028418331 4.1234258020918561627 
 92.633972200437469269 28.887390758746271047 4.1234258020918561627 
 74.83601322930473998 37.086942969804894688 4.1234258020918561627 
 76.633972200437469269 56.600203679848291927 4.1234258020918561627 
 58.836013229304754191 64.799755890906936884 4.1234258020918561627 
 60.633972200437476374 84.313016600950319912 4.1234258020918561627 
 42.836013229304747085 92.51256881200897908 4.1234258020918561627 
 44.633972200437469269 112.02582952205239053 4.1234258020918561627 
 26.836013229304736427 120.22538173311103549 4.1234258020918561627 
 28.633972200437458611 139.73864244315441852 4.1234258020918561627 
 10.83601322930475952 147.93819465421304926 4.1234258020918561627 
 12.633972200437465716 167.45145536425647492 4.1234258020918561627 
 128.22989014270285679 12.488286336628974027 4.1234258020918561627 
 110.43193117157015593 20.687838547687615431 4.1234258020918561627 
  112.229890142702871 40.201099257731016223 4.1234258020918561627 
 94.431931171570170136 48.400651468789639864 4.1234258020918561627 
 96.229890142702871003 67.91391217883305842 4.1234258020918561627 
 78.431931171570170136 76.113464389891689166 4.1234258020918561627 
 80.229890142702885214 95.626725099935072194 4.1234258020918561627 
 62.431931171570170136 103.82627731099374557 4.1234258020918561627 
 64.229890142702871003 123.33953802103714281 4.1234258020918561627 
 46.431931171570155925 131.53909023209578777 4.1234258020918561627 
 48.229890142702863898 151.05235094213921343 4.1234258020918561627 
 30.431931171570180794 159.25190315319781575 4.1234258020918561627 
 32.229890142702885214 178.76516386324124142 4.1234258020918561627 
 14.431931171570173689 186.96471607429984374 4.1234258020918561627 
 16.229890142702881661 206.47797678434324098 4.1234258020918561627 
 146.02784911383560029 4.2887341255703326226 4.1234258020918561627 
 147.82580808496831537 23.801994835613733414 4.1234258020918561627 
 130.02784911383560029 32.001547046672371266 4.1234258020918561627 
 131.82580808496831537 51.514807756715768505 4.1234258020918561627 
 114.02784911383560029 59.714359967774413462 4.1234258020918561627 
 115.82580808496831537 79.227620677817810702 4.1234258020918561627 
 98.027849113835614503 87.427172888876455659 4.1234258020918561627 
 99.825808084968329581 106.94043359891983869 4.1234258020918561627 
 82.027849113835600292 115.13998580997851207 4.1234258020918561627 
 83.825808084968329581 134.65324652002189509 4.1234258020918561627 
 66.027849113835600292 142.85279873108055426 4.1234258020918561627 
 67.82580808496831537 162.36605944112397992 4.1234258020918561627 
 50.027849113835600292 170.56561165218261067 4.1234258020918561627 
 51.825808084968322476 190.07887236222600791 4.1234258020918561627 
 34.027849113835628714 198.27842457328463865 4.1234258020918561627 
 35.825808084968329581 217.79168528332803589 4.1234258020918561627 
 165.62376705610100203 15.60244262455509201 4.1234258020918561627 
 167.42172602723374553 35.115703334598492802 4.1234258020918561627 
 149.62376705610103045 43.315255545657130654 4.1234258020918561627 
 151.42172602723374553 62.828516255700527893 4.1234258020918561627 
 133.62376705610103045 71.028068466759151534 4.1234258020918561627 
 135.42172602723374553 90.541329176802577194 4.1234258020918561627 
 117.62376705610103045 98.740881387861207941 4.1234258020918561627 
 119.42172602723375974 118.25414209790459097 4.1234258020918561627 
 101.62376705610103045 126.45369430896326435 4.1234258020918561627 
 103.42172602723373132 145.96695501900666159 4.1234258020918561627 
 85.623767056101030448 154.16650723006529233 4.1234258020918561627 
 87.421726027233745526 173.67976794010871799 4.1234258020918561627 
 69.623767056101044659 181.87932015116734874 4.1234258020918561627 
 71.421726027233731315 201.39258086121074598 4.1234258020918561627 
 53.623767056101044659 209.59213307226937673 4.1234258020918561627 
 55.421726027233752632 229.10539378231277396 4.1234258020918561627 
 185.21968499836643218 26.916151123539851397 4.1234258020918561627 
 187.01764396949917568 46.429411833583252189 4.1234258020918561627 
 169.2196849983664606 54.628964044641890041 4.1234258020918561627 
 171.01764396949917568 74.14222475468528728 4.1234258020918561627 
 153.2196849983664606 82.341776965743932237 4.1234258020918561627 
 155.01764396949914726 101.85503767578732948 4.1234258020918561627 
 137.2196849983664606 110.05458988684596022 4.1234258020918561627 
 139.01764396949917568 129.56785059688934325 4.1234258020918561627 
 121.21968499836644639 137.76740280794800242 4.1234258020918561627 
 123.01764396949916147 157.28066351799139966 4.1234258020918561627 
 105.2196849983664606 165.48021572905005883 4.1234258020918561627 
 107.01764396949916147 184.99347643909345607 4.1234258020918561627 
 89.219684998366446393 193.19302865015208681 4.1234258020918561627 
 91.017643969499161472 212.70628936019548405 4.1234258020918561627 
 73.219684998366474815 220.9058415712541148 4.1234258020918561627 
 75.017643969499175682 240.41910228129751204 4.1234258020918561627 
 204.81560294063189076 38.229859622524607232 4.1234258020918561627 
 206.61356191176460584 57.743120332568018682 4.1234258020918561627 
 188.81560294063189076 65.942672543626642323 4.1234258020918561627 
 190.61356191176460584 85.455933253670067984 4.1234258020918561627 
 172.81560294063189076 93.655485464728684519 4.1234258020918561627 
 174.61356191176460584 113.16874617477209597 4.1234258020918561627 
 156.81560294063189076 121.36829838583072672 4.1234258020918561627 
 158.61356191176463426 140.88155909587413817 4.1234258020918561627 
 140.81560294063189076 149.08111130693279733 4.1234258020918561627 
 142.61356191176463426 168.59437201697619457 4.1234258020918561627 
 124.81560294063187655 176.79392422803482532 4.1234258020918561627 
 126.61356191176460584 196.30718493807825098 4.1234258020918561627 
 108.81560294063190497 204.5067371491368533 4.1234258020918561627 
 110.61356191176460584 224.01999785918025054 4.1234258020918561627 
 92.81560294063189076 232.21955007023888129 4.1234258020918561627 
 94.61356191176463426 251.73281078028227853 4.1234258020918561627 
 224.41152088289732092 49.54356812150936662 4.1234258020918561627 
 226.20947985403000757 69.05682883155277807 4.1234258020918561627 
 208.41152088289729249 77.256381042611408816 4.1234258020918561627 
 210.20947985403003599 96.769641752654820266 4.1234258020918561627 
 192.41152088289732092 104.96919396371345101 4.1234258020918561627 
 194.20947985403003599 124.48245467375686246 4.1234258020918561627 
 176.41152088289732092  132.682006884815479 4.1234258020918561627 
 178.20947985403006442 152.19526759485887624 4.1234258020918561627 
 160.41152088289732092 160.3948198059175354 4.1234258020918561627 
 162.20947985403003599 179.90808051596096107 4.1234258020918561627 
 144.41152088289729249 188.10763272701959181 4.1234258020918561627 
 146.20947985403003599 207.62089343706301747 4.1234258020918561627 
 128.41152088289732092 215.82044564812164822 4.1234258020918561627 
 130.20947985403003599 235.33370635816504546 4.1234258020918561627 
 112.41152088289732092 243.5332585692236762 4.1234258020918561627 
 244.00743882516272265 60.857276620494111796 4.1234258020918561627 
 245.80539779629543773 80.370537330537544563 4.1234258020918561627 
 228.00743882516272265 88.570089541596161098 4.1234258020918561627 
 229.80539779629546615 108.08335025163955834 4.1234258020918561627 
 212.00743882516275107 116.28290246269818908 4.1234258020918561627 
 213.80539779629546615 135.79616317274161474 4.1234258020918561627 
 196.00743882516275107 143.99571538380024549 4.1234258020918561627 
 197.80539779629546615 163.50897609384364273 4.1234258020918561627 
 180.00743882516272265 171.7085283049023019 4.1234258020918561627 
 181.80539779629546615 191.22178901494569914 4.1234258020918561627 
 164.00743882516272265 199.42134122600432988 4.1234258020918561627 
 165.80539779629546615 218.93460193604775554 4.1234258020918561627 
 148.00743882516275107 227.13415414710638629 4.1234258020918561627 
 149.80539779629546615 246.64741485714978353 4.1234258020918561627 
 132.00743882516275107 254.84696706820841428 4.1234258020918561627 
 247.60335676742815281 99.88379804058091338 4.1234258020918561627 
 249.40131573856086789 119.39705875062433904 4.1234258020918561627 
 231.60335676742815281 127.59661096168296979 4.1234258020918561627 
 233.40131573856086789 147.10987167172635282 4.1234258020918561627 
 215.60335676742815281 155.30942388278498356 4.1234258020918561627 
 217.40131573856089631 174.8226845928283808 4.1234258020918561627 
 199.60335676742815281 183.02223680388703997 4.1234258020918561627 
 201.40131573856089631 202.53549751393046563 4.1234258020918561627 
 183.60335676742815281 210.73504972498909638 4.1234258020918561627 
 185.40131573856086789 230.24831043503249361 4.1234258020918561627 
 167.60335676742815281 238.44786264609112436 4.1234258020918561627 
 251.19927470969358296 138.91031946066772207 4.1234258020918561627 
 252.99723368082629804 158.42358017071114773 4.1234258020918561627 
 235.19927470969358296 166.62313238176975005 4.1234258020918561627 
 236.99723368082632646 186.13639309181317572 4.1234258020918561627 
 219.19927470969358296 194.33594530287177804 4.1234258020918561627 
 220.99723368082629804 213.8492060129152037 4.1234258020918561627 
 203.19927470969355454 222.04875822397386287 4.1234258020918561627 
 204.99723368082629804 241.56201893401726011 4.1234258020918561627 
 187.19927470969358296 249.76157114507589085 4.1234258020918561627 
