 228.14443656025918017 15.331556848305396556 4.1234258020918561627 
 212.14443656025918017 26.645265347290170155 4.1234258020918561627 
 196.14443656025920859 15.331556848305396556 4.1234258020918561627 
 180.14443656025915175 26.645265347290170155 4.1234258020918561627 
 164.14443656025918017 15.331556848305396556 4.1234258020918561627 
 148.14443656025918017 26.645265347290170155 4.1234258020918561627 
 132.14443656025918017 15.331556848305396556 4.1234258020918561627 
 116.14443656025919438 26.645265347290170155 4.1234258020918561627 
 100.14443656025918017 15.331556848305396556 4.1234258020918561627 
 84.144436560259180169 26.645265347290170155 4.1234258020918561627 
 68.144436560259165958 15.331556848305396556 4.1234258020918561627 
 52.144436560259165958 26.645265347290170155 4.1234258020918561627 
 36.144436560259187274 15.331556848305396556 4.1234258020918561627 
 20.144436560259180169 26.645265347290170155 4.1234258020918561627 
 4.1444365602592014852 15.331556848305410767 4.1234258020918561627 
 244.14443656025915175 26.645265347290170155 4.1234258020918561627 
 228.14443656025918017 37.958973846274929542 4.1234258020918561627 
 212.14443656025918017 49.27268234525968893 4.1234258020918561627 
 196.14443656025920859 37.958973846274929542 4.1234258020918561627 
 180.14443656025915175 49.27268234525968893 4.1234258020918561627 
 164.14443656025918017 37.958973846274929542 4.1234258020918561627 
 148.14443656025918017 49.27268234525968893 4.1234258020918561627 
 132.14443656025918017 37.958973846274929542 4.1234258020918561627 
 116.14443656025919438 49.27268234525968893 4.1234258020918561627 
 100.14443656025918017 37.958973846274929542 4.1234258020918561627 
 84.144436560259180169 49.27268234525968893 4.1234258020918561627 
 68.144436560259165958 37.958973846274929542 4.1234258020918561627 
 52.144436560259165958 49.27268234525968893 4.1234258020918561627 
 36.144436560259187274 37.958973846274929542 4.1234258020918561627 
 20.144436560259180169 49.27268234525968893 4.1234258020918561627 
 4.1444365602592014852 37.958973846274943753 4.1234258020918561627 
 244.14443656025915175 49.27268234525968893 4.1234258020918561627 
 228.14443656025918017 60.586390844244448317 4.1234258020918561627 
 212.14443656025918017 71.900099343229200599 4.1234258020918561627 
 196.14443656025920859 60.586390844244448317 4.1234258020918561627 
 180.14443656025918017 71.900099343229200599 4.1234258020918561627 
 164.14443656025918017 60.586390844244448317 4.1234258020918561627 
 148.14443656025918017 71.900099343229200599 4.1234258020918561627 
 132.14443656025918017 60.586390844244448317 4.1234258020918561627 
 116.14443656025919438 71.900099343229200599 4.1234258020918561627 
 100.14443656025918017 60.586390844244448317 4.1234258020918561627 
 84.144436560259180169 71.900099343229200599 4.1234258020918561627 
 68.144436560259165958 60.586390844244448317 4.1234258020918561627 
 52.144436560259165958 71.900099343229200599 4.1234258020918561627 
 36.144436560259187274 60.586390844244448317 4.1234258020918561627 
 20.144436560259180169 71.900099343229200599 4.1234258020918561627 
 4.1444365602592014852 60.586390844244462528 4.1234258020918561627 
 244.14443656025915175 71.900099343229200599 4.1234258020918561627 
 228.14443656025918017 83.213807842213981303 4.1234258020918561627 
 212.14443656025918017 94.527516341198719374 4.1234258020918561627 
 196.14443656025920859 83.213807842213981303 4.1234258020918561627 
 180.14443656025918017 94.527516341198719374 4.1234258020918561627 
 164.14443656025918017 83.213807842213981303 4.1234258020918561627 
 148.14443656025918017 94.527516341198719374 4.1234258020918561627 
 132.14443656025918017 83.213807842213981303 4.1234258020918561627 
 116.14443656025919438 94.527516341198719374 4.1234258020918561627 
 100.14443656025918017 83.213807842213981303 4.1234258020918561627 
 84.144436560259180169 94.527516341198719374 4.1234258020918561627 
 68.144436560259165958 83.213807842213981303 4.1234258020918561627 
 52.144436560259165958 94.527516341198719374 4.1234258020918561627 
 36.144436560259187274 83.213807842213981303 4.1234258020918561627 
 20.144436560259180169 94.527516341198719374 4.1234258020918561627 
 4.1444365602592014852 83.213807842213981303 4.1234258020918561627 
 244.14443656025915175 94.527516341198719374 4.1234258020918561627 
 228.14443656025918017 105.84122484018350008 4.1234258020918561627 
 212.14443656025918017 117.15493333916823815 4.1234258020918561627 
 196.14443656025920859 105.84122484018350008 4.1234258020918561627 
 180.14443656025918017 117.15493333916823815 4.1234258020918561627 
 164.14443656025918017 105.84122484018350008 4.1234258020918561627 
 148.14443656025918017 117.15493333916823815 4.1234258020918561627 
 132.14443656025918017 105.84122484018350008 4.1234258020918561627 
 116.14443656025919438 117.15493333916823815 4.1234258020918561627 
 100.14443656025918017 105.84122484018350008 4.1234258020918561627 
 84.144436560259180169 117.15493333916823815 4.1234258020918561627 
 68.144436560259165958 105.84122484018350008 4.1234258020918561627 
 52.144436560259165958 117.15493333916823815 4.1234258020918561627 
 36.144436560259187274 105.84122484018350008 4.1234258020918561627 
 20.144436560259180169 117.15493333916823815 4.1234258020918561627 
 4.1444365602592014852 105.84122484018350008 4.1234258020918561627 
 244.14443656025915175 117.15493333916823815 4.1234258020918561627 
 228.14443656025918017 128.46864183815301885 4.1234258020918561627 
 212.14443656025918017 139.78235033713775692 4.1234258020918561627 
 196.14443656025920859 128.46864183815301885 4.1234258020918561627 
 180.14443656025918017 139.78235033713775692 4.1234258020918561627 
 164.14443656025918017 128.46864183815301885 4.1234258020918561627 
 148.14443656025918017 139.78235033713775692 4.1234258020918561627 
 132.14443656025918017 128.46864183815301885 4.1234258020918561627 
 116.14443656025919438 139.78235033713775692 4.1234258020918561627 
 100.14443656025918017 128.46864183815301885 4.1234258020918561627 
 84.144436560259180169 139.78235033713775692 4.1234258020918561627 
 68.144436560259165958 128.46864183815301885 4.1234258020918561627 
 52.144436560259165958 139.78235033713775692 4.1234258020918561627 
 36.144436560259187274 128.46864183815301885 4.1234258020918561627 
 20.144436560259180169 139.78235033713775692 4.1234258020918561627 
 4.1444365602592014852 128.46864183815301885 4.1234258020918561627 
 244.14443656025915175 139.78235033713775692 4.1234258020918561627 
 228.14443656025918017 151.09605883612252342 4.1234258020918561627 
 212.14443656025918017 162.40976733510728991 4.1234258020918561627 
 196.14443656025920859 151.09605883612252342 4.1234258020918561627 
 180.14443656025918017 162.40976733510728991 4.1234258020918561627 
 164.14443656025918017 151.09605883612252342 4.1234258020918561627 
 148.14443656025918017 162.40976733510728991 4.1234258020918561627 
 132.14443656025920859 151.09605883612252342 4.1234258020918561627 
 116.14443656025919438 162.40976733510728991 4.1234258020918561627 
 100.14443656025918017 151.09605883612252342 4.1234258020918561627 
 84.144436560259180169 162.40976733510728991 4.1234258020918561627 
 68.144436560259165958 151.09605883612252342 4.1234258020918561627 
 52.144436560259165958 162.40976733510728991 4.1234258020918561627 
 36.144436560259187274 151.09605883612252342 4.1234258020918561627 
 20.144436560259180169 162.40976733510728991 4.1234258020918561627 
 4.1444365602592014852 151.09605883612252342 4.1234258020918561627 
 244.14443656025915175 162.40976733510728991 4.1234258020918561627 
 228.14443656025918017 173.7234758340920564 4.1234258020918561627 
 212.14443656025918017 185.0371843330768229 4.1234258020918561627 
 196.14443656025920859 173.7234758340920564 4.1234258020918561627 
 180.14443656025918017 185.0371843330768229 4.1234258020918561627 
 164.14443656025918017 173.7234758340920564 4.1234258020918561627 
 148.14443656025918017 185.0371843330768229 4.1234258020918561627 
 132.14443656025920859 173.7234758340920564 4.1234258020918561627 
 116.14443656025919438 185.0371843330768229 4.1234258020918561627 
 100.14443656025918017 173.7234758340920564 4.1234258020918561627 
 84.144436560259180169 185.0371843330768229 4.1234258020918561627 
 68.144436560259165958 173.7234758340920564 4.1234258020918561627 
 52.144436560259165958 185.0371843330768229 4.1234258020918561627 
 36.144436560259187274 173.7234758340920564 4.1234258020918561627 
 20.144436560259180169 185.0371843330768229 4.1234258020918561627 
 4.1444365602592014852 173.7234758340920564 4.1234258020918561627 
 244.14443656025915175 185.0371843330768229 4.1234258020918561627 
 228.14443656025918017 196.35089283206156097 4.1234258020918561627 
 212.14443656025918017 207.66460133104632746 4.1234258020918561627 
 196.14443656025920859 196.35089283206156097 4.1234258020918561627 
 180.14443656025918017 207.66460133104632746 4.1234258020918561627 
 164.14443656025918017 196.35089283206156097 4.1234258020918561627 
 148.14443656025918017 207.66460133104632746 4.1234258020918561627 
 132.14443656025920859 196.35089283206156097 4.1234258020918561627 
 116.14443656025919438 207.66460133104632746 4.1234258020918561627 
 100.14443656025918017 196.35089283206156097 4.1234258020918561627 
 84.144436560259180169 207.66460133104632746 4.1234258020918561627 
 68.144436560259165958 196.35089283206156097 4.1234258020918561627 
 52.144436560259165958 207.66460133104632746 4.1234258020918561627 
 36.144436560259187274 196.35089283206156097 4.1234258020918561627 
 20.144436560259180169 207.66460133104632746 4.1234258020918561627 
 4.1444365602592014852 196.35089283206156097 4.1234258020918561627 
 244.14443656025915175 207.66460133104632746 4.1234258020918561627 
 228.14443656025918017 218.97830983003109395 4.1234258020918561627 
 212.14443656025918017 230.29201832901586044 4.1234258020918561627 
 196.14443656025920859 218.97830983003109395 4.1234258020918561627 
 180.14443656025918017 230.29201832901586044 4.1234258020918561627 
 164.14443656025918017 218.97830983003109395 4.1234258020918561627 
 148.14443656025918017 230.29201832901586044 4.1234258020918561627 
 132.14443656025920859 218.97830983003109395 4.1234258020918561627 
 116.14443656025919438 230.29201832901586044 4.1234258020918561627 
 100.14443656025918017 218.97830983003109395 4.1234258020918561627 
 84.144436560259180169 230.29201832901586044 4.1234258020918561627 
 68.144436560259165958 218.97830983003109395 4.1234258020918561627 
 52.144436560259165958 230.29201832901586044 4.1234258020918561627 
 36.144436560259187274 218.97830983003109395 4.1234258020918561627 
 20.144436560259180169 230.29201832901586044 4.1234258020918561627 
 4.1444365602592014852 218.97830983003112237 4.1234258020918561627 
 244.14443656025915175 230.29201832901586044 4.1234258020918561627 
 228.14443656025918017 241.60572682800059852 4.1234258020918561627 
 212.14443656025920859 252.91943532698536501 4.1234258020918561627 
 196.14443656025920859 241.60572682800059852 4.1234258020918561627 
 180.14443656025918017 252.91943532698536501 4.1234258020918561627 
 164.14443656025918017 241.60572682800059852 4.1234258020918561627 
 148.14443656025918017 252.91943532698536501 4.1234258020918561627 
 132.14443656025920859 241.60572682800059852 4.1234258020918561627 
 116.14443656025919438 252.91943532698536501 4.1234258020918561627 
 100.14443656025918017 241.60572682800059852 4.1234258020918561627 
 84.144436560259180169 252.91943532698536501 4.1234258020918561627 
 68.144436560259165958 241.60572682800059852 4.1234258020918561627 
 52.144436560259180169 252.91943532698536501 4.1234258020918561627 
 36.144436560259187274 241.60572682800059852 4.1234258020918561627 
 20.14443656025919438 252.91943532698536501 4.1234258020918561627 
 4.1444365602592014852 241.60572682800059852 4.1234258020918561627 
 244.14443656025915175 252.91943532698536501 4.1234258020918561627 
