 160.29757148059232463 6.0741879634555537848 4.1234258020918561627 
 129.38794503934212798 14.356397406736231659 4.1234258020918561627 
 111.00492858844152977 7.5692988981010485006 4.1234258020918561627 
 98.478318598091945546 22.638606850016895322 4.1234258020918561627 
 80.09530214719133312 15.851508341381711276 4.1234258020918561627 
 67.568692156841734686 30.920816293297558985 4.1234258020918561627 
 49.185675705941136471 24.133717784662376715 4.1234258020918561627 
 36.659065715591545143 39.203025736578226201 4.1234258020918561627 
 18.276049264690957585 32.415927227943043931 4.1234258020918561627 
 5.7494392743413635927 47.485235179858889865 4.1234258020918561627 
 209.59021437274310529 4.5790770288100732799 4.1234258020918561627 
 197.06360438239352106 19.648384980725921878 4.1234258020918561627 
 178.68058793149293706 12.861286472090736055 4.1234258020918561627 
 166.15397794114332441 27.93059442400657133 4.1234258020918561627 
 147.77096149024274041 21.143495915371399718 4.1234258020918561627 
 135.24435149989312777 36.212803867287249204 4.1234258020918561627 
 116.86133504899254376 29.425705358652063381 4.1234258020918561627 
 104.33472505864295954 44.495013310567912868 4.1234258020918561627 
 85.951708607742347112 37.707914801932730597 4.1234258020918561627 
 73.42509861739276289 52.777222753848576531 4.1234258020918561627 
 55.042082166492143358 45.990124245213394261 4.1234258020918561627 
 42.515472176142566241 61.059432197129240194 4.1234258020918561627 
 24.132455725241978683 54.272333688494057924 4.1234258020918561627 
 11.605845734892387355 69.341641640409903857 4.1234258020918561627 
 227.97323082364371771 11.366175537445242227 4.1234258020918561627 
 215.44662083329410507 26.435483489361104148 4.1234258020918561627 
 202.92001084294452085 41.50479144127692166 4.1234258020918561627 
 184.53699439204393684 34.717692932641767811 4.1234258020918561627 
 172.01038440169435262 49.787000884557585323 4.1234258020918561627 
 153.62736795079374019 42.999902375922431474 4.1234258020918561627 
 141.10075796044415597 58.069210327838248986 4.1234258020918561627 
 122.71774150954355775 51.282111819203095138 4.1234258020918561627 
 110.19113151919397353 66.351419771118912649 4.1234258020918561627 
 91.808115068293361105 59.564321262483758801 4.1234258020918561627 
 79.281505077943776882 74.633629214399576313 4.1234258020918561627 
 60.898488627043171562 67.846530705764422464 4.1234258020918561627 
 48.371878636693580233 82.915838657680239976 4.1234258020918561627 
 29.988862185792989123 76.128740149045086127 4.1234258020918561627 
 17.462252195443412006 91.198048100960903639 4.1234258020918561627 
 233.82963728419471749 33.222581997996257996 4.1234258020918561627 
 221.30302729384513327 48.291889949912118141 4.1234258020918561627 
 208.77641730349552063 63.361197901827949863 4.1234258020918561627 
 190.39340085259493662 56.574099393192781804 4.1234258020918561627 
 177.86679086224538082 71.643407345108613526 4.1234258020918561627 
 159.48377441134473997 64.856308836473431256 4.1234258020918561627 
 146.95716442099518417 79.92561678838927719 4.1234258020918561627 
 128.57414797009457175 73.13851827975410913 4.1234258020918561627 
 116.04753797974498752 88.207826231669940853 4.1234258020918561627 
 97.664521528844389309 81.420727723034758583 4.1234258020918561627 
 85.137911538494790875 96.490035674950604516 4.1234258020918561627 
 66.75489508759419266 89.702937166315436457 4.1234258020918561627 
 54.228285097244601332 104.77224511823128239 4.1234258020918561627 
 35.845268646344010222 97.98514660959610012 4.1234258020918561627 
 23.318658655994418893 113.05445456151193184 4.1234258020918561627 
 4.9356422050938473234 106.26735605287674957 4.1234258020918561627 
 239.68604374474571728  55.0789884585472862 4.1234258020918561627 
 227.15943375439616148 70.148296410463132133 4.1234258020918561627 
 214.63282376404657725 85.217604362378963856 4.1234258020918561627 
 196.24980731314599325 78.430505853743795797 4.1234258020918561627 
 183.7231973227963806 93.499813805659627519 4.1234258020918561627 
 165.3401808718957966 86.712715297024445249 4.1234258020918561627 
 152.81357088154618395 101.78202324894029118 4.1234258020918561627 
 134.43055443064559995 94.994924740305123123 4.1234258020918561627 
 121.90394444029601573 110.06423269222095485 4.1234258020918561627 
 103.5209279893954033 103.27713418358578679 4.1234258020918561627 
 90.994317999045819079 118.34644213550161851 4.1234258020918561627 
 72.611301548145206652 111.55934362686645045 4.1234258020918561627 
 60.084691557795608219 126.62865157878229638 4.1234258020918561627 
 41.701675106895038425 119.84155307014711411 4.1234258020918561627 
 29.175065116545443544 134.91086102206296005 4.1234258020918561627 
 10.792048665644870198 128.12376251342777778 4.1234258020918561627 
 245.5424502052967739 76.935394919098300193 4.1234258020918561627 
 233.01584021494716126 92.004702871014131915 4.1234258020918561627 
 220.48923022459757703 107.07401082292999206 4.1234258020918561627 
 202.10621377369696461  100.286912314294824 4.1234258020918561627 
 189.57960378334740881 115.35622026621065572 4.1234258020918561627 
 171.19658733244679638 108.56912175757547345 4.1234258020918561627 
 158.66997734209721216 123.63842970949131939 4.1234258020918561627 
 140.28696089119659973 116.85133120085615133 4.1234258020918561627 
 127.76035090084702972 131.92063915277196884 4.1234258020918561627 
 109.37733444994641729 125.13354064413681499 4.1234258020918561627 
 96.850724459596833071 140.2028485960526325 4.1234258020918561627 
 78.467708008696206434 133.41575008741747865 4.1234258020918561627 
 65.941098018346636422 148.48505803933332459 4.1234258020918561627 
 47.558081567446045312 141.69795953069811389 4.1234258020918561627 
 35.031471577096453984 156.76726748261395983 4.1234258020918561627 
 16.648455126195877085 149.98016897397880598 4.1234258020918561627 
 251.39885666584774526 98.791801379649328396 4.1234258020918561627 
 238.87224667549818946 113.86110933156518854 4.1234258020918561627 
 226.34563668514863366 128.9304172834810629 4.1234258020918561627 
 207.96262023424799281 122.14331877484586641 4.1234258020918561627 
 195.43601024389843701 137.21262672676169814 4.1234258020918561627 
 177.05299379299779616 130.42552821812651587 4.1234258020918561627 
 164.52638380264824036 145.49483617004239022 4.1234258020918561627 
 146.14336735174762794 138.70773766140717953 4.1234258020918561627 
 133.61675736139807213 153.77704561332302546 4.1234258020918561627 
 115.2337409104974455 146.98994710468784319 4.1234258020918561627 
 102.70713092014784706 162.05925505660368913 4.1234258020918561627 
 84.324114469247248849 155.27215654796850686 4.1234258020918561627 
 71.797504478897650415 170.34146449988435279 4.1234258020918561627 
 53.414488027997066411 163.55436599124917052 4.1234258020918561627 
 40.887878037647489293 178.62367394316504488 4.1234258020918561627 
 22.504861586746901736 171.83657543452983418 4.1234258020918561627 
 244.72865313604921766 135.71751579211618832 4.1234258020918561627 
 232.20204314569963344 150.78682374403203426 4.1234258020918561627 
 213.81902669479904944 143.99972523539688041 4.1234258020918561627 
 201.29241670444943679 159.06903318731272634 4.1234258020918561627 
 182.90940025354885279 152.28193467867751565 4.1234258020918561627 
 170.38279026319924014 167.35124263059336158 4.1234258020918561627 
 151.99977381229865614 160.56414412195820773 4.1234258020918561627 
 139.47316382194907192 175.63345207387405367 4.1234258020918561627 
 121.09014737104845949 168.84635356523884298 4.1234258020918561627 
 108.56353738069887527 183.91566151715474575 4.1234258020918561627 
 90.180520929798262841 177.12856300851953506 4.1234258020918561627 
 77.653910939448678619 192.19787096043538099 4.1234258020918561627 
 59.270894488548094614 185.4107724518001703 4.1234258020918561627 
 46.744284498198503286 200.48008040371604466 4.1234258020918561627 
 28.361268047297926387 193.69298189508083397 4.1234258020918561627 
 250.58505959660021745 157.57392225266721653 4.1234258020918561627 
 238.05844960625066165 172.64323020458306246 4.1234258020918561627 
 219.6754331553500208 165.85613169594788019 4.1234258020918561627 
  207.148823165000465 180.92543964786375454 4.1234258020918561627 
 188.76580671409985257 174.13834113922854385 4.1234258020918561627 
 176.23919672375026835 189.20764909114441821 4.1234258020918561627 
 157.85618027284965592 182.42055058250923594 4.1234258020918561627 
 145.3295702825000717 197.48985853442508187 4.1234258020918561627 
 126.94655383159947348 190.70276002578987118 4.1234258020918561627 
 114.41994384124988926 205.77206797770571711 4.1234258020918561627 
 96.036927390349276834 198.98496946907053484 4.1234258020918561627 
 83.510317399999692611 214.0542774209864092 4.1234258020918561627 
 65.127300949099108607 207.26717891235119851 4.1234258020918561627 
 52.600690958749524384 222.33648686426707286 4.1234258020918561627 
 34.217674507848933274 215.54938835563189059 4.1234258020918561627 
 256.44146605715127407 179.43032871321824473 4.1234258020918561627 
 243.91485606680166143 194.49963666513409066 4.1234258020918561627 
  225.531839615901049 187.71253815649890839 4.1234258020918561627 
 213.0052296255514932 202.78184610841475433 4.1234258020918561627 
 194.62221317465085235 195.99474759977957206 4.1234258020918561627 
 182.09560318430129655 211.06405555169541799 4.1234258020918561627 
 163.7125867334006557 204.2769570430602073 4.1234258020918561627 
 151.18597674305112832 219.34626499497608165 4.1234258020918561627 
 132.8029602921505159 212.55916648634089938 4.1234258020918561627 
 120.27635030180090325 227.62847443825677374 4.1234258020918561627 
 101.89333385090029083 220.84137592962156305 4.1234258020918561627 
 89.366723860550720815 235.91068388153740898 4.1234258020918561627 
 70.983707409650122599 229.12358537290222671 4.1234258020918561627 
 58.457097419300531271 244.19289332481807264 4.1234258020918561627 
 40.074080968399961478 237.40579481618286195 4.1234258020918561627 
 249.77126252735268963 216.35604312568509044 4.1234258020918561627 
 231.3882460764520772 209.56894461704990817 4.1234258020918561627 
 218.86163608610249298 224.63825256896578253 4.1234258020918561627 
 200.47861963520190898 217.85115406033057184 4.1234258020918561627 
 187.95200964485229633 232.92046201224644619 4.1234258020918561627 
 169.56899319395171233 226.13336350361126392 4.1234258020918561627 
 157.04238320360212811 241.20267145552710986 4.1234258020918561627 
 138.65936675270151568 234.41557294689189916 4.1234258020918561627 
 126.13275676235191725 249.4848808988077451 4.1234258020918561627 
 107.74974031145131903 242.69778239017256283 4.1234258020918561627 
 76.840113870201136592 250.97999183345322649 4.1234258020918561627 
