 62.077756419504865448 1.8186123512974992078 4.4193654529596928526 
 39.682421628344386022 14.748564921565797903 4.4193654529596928526 
 57.345065309058774972 19.481256032011888379 4.4193654529596928526 
 52.612374198612684495 37.143899712726280882 4.4193654529596928526 
 34.949730517898295545  32.4112086022801833 4.4193654529596928526 
 30.217039407452201516 50.073852282994558038 4.4193654529596928526 
 47.879683088166586913 54.80654339344065562 4.4193654529596928526 
 43.146991977720496436 72.46918707415504457 4.4193654529596928526 
 25.484348297006107487 67.736495963708946988 4.4193654529596928526 
 20.751657186559999246 85.399139644423343043 4.4193654529596928526 
 38.41430086727440596 90.131830754869426414 4.4193654529596928526 
 33.681609756828301272 107.79447443558383668 4.4193654529596928526 
 16.01896607611390877 103.0617833251377391 4.4193654529596928526 
 11.286274965667816517 120.72442700585214936 4.4193654529596928526 
 28.948918646382207243 125.45711811629824695 4.4193654529596928526 
 24.216227535936113213  143.119761797012643 4.4193654529596928526 
 6.5535838552217251518 138.38707068656654542 4.4193654529596928526 
 1.8208927447756331208 156.04971436728092726 4.4193654529596928526 
 19.483536425490022737 160.78240547772702485 4.4193654529596928526 
 14.750845315043930484 178.44504915844140669 4.4193654529596928526 
 10.01815420459782402 196.10769283915578853 4.4193654529596928526 
 5.2854630941517317666 213.7703365198701988 4.4193654529596928526 
 97.403043780933643347 11.283994572189683936 4.4193654529596928526 
 79.740400100219261503 6.5513034617435907947 4.4193654529596928526 
 75.007708989773163921 24.213947142457982409 4.4193654529596928526 
 92.670352670487559976 28.946638252904087096 4.4193654529596928526 
 87.937661560041462394 46.609281933618461835 4.4193654529596928526 
 70.275017879327066339 41.876590823172371358 4.4193654529596928526 
 65.542326768880982968 59.539234503886746097 4.4193654529596928526 
 83.204970449595364812 64.271925614332843679 4.4193654529596928526 
 78.472279339149281441 81.934569295047239734 4.4193654529596928526 
 60.80963565843487828 77.201878184601156363 4.4193654529596928526 
 56.076944547988780698 94.864521865315523996 4.4193654529596928526 
 73.739588228703183859 99.597212975761635789 4.4193654529596928526 
 69.006897118257100487 117.25985665647601763 4.4193654529596928526 
 51.344253437542690222 112.52716554602993426 4.4193654529596928526 
 46.611562327096599745 130.18980922674433032 4.4193654529596928526 
 64.274206007810988694 134.9225003371904279 4.4193654529596928526 
 59.541514897364905323 152.58514401790483817 4.4193654529596928526 
 41.878871216650502163 147.85245290745874058 4.4193654529596928526 
 37.146180106204411686 165.51509658817312243 4.4193654529596928526 
 54.808823786918800636 170.24778769861922001 4.4193654529596928526 
 50.076132676472710159 187.91043137933360185 4.4193654529596928526 
 32.413488995758321209 183.17774026888747585 4.4193654529596928526 
 27.68079788531222718 200.84038394960188612 4.4193654529596928526 
 45.343441566026619682 205.5730750600479837 4.4193654529596928526 
 40.610750455580529206 223.23571874076239396 4.4193654529596928526 
 22.948106774866136703 218.50302763031629638 4.4193654529596928526 
 137.46102225280850462 3.0867331123674617288 4.4193654529596928526 
 132.72833114236243546 20.749376793081868442 4.4193654529596928526 
 115.0656874616480394 16.016685682635774413 4.4193654529596928526 
 110.33299635120194182 33.679329363350163362 4.4193654529596928526 
 127.99564003191633788 38.412020473796275155 4.4193654529596928526 
 123.26294892147024029 56.074664154510642788 4.4193654529596928526 
 105.60030524075584424 51.341973044064552312 4.4193654529596928526 
 100.86761413030976087 69.004616724778941261 4.4193654529596928526 
 118.53025781102414271 73.737307835225024633 4.4193654529596928526 
 113.79756670057805934 91.399951515939420688 4.4193654529596928526 
 96.134923019863649074 86.667260405493337316 4.4193654529596928526 
 91.402231909417565703 104.32990408620771916 4.4193654529596928526 
 109.06487559013196176 109.06259519665381674 4.4193654529596928526 
 104.33218447968587839 126.72523887736819859 4.4193654529596928526 
 86.669540798971468121 121.99254776692211522 4.4193654529596928526 
 81.936849688525370539 139.65519144763652548 4.4193654529596928526 
 99.599493369239766594 144.38788255808262306 4.4193654529596928526 
 94.866802258793669012 162.05052623879700491 4.4193654529596928526 
 77.204158578079287167 157.31783512835093575 4.4193654529596928526 
 72.471467467633189585 174.98047880906528917 4.4193654529596928526 
 90.13411114834758564 179.71316991951138675 4.4193654529596928526 
 85.401420037901488058 197.37581360022579702 4.4193654529596928526 
 67.738776357187106214 192.64312248977969944 4.4193654529596928526 
 63.006085246741001527 210.30576617049408128 4.4193654529596928526 
 80.668728927455404687 215.03845728094017886 4.4193654529596928526 
 75.936037817009307105 232.70110096165456071 4.4193654529596928526 
 58.273394136294918155 227.96840985120849155 4.4193654529596928526 
 155.12366593352291488 7.8194242228135690809 4.4193654529596928526 
 172.78630961423729673 12.552115333259660446 4.4193654529596928526 
 168.05361850379119915 30.214759013974067159 4.4193654529596928526 
 150.3909748230768173 25.482067903527973129 4.4193654529596928526 
 145.65828371263074814 43.144711584242365632 4.4193654529596928526 
 163.32092739334510156 47.877402694688456108 4.4193654529596928526 
 158.5882362828990324 65.540046375402823742 4.4193654529596928526 
 140.92559260218462214 60.807355264956740371 4.4193654529596928526 
 136.19290149173852456 78.469998945671108004 4.4193654529596928526 
 153.85554517245293482 83.202690056117205586 4.4193654529596928526 
 149.12285406200683724 100.86533373683161585 4.4193654529596928526 
 131.46021038129245539 96.13264262638551827 4.4193654529596928526 
 126.72751927084635781 113.79528630709991432 4.4193654529596928526 
 144.39016295156073966 118.5279774175459977 4.4193654529596928526 
 139.65747184111464207 136.19062109826037954 4.4193654529596928526 
 121.99482816040026023 131.45792998781431038 4.4193654529596928526 
 117.26213704995414844 149.12057366852869222 4.4193654529596928526 
 134.92478073066857291 153.85326477897478981 4.4193654529596928526 
 130.19208962022247533 171.51590845968920007 4.4193654529596928526 
 112.52944593950806507 166.78321734924310249 4.4193654529596928526 
 107.79675482906196748 184.44586102995748433 4.4193654529596928526 
 125.45939850977637775 189.17855214040358192 4.4193654529596928526 
 120.72670739933026596 206.84119582111799218 4.4193654529596928526 
 103.06406371861588411 202.1085047106718946 4.4193654529596928526 
 98.331372608169786531 219.77114839138624802 4.4193654529596928526 
 115.99401628888418259 224.5038395018323456 4.4193654529596928526 
  111.261325178438085 242.16648318254675587 4.4193654529596928526 
 93.598681497723688949 237.43379207210065829 4.4193654529596928526 
 190.44895329495170699 17.284806443705754475 4.4193654529596928526 
 208.11159697566611726 22.017497554151844952 4.4193654529596928526 
 203.37890586522001968 39.680141234866248112 4.4193654529596928526 
 185.71626218450560941 34.947450124420157636 4.4193654529596928526 
 180.98357107405951183 52.610093805134546585 4.4193654529596928526 
 198.6462147547739221 57.342784915580637062 4.4193654529596928526 
 193.91352364432782451 75.005428596295018906 4.4193654529596928526 
 176.25087996361341425 70.272737485848935535 4.4193654529596928526 
 171.51818885316734509 87.935381166563317379 4.4193654529596928526 
 189.18083253388172693 92.66807227700940075 4.4193654529596928526 
 184.44814142343562935 110.33071595772379681 4.4193654529596928526 
 166.7854977427212475 105.59802484727769922 4.4193654529596928526 
 162.05280663227514992 123.26066852799209528 4.4193654529596928526 
 179.71545031298953177 127.99335963843817865 4.4193654529596928526 
 174.98275920254343418 145.6560033191525747 4.4193654529596928526 
 157.32011552182905234 140.92331220870647712 4.4193654529596928526 
 152.58742441138292634 158.58595588942088739 4.4193654529596928526 
 170.2500680920973366 163.31864699986698497 4.4193654529596928526 
 165.51737698165123902 180.98129068058139524 4.4193654529596928526 
 147.85473330093682875 176.24859957013529765 4.4193654529596928526 
 143.12204219049075959 193.91124325084970792 4.4193654529596928526 
 160.78468587120516986 198.64393436129577708 4.4193654529596928526 
 156.05199476075907228 216.30657804201015892 4.4193654529596928526 
 138.38935108004466201 211.57388693156406134 4.4193654529596928526 
 133.65665996959856443 229.23653061227844319 4.4193654529596928526 
 151.3193036503129747 233.96922172272454077 4.4193654529596928526 
 146.58661253986687711 251.63186540343895103 4.4193654529596928526 
 128.92396885915246685 246.89917429299285345 4.4193654529596928526 
 225.77424065638047068 26.750188664597935428 4.4193654529596928526 
 243.43688433709485253 31.482879775044029458 4.4193654529596928526 
 238.70419322664875494 49.145523455758436171 4.4193654529596928526 
 221.04154954593440152 44.412832345312338589 4.4193654529596928526 
 216.30885843548830394 62.075476026026734644 4.4193654529596928526 
 233.97150211620265736 66.808167136472818015 4.4193654529596928526 
 229.2388110057565882 84.47081081718721407 4.4193654529596928526 
 211.57616732504220636 79.738119706741102277 4.4193654529596928526 
 206.84347621459610878 97.400763387455498332 4.4193654529596928526 
 224.50611989531049062 102.1334544979015817 4.4193654529596928526 
 219.77342878486439304 119.79609817861597776 4.4193654529596928526 
 202.11078510415001119 115.06340706816988018 4.4193654529596928526 
 197.37809399370394203 132.72605074888426202 4.4193654529596928526 
 215.04073767441829546 137.45874185933038802 4.4193654529596928526 
 210.30804656397219787 155.12138554004476987 4.4193654529596928526 
 192.64540288325784445 150.38869442959867229 4.4193654529596928526 
 187.91271177281171845 168.05133811031308255 4.4193654529596928526 
 205.57535545352612871 172.78402922075915171 4.4193654529596928526 
 200.84266434308003113 190.44667290147356198 4.4193654529596928526 
 183.18002066236562086 185.7139817910274644 4.4193654529596928526 
 178.44732955191952328 203.37662547174187466 4.4193654529596928526 
 196.10997323263393355 208.10931658218797224 4.4193654529596928526 
 191.37728212218783597 225.77196026290235409 4.4193654529596928526 
 173.7146384414734257 221.03926915245625651 4.4193654529596928526 
 168.98194733102735654 238.70191283317063835 4.4193654529596928526 
 186.64459101174173838 243.43460394361670751 4.4193654529596928526 
 164.24925622058125896 256.36455651388502019 4.4193654529596928526 
 256.36683690736316521 53.878214566204526648 4.4193654529596928526 
 251.63414579691706763 71.540858246918915597 4.4193654529596928526 
 246.90145468647099847 89.203501927633311652 4.4193654529596928526 
 242.16876357602490089 106.86614560834767929 4.4193654529596928526 
 255.09871614629321357 129.26148039950817292 4.4193654529596928526 
 237.4360724655788033 124.52878928906207534 4.4193654529596928526 
 232.70338135513270572 142.19143296977648561 4.4193654529596928526 
 250.36602503584708757 146.92412408022255477 4.4193654529596928526 
 245.63333392540098998 164.58676776093693661 4.4193654529596928526 
 227.97069024468660814 159.85407665049083903 4.4193654529596928526 
 223.23799913424053898 177.51672033120524929 4.4193654529596928526 
 240.9006428149548924 182.24941144165134688 4.4193654529596928526 
 236.16795170450879482 199.91205512236575714 4.4193654529596928526 
 218.5053080237944414 195.17936401191965956 4.4193654529596928526 
 213.77261691334834381 212.84200769263406983 4.4193654529596928526 
 231.43526059406272566 217.57469880308016741 4.4193654529596928526 
 226.70256948361662808 235.23734248379452083 4.4193654529596928526 
 209.03992580290224623 230.50465137334845167 4.4193654529596928526 
 204.30723469245612023 248.16729505406280509 4.4193654529596928526 
 221.96987837317053049 252.89998616450890268 4.4193654529596928526 
