 120.94095801737952911 11.810903433321850997 4.4193654529596928526 
 95.081052876842946375 11.810903433321850997 4.4193654529596928526 
 108.01100544711123064 24.74085600359014947 4.4193654529596928526 
 95.081052876842946375 37.67080857385844439 4.4193654529596928526 
 82.151100306574647902 24.74085600359014947 4.4193654529596928526 
 69.221147736306349429 37.67080857385844439 4.4193654529596928526 
 82.151100306574633692 50.600761144126742863 4.4193654529596928526 
 69.221147736306335219 63.530713714395048441 4.4193654529596928526 
 56.291195166038050957 50.600761144126742863 4.4193654529596928526 
 43.361242595769752484 63.530713714395041336 4.4193654529596928526 
 56.291195166038050957 76.460666284663361125 4.4193654529596928526 
 43.361242595769752484 89.390618854931631176 4.4193654529596928526 
 30.431290025501454011 76.460666284663346914 4.4193654529596928526 
 17.501337455233155538 89.390618854931631176 4.4193654529596928526 
 30.431290025501454011 102.32057142519995807 4.4193654529596928526 
 17.501337455233155538 115.25052399546822812 4.4193654529596928526 
 4.5713848849648739403 102.32057142519992965 4.4193654529596928526 
 4.5713848849648588413 128.18047656573654081 4.4193654529596928526 
 146.80086315791609763 11.810903433321850997 4.4193654529596928526 
 159.73081572818441032 24.740856003590131706 4.4193654529596928526 
 146.80086315791609763 37.67080857385844439 4.4193654529596928526 
 133.87091058764781337 24.740856003590131706 4.4193654529596928526 
 120.94095801737954332 37.67080857385844439 4.4193654529596928526 
 133.87091058764781337 50.600761144126728652 4.4193654529596928526 
 120.94095801737954332 63.530713714395041336 4.4193654529596928526 
 108.01100544711123064 50.600761144126742863 4.4193654529596928526 
 95.081052876842946375 63.530713714395041336 4.4193654529596928526 
 108.01100544711123064 76.460666284663346914 4.4193654529596928526 
 95.081052876842946375 89.390618854931631176 4.4193654529596928526 
 82.151100306574633692 76.460666284663346914 4.4193654529596928526 
 69.221147736306349429 89.390618854931631176 4.4193654529596928526 
 82.151100306574647902 102.32057142519992965 4.4193654529596928526 
 69.221147736306349429 115.25052399546822812 4.4193654529596928526 
 56.291195166038050957 102.32057142519992965 4.4193654529596928526 
 43.361242595769752484 115.25052399546822812 4.4193654529596928526 
 56.291195166038050957 128.18047656573651238 4.4193654529596928526 
 43.361242595769752484 141.11042913600482507 4.4193654529596928526 
 30.431290025501454011 128.18047656573651238 4.4193654529596928526 
 17.501337455233155538 141.11042913600482507 4.4193654529596928526 
 30.431290025501454011 154.04038170627313775 4.4193654529596928526 
 17.501337455233155538 166.97033427654142201 4.4193654529596928526 
 4.5713848849648739403 154.04038170627313775 4.4193654529596928526 
 4.5713848849648739403 179.90028684680970628 4.4193654529596928526 
  172.660768298452723 11.810903433321850997 4.4193654529596928526 
  172.660768298452723 37.67080857385844439 4.4193654529596928526 
 185.59072086872100726 50.600761144126728652 4.4193654529596928526 
  172.660768298452723 63.530713714395034231 4.4193654529596928526 
 159.73081572818441032 50.600761144126728652 4.4193654529596928526 
 146.80086315791612606 63.530713714395034231 4.4193654529596928526 
 159.73081572818441032 76.460666284663318493 4.4193654529596928526 
 146.80086315791612606 89.390618854931631176 4.4193654529596928526 
 133.87091058764784179 76.460666284663346914 4.4193654529596928526 
 120.94095801737954332 89.390618854931631176 4.4193654529596928526 
 133.87091058764784179 102.32057142519992965 4.4193654529596928526 
 120.94095801737954332 115.25052399546822812 4.4193654529596928526 
 108.01100544711124485 102.32057142519992965 4.4193654529596928526 
 95.081052876842946375 115.25052399546822812 4.4193654529596928526 
 108.01100544711124485 128.18047656573651238 4.4193654529596928526 
 95.081052876842946375 141.11042913600482507 4.4193654529596928526 
 82.151100306574647902 128.18047656573651238 4.4193654529596928526 
 69.221147736306349429 141.11042913600482507 4.4193654529596928526 
 82.151100306574662113 154.04038170627313775 4.4193654529596928526 
 69.221147736306349429 166.97033427654142201 4.4193654529596928526 
 56.291195166038050957 154.04038170627313775 4.4193654529596928526 
 43.361242595769752484 166.97033427654142201 4.4193654529596928526 
 56.291195166038050957 179.90028684680970628 4.4193654529596928526 
 43.361242595769766695 192.83023941707801896 4.4193654529596928526 
 30.431290025501468222 179.90028684680970628 4.4193654529596928526 
 17.501337455233173301 192.83023941707801896 4.4193654529596928526 
 30.431290025501468222 205.76019198734633164 4.4193654529596928526 
 198.52067343898931995 37.67080857385844439 4.4193654529596928526 
 185.59072086872103569 24.74085600359014947 4.4193654529596928526 
 198.52067343898931995 63.530713714395034231 4.4193654529596928526 
 211.45062600925760421 76.460666284663318493 4.4193654529596928526 
 198.52067343898931995 89.390618854931616966 4.4193654529596928526 
 185.59072086872100726 76.460666284663318493 4.4193654529596928526 
  172.660768298452723 89.390618854931631176 4.4193654529596928526 
 185.59072086872103569 102.32057142519991544 4.4193654529596928526 
  172.660768298452723 115.25052399546822812 4.4193654529596928526 
 159.73081572818441032 102.32057142519991544 4.4193654529596928526 
 146.80086315791612606 115.25052399546822812 4.4193654529596928526 
 159.73081572818441032 128.18047656573651238 4.4193654529596928526 
 146.80086315791612606 141.11042913600482507 4.4193654529596928526 
 133.87091058764784179 128.18047656573651238 4.4193654529596928526 
 120.94095801737954332 141.11042913600482507 4.4193654529596928526 
 133.87091058764784179 154.04038170627310933 4.4193654529596928526 
 120.94095801737954332 166.97033427654142201 4.4193654529596928526 
 108.01100544711124485 154.04038170627310933 4.4193654529596928526 
 95.081052876842946375 166.97033427654142201 4.4193654529596928526 
 108.01100544711125906 179.90028684680970628 4.4193654529596928526 
 95.081052876842946375 192.83023941707801896 4.4193654529596928526 
 82.151100306574662113 179.90028684680970628 4.4193654529596928526 
 69.221147736306349429 192.83023941707801896 4.4193654529596928526 
 82.151100306574662113 205.76019198734633164 4.4193654529596928526 
 69.22114773630636364 218.69014455761461591 4.4193654529596928526 
 56.291195166038065167 205.76019198734633164 4.4193654529596928526 
 43.361242595769766695 218.69014455761461591 4.4193654529596928526 
 56.291195166038065167 231.62009712788290017 4.4193654529596928526 
 224.38057857952591689 63.530713714395041336 4.4193654529596928526 
 211.45062600925760421 50.600761144126742863 4.4193654529596928526 
 224.38057857952591689 89.390618854931616966 4.4193654529596928526 
 237.31053114979420116 102.32057142519991544 4.4193654529596928526 
 224.38057857952591689 115.25052399546821391 4.4193654529596928526 
 211.45062600925760421 102.32057142519991544 4.4193654529596928526 
 198.52067343898931995 115.25052399546821391 4.4193654529596928526 
 211.45062600925760421 128.18047656573651238 4.4193654529596928526 
 198.52067343898931995 141.11042913600482507 4.4193654529596928526 
 185.59072086872103569 128.18047656573651238 4.4193654529596928526 
  172.660768298452723 141.11042913600482507 4.4193654529596928526 
 185.59072086872103569 154.04038170627310933 4.4193654529596928526 
  172.660768298452723 166.97033427654142201 4.4193654529596928526 
 159.73081572818441032 154.04038170627310933 4.4193654529596928526 
 146.80086315791612606 166.97033427654142201 4.4193654529596928526 
 159.73081572818443874 179.90028684680970628 4.4193654529596928526 
 146.80086315791612606 192.83023941707801896 4.4193654529596928526 
 133.87091058764784179 179.90028684680970628 4.4193654529596928526 
 120.94095801737954332 192.83023941707801896 4.4193654529596928526 
 133.87091058764784179 205.76019198734630322 4.4193654529596928526 
 120.94095801737954332 218.69014455761461591 4.4193654529596928526 
 108.01100544711125906 205.76019198734633164 4.4193654529596928526 
 95.081052876842946375 218.69014455761461591 4.4193654529596928526 
 108.01100544711125906 231.62009712788290017 4.4193654529596928526 
 95.081052876842960586 244.55004969815121285 4.4193654529596928526 
 82.151100306574662113 231.62009712788290017 4.4193654529596928526 
 69.22114773630636364 244.55004969815121285 4.4193654529596928526 
 250.24048372006251384 89.390618854931631176 4.4193654529596928526 
 237.31053114979422958 76.460666284663346914 4.4193654529596928526 
 250.24048372006251384 115.25052399546821391 4.4193654529596928526 
 250.24048372006251384 141.11042913600482507 4.4193654529596928526 
 237.31053114979420116 128.18047656573651238 4.4193654529596928526 
 224.38057857952591689 141.11042913600482507 4.4193654529596928526 
 237.31053114979422958 154.04038170627310933 4.4193654529596928526 
 224.38057857952591689 166.97033427654139359 4.4193654529596928526 
 211.45062600925760421 154.04038170627310933 4.4193654529596928526 
 198.52067343898931995 166.97033427654142201 4.4193654529596928526 
 211.45062600925760421 179.90028684680970628 4.4193654529596928526 
 198.52067343898931995 192.83023941707801896 4.4193654529596928526 
 185.59072086872103569 179.90028684680970628 4.4193654529596928526 
  172.660768298452723 192.83023941707801896 4.4193654529596928526 
 185.59072086872103569 205.76019198734630322 4.4193654529596928526 
  172.660768298452723 218.69014455761461591 4.4193654529596928526 
 159.73081572818443874 205.76019198734630322 4.4193654529596928526 
 146.80086315791612606 218.69014455761461591 4.4193654529596928526 
 159.73081572818443874 231.62009712788290017 4.4193654529596928526 
 146.80086315791612606 244.55004969815121285 4.4193654529596928526 
 133.87091058764784179 231.62009712788290017 4.4193654529596928526 
 120.94095801737954332 244.55004969815121285 4.4193654529596928526 
 250.24048372006251384 166.97033427654139359 4.4193654529596928526 
 69.221147736306349429 11.810903433321850997 4.4193654529596928526 
 237.31053114979422958 179.90028684680970628 4.4193654529596928526 
 224.38057857952591689 192.83023941707801896 4.4193654529596928526 
 56.291195166038050957 24.74085600359014947 4.4193654529596928526 
 43.361242595769752484 37.67080857385844439 4.4193654529596928526 
 211.45062600925760421 205.76019198734630322 4.4193654529596928526 
 198.52067343898931995 218.69014455761458748 4.4193654529596928526 
 30.431290025501454011 50.600761144126742863 4.4193654529596928526 
 17.501337455233155538 63.530713714395041336 4.4193654529596928526 
 185.59072086872103569 231.62009712788290017 4.4193654529596928526 
  172.660768298452723 244.55004969815121285 4.4193654529596928526 
 4.5713848849648739403 76.460666284663346914 4.4193654529596928526 
