 209.43277653794814341 1.0184055720619660246 4.4193654529596928526 
 191.77013285723373315 5.7510966825080576115 4.4193654529596928526 
 174.1074891765193513 10.483787792954165852 4.4193654529596928526 
 156.44484549580494104 15.216478903400258105 4.4193654529596928526 
 134.04951070464449003 2.2865263331319596318 4.4193654529596928526 
 138.78220181509055919 19.949170013846348581 4.4193654529596928526 
 121.11955813437616314 24.681861124292442611 4.4193654529596928526 
 116.38686702393007977 7.0192174435780509967 4.4193654529596928526 
 98.724223343215683713 11.751908554024142362 4.4193654529596928526 
 103.45691445366178129 29.414552234738533087 4.4193654529596928526 
 85.79427077294738524 34.147243345184627117 4.4193654529596928526 
 81.061579662501287658 16.484599664470234615 4.4193654529596928526 
 63.398935981786905813 21.217290774916328644 4.4193654529596928526 
 68.131627092233003395 38.879934455630717594 4.4193654529596928526 
 50.46898341151860734 43.61262556607680807 4.4193654529596928526 
 45.736292301072516864 25.949981885362419121 4.4193654529596928526 
 28.073648620358124361 30.682672995808509597 4.4193654529596928526 
 32.806339730804218391 48.345316676522898547 4.4193654529596928526 
 15.143696050089827665 53.078007786968989024 4.4193654529596928526 
 10.411004939643735412 35.415364106254600074 4.4193654529596928526 
 214.16546764839421257 18.681049252776354308 4.4193654529596928526 
 218.89815875884031016 36.343692933490757468 4.4193654529596928526 
 201.23551507812589989 41.076384043936855051 4.4193654529596928526 
 196.50282396767983073 23.413740363222448337 4.4193654529596928526 
 178.84018028696544889 28.146431473668538814 4.4193654529596928526 
 183.57287139741154647 45.809075154382945527 4.4193654529596928526 
 165.91022771669716462 50.541766264829036004 4.4193654529596928526 
 161.17753660625106704 32.879122584114632843 4.4193654529596928526 
 143.51489292553665678 37.611813694560737531 4.4193654529596928526 
 148.24758403598275436 55.274457375275126481 4.4193654529596928526 
 130.58494035526837251 60.007148485721216957 4.4193654529596928526 
 125.85224924482227493 42.344504805006828008 4.4193654529596928526 
 108.18960556410787888 47.07719591545292559 4.4193654529596928526 
 112.92229667455397646 64.739839596167314539 4.4193654529596928526 
 95.259652993839566193 69.472530706613412121 4.4193654529596928526 
 90.526961883393482822 51.809887025899016066 4.4193654529596928526 
 72.864318202679086767 56.542578136345106543 4.4193654529596928526 
 77.597009313125184349 74.205221817059495493 4.4193654529596928526 
 59.934365632410788294 78.937912927505593075 4.4193654529596928526 
 55.201674521964697817 61.27526924679119702 4.4193654529596928526 
 37.539030841250308868 66.007960357237294602 4.4193654529596928526 
 42.271721951696399344 83.670604037951690657 4.4193654529596928526 
 24.609078270982010395 88.403295148397788239 4.4193654529596928526 
 19.876387160535919918 70.740651467683377973 4.4193654529596928526 
 2.2137434798215296361 75.473342578129489766 4.4193654529596928526 
 6.946434590267621445 93.135986258843885821 4.4193654529596928526 
 223.63084986928640774 54.006336614205153523 4.4193654529596928526 
 228.36354097973250532 71.668980294919535368 4.4193654529596928526 
 210.70089729901809505 76.40167140536563295 4.4193654529596928526 
 205.96820618857199747   58.739027724651244 4.4193654529596928526 
 188.30556250785761563 63.471718835097334477 4.4193654529596928526 
 193.03825361830371321 81.134362515811730532 4.4193654529596928526 
 175.37560993758933137 85.867053626257813903 4.4193654529596928526 
 170.64291882714326221 68.204409945543432059 4.4193654529596928526 
 152.98027514642885194 72.93710105598951543 4.4193654529596928526 
 157.71296625687494952 90.599744736703911485 4.4193654529596928526 
 140.05032257616053926 95.332435847149994856 4.4193654529596928526 
 135.3176314657144701 77.669792166435613012 4.4193654529596928526 
 117.65498778500007404 82.402483276881710594 4.4193654529596928526 
 122.38767889544615741 100.06512695759609244 4.4193654529596928526 
 104.72503521473177557 104.79781806804220423 4.4193654529596928526 
 99.992344104285663775 87.135174387327808176 4.4193654529596928526 
 82.329700423571281931 91.867865497773905759 4.4193654529596928526 
 87.062391534017379513 109.5305091784882876 4.4193654529596928526 
 69.399747853302969247 114.26320028893438518 4.4193654529596928526 
 64.667056742856885876 96.60055660821998913 4.4193654529596928526 
 47.004413062142489821 101.33324771866608671 4.4193654529596928526 
 51.737104172588587403 118.99589139938046856 4.4193654529596928526 
 34.074460491874198453 123.72858250982656614 4.4193654529596928526 
 29.341769381428104424 106.06593882911217008 4.4193654529596928526 
 11.679125700713713698 110.79862993955826767 4.4193654529596928526 
 16.411816811159805951 128.46127362027266372 4.4193654529596928526 
 233.0962320901786029 89.331623975633931423 4.4193654529596928526 
 237.82892320062467206 106.99426765634831327 4.4193654529596928526 
 220.16627951991029022 111.72695876679441085 4.4193654529596928526 
 215.43358840946419264 94.064315086080029005 4.4193654529596928526 
 197.77094472874981079 98.797006196526126587 4.4193654529596928526 
 202.50363583919590837 116.45964987724052264 4.4193654529596928526 
 184.84099215848152653 121.19234098768660601 4.4193654529596928526 
 180.10830104803542895 103.52969730697222417 4.4193654529596928526 
 162.44565736732101868 108.26238841741830754 4.4193654529596928526 
 167.17834847776711626 125.9250320981327036 4.4193654529596928526 
 149.51570479705273442 130.65772320857880118 4.4193654529596928526 
 144.78301368660663684 112.99507952786440512 4.4193654529596928526 
 127.12037000589225499 117.7277706383105027 4.4193654529596928526 
 131.85306111633835258 135.39041431902489876 4.4193654529596928526 
 114.19041743562395652 140.12310542947096792 4.4193654529596928526 
 109.45772632517785894 122.46046174875658608 4.4193654529596928526 
 91.795082644463477095 127.19315285920268366 4.4193654529596928526 
 96.527773754909560466 144.85579653991709392 4.4193654529596928526 
 78.865130074195164411 149.58848765036319151 4.4193654529596928526 
 74.132438963749066829 131.92584396964878124 4.4193654529596928526 
 56.46979528303467788 136.65853508009487882 4.4193654529596928526 
 61.202486393480775462 154.32117876080926067 4.4193654529596928526 
 43.539842712766379407 159.05386987125535825 4.4193654529596928526 
 38.80715160232028893 141.39122619054094798 4.4193654529596928526 
 21.144507921605896428 146.12391730098704556 4.4193654529596928526 
 25.877199032051990457 163.78656098170145583 4.4193654529596928526 
 8.2145553513375997312 168.51925209214755341 4.4193654529596928526 
 3.4818642408915074782 150.85660841143314315 4.4193654529596928526 
 242.56161431107076965 124.65691133706272353 4.4193654529596928526 
 247.29430542151686723 142.3195550177771338 4.4193654529596928526 
 229.63166174080248538 147.05224612822323138 4.4193654529596928526 
 224.8989706303563878 129.38960244750882111 4.4193654529596928526 
 207.23632694964203438 134.1222935579549187 4.4193654529596928526 
 211.96901806008810354 151.78493723866930054 4.4193654529596928526 
 194.30637437937372169 156.51762834911539812 4.4193654529596928526 
 189.57368326892762411 138.85498466840101628 4.4193654529596928526 
 171.91103958821321385 143.58767577884708544 4.4193654529596928526 
 176.64373069865931143 161.25031945956149571 4.4193654529596928526 
 158.98108701794492958 165.98301057000759329 4.4193654529596928526 
  154.248395907498832 148.32036688929321144 4.4193654529596928526 
 136.58575222678442174 153.05305799973930903 4.4193654529596928526 
 141.31844333723051932 170.71570168045369087 4.4193654529596928526 
 123.65579965651613747 175.44839279089976003 4.4193654529596928526 
 118.92310854607003989 157.78574911018540661 4.4193654529596928526 
 101.26046486535565805 162.51844022063150419 4.4193654529596928526 
 105.99315597580174142 180.18108390134585761 4.4193654529596928526 
 88.330512295087359576 184.91377501179195519 4.4193654529596928526 
 83.597821184641261993 167.25113133107757335 4.4193654529596928526 
 65.935177503926880149 171.98382244152367093 4.4193654529596928526 
 70.667868614372963521 189.6464661222380812 4.4193654529596928526 
 53.005224933658581676 194.37915723268417878 4.4193654529596928526 
 48.272533823212484094 176.71651355196976851 4.4193654529596928526 
 30.609890142498095145 181.4492046624158661 4.4193654529596928526 
 35.342581252944185621 199.11184834313027636 4.4193654529596928526 
 17.679937572229800224 203.84453945357634552 4.4193654529596928526 
 12.947246461783706195 186.18189577286196368 4.4193654529596928526 
 252.02699653196296481 159.98219869849151564 4.4193654529596928526 
 256.75968764240906239 177.64484237920589749 4.4193654529596928526 
 239.09704396169468055 182.37753348965199507 4.4193654529596928526 
 234.36435285124858297 164.7148898089375848 4.4193654529596928526 
 216.70170917053420112 169.44758091938368239 4.4193654529596928526 
 221.4344002809802987 187.11022460009809265 4.4193654529596928526 
 203.77175660026588844 191.84291571054419023 4.4193654529596928526 
 199.03906548981979086 174.18027202982977997 4.4193654529596928526 
 181.37642180910540901 178.91296314027587755 4.4193654529596928526 
 186.10911291955147817 196.57560682099028782 4.4193654529596928526 
 168.44646923883712475 201.30829793143635698 4.4193654529596928526 
 163.71377812839102717 183.64565425072197513 4.4193654529596928526 
 146.0511344476766169 188.37834536116810114 4.4193654529596928526 
 150.78382555812271448 206.04098904188245456 4.4193654529596928526 
 133.12118187740833264 210.77368015232855214 4.4193654529596928526 
 128.38849076696226348 193.1110364716141703 4.4193654529596928526 
  110.725847086247839 197.84372758206026788 4.4193654529596928526 
 115.45853819669393658 215.50637126277464972 4.4193654529596928526 
 97.795894515979540529 220.2390623732207473 4.4193654529596928526 
 93.063203405533442947 202.57641869250636546 4.4193654529596928526 
 75.400559724819061103 207.30910980295246304 4.4193654529596928526 
 80.133250835265158685 224.97175348366681646 4.4193654529596928526 
 62.47060715455076263 229.70444459411291405 4.4193654529596928526 
 57.737916044104672153 212.04180091339856062 4.4193654529596928526 
 40.075272363390283203 216.77449202384462978 4.4193654529596928526 
 44.80796347383637368 234.43713570455904005 4.4193654529596928526 
 27.145319793121981178 239.16982681500513763 4.4193654529596928526 
 22.412628682675890701 221.50718313429072737 4.4193654529596928526 
 248.56242618258684729 217.70282085108078718 4.4193654529596928526 
 243.82973507214077813 200.04017717036640533 4.4193654529596928526 
 226.16709139142639629 204.77286828081250292 4.4193654529596928526 
 230.89978250187249387 222.43551196152688476 4.4193654529596928526 
 213.2371388211580836 227.16820307197295392 4.4193654529596928526 
 208.50444771071198602 209.5055593912586005 4.4193654529596928526 
 190.84180402999757575 214.23825050170466966 4.4193654529596928526 
 195.57449514044367334 231.90089418241907993 4.4193654529596928526 
 177.91185145972929149 236.63358529286517751 4.4193654529596928526 
 173.17916034928319391 218.97094161215076724 4.4193654529596928526 
 155.51651666856881207 223.70363272259686482 4.4193654529596928526 
 160.24920777901488123 241.36627640331127509 4.4193654529596928526 
 142.5865640983005278 246.09896751375737267 4.4193654529596928526 
 137.85387298785443022 228.43632383304296241 4.4193654529596928526 
 120.19122930714001996 233.16901494348905999 4.4193654529596928526 
 124.92392041758611754 250.83165862420344183 4.4193654529596928526 
 107.26127673687172148 255.56434973464953941 4.4193654529596928526 
 102.52858562642563811 237.90170605393512915 4.4193654529596928526 
 84.865941945711242056 242.63439716438122673 4.4193654529596928526 
 67.203298264996860212 247.36708827482732431 4.4193654529596928526 
 49.540654584282464157 252.09977938527342189 4.4193654529596928526 
 31.878010903568075207 256.83247049571951948 4.4193654529596928526 
