 86.984834047440912741 26.579862701979426021 4.2072761722336293744 
 68.041214663683547315 42.32686670580140742 4.2072761722336293744 
 90.310842663278990017 69.116927063456856217 4.2072761722336293744 
 69.704425035778854181 63.59545410126974474 4.2072761722336293744 
 66.378416419940776905 21.058389739792321649 4.2072761722336293744 
 88.647632291183683151 47.848339667988526003 4.2072761722336293744 
 71.368416228765113374 84.861127433501508222 4.2072761722336293744 
 52.424796845007740842 100.60813143732347896 4.2072761722336293744 
 74.694424844603176439 127.39819179497891355 4.2072761722336293744 
 54.088007217103047708 121.87671883279180918 4.2072761722336293744 
 50.761998601264970432 79.339654471314389639 4.2072761722336293744 
 73.031214472507883784 106.12960439951059755 4.2072761722336293744 
 55.75199841008929269 143.14239216502357976 4.2072761722336293744 
 36.808379026331927264 158.88939616884556472 4.2072761722336293744 
 59.078007025927355755 185.67945652650101351 4.2072761722336293744 
 38.471589398427227025 180.15798356431389493 4.2072761722336293744 
 35.145580782589156854 137.62091920283646118 4.2072761722336293744 
  57.4147966538320631 164.41086913103265488 4.2072761722336293744 
 40.135580591413493323 201.42365689654562289 4.2072761722336293744 
 21.191961207656124344 217.17066090036763626 4.2072761722336293744 
 105.92726048195478938 10.835662331934814873 4.2072761722336293744 
 85.320842854454653548 5.3141893697476936254 4.2072761722336293744 
 19.529162963913353934 195.9021839343585043 4.2072761722336293744 
 41.798378835156249522 222.69213386255472642 4.2072761722336293744 
 128.19766930244114178 37.622808626353652528 4.2072761722336293744 
 109.25404991868379057 53.369812630175616164 4.2072761722336293744 
 131.52367791827924748 80.159872987831064961 4.2072761722336293744 
 110.91726029077909743 74.638400025643960589 4.2072761722336293744 
 107.59125167494103437 32.10133566416652684 4.2072761722336293744 
 129.86046754618394061 58.891285592362741852 4.2072761722336293744 
 112.58125148376534241 95.904073357875716965 4.2072761722336293744 
 93.637632100007976987 111.65107736169768771 4.2072761722336293744 
 115.9072600996034339 138.44113771935312229 4.2072761722336293744 
 95.300842472103298064 132.91966475716603213 4.2072761722336293744 
 91.974833856265234999 90.382600395688612593 4.2072761722336293744 
 114.24404972750811282 117.17255032388480629 4.2072761722336293744 
 96.964833665089543047 154.18533808939778851 4.2072761722336293744 
 78.021214281332163409 169.93234209321977346 4.2072761722336293744 
 100.29084228092760611 196.72240245087522226 4.2072761722336293744 
 79.684424653427484486 191.20092948868810367 4.2072761722336293744 
 76.358416037589421421 148.66386512721066993 4.2072761722336293744 
 98.627631908832299246 175.45381505540686362 4.2072761722336293744 
 81.348415846413729469 212.46660282091986005 4.2072761722336293744 
 62.404796462656356937  228.213606824741845 4.2072761722336293744 
 147.14009573695503263 21.878608256309025393 4.2072761722336293744 
 126.5336781094548968 16.357135294121917468 4.2072761722336293744 
 60.741998218913600738 206.94512985873276989 4.2072761722336293744 
 83.011214090156499879 233.73507978692896359 4.2072761722336293744 
 169.41050455744138503 48.665754550727861272 4.2072761722336293744 
 150.46688517368403382 64.412758554549839118 4.2072761722336293744 
 172.73651317327946231 91.202818912205287916 4.2072761722336293744 
 152.13009554577934068 85.681345950018183544 4.2072761722336293744 
 148.80408692994129183  43.1442815885407569 4.2072761722336293744 
 171.07330280118418386 69.93423151673694349 4.2072761722336293744 
 153.79408673876559988 106.94701928224992571 4.2072761722336293744 
 134.85046735500822024 122.69402328607191066 4.2072761722336293744 
 157.12009535460364873 149.48408364372735946 4.2072761722336293744 
 136.51367772710355553 143.96261068154024088 4.2072761722336293744 
 133.18766911126547825 101.42554632006283555 4.2072761722336293744 
 155.45688498250834186 128.21549624825900082 4.2072761722336293744 
 138.1776689200897863 165.22828401377199725 4.2072761722336293744 
 119.23404953633240666 180.9752880175939822 4.2072761722336293744 
 141.50367753592786357  207.765348375249431 4.2072761722336293744 
 120.89725990842771353 202.24387541306234084 4.2072761722336293744 
 117.57125129258966467 159.70681105158490709 4.2072761722336293744 
 139.84046716383255671 186.49676097978110079 4.2072761722336293744 
 122.56125110141395851 223.50954874529406879 4.2072761722336293744 
 103.61763171765659308 239.25655274911605375 4.2072761722336293744 
 188.35293099195527589 32.921554180683230584 4.2072761722336293744 
 167.74651336445515426 27.400081218496129765 4.2072761722336293744 
 101.9548334739138653 217.98807578310697863 4.2072761722336293744 
 124.22404934515672892 244.77802571130317233 4.2072761722336293744 
 210.6233398124416567 59.708700475102084226 4.2072761722336293744 
 191.67972042868427707 75.455704478924076284 4.2072761722336293744 
 213.94934842827970556 102.24576483657949666 4.2072761722336293744 
 193.34293080077958393 96.724291874392392288 4.2072761722336293744 
 190.01692218494153508 54.187227512914965644 4.2072761722336293744 
 212.28613805618442711 80.977177441111180656 4.2072761722336293744 
 195.00692199376587155 117.98996520662414866 4.2072761722336293744 
 176.06330261000849191 133.73696921044614783 4.2072761722336293744 
 198.33293060960389198 160.52702956810153978 4.2072761722336293744 
 177.72651298210379878 155.00555660591444962 4.2072761722336293744 
 174.4005043662657215 112.46849224443704429 4.2072761722336293744 
 196.66972023750861354 139.25844217263326641 4.2072761722336293744 
 179.39050417509002955  176.271229938146206 4.2072761722336293744 
 160.44688479133264991 192.01823394196821937 4.2072761722336293744 
 182.7165127909280784 218.80829429962363974 4.2072761722336293744 
 162.1100951634279852 213.28682133743654958 4.2072761722336293744 
 158.78408654758990792 170.74975697595911583 4.2072761722336293744 
 181.05330241883279996 197.53970690415530953 4.2072761722336293744 
 163.77408635641424439 234.55249466966830596 4.2072761722336293744 
 144.83046697265686475 250.29949867349026249 4.2072761722336293744 
 229.56576624695549071 43.964500105057460644 4.2072761722336293744 
 208.95934861945542593 38.443027142870356272 4.2072761722336293744 
 143.16766872891409434 229.03102170748118738 4.2072761722336293744 
 165.43688460015698638 255.82097163567738107 4.2072761722336293744 
 251.83617506744187153 70.751646399476285865 4.2072761722336293744 
 232.89255568368454874 86.498650403298285028 4.2072761722336293744 
 255.16218368327994881 113.28871076095371961 4.2072761722336293744 
 234.55576605577982718 107.76723779876661524 4.2072761722336293744 
 231.22975743994177833 65.230173437289181493 4.2072761722336293744 
 253.49897331118464194  92.0201233654853894 4.2072761722336293744 
 236.21975724876605796 129.03291113099837162 4.2072761722336293744 
 217.27613786500870674 144.77991513482035657 4.2072761722336293744 
 239.54576586460410681 171.56997549247577695 4.2072761722336293744 
 218.93934823710404203 166.04850253028865836 4.2072761722336293744 
 215.61333962126596475 123.51143816881125304 4.2072761722336293744 
 237.88255549250885679 150.30138809700744673 4.2072761722336293744 
 220.60333943009024438 187.31417586252044316 4.2072761722336293744 
 201.65972004633289316 203.06117986634239969 4.2072761722336293744 
 223.92934804592832165 229.85124022399787691 4.2072761722336293744 
 203.32293041842820003 224.32976726181075833 4.2072761722336293744 
 199.99692180259015117 181.79270290033332458 4.2072761722336293744 
 222.26613767383301479 208.58265282852951827 4.2072761722336293744 
 204.9869216114144308 245.5954405940425147 4.2072761722336293744 
 250.17218387445564076 49.485973067244565016 4.2072761722336293744 
 184.3805039839143376 240.07396763185539612 4.2072761722336293744 
 45.771998792440648174 15.536916777605199513 4.2072761722336293744 
 26.828379408683296958 31.283920781427184465 4.2072761722336293744 
 49.098007408278739661 58.073981139082640368 4.2072761722336293744 
 28.491589780778600272 52.552508176895521785 4.2072761722336293744 
 47.434797036183404373 36.805393743614303048 4.2072761722336293744 
 30.155580973764848807 73.818181509127285267 4.2072761722336293744 
 11.211961590007479828 89.565185512949256008 4.2072761722336293744 
 33.481589589602918977 116.35524587060469059 4.2072761722336293744 
 12.875171962102783141 110.83377290841758622 4.2072761722336293744 
 256.82617487626623642 134.55438409318546178 4.2072761722336293744 
 31.818379217507605006 95.08665847513636038 4.2072761722336293744 
 14.539163155089031676 132.0994462406493426 4.2072761722336293744 
 17.865171770927105399 174.63651060212680477 4.2072761722336293744 
 241.20975705759039442 192.83564882470753332 4.2072761722336293744 
 16.201961398831784322 153.36792320665844613 4.2072761722336293744 
 225.59333923891455242 251.11691355622960486 4.2072761722336293744 
