 100.69084258204706828 35.293044608343869584 4.2072761722336293744 
 78.317086836390870985 45.600512982623214953 4.2072761722336293744 
 92.894117823042989812 77.241528023569202333 4.2072761722336293744 
 74.418909208974966418 66.574861356902530929 4.2072761722336293744 
 82.215633967979059094 24.626377941677212391 4.2072761722336293744 
 96.792295450458880168 56.267179649289872145 4.2072761722336293744 
 70.522240011687543415 87.546597053559594315 4.2072761722336293744 
 48.148484266031353229 97.854065427838932578 4.2072761722336293744 
 62.725515252683457845 129.49508046878491996 4.2072761722336293744 
 44.250306638615441557 118.82841380211826277 4.2072761722336293744 
 52.047031397619534232 76.879930386892937122 4.2072761722336293744 
 66.623692880099369518 108.52073209450557556 4.2072761722336293744 
 40.35363744132803987 139.80014949877534036 4.2072761722336293744 
 17.979881695671846131 150.10761787305463599 4.2072761722336293744 
 32.556912682323932984 181.74863291400063758 4.2072761722336293744 
 14.081704068255918472 171.08196624733398039 4.2072761722336293744 
 21.878428827260009371 129.13348283210865475 4.2072761722336293744 
 36.455090309739858867 160.77428453972132161 4.2072761722336293744 
 10.185034870968530996 192.05370194399102957 4.2072761722336293744 
 123.06272039340251467 24.987975578353470496 4.2072761722336293744 
 104.58751177933449128 14.32130891168681508 4.2072761722336293744 
 126.96089802081840503 4.0136272040741385325 4.2072761722336293744 
 137.64125981018312928 56.626377941677212391 4.2072761722336293744 
 115.26750406452691777 66.933846315956529338 4.2072761722336293744 
 129.8445350511790366 98.574861356902516718 4.2072761722336293744 
  111.369326437110999 87.908194690235859525 4.2072761722336293744 
 119.16605119611510588 45.959711275010540987 4.2072761722336293744 
 133.74271267859492696 77.600512982623200742 4.2072761722336293744 
 107.47265723982360441 108.87993038689292291 4.2072761722336293744 
 85.098901494167407122 119.18739876117224696 4.2072761722336293744 
 99.675932480819497528 150.82841380211826277 4.2072761722336293744 
 81.200723866751474134 140.16174713545157715 4.2072761722336293744 
 88.997448625755595231 98.213263720226265718 4.2072761722336293744 
 103.57411010823543052 129.85406542783891837 4.2072761722336293744 
 77.304054669464079552 161.13348283210865475 4.2072761722336293744 
 54.930298923807875155 171.44095120638795038 4.2072761722336293744 
 69.507329910459972666 203.08196624733398039 4.2072761722336293744 
 51.032121296391963483 192.41529958066729478 4.2072761722336293744 
 58.828846055396070369 150.46681616544199755 4.2072761722336293744 
 73.405507537875919866 182.10761787305463599 4.2072761722336293744 
 47.135452099104590218 213.38703527732437237 4.2072761722336293744 
 145.43610663488641421 14.680293870740793949 4.2072761722336293744 
 160.01313762153853304 46.321308911686799092 4.2072761722336293744 
 141.53792900747052386 35.654642245020127689 4.2072761722336293744 
 28.660243485036559719 202.72036861065768676 4.2072761722336293744 
 163.91131524895445182 25.346960537407465353 4.2072761722336293744 
 174.59167703831917606 77.959711275010519671 4.2072761722336293744 
 152.21792129266296456 88.267179649289857934 4.2072761722336293744 
 166.79495227931508339 119.90819469023585953 4.2072761722336293744 
 148.31974366524701736 109.24152802356918812 4.2072761722336293744 
 156.11646842425113846 67.293044608343862478 4.2072761722336293744 
 170.69312990673100217 98.933846315956529338 4.2072761722336293744 
 144.4230744679596512 130.21326372022625151 4.2072761722336293744 
 122.04931872230342549 140.52073209450554714 4.2072761722336293744 
 136.62634970895555853 172.16174713545157715 4.2072761722336293744 
 118.15114109488753513 161.49508046878489154 4.2072761722336293744 
 125.94786585389164202 119.54659705355959431 4.2072761722336293744 
 140.5245273363714773 151.18739876117223275 4.2072761722336293744 
 114.25447189760012634 182.46681616544199755 4.2072761722336293744 
 91.880716151943914838 192.77428453972129319 4.2072761722336293744 
 106.45774713859603366 224.4152995806673232 4.2072761722336293744 
 87.982538524528010271 213.74863291400063758 4.2072761722336293744 
 95.779263283532117157 171.80014949877531194 4.2072761722336293744 
 110.35592476601195244 203.4409512063879788 4.2072761722336293744 
 84.085869327240615689 234.72036861065771518 4.2072761722336293744 
 182.38652386302248942 36.013627204074126098 4.2072761722336293744 
 196.96355484967460825 67.654642245020127689 4.2072761722336293744 
 178.48834623560654222 56.987975578353456285 4.2072761722336293744 
 65.610660713172606506 224.05370194399102957 4.2072761722336293744 
 200.86173247709052703 46.680293870740797502 4.2072761722336293744 
 211.54209426645525127 99.293044608343862478 4.2072761722336293744 
 189.16833852079901135 109.60051298262320074 4.2072761722336293744 
 203.74536950745113018 141.24152802356917391 4.2072761722336293744 
 185.27016089338312099 130.57486135690254514 4.2072761722336293744 
 193.06688565238721367 88.626377941677191075 4.2072761722336293744 
 207.64354713486704895 120.26717964928987215 4.2072761722336293744 
 181.37349169609572641 151.54659705355959431 4.2072761722336293744 
 158.99973595043948649 161.85406542783888995 4.2072761722336293744 
 173.57676693709160531 193.49508046878489154 4.2072761722336293744 
 155.10155832302359613 182.82841380211823434 4.2072761722336293744 
 162.89828308202768881 140.8799303868929087 4.2072761722336293744 
 177.47494456450752409 172.52073209450557556 4.2072761722336293744 
 151.20488912573620155 203.80014949877534036 4.2072761722336293744 
 128.83113338007999005 214.10761787305463599 4.2072761722336293744 
 143.40816436673208045 245.74863291400063758 4.2072761722336293744 
 124.93295575266407127 235.08196624733398039 4.2072761722336293744 
 132.72968051166816394 193.13348283210865475 4.2072761722336293744 
 147.30634199414802765 224.77428453972132161 4.2072761722336293744 
 121.0362865553766909 256.05370194399108641 4.2072761722336293744 
 219.33694109115853621 57.346960537407468905 4.2072761722336293744 
 233.91397207781065504 88.987975578353456285 4.2072761722336293744 
 215.43876346374264585 78.321308911686799092 4.2072761722336293744 
 102.5610779413086675 245.38703527732437237 4.2072761722336293744 
 237.81214970522657381 68.013627204074140309 4.2072761722336293744 
 248.49251149459126964 120.62637794167717686 4.2072761722336293744 
 226.11875574893505814 130.93384631595651513 4.2072761722336293744 
 240.69578673558717696 162.57486135690251672 4.2072761722336293744 
 222.22057812151913936 151.9081946902358311 4.2072761722336293744 
 230.01730288052323203 109.95971127501051967 4.2072761722336293744 
 244.59396436300306732 141.60051298262317232 4.2072761722336293744 
 218.3239089242317732 172.8799303868929087 4.2072761722336293744 
 195.9501531785755617 183.18739876117223275 4.2072761722336293744 
 210.5271841652276521 214.82841380211823434 4.2072761722336293744 
 192.0519755511596145 204.16174713545154873 4.2072761722336293744 
 199.84870031016373559 162.21326372022625151 4.2072761722336293744 
 214.42536179264354246 193.85406542783888995 4.2072761722336293744 
 188.15530635387224834 225.13348283210862633 4.2072761722336293744 
 165.78155060821603684 235.44095120638795038 4.2072761722336293744 
 161.88337298080011806 256.41529958066729478 4.2072761722336293744 
 169.68009773980421073 214.46681616544196913 4.2072761722336293744 
 184.25675922228404602 246.10761787305460757 4.2072761722336293744 
 256.28735831929463984 78.680293870740783291 4.2072761722336293744 
 252.38918069187866422 99.654642245020127689 4.2072761722336293744 
  63.7404253539110357 13.959711275010553422 4.2072761722336293744 
 55.943700594906907497 55.908194690235845314 4.2072761722336293744 
 37.468491980838891209 45.241528023569188122 4.2072761722336293744 
 59.841878222322847591 34.933846315956543549 4.2072761722336293744 
 33.571822783551517944 66.213263720226279929 4.2072761722336293744 
 232.90057040671160848 204.52073209450554714 4.2072761722336293744 
 25.775098024547382636 108.16174713545157715 4.2072761722336293744 
 7.2998894104793681237 97.495080468784919958 4.2072761722336293744 
 236.79911753829978238 183.54659705355956589 4.2072761722336293744 
 29.673275651963340493 87.187398761172261175 4.2072761722336293744 
 3.4032202131919948584 118.46681616544199755 4.2072761722336293744 
 202.73196783635208362 256.77428453972129319 4.2072761722336293744 
 206.63051496794025752 235.80014949877528352 4.2072761722336293744 
 86.112303165266411042 3.6546422450201143661 4.2072761722336293744 
