 161.82048074744713517 14.358523032003866149 4.2072761722336293744 
 137.29050570650113627 12.098174620006336255 4.2072761722336293744 
 134.09407733222181491 46.788612940317150901 4.2072761722336293744 
 123.42741066555514351 28.31340432624913106 4.2072761722336293744 
 147.95717237316782189 30.573383234074380965 4.2072761722336293744 
 109.56692830223141755 44.52712560236339101 4.2072761722336293744 
 85.036953261285432859 42.266777190365871775 4.2072761722336293744 
 81.840524887006083077 76.957215510676689973 4.2072761722336293744 
 71.173858220339411673 58.482006896608673685 4.2072761722336293744 
 98.900261635564731932 26.051916988295360511 4.2072761722336293744 
 95.703619927952090052 60.741985804433902274 4.2072761722336293744 
 57.31337585701568571 74.695728172722922977 4.2072761722336293744 
 32.783400816069701023 72.435379760725410847 4.2072761722336293744 
 29.586972441790354793 107.12581808103621483 4.2072761722336293744 
  18.9203057751236976 88.650609466968191441 4.2072761722336293744 
 46.646709190349000096 56.220519558654899583 4.2072761722336293744 
 43.450067482736365321 90.910588374793434241 4.2072761722336293744 
 5.0598234117999822956 104.86433074308243363 4.2072761722336293744 
 186.34762977743750412 16.620010369957622487 4.2072761722336293744 
 183.15381408078047798 51.308940260139927148 4.2072761722336293744 
 158.62383903983445066 49.048591848142393701 4.2072761722336293744 
 155.42741066555515772 83.739030168453197689 4.2072761722336293744 
 144.76074399888847211 65.263821554385174295 4.2072761722336293744 
 172.48714741411379237 32.833731646071882437 4.2072761722336293744 
 169.29050570650113627 67.523800462210431306 4.2072761722336293744 
 130.90026163556476035 81.477542830499444904 4.2072761722336293744 
 106.37028659461876146 79.217194418501918562 4.2072761722336293744 
 103.17385822033941167 113.90763273881273676 4.2072761722336293744 
 92.50719155367275448 95.432424124744713367 4.2072761722336293744 
 120.23359496889807474 63.00233421643142151 4.2072761722336293744 
 117.03695326128543286 97.692403032569970378 4.2072761722336293744 
 78.646709190349014307 111.64614540085898398 4.2072761722336293744 
 54.116734149403022514 109.38579698886145763 4.2072761722336293744 
 50.920305775123701153 144.07623530917226162 4.2072761722336293744 
 40.253639108457029749 125.60102669510425244 4.2072761722336293744 
 67.980042523682342903 93.170936786790960582 4.2072761722336293744 
 64.783400816069701023 127.86100560292949524 4.2072761722336293744 
 26.393156745133325103 141.81474797121850884 4.2072761722336293744 
 1.8631817041873084406 139.55439955922099671 4.2072761722336293744 
 207.68096311077087535 53.570427598093665722 4.2072761722336293744 
 197.01429644410418973 35.095218984025656539 4.2072761722336293744 
 15.726490078466653699 123.33953935715047123 4.2072761722336293744 
 12.529848370853979844 158.02960817328900589 4.2072761722336293744 
 204.48714741411382079 88.259357488275952619 4.2072761722336293744 
 179.95717237316779347 85.999009076278426278 4.2072761722336293744 
 176.76074399888850053 120.68944739658924448 4.2072761722336293744 
 166.09407733222181491 102.21423878252122108 4.2072761722336293744 
 193.82048074744713517 69.784148874207943436 4.2072761722336293744 
 190.62383903983447908 104.47421769034643546 4.2072761722336293744 
 152.23359496889807474 118.42796005863547748 4.2072761722336293744 
 127.70361992795209005 116.16761164663796535 4.2072761722336293744 
 124.50719155367274027 150.85804996694878355 4.2072761722336293744 
 113.84052488700608308 132.38284135288077437 4.2072761722336293744 
 141.56692830223141755 99.952751444567468297 4.2072761722336293744 
 138.37028659461876146 134.64282026070600295 4.2072761722336293744 
 99.980042523682357114 148.59656262899503076 4.2072761722336293744 
 75.450067482736372426 146.33621421699751863 4.2072761722336293744 
 72.253639108457022644 181.02665253730830841 4.2072761722336293744 
 61.586972441790358346 162.55144392324029923 4.2072761722336293744 
 89.31337585701568571 130.12135401492699316 4.2072761722336293744 
 86.11673414940304383 164.81142283106552782 4.2072761722336293744 
 47.72649007846666791 178.7651651993545272 4.2072761722336293744 
 23.196515037520637037 176.50481678735704349 4.2072761722336293744 
 229.01429644410416131 90.520844826229719615 4.2072761722336293744 
 218.34762977743750412 72.04563621216168201 4.2072761722336293744 
 37.059823411799996506 160.28995658528651802 4.2072761722336293744 
 33.863181704187304888 194.98002540142505268 4.2072761722336293744 
 225.82048074744713517 125.20977471641201362 4.2072761722336293744 
 201.29050570650113627 122.94942630441448728 4.2072761722336293744 
 198.09407733222181491 157.63986462472527705 4.2072761722336293744 
 187.42741066555515772 139.16465601065726787 4.2072761722336293744 
 215.15381408078044956 106.73456610234397601 4.2072761722336293744 
 211.95717237316782189 141.42463491848249646 4.2072761722336293744 
 173.56692830223141755 155.37837728677155269 4.2072761722336293744 
 149.03695326128541865 153.11802887477401214 4.2072761722336293744 
 145.84052488700609729 187.80846719508480192 4.2072761722336293744 
 135.17385822033941167 169.33325858101682115 4.2072761722336293744 
 162.90026163556473193 136.90316867270348666 4.2072761722336293744 
 159.70361992795210426 171.59323748884204974 4.2072761722336293744 
 121.31337585701569992 185.54697985713107755 4.2072761722336293744 
 96.783400816069715233  183.286631445133537 4.2072761722336293744 
 93.586972441790365451 217.9770697654443552 4.2072761722336293744 
 82.920305775123694048 199.50186115137634602 4.2072761722336293744 
 110.64670919034902852 167.07177124306303995 4.2072761722336293744 
 107.45006748273638664 201.7618400592015746 4.2072761722336293744 
 69.059823411799996506 215.71558242749060241 4.2072761722336293744 
 44.529848370853983397 213.45523401549306186 4.2072761722336293744 
 250.34762977743750412 127.47126205436575219 4.2072761722336293744 
 239.68096311077084692 108.99605344029774301 4.2072761722336293744 
 58.393156745133325103 197.24037381342256481 4.2072761722336293744 
 55.196515037520669011 231.93044262956109947 4.2072761722336293744 
 247.15381408078047798 162.16019194454801777 4.2072761722336293744 
 222.62383903983447908 159.89984353255050564 4.2072761722336293744 
 219.42741066555515772 194.59028185286132384 4.2072761722336293744 
 208.76074399888847211 176.11507323879328624 4.2072761722336293744 
 236.48714741411379237 143.68498333048003701 4.2072761722336293744 
 233.29050570650113627 178.37505214661854325 4.2072761722336293744 
 194.90026163556476035 192.32879451490754263 4.2072761722336293744 
 170.37028659461876146 190.0684461029100305 4.2072761722336293744 
 167.17385822033944009 224.75888442322087712 4.2072761722336293744 
 156.50719155367275448 206.28367580915283952 4.2072761722336293744 
 184.23359496889807474 173.85358590083956187 4.2072761722336293744 
 181.03695326128541865 208.54365471697806811 4.2072761722336293744 
 142.64670919034901431 222.49739708526709592 4.2072761722336293744 
 118.11673414940304383 220.23704867326955537 4.2072761722336293744 
 114.92030577512369405 254.92748699358040199 4.2072761722336293744 
 104.25363910845703685 236.45227837951236438 4.2072761722336293744 
 131.98004252368235711 204.02218847119908673 4.2072761722336293744 
 128.78340081606970102 238.71225728733759297 4.2072761722336293744 
 90.393156745133325103 252.66599965562659236 4.2072761722336293744 
 65.863181704187311993 250.40565124362910865 4.2072761722336293744 
 79.726490078466653699 234.1907910415586116 4.2072761722336293744 
 243.95717237316782189 196.85026076068655243 4.2072761722336293744 
 112.7607439988884579 9.8381957121810721389 4.2072761722336293744 
 230.09407733222181491 213.06549046692936145 4.2072761722336293744 
 88.233594968898060529 7.5767083742273300118 4.2072761722336293744 
 191.70361992795210426 227.01886333104607729 4.2072761722336293744 
 60.507191553672711848 40.006798282540614764 4.2072761722336293744 
 177.84052488700609729 243.23409303728888631 4.2072761722336293744 
 205.56692830223141755 210.80400312897558024 4.2072761722336293744 
 74.370286594618747245 23.791568576297844828 4.2072761722336293744 
 35.980042523682328692 37.745310944586869084 4.2072761722336293744 
 8.253639108456997775 70.175400852900153836 4.2072761722336293744 
 153.3133758570156715 240.9726056993351051 4.2072761722336293744 
 22.116734149403008303 53.960171146657373242 4.2072761722336293744 
