 122.06712742469008504 18.889661212806803547 4.0211030895453880873 
 97.088377184060362879 12.196625257891367866 4.0211030895453880873 
 90.395341229144889894 37.175375498521091799 4.0211030895453880873 
 65.416590988515196159 30.482339543605643684 4.0211030895453880873 
 58.723555033599716069 55.461089784235383604 4.0211030895453880873 
 33.744804792970001017 48.768053829319931936 4.0211030895453880873 
 27.05176883805452448 73.746804069949675409 4.0211030895453880873 
 2.0730185974248120928 67.053768115034230846 4.0211030895453880873 
 178.71766386086503076 7.296982882007951865 4.0211030895453880873 
 172.02462790594955777 32.275733122637703332 4.0211030895453880873 
 147.04587766531983561 25.582697167722241005 4.0211030895453880873 
 140.35284171040436263 50.561447408351995136 4.0211030895453880873 
 115.37409146977464047 43.868411453436543468 4.0211030895453880873 
 108.68105551485919591 68.847161694066286941 4.0211030895453880873 
 83.702305274229487964 62.154125739150821062 4.0211030895453880873 
 77.009269319314000768 87.132875979780578746 4.0211030895453880873 
 52.030519078684292822 80.439840024865105761 4.0211030895453880873 
 45.337483123768826943 105.41859026549487055 4.0211030895453880873 
 20.358732883139101233 98.725554310579397566 4.0211030895453880873 
 13.66569692822363713 123.70430455120916236 4.0211030895453880873 
 203.69641410149475291 13.990018836923402645 4.0211030895453880873 
 197.00337814657930835 38.968769077553140789 4.0211030895453880873 
 190.31034219166389221 63.947519318182898473 4.0211030895453880873 
 165.33159195103414163 57.254483363267432594 4.0211030895453880873 
 158.63855599611869707 82.233233603897176067 4.0211030895453880873 
 133.65980575548894649 75.540197648981731504 4.0211030895453880873 
 126.96676980057348771 100.51894788961148208 4.0211030895453880873 
 101.98801955994377977 93.825911934696009098 4.0211030895453880873 
 95.294983605028306783 118.80466217532577389 4.0211030895453880873 
 70.316233364398584627 112.1116262204103009 4.0211030895453880873 
 63.623197409483118747 137.09037646104005148 4.0211030895453880873 
 38.644447168853403696 130.3973405061245785 4.0211030895453880873 
 31.951411213937927158 155.3760907467543575 4.0211030895453880873 
 6.9726609733082147713 148.68305479183888451 4.0211030895453880873 
 221.98212838720908735 45.661805032468592458 4.0211030895453880873 
 215.28909243229361437 70.640555273098328826 4.0211030895453880873 
 208.59605647737814138 95.619305513728065193 4.0211030895453880873 
 183.61730623674841922 88.92626955881262063 4.0211030895453880873 
 176.92427028183294624  113.905019799442357 4.0211030895453880873 
 151.94552004120322408 107.21198384452691243 4.0211030895453880873 
 145.2524840862877511 132.19073408515663459 4.0211030895453880873 
 120.27373384565805736 125.49769813024119003 4.0211030895453880873 
 113.58069789074258438 150.47644837087094061 4.0211030895453880873 
 88.601947650112876431 143.78341241595549604 4.0211030895453880873 
 81.908911695197389236 168.7621626565852182 4.0211030895453880873 
 56.93016145456768129 162.06912670166977364 4.0211030895453880873 
 50.237125499652201199 187.04787694229952422 4.0211030895453880873 
 25.258375259022489701 180.35484098738407965 4.0211030895453880873 
 240.26784267292333652 77.333591228013759178 4.0211030895453880873 
 233.57480671800786354 102.31234146864349555 4.0211030895453880873 
 226.8817707630924474 127.29109170927324612 4.0211030895453880873 
 201.90302052246269682 120.59805575435778735 4.0211030895453880873 
 195.20998456754728068 145.57680599498755214 4.0211030895453880873 
 170.2312343269175301 138.88377004007207915 4.0211030895453880873 
 163.53819837200208553 163.86252028070182973 4.0211030895453880873 
 138.55944813137236338 157.16948432578635675 4.0211030895453880873 
 131.86641217645689039 182.14823456641610733 4.0211030895453880873 
 106.88766193582716824 175.45519861150066276 4.0211030895453880873 
 100.19462598091168104 200.43394885213041334 4.0211030895453880873 
 75.215875740281973094 193.74091289721494036 4.0211030895453880873 
 68.522839785366485899 218.71966313784471936 4.0211030895453880873 
 43.544089544736777952 212.0266271829292748 4.0211030895453880873 
 251.86052100372219797 133.98412766418869069 4.0211030895453880873 
 245.16748504880672499 158.96287790481844127 4.0211030895453880873 
 220.18873480817700283 152.26984194990296828 4.0211030895453880873 
 213.49569885326152985 177.24859219053271886 4.0211030895453880873 
 188.51694861263180769 170.55555623561730272 4.0211030895453880873 
 181.82391265771633471 195.53430647624702488 4.0211030895453880873 
 156.84516241708664097 188.84127052133155189 4.0211030895453880873 
 150.15212646217116799 213.82002076196130247 4.0211030895453880873 
 125.17337622154144583 207.12698480704585791 4.0211030895453880873 
 118.48034026662598706 232.10573504767560848 4.0211030895453880873 
 93.501590025996264899 225.4126990927601355 4.0211030895453880873 
 86.808554071080791914 250.3914493333899145 4.0211030895453880873 
 61.829803830451069757 243.69841337847444152 4.0211030895453880873 
 238.47444909389128043  183.941628145448135 4.0211030895453880873 
 231.78141313897583586 208.92037838607788558 4.0211030895453880873 
 206.80266289834608529 202.22734243116244102 4.0211030895453880873 
 200.10962694343066914 227.2060926717921916 4.0211030895453880873 
 175.13087670280094699 220.51305671687671861 4.0211030895453880873 
  168.437840747885474 245.49180695750646919 4.0211030895453880873 
 143.45909050725575185 238.7987710025909962 4.0211030895453880873 
