 187.2408617029748541 14.153966737628412176 4.0211030895453880873 
 164.84552691181434625 1.2240141673601314665 4.0211030895453880873 
 151.91557434154606199 23.619348958520593129 4.0211030895453880873 
 129.52023955038558256 10.68939638825231242 4.0211030895453880873 
 116.59028698011728409 33.084731179412784741 4.0211030895453880873 
 94.194952188956804662 20.154778609144493373 4.0211030895453880873 
 81.264999618688506189 42.550113400304965694 4.0211030895453880873 
 58.869664827527998341 29.620160830036688537 4.0211030895453880873 
 45.939712257259699868 52.015495621197160858 4.0211030895453880873 
 23.544377466099213336 39.085543050928869491 4.0211030895453880873 
 10.614424895830905982 61.480877842089341812 4.0211030895453880873 
 222.56614906440361779 4.6885845167362170116 4.0211030895453880873 
 209.63619649413536195 27.083919307896717754 4.0211030895453880873 
 196.70624392386704926 49.479254099057207839 4.0211030895453880873 
 174.31090913270654141 36.549301528788916471 4.0211030895453880873 
 161.38095656243825715 58.944636319949388792 4.0211030895453880873 
 138.9856217712777493 46.014683749681097424 4.0211030895453880873 
 126.05566920100946504 68.410018540841576851 4.0211030895453880873 
 103.66033440984898562 55.480065970573278378 4.0211030895453880873 
 90.730381839580687142 77.875400761733757804 4.0211030895453880873 
 68.335047048420193505 64.945448191465473542 4.0211030895453880873 
 55.405094478151895032 87.340782982625938757 4.0211030895453880873 
  33.0097596869914085 74.410830412357654495 4.0211030895453880873 
 20.079807116723102922 96.806165203518133922 4.0211030895453880873 
 232.03153128529581295 40.013871878165012674 4.0211030895453880873 
 219.10157871502752869 62.409206669325499206 4.0211030895453880873 
  206.171626144759216 84.804541460486007054 4.0211030895453880873 
 183.77629135359873658 71.87458889021769437 4.0211030895453880873 
 170.84633878333045232 94.269923681378188007 4.0211030895453880873 
 148.45100399216994447 81.339971111109875324 4.0211030895453880873 
 135.52105142190163178 103.73530590227036896 4.0211030895453880873 
 113.12571663074116657 90.805353332002056277 4.0211030895453880873 
 100.19576406047288231 113.20068812316256412 4.0211030895453880873 
 77.800429269312388669 100.27073555289425144 4.0211030895453880873 
 64.870476699044075986 122.66607034405474508 4.0211030895453880873 
 42.475141907883603665 109.73611777378644661 4.0211030895453880873 
 29.545189337615280323 132.13145256494692603 4.0211030895453880873 
 7.1498545464548213246 119.20149999467862756 4.0211030895453880873 
 241.49691350618800811 75.33915923959381189 4.0211030895453880873 
 228.56696093591972385 97.734494030754291316 4.0211030895453880873 
 215.63700836565141117 120.12982882191475653 4.0211030895453880873 
 193.24167357449093174 107.19987625164648648 4.0211030895453880873 
 180.31172100422261906 129.59521104280696591 4.0211030895453880873 
 157.91638621306213963 116.66525847253865322 4.0211030895453880873 
 144.98643364279382695 139.06059326369916107 4.0211030895453880873 
 122.59109885163336173 126.13064069343083418 4.0211030895453880873 
 109.66114628136506326 148.52597548459132781 4.0211030895453880873 
 87.265811490204569623 135.59602291432304355 4.0211030895453880873 
 74.33585891993627115 157.99135770548352298 4.0211030895453880873 
 51.940524128775784618 145.06140513521523872 4.0211030895453880873 
 39.010571558507464829 167.45673992637571814 4.0211030895453880873 
 16.615236767347013824 154.52678735610740546 4.0211030895453880873 
 250.96229572708017486 110.66444660102256137 4.0211030895453880873 
 238.03234315681189059  133.059781392183055 4.0211030895453880873 
 225.10239058654360633 155.45511618334353443 4.0211030895453880873 
 202.70705579538309848 142.52516361307525017 4.0211030895453880873 
 189.77710322511481422 164.92049840423572959 4.0211030895453880873 
 167.38176843395430637 151.99054583396741691 4.0211030895453880873 
 154.45181586368602211 174.38588062512792476 4.0211030895453880873 
 132.05648107252557111 161.45592805485961208 4.0211030895453880873 
 119.12652850225724421 183.8512628460200915 4.0211030895453880873 
 96.731193711096750576 170.92131027575180724 4.0211030895453880873 
 83.801241140828452103 193.31664506691228667 4.0211030895453880873 
 61.405906349667965571 180.3866924966440024 4.0211030895453880873 
 48.475953779399659993 202.78202728780448183 4.0211030895453880873 
 26.08061898823919833 189.85207471753616915 4.0211030895453880873 
 247.49772537770408576 168.38506875361184711 4.0211030895453880873 
 234.5677728074358015 190.78040354477235496 4.0211030895453880873 
 212.17243801627529365 177.85045097450404228 4.0211030895453880873 
 199.24248544600700939 200.2457857656645217 4.0211030895453880873 
 176.84715065484650154 187.31583319539623744 4.0211030895453880873 
 163.91719808457821728 209.71116798655671687 4.0211030895453880873 
 141.52186329341773785 196.78121541628840419 4.0211030895453880873 
 128.59191072314945359 219.17655020744891203 4.0211030895453880873 
 106.19657593198894574 206.24659763718059935 4.0211030895453880873 
 93.266623361720647267 228.6419324283411072 4.0211030895453880873 
 70.87128857056015363 215.71197985807276609 4.0211030895453880873 
 57.941336000291855157 238.10731464923330236 4.0211030895453880873 
 35.546001209131389942 225.17736207896496126 4.0211030895453880873 
 256.9631075985962525 203.7103561150406108 4.0211030895453880873 
 244.03315502832796824 226.10569090620111865 4.0211030895453880873 
 221.63782023716746039 213.17573833593280597 4.0211030895453880873 
 208.70786766689917613 235.57107312709328539 4.0211030895453880873 
 186.3125328757386967 222.64112055682500113 4.0211030895453880873 
 173.38258030547038402 245.03645534798548056 4.0211030895453880873 
 150.98724551430993301 232.1065027777171963 4.0211030895453880873 
 138.05729294404162033 254.50183756887767572 4.0211030895453880873 
 115.66195815288112669 241.57188499860939146 4.0211030895453880873 
 80.336670791452334583 251.0372672195015582 4.0211030895453880873 
