 75.59173153294499059 27.610544651088112289 4.0211030895453880873 
 94.934503276653046555 17.663574993828007109 4.0211030895453880873 
 57.306017247230705891 59.282330846633307431 4.0211030895453880873 
 76.648788990938768961 49.33536118937318804 4.0211030895453880873 
 39.020302961516421192 90.954117042178495467 4.0211030895453880873 
 58.363074705224484262 81.007147384918383182 4.0211030895453880873 
 20.734588675802129387 122.62590323772370482 4.0211030895453880873 
 40.077360419510206668 112.6789335804635499 4.0211030895453880873 
 2.4488743900878384707 154.29768943326888575 4.0211030895453880873 
 21.791646133795932627 144.35071977600873083 4.0211030895453880873 
 3.5059318480816434871 176.02250597155392597 4.0211030895453880873 
 95.991560734646839137 39.388391532113054438 4.0211030895453880873 
 115.33433247835488089 29.441421874852931495 4.0211030895453880873 
 77.705846448932547332 71.060177727658242475 4.0211030895453880873 
 97.048618192640603297 61.113208070398123084 4.0211030895453880873 
 59.420132163218262633 102.73196392320345183 4.0211030895453880873 
 78.762903906926325703 92.78499426594331112 4.0211030895453880873 
 41.134417877503970828 134.40375011874866118 4.0211030895453880873 
 60.477189621212055215 124.45678046148847784 4.0211030895453880873 
 22.848703591789682577 166.07553631429385632 4.0211030895453880873 
 42.19147533549776341 156.12856665703367298 4.0211030895453880873 
  4.56298930607539166 197.74732250983902304 4.0211030895453880873 
 23.905761049783471606 187.80035285257886812 4.0211030895453880873 
 114.27727502036113094 7.716605336567860185 4.0211030895453880873 
 116.39138993634867347 51.166238413137989482 4.0211030895453880873 
 135.73416168005672944 41.219268755877870092 4.0211030895453880873 
 98.105675650634381668 82.838024608683184624 4.0211030895453880873 
 117.44844739434243763 72.891054951423058128 4.0211030895453880873 
 79.819961364920089864 114.50981080422837977 4.0211030895453880873 
 99.162733108628145828 104.56284114696825327 4.0211030895453880873 
 61.534247079205798059 146.18159699977357491 4.0211030895453880873 
 80.877018822913868235 136.23462734251341999 4.0211030895453880873 
 43.24853279349152757 177.85338319531877005 4.0211030895453880873 
 62.591304537199590641 167.90641353805861513 4.0211030895453880873 
 24.962818507777235766 209.52516939086396519 4.0211030895453880873 
 44.305590251485298836 199.57819973360381027 4.0211030895453880873 
 134.67710422206295107 19.494452217592797894 4.0211030895453880873 
 154.01987596577097861 9.5474825603326927137 4.0211030895453880873 
 136.79121913805050781 62.944085294162924527 4.0211030895453880873 
 156.13399088175853535 52.997115636902819347 4.0211030895453880873 
 118.50550485233620179 94.615871489708112563 4.0211030895453880873 
 137.84827659604428618 84.668901832448000278 4.0211030895453880873 
 100.2197905666219242 126.2876576852533077 4.0211030895453880873 
 119.56256231032998016 116.34068802799319542 4.0211030895453880873 
 81.934076280907632395 157.95944388079848864 4.0211030895453880873 
 101.27684802461571678 148.01247422353836214 4.0211030895453880873 
 63.64836199519334059 189.63123007634368378 4.0211030895453880873 
 82.991133738901439187 179.68426041908355728 4.0211030895453880873 
 45.362647709479048785 221.30301627188887892 4.0211030895453880873 
 64.705419453187133172 211.35604661462875242 4.0211030895453880873 
 155.07693342376475698 31.27229909861773649 4.0211030895453880873 
 174.41970516747281295 21.325329441357641969 4.0211030895453880873 
 157.19104833975231372 74.721932175187859571 4.0211030895453880873 
 176.53382008346036969 64.774962517927747285 4.0211030895453880873 
 138.90533405403803613 106.39371837073305471 4.0211030895453880873 
 158.24810579774609209 96.446748713472928216 4.0211030895453880873 
 120.61961976832373011 138.06550456627826406 4.0211030895453880873 
 139.9623915120318145 128.11853490901813757 4.0211030895453880873 
 102.33390548260945252 169.73729076182345921 4.0211030895453880873 
 121.67667722631753691 159.79032110456330429 4.0211030895453880873 
 84.048191196895174926 201.40907695736865435 4.0211030895453880873 
 103.3909629406032451 191.46210730010849943 4.0211030895453880873 
 65.762476911180883121 233.08086315291382107 4.0211030895453880873 
 85.105248654888953297 223.13389349565369457 4.0211030895453880873 
 175.47676262546659132 43.050145979642671534 4.0211030895453880873 
 194.8195343691746757 33.103176322382566354 4.0211030895453880873 
 177.59087754145411964 86.49977905621280172 4.0211030895453880873 
 196.93364928516220402 76.552809398952675224 4.0211030895453880873 
 159.30516325573987046 118.17156525175799686 4.0211030895453880873 
 178.64793499944789801 108.22459559449787037 4.0211030895453880873 
 141.01944897002556445 149.84335144730317779 4.0211030895453880873 
 160.36222071373364884 139.8963817900430513 4.0211030895453880873 
 122.73373468431128686 181.51513764284837293 4.0211030895453880873 
 142.07650642801934282 171.56816798558821802 4.0211030895453880873 
 104.44802039859699505 213.18692383839356808 4.0211030895453880873 
 123.79079214230507944 203.23995418113341316 4.0211030895453880873 
 86.162306112882703246 244.85871003393876322 4.0211030895453880873 
 105.50507785659078763 234.9117403766786083 4.0211030895453880873 
 195.87659182716845407 54.827992860667592367 4.0211030895453880873 
 215.21936357087648162 44.881023203407501398 4.0211030895453880873 
 197.99070674315601082 98.27762593723775808 4.0211030895453880873 
 217.33347848686403836 88.330656279977631584 4.0211030895453880873 
 179.7049924574417048 129.94941213278295322 4.0211030895453880873 
 199.04776420114978919 120.00244247552282673 4.0211030895453880873 
 161.41927817172742721 161.62119832832814836 4.0211030895453880873 
 180.76204991543548317 151.67422867106802187 4.0211030895453880873 
 143.13356388601312119 193.29298452387331508 4.0211030895453880873 
 162.47633562972120558 183.34601486661318859 4.0211030895453880873 
 124.8478496002988436 224.96477071941851023 4.0211030895453880873 
 144.19062134400692798 215.01780106215835531 4.0211030895453880873 
 106.56213531458455179 256.63655691496364852 4.0211030895453880873 
 125.90490705829265039 246.68958725770355045 4.0211030895453880873 
 216.27642102887028841 66.605839741692548728 4.0211030895453880873 
 235.61919277257831595 56.658870084432457759 4.0211030895453880873 
 218.39053594485781673 110.05547281826267181 4.0211030895453880873 
 237.7333076885658727 100.10850316100257373 4.0211030895453880873 
 200.10482165914353914 141.72725901380786695 4.0211030895453880873 
 219.4475934028515951 131.78028935654774045 4.0211030895453880873 
 181.81910737342923312 173.39904520935306209 4.0211030895453880873 
 201.16187911713731751 163.4520755520929356 4.0211030895453880873 
 163.53339308771498395 205.07083140489825723 4.0211030895453880873 
 182.87616483142303991 195.12386174763813074 4.0211030895453880873 
 145.24767880200067793 236.74261760044345237 4.0211030895453880873 
 164.59045054570876232 226.79564794318332588 4.0211030895453880873 
 236.67625023057209432 78.383686622717490877 4.0211030895453880873 
 256.01902197428017871 68.436716965457392803 4.0211030895453880873 
 238.79036514655965107 121.83331969928762817 4.0211030895453880873 
 220.50465086084537347 153.5051058948328091 4.0211030895453880873 
 239.84742260455342944 143.55813623757271102 4.0211030895453880873 
 202.21893657513106746 185.17689209037800424 4.0211030895453880873 
 221.56170831883915184 175.22992243311787774 4.0211030895453880873 
 183.93322228941678986 216.84867828592319938 4.0211030895453880873 
 203.27599403312487425 206.90170862866304446 4.0211030895453880873 
 165.64750800370251227 248.52046448146839452 4.0211030895453880873 
 184.99027974741059666 238.57349482420823961 4.0211030895453880873 
 74.534674074951254852 5.8857281128030702888 4.0211030895453880873 
 240.90448006254717939 165.28295277585775125 4.0211030895453880873 
 56.248959789236970153 37.557514308348245891 4.0211030895453880873 
 222.61876577683290179 196.95473897140297481 4.0211030895453880873 
 37.963245503522685453 69.229300503893441032 4.0211030895453880873 
 204.33305149111859578 228.62652516694814153 4.0211030895453880873 
 19.67753121780840786 100.90108669943862196 4.0211030895453880873 
 1.3918169320941180533 132.5728728949838171 4.0211030895453880873 
