 89.649723063858814953 4.8751263064731382713 3.980689032121045301 
 99.747123522390438666 10.704863179321828071 3.980689032121045301 
 76.849723063858817795 27.045376643354764212 3.980689032121045301 
 64.049723063858806427 49.215626980236393706 3.980689032121045301 
 74.147123522390430139 55.045363853085078176 3.980689032121045301 
 86.947123522390441508 32.875113516203441577 3.980689032121045301 
 51.24972306385882348 71.385877317118030305 3.980689032121045301 
 38.449723063858812111 93.556127653999666904 3.980689032121045301 
 48.547123522390428718 99.385864526848351375 3.980689032121045301 
 61.347123522390440087 77.215614189966700565 3.980689032121045301 
 25.649723063858832717 115.72637799088127508 3.980689032121045301 
 12.849723063858823124 137.89662832776292589 3.980689032121045301 
 22.947123522390441508 143.72636520061158194 3.980689032121045301 
 35.747123522390452877 121.55611486372994534 3.980689032121045301 
 10.147123522390433692 165.89661553749323275 3.980689032121045301 
 109.84452398092206238 16.53460005217051787 3.980689032121045301 
 119.94192443945368609 22.364336925019195235 3.980689032121045301 
 97.044523980922079431 38.704850389052133153 3.980689032121045301 
 84.244523980922068063 60.875100725933769752 3.980689032121045301 
 94.341924439453705986 66.704837598782447117 3.980689032121045301 
 107.14192443945368893 44.534587261900810518 3.980689032121045301 
 71.444523980922070905 83.045351062815399246 3.980689032121045301 
 58.644523980922066642 105.21560139969703584 3.980689032121045301 
 68.74192443945369746 111.04533827254572032 3.980689032121045301 
 81.541924439453708828 88.875087935664069505 3.980689032121045301 
 45.844523980922083695 127.38585173657864402 3.980689032121045301 
 33.044523980922086537 149.55610207346026641 3.980689032121045301 
 43.141924439453710249 155.3858389463089793 3.980689032121045301 
 55.941924439453714513 133.21558860942730007 3.980689032121045301 
 20.244523980922082274 171.72635241034194564 3.980689032121045301 
 7.4445239809221011029 193.89660274722353961 3.980689032121045301 
 17.541924439453719486 199.72633962007219566 3.980689032121045301 
 30.341924439453698881 177.55608928319060169 3.980689032121045301 
 142.83932489798530696 6.0238234609862333357 3.980689032121045301 
 130.03932489798532401 28.194073797867872599 3.980689032121045301 
 140.13672535651693352 34.023810670716564175 3.980689032121045301 
 152.93672535651694488 11.853560333834924023 3.980689032121045301 
 117.23932489798532686 50.364324134749502093 3.980689032121045301 
 104.43932489798531549 72.534574471631131587 3.980689032121045301 
 114.53672535651695341 78.364311344479816057 3.980689032121045301 
 127.33672535651696478 56.194061007598179458 3.980689032121045301 
 91.63932489798531833 94.704824808512753975 3.980689032121045301 
 78.839324897985321172 116.87507514539440479 3.980689032121045301 
 88.936725356516930674 122.70481201824310347 3.980689032121045301 
 101.73672535651694204 100.53456168136143845 3.980689032121045301 
 66.039324897985338225 139.04532548227601296 3.980689032121045301 
 53.239324897985326857 161.21557581915763535 3.980689032121045301 
 63.336725356516957675 167.04531269200631982 3.980689032121045301 
 76.136725356516976149 144.87506235512469743 3.980689032121045301 
 40.439324897985322593 183.38582615603928616 3.980689032121045301 
 27.639324897985339646 205.55607649292088013 3.980689032121045301 
 37.736725356516970464 211.3858133657695646 3.980689032121045301 
 50.536725356516953411 189.21556302888797063 3.980689032121045301 
 163.03412581504858281 17.683297206683615599 3.980689032121045301 
 150.23412581504859986 39.853547543565255751 3.980689032121045301 
 160.33152627358018094 45.683284416413933116 3.980689032121045301 
 173.13152627358019231 23.513034079532292964 3.980689032121045301 
 137.43412581504858849 62.023797880446871034 3.980689032121045301 
 124.63412581504859133 84.194048217328514738 3.980689032121045301 
 134.73152627358018663 90.023785090177170787 3.980689032121045301 
 147.53152627358019799 67.853534753295548398 3.980689032121045301 
 111.83412581504859418 106.36429855421013713 3.980689032121045301 
 99.034125815048582808 128.53454889109178794 3.980689032121045301 
 109.13152627358019231 134.36428576394044399 3.980689032121045301 
 121.93152627358018947 112.19403542705880739 3.980689032121045301 
 86.234125815048599861 150.70479922797335348 3.980689032121045301 
 73.434125815048588493 172.87504956485500429 3.980689032121045301 
 83.531526273580212205 178.70478643770371718 3.980689032121045301 
 96.331526273580223574 156.53453610082203795 3.980689032121045301 
 60.634125815048584229 195.0452999017366551 3.980689032121045301 
 47.834125815048608388 217.21555023861827749 3.980689032121045301 
 57.931526273580224995 223.04528711146696196 3.980689032121045301 
 70.731526273580200836 200.87503677458536799 3.980689032121045301 
 183.22892673211183023 29.342770952380984539 3.980689032121045301 
 170.42892673211181886 51.513021289262624691 3.980689032121045301 
 180.52632719064345679 57.342758162111287845 3.980689032121045301 
 193.32632719064343974 35.172507825229644141 3.980689032121045301 
 157.62892673211183592 73.683271626144232869 3.980689032121045301 
 144.82892673211182455 95.853521963025855257 3.980689032121045301 
 154.92632719064346247 101.68325883587455394 3.980689032121045301 
 167.72632719064344542 79.513008498992917339 3.980689032121045301 
 132.0289267321118416 118.02377229990750607 3.980689032121045301 
 119.22892673211183023 140.19402263678912846 3.980689032121045301 
 129.32632719064343974 146.02375950963784135 3.980689032121045301 
 142.1263271906434511 123.85350917275617633 3.980689032121045301 
 106.4289267321118615 162.36427297367075084 3.980689032121045301 
 93.628926732111850129 184.53452331055240165 3.980689032121045301 
 103.72632719064344542 190.3642601834010577 3.980689032121045301 
 116.52632719064345679 168.19400984651943531 3.980689032121045301 
 80.82892673211183876 206.70477364743405246 3.980689032121045301 
 68.028926732111855813 228.87502398431564643 3.980689032121045301 
 78.126327190643465315 234.70476085716427406 3.980689032121045301 
 90.926327190643448262 212.53451052028268009 3.980689032121045301 
 203.42372764917507766 41.002244698078335716 3.980689032121045301 
 190.62372764917509471 63.172495034959979421 3.980689032121045301 
 200.72112810770667579 69.00223190780864968 3.980689032121045301 
 213.52112810770668716 46.831981570927013081 3.980689032121045301 
 177.82372764917508334 85.342745371841601809 3.980689032121045301 
 165.02372764917507197 107.51299570872323841 3.980689032121045301 
 175.12112810770668148 113.34273258157190867 3.980689032121045301 
 187.92112810770669284 91.172482244690286279 3.980689032121045301 
 152.22372764917508903 129.68324604560487501 3.980689032121045301 
 139.42372764917507766 151.85349638248652582 3.980689032121045301 
 149.52112810770668716 157.68323325533518187 3.980689032121045301 
 162.32112810770672695 135.51298291845353106 3.980689032121045301 
 126.62372764917510892 174.02374671936811978 3.980689032121045301 
 113.82372764917509755 196.19399705624974217 3.980689032121045301 
 123.92112810770672127 202.02373392909839822 3.980689032121045301 
 136.72112810770673264 179.85348359221677583 3.980689032121045301 
 101.02372764917508619 218.36424739313136456 3.980689032121045301 
 88.223727649175103238 240.53449773001298695 3.980689032121045301 
 98.321128107706726951 246.36423460286167142 3.980689032121045301 
 111.1211281077067099 224.19398426598007745 3.980689032121045301 
 223.61852856623832508 52.661718443775704657 3.980689032121045301 
 210.81852856623834214 74.831968780657348361 3.980689032121045301 
 220.91592902476995164 80.661705653506032832 3.980689032121045301 
 233.71592902476996301 58.491455316624396232 3.980689032121045301 
 198.01852856623835919 97.00221911753897075 3.980689032121045301 
 185.2185285662383194 119.17246945442059314 3.980689032121045301 
 195.31592902476998574 125.00220632726929182 3.980689032121045301 
 208.11592902476996869 102.83195599038765522 3.980689032121045301 
 172.41852856623833645 141.34271979130221553 3.980689032121045301 
 159.61852856623832508 163.51297012818386634 3.980689032121045301 
 169.71592902476996301 169.34270700103257923 3.980689032121045301 
 182.51592902476997438 147.17245666415092842 3.980689032121045301 
 146.81852856623834214 185.68322046506548872 3.980689032121045301 
 134.01852856623833077 207.85347080194711111 3.980689032121045301 
 144.11592902476999711 213.68320767479579558 3.980689032121045301 
 156.91592902476998006 191.51295733791417319 3.980689032121045301 
 121.21852856623833361 230.02372113882876192 3.980689032121045301 
 108.41852856623835066 252.19397147571035589 3.980689032121045301 
 131.31592902476998574 235.85345801167744639 3.980689032121045301 
 243.81332948330157251 64.321192189473066492 3.980689032121045301 
 231.01332948330156114 86.491442526354717302 3.980689032121045301 
 241.11072994183322749 92.321179399203401772 3.980689032121045301 
 253.91072994183321043 70.150929062321765173 3.980689032121045301 
 218.21332948330157819 108.66169286323632548 3.980689032121045301 
 205.41332948330156682 130.8319432001179905 3.980689032121045301 
 215.51072994183323317 136.66168007296667497 3.980689032121045301 
 228.31072994183321612 114.49142973608500995 3.980689032121045301 
 192.61332948330158388 153.00219353699961289 3.980689032121045301 
 179.81332948330160093 175.17244387388123528 3.980689032121045301 
 189.91072994183321043 181.00218074672991975 3.980689032121045301 
 202.7107299418332218 158.83193040984829736 3.980689032121045301 
 167.01332948330161798 197.34269421076282924 3.980689032121045301 
 154.21332948330160661 219.51294454764448005 3.980689032121045301 
 164.31072994183321612 225.34268142049316452 3.980689032121045301 
 177.11072994183322749 203.17243108361151371 3.980689032121045301 
 141.41332948330159525 241.68319488452613086 3.980689032121045301 
 151.51072994183320475 247.51293175737484376 3.980689032121045301 
 251.20813040036483699 98.150916272052086242 3.980689032121045301 
 238.40813040036482562 120.32116660893370863 3.980689032121045301 
 225.60813040036484267 142.49141694581533102 3.980689032121045301 
 235.70553085889645217 148.32115381866401549 3.980689032121045301 
 248.50553085889646354 126.1509034817823931 3.980689032121045301 
 212.8081304003648313 164.66166728269695341 3.980689032121045301 
 200.00813040036481993 186.83191761957860422 3.980689032121045301 
 210.10553085889645786 192.66165449242731711 3.980689032121045301 
 222.90553085889649765 170.49140415554563788 3.980689032121045301 
 187.20813040036483699 209.00216795646019818 3.980689032121045301 
 174.40813040036485404 231.17241829334187742 3.980689032121045301 
 184.50553085889649196 237.00215516619056189 3.980689032121045301 
 197.30553085889647491 214.83190482930891108 3.980689032121045301 
 161.60813040036484267 253.34266863022347138 3.980689032121045301 
 245.8029313174280901 154.15089069151269996 3.980689032121045301 
 53.952322605327196925 43.385890107387716341 3.980689032121045301 
 66.752322605327208294 21.215639770506072637 3.980689032121045301 
 233.00293131742810715 176.32114102839435077 3.980689032121045301 
 220.20293131742806736 198.49139136527600158 3.980689032121045301 
 28.352322605327191951 87.726390781150996645 3.980689032121045301 
 41.152322605327199767 65.556140444269345835 3.980689032121045301 
 207.40293131742808441 220.66164170215756712 3.980689032121045301 
 194.60293131742810147 242.83189203903921793 3.980689032121045301 
 2.7523226053272047409 132.06689145491424142 3.980689032121045301 
 15.552322605327212557 109.8966411180325764 3.980689032121045301 
