 105.22678032348102306 8.4085256856087831068 3.980689032121045301 
 111.05651719632969332 18.505926144140399714 3.980689032121045301 
 133.2267675332113015 5.705926144140406997 3.980689032121045301 
 83.05652998659935804 21.208525685608790923 3.980689032121045301 
 60.886279649717749862 34.008525685608788081 3.980689032121045301 
 66.716016522566434332 44.105926144140404688 3.980689032121045301 
 88.886266859448056721 31.305926144140411083 3.980689032121045301 
 38.716029312836127474 46.808525685608778133 3.980689032121045301 
 16.545778975954512191 59.608525685608775291 3.980689032121045301 
 22.375515848803203767 69.705926144140391898 3.980689032121045301 
 44.545766185684804839 56.905926144140401846 3.980689032121045301 
 161.2267547429416652 3.0033266026720175645 3.980689032121045301 
 167.05649161579032125 13.100727061203651047 3.980689032121045301 
 139.05650440605998597 15.803326602672026269 3.980689032121045301 
  116.886254069178392 28.603326602672019874 3.980689032121045301 
 122.71599094202706226 38.700727061203650692 3.980689032121045301 
 144.88624127890869886 25.900727061203646429 3.980689032121045301 
 94.716003732296741191 41.403326602672031242 3.980689032121045301 
 72.545753395415118803 54.203326602672021295 3.980689032121045301 
 78.375490268263817484 64.300727061203659218 3.980689032121045301 
 100.54574060514542566 51.500727061203662061 3.980689032121045301 
 50.375503058533496414 67.003326602672018453 3.980689032121045301 
 28.205252721651895342 79.803326602672015611 3.980689032121045301 
 34.034989594500572707 89.900727061203653534 3.980689032121045301 
 56.20523993138218799 77.100727061203656376 3.980689032121045301 
 6.0350023847702409796 92.603326602672026979 3.980689032121045301 
 11.864739257618932555 102.7007270612036649 3.980689032121045301 
 195.05647882552062811 10.398127519735261615 3.980689032121045301 
 172.88622848863900572 23.198127519735269431 3.980689032121045301 
 178.71596536148769019 33.295527978266903801 3.980689032121045301 
 200.88621569836931258 20.495527978266895985 3.980689032121045301 
 150.71597815175738333 35.998127519735263036 3.980689032121045301 
 128.54572781487576094 48.798127519735274404 3.980689032121045301 
 134.37546468772444541 58.895527978266891012 3.980689032121045301 
 156.54571502460603938 46.095527978266893854 3.980689032121045301 
 106.37547747799409592 61.598127519735278668 3.980689032121045301 
 84.205227141112487743 74.39812751973526872 3.980689032121045301 
 90.034964013961158003 84.495527978266906644 3.980689032121045301 
 112.2052143508427946 71.695527978266895275 3.980689032121045301 
 62.03497680423087246 87.198127519735265878 3.980689032121045301 
 39.864726467349250072 99.998127519735277247 3.980689032121045301 
 45.694463340197941648 110.09552797826690096 3.980689032121045301 
 67.864713677079549825 97.295527978266903801 3.980689032121045301 
 17.69447613046760992 112.79812751973528862 3.980689032121045301 
 1.3539626664346875451 135.69552797826690949 3.980689032121045301 
 23.524213003316287285 122.89552797826691233 3.980689032121045301 
 206.71595257121802547 30.592928436798512593 3.980689032121045301 
 184.54570223433637466 43.392928436798520409 3.980689032121045301 
 190.37543910718505913 53.490328895330158332 3.980689032121045301 
 212.54568944406670994 40.690328895330146963 3.980689032121045301 
 162.37545189745475227 56.192928436798531777 3.980689032121045301 
 140.20520156057312988 68.99292843679852183 3.980689032121045301 
 146.03493843342181435 79.090328895330159753 3.980689032121045301 
 168.20518877030343674 66.290328895330148384 3.980689032121045301 
 118.03495122369147907 81.792928436798547409 3.980689032121045301 
 95.864700886809870894 94.592928436798530356 3.980689032121045301 
 101.69443775965854115 104.69032889533015407 3.980689032121045301 
 123.86468809654017775 91.890328895330171122 3.980689032121045301 
 73.694450549928248506 107.39292843679854172 3.980689032121045301 
 51.524200213046633223 120.19292843679852467 3.980689032121045301 
 57.353937085895324799 130.2903288953301626 3.980689032121045301 
 79.524187422776932976 117.49032889533015123 3.980689032121045301 
 29.353949876164989519 132.99292843679856446 3.980689032121045301 
 7.1836995392833786767 145.79292843679851899 3.980689032121045301 
 13.013436412132055153 155.89032889533015691 3.980689032121045301 
 35.183686749013666883 143.09032889533017396 3.980689032121045301 
 218.37542631691539441 50.78772935386176357 3.980689032121045301 
 196.2051759800337436 63.587729353861774939 3.980689032121045301 
 202.03491285288242807 73.685129812393412863 3.980689032121045301 
 224.20516318976405046 60.885129812393401494 3.980689032121045301 
 174.03492564315212121 76.387729353861786308 3.980689032121045301 
 151.86467530627049882 89.187729353861783466 3.980689032121045301 
 157.69441217911918329 99.285129812393392967 3.980689032121045301 
 179.86466251600080568 86.48512981239339581 3.980689032121045301 
 129.69442496938887643 101.98772935386178062 3.980689032121045301 
 107.52417463250723983 114.78772935386177778 3.980689032121045301 
 113.35391150535592431 124.8851298123934157 3.980689032121045301 
 135.5241618422375609 112.08512981239340434 3.980689032121045301 
 85.353924295625617447 127.58772935386177494 3.980689032121045301 
 63.183673958744002164 140.3877293538617721 3.980689032121045301 
 69.013410831592693739 150.48512981239341002 3.980689032121045301 
 91.183661168474301917 137.68512981239339865 3.980689032121045301 
 41.013423621862358459 153.18772935386178347 3.980689032121045301 
 18.843173284980746729 165.98772935386176641 3.980689032121045301 
 24.672910157829424094 176.08512981239340434 3.980689032121045301 
 46.843160494711035824 163.28512981239342139 3.980689032121045301 
 230.03490006261276335 70.982530270925010996 3.980689032121045301 
 207.86464972573111254 83.782530270925022364 3.980689032121045301 
 213.69438659857982543 93.879930729456646077 3.980689032121045301 
 235.86463693546144782 81.079930729456634708 3.980689032121045301 
 185.69439938884946173 96.582530270925033733 3.980689032121045301 
 163.52414905196786776 109.38253027092503089 3.980689032121045301 
 169.35388592481655223 119.4799307294566546 3.980689032121045301 
 191.52413626169817462 106.67993072945665745 3.980689032121045301 
 141.35389871508621695 122.18253027092504226 3.980689032121045301 
 119.18364837820460878 134.98253027092502521 3.980689032121045301 
 125.01338525105329325 145.07993072945666313 3.980689032121045301 
 147.18363558793490142 132.27993072945668018 3.980689032121045301 
 97.013398041322986387 147.78253027092503658 3.980689032121045301 
 74.843147704441363999 160.58253027092501952 3.980689032121045301 
 80.67288457729006268 170.67993072945665745 3.980689032121045301 
 102.84313491417167086 157.87993072945664608 3.980689032121045301 
  52.6728973675597274 173.38253027092503089 3.980689032121045301 
 30.502647030678115669 186.18253027092504226 3.980689032121045301 
 36.332383903526803692 196.27993072945665176 3.980689032121045301 
 58.502634240408418975 183.47993072945664039 3.980689032121045301 
 241.69437380831013229 91.177331187988286842 3.980689032121045301 
 219.5241234714285099 103.97733118798829821 3.980689032121045301 
 225.35386034427719437 114.07473164651992192 3.980689032121045301 
 247.52411068115881676 101.27473164651991056 3.980689032121045301 
 197.35387313454685909 116.77733118798828116 3.980689032121045301 
 175.18362279766526513 129.57733118798827832 3.980689032121045301 
 181.0133596705139496 139.67473164651991624 3.980689032121045301 
 203.18361000739554356 126.87473164651991908 3.980689032121045301 
 153.01337246078358589 142.37733118798828968 3.980689032121045301 
 130.8431221239019635 155.17733118798830105 3.980689032121045301 
 136.6728589967506764 165.27473164651993898 3.980689032121045301 
 158.84310933363229879 152.47473164651992761 3.980689032121045301 
 108.67287178702035533 167.97733118798831242 3.980689032121045301 
 86.50262145013874715 180.77733118798829537 3.980689032121045301 
 92.332358322987445831 190.87473164651990487 3.980689032121045301 
 114.50260865986905401 178.07473164651992192 3.980689032121045301 
 64.332371113257110551 193.57733118798830674 3.980689032121045301 
 42.162120776375495268 206.37733118798828968 3.980689032121045301 
 47.991857649224186844 216.47473164651992761 3.980689032121045301 
 70.162107986105795021 203.67473164651994466 3.980689032121045301 
 253.35384755400747281 111.37213210505152006 3.980689032121045301 
 231.18359721712587884 124.17213210505153143 3.980689032121045301 
 237.01333408997459173 134.26953256358316935 3.980689032121045301 
 209.01334688024422803 136.97213210505154279 3.980689032121045301 
 186.84309654336263407 149.77213210505152574 3.980689032121045301 
 192.67283341621131854 159.86953256358316366 3.980689032121045301 
 214.8430837530929125 147.06953256358318072 3.980689032121045301 
 164.67284620648098326 162.57213210505153711 3.980689032121045301 
 142.50259586959936087 175.37213210505154848 3.980689032121045301 
 148.33233274244804534 185.4695325635831864 3.980689032121045301 
 170.50258307932966773 172.66953256358317503 3.980689032121045301 
 120.33234553271772427 188.17213210505153143 3.980689032121045301 
 98.162095195836116091 200.97213210505151437 3.980689032121045301 
 103.99183206868481477 211.06953256358318072 3.980689032121045301 
 126.16208240556642295 198.26953256358316935 3.980689032121045301 
 75.991844858954479491 213.77213210505152574 3.980689032121045301 
 53.821594522072864208 226.57213210505153711 3.980689032121045301 
 59.651331394921555784 236.66953256358317503 3.980689032121045301 
 81.821581731803163962 223.86953256358319209 3.980689032121045301 
 242.84307096282324778 144.36693302211477885 3.980689032121045301 
 248.67280783567193225 154.46433348064641677 3.980689032121045301 
 220.67282062594162539 157.16693302211479022 3.980689032121045301 
 198.50257028906000301 169.96693302211477317 3.980689032121045301 
 204.33230716190868748 180.06433348064641109 3.980689032121045301 
 226.50255749879030986 167.26433348064642814 3.980689032121045301 
 176.33231995217832377 182.76693302211478454 3.980689032121045301 
 154.16206961529670139 195.5669330221147959 3.980689032121045301 
 159.99180648814538586 205.66433348064643383 3.980689032121045301 
 182.16205682502703667 192.86433348064645088 3.980689032121045301 
 131.99181927841510742 208.36693302211477885 3.980689032121045301 
 109.82156894153348503 221.16693302211479022 3.980689032121045301 
 115.6513058143821695 231.26433348064639972 3.980689032121045301 
 137.82155615126379189 218.46433348064638835 3.980689032121045301 
 87.651318604651848432 233.96693302211480159 3.980689032121045301 
 65.481068267770226043 246.76693302211478454 3.980689032121045301 
 71.310805140618924725 256.86433348064645088 3.980689032121045301 
 93.481055477500532902 244.06433348064641109 3.980689032121045301 
 254.5025447085205883 164.56173393917799785 3.980689032121045301 
 232.33229437163896591 177.36173393917800922 3.980689032121045301 
 210.16204403475734352 190.16173393917802059 3.980689032121045301 
 215.99178090760605642 200.25913439770965851 3.980689032121045301 
 238.16203124448765038 187.45913439770967557 3.980689032121045301 
 187.99179369787572114 202.96173393917803196 3.980689032121045301 
 165.82154336099409875 215.76173393917804333 3.980689032121045301 
 171.65128023384278322 225.85913439770965283 3.980689032121045301 
 193.82153057072440561 213.05913439770966988 3.980689032121045301 
 143.65129302411247636 228.56173393917802628 3.980689032121045301 
 121.48104268723086818 241.36173393917803764 3.980689032121045301 
 127.31077956007955265 251.45913439770967557 3.980689032121045301 
 149.48102989696118925 238.6591343977096642 3.980689032121045301 
 99.310792350349217372 254.16173393917804901 3.980689032121045301 
