 126.59084454988646939 1.8387527467671600512 3.980689032121045301 
 132.42058142273515386 11.936153205298779767 3.980689032121045301 
 104.4205942130048328 14.638752746767169199 3.980689032121045301 
 82.250343876123224618 27.438752746767161028 3.980689032121045301 
 88.080080748971909088 37.536153205298781188 3.980689032121045301 
 110.25033108585351727 24.736153205298787583 3.980689032121045301 
 60.080093539241573808 40.238752746767168844 3.980689032121045301 
 37.909843202359958525 53.038752746767166002 3.980689032121045301 
 43.73958007520863589 63.136153205298782609 3.980689032121045301 
 65.909830412090258278 50.336153205298792557 3.980689032121045301 
 15.739592865478348571 65.838752746767170265 3.980689032121045301 
 21.56932973832702416 75.936153205298793978 3.980689032121045301 
 160.42056863246548915 9.2335536638304169799 3.980689032121045301 
 138.25031829558383834 22.033553663830410585 3.980689032121045301 
 144.08005516843252281 32.130954122362041403 3.980689032121045301 
 166.25030550531417362 19.33095412236203714 3.980689032121045301 
 116.08006795870221595 34.833553663830421954 3.980689032121045301 
 93.909817621820607769 47.633553663830412006 3.980689032121045301 
 99.739554494669292239 57.73095412236204993 3.980689032121045301 
 121.90980483155090042 44.930954122362052772 3.980689032121045301 
 71.739567284938956959 60.433553663830423375 3.980689032121045301 
 49.569316948057341676 73.233553663830420533 3.980689032121045301 
 55.399053820906019041 83.330954122362044245 3.980689032121045301 
 77.569304157787641429 70.530954122362061298 3.980689032121045301 
 27.399066611175729946 86.03355366383041769 3.980689032121045301 
 5.2288162742941040051 98.833553663830414848 3.980689032121045301 
 11.058553147142793804 108.93095412236203856 3.980689032121045301 
 33.228803484024403758 96.130954122362055614 3.980689032121045301 
 188.42055584219576758 6.5309541223620426464 3.980689032121045301 
 172.08004237816282966  29.4283545808936573 3.980689032121045301 
 149.90979204128120728 42.228354580893665116 3.980689032121045301 
 155.73952891412992017 52.325755039425281723 3.980689032121045301 
 177.90977925101154256 39.52575503942529167 3.980689032121045301 
 127.73954170439958489 55.028354580893669379 3.980689032121045301 
 105.5692913675179625 67.828354580893673642 3.980689032121045301 
 111.39902824036664697 77.925755039425297355 3.980689032121045301 
 133.56927857724826936 65.125755039425285986 3.980689032121045301 
 83.399041030636340111  80.6283545808936708 3.980689032121045301 
 61.228790693754710617 93.428354580893667958 3.980689032121045301 
 67.058527566603402192 103.52575503942530588 3.980689032121045301 
 89.22877790348501037 90.725755039425308723 3.980689032121045301 
 39.058540356873081123 106.22835458089367933 3.980689032121045301 
 16.888290019991487156 119.02835458089366227 3.980689032121045301 
 22.718026892840160968 129.12575503942531441 3.980689032121045301 
 44.888277229721772699 116.32575503942530304 3.980689032121045301 
 194.25029271504448047 16.628354580893663694 3.980689032121045301 
 200.08002958789316494 26.725755039425294513 3.980689032121045301 
 183.73951612386022703 49.623155497956908278 3.980689032121045301 
 161.56926578697860464 62.423155497956905435 3.980689032121045301 
 167.39900265982728911 72.520555956488536253 3.980689032121045301 
 189.56925299670888307 59.720555956488539096 3.980689032121045301 
 139.39901545009698225 75.223155497956909699 3.980689032121045301 
 117.22876511321534565 88.023155497956921067 3.980689032121045301 
 123.05850198606401591 98.12055595648854478 3.980689032121045301 
 145.2287523229456383 85.320555956488547622 3.980689032121045301 
 95.05851477633369484 100.82315549795693244 3.980689032121045301 
 72.888264439452072452 113.62315549795691538 3.980689032121045301 
 78.718001312300771133 123.7205559564885391 3.980689032121045301 
 100.88825164918237931 110.92055595648854194 3.980689032121045301 
 50.718014102570464274 126.42315549795691254 3.980689032121045301 
 28.547763765688852544 139.22315549795692391 3.980689032121045301 
 34.377500638537533462 149.32055595648853341 3.980689032121045301 
 56.547750975419141639 136.52055595648852204 3.980689032121045301 
 6.3775134288071990696 152.02315549795693528 3.980689032121045301 
 205.90976646074184941 36.82315549795691112 3.980689032121045301 
 211.73950333359050546 46.920555956488534832 3.980689032121045301 
 12.207250301655875546 162.12055595648854478 3.980689032121045301 
 195.39898986955756754 69.817956415020162808 3.980689032121045301 
 173.22873953267594516 82.617956415020159966 3.980689032121045301 
 179.05847640552462963 92.715356873551783679 3.980689032121045301 
 201.22872674240628044 79.91535687355177231 3.980689032121045301 
 151.05848919579432277 95.417956415020157124 3.980689032121045301 
 128.88823885891270038 108.21795641502015428 3.980689032121045301 
 134.71797573176138485 118.31535687355177799 3.980689032121045301 
 156.88822606864300724 105.51535687355179505 3.980689032121045301 
 106.71798852203107799 121.01795641502016565 3.980689032121045301 
 84.547738185149441392 133.81795641502017702 3.980689032121045301 
 90.377475057998140073 143.91535687355178652 3.980689032121045301 
 112.54772539487974825 131.11535687355177515 3.980689032121045301 
 62.377487848267833215 146.61795641502015997 3.980689032121045301 
 40.207237511386217932 159.41795641502017133 3.980689032121045301 
 46.036974384234895297 169.51535687355178084 3.980689032121045301 
 68.207224721116503474 156.71535687355179789 3.980689032121045301 
 18.036987174504567122 172.2179564150201827 3.980689032121045301 
 217.56924020643918993 57.017956415020151439 3.980689032121045301 
 223.3989770792878744 67.115356873551775152 3.980689032121045301 
 23.866724047353244487 182.31535687355179221 3.980689032121045301 
 207.05846361525496491 90.012757332083396022 3.980689032121045301 
 184.88821327837334252 102.81275733208340739 3.980689032121045301 
 190.71795015122199857 112.9101577906150311 3.980689032121045301 
 212.88820048810364938 100.11015779061503395 3.980689032121045301 
 162.71796294149172013 115.61275733208341876 3.980689032121045301 
 140.54771260461006932 128.41275733208340171 3.980689032121045301 
 146.37744947745878221 138.51015779061503963 3.980689032121045301 
 168.5476998143404046 125.71015779061502826 3.980689032121045301 
 118.37746226772843272 141.21275733208341308 3.980689032121045301 
 96.207211930846824544 154.01275733208342444 3.980689032121045301 
 102.03694880369550901 164.11015779061503395 3.980689032121045301 
 124.20719914057711719  151.310157790615051 3.980689032121045301 
 74.036961593965202155 166.81275733208340739 3.980689032121045301 
 51.866711257083586872 179.61275733208339034 3.980689032121045301 
 57.696448129932278448 189.71015779061502826 3.980689032121045301 
 79.866698466813886625 176.91015779061504531 3.980689032121045301 
 29.696460920201936062 192.41275733208343013 3.980689032121045301 
 229.22871395213655887 77.212757332083398865 3.980689032121045301 
 235.05845082498524334 87.310157790615022577 3.980689032121045301 
 35.526197793050627638 202.51015779061506805 3.980689032121045301 
 218.71793736095233385 110.20755824914665766 3.980689032121045301 
 196.54768702407068304 123.00755824914666903 3.980689032121045301 
 202.37742389691936751 133.10495870767829274 3.980689032121045301 
 224.54767423380101832 120.30495870767829558 3.980689032121045301 
 174.37743668718908907 135.80755824914669461 3.980689032121045301 
 152.20718635030746668 148.60755824914664913 3.980689032121045301 
 158.03692322315615115 158.70495870767831548 3.980689032121045301 
 180.20717356003777354 145.90495870767830411 3.980689032121045301 
 130.03693601342581587 161.4075582491466605 3.980689032121045301 
 107.86668567654419348 174.20755824914667187 3.980689032121045301 
 113.69642254939289217 184.30495870767830979 3.980689032121045301 
 135.86667288627450034 171.50495870767832685 3.980689032121045301 
 85.696435339662585307 187.00755824914665482 3.980689032121045301 
 63.526185002780970024 199.80755824914666618 3.980689032121045301 
 69.355921875629661599 209.90495870767830411 3.980689032121045301 
 91.526172212511269777 197.10495870767829274 3.980689032121045301 
 41.355934665899319214 212.60755824914667755 3.980689032121045301 
 240.88818769783392781 97.407558249146660501 3.980689032121045301 
 246.71792457068264071 107.50495870767829842 3.980689032121045301 
 47.185671538748010789 222.70495870767831548 3.980689032121045301 
 230.37741110664973121 130.40235916620989087 3.980689032121045301 
 208.2071607697680804 143.20235916620990224 3.980689032121045301 
 214.03689764261676487 153.29975962474156859 3.980689032121045301 
 236.20714797949841568 140.49975962474155722 3.980689032121045301 
 186.03691043288642959 156.00235916620991361 3.980689032121045301 
 163.8666600960048072 168.80235916620989656 3.980689032121045301 
 169.69639696885352009 178.89975962474153448 3.980689032121045301 
 191.86664730573514248 166.09975962474155153 3.980689032121045301 
 141.69640975912318481 181.60235916620993635 3.980689032121045301 
 119.52615942224156242 194.40235916620991929 3.980689032121045301 
 125.35589629509026111 204.49975962474155722 3.980689032121045301 
 147.52614663197186928 191.69975962474154585 3.980689032121045301 
 97.355909085359954247 207.20235916620993066 3.980689032121045301 
 75.185658748478331859 220.00235916620991361 3.980689032121045301 
 81.01539562132703054 230.09975962474155153 3.980689032121045301 
 103.18564595820863872 217.29975962474156859 3.980689032121045301 
 53.015408411596681049 232.80235916620992498 3.980689032121045301 
 252.54766144353132518 117.60235916620990793 3.980689032121045301 
 58.845145284445372624 242.8997596247415629 3.980689032121045301 
 242.03688485234707173 150.59716008327316672 3.980689032121045301 
 219.86663451546544934 163.39716008327317809 3.980689032121045301 
 225.69637138831413381 173.49456054180478759 3.980689032121045301 
 247.8666217251957562 160.69456054180477622 3.980689032121045301 
 197.69638417858382695 176.19716008327316104 3.980689032121045301 
 175.52613384170220456 188.9971600832731724 3.980689032121045301 
 181.35587071455088903 199.09456054180481033 3.980689032121045301 
 203.52612105143251142 186.29456054180479896 3.980689032121045301 
 153.35588350482055375 201.79716008327318377 3.980689032121045301 
 131.18563316793893136 214.59716008327316672 3.980689032121045301 
 137.01537004078764426 224.69456054180480464 3.980689032121045301 
 159.18562037766923822 211.89456054180479327 3.980689032121045301 
 109.01538283105732319 227.39716008327314967 3.980689032121045301 
 86.845132494175700799 240.19716008327316104 3.980689032121045301 
 92.67486936702439948 250.29456054180479896 3.980689032121045301 
 114.84511970390600766 237.49456054180481601 3.980689032121045301 
 64.674882157294049989 252.9971600832731724 3.980689032121045301 
 253.69635859804449751 170.79196100033641414 3.980689032121045301 
 231.52610826116281828 183.59196100033642551 3.980689032121045301 
 237.35584513401153117 193.68936145886803502 3.980689032121045301 
 209.35585792428116747 196.39196100033640846 3.980689032121045301 
 187.1856075873995735 209.19196100033639141 3.980689032121045301 
 193.01534446024825797 219.28936145886805775 3.980689032121045301 
 215.18559479712988036 206.48936145886807481 3.980689032121045301 
 165.01535725051792269 221.99196100033640278 3.980689032121045301 
 142.84510691363632873 234.79196100033638572 3.980689032121045301 
 148.6748437864850132 244.88936145886808049 3.980689032121045301 
 170.84509412336660716 232.08936145886806912 3.980689032121045301 
 120.67485657675470634 247.59196100033639709 3.980689032121045301 
