 55.938093890439994027 26.147925210194710388 3.9690188199386313705 
 46.888629212259743895 1.6372366089938927836 3.9690188199386313705 
 58.698830371533546213 15.844716396444647799 3.9690188199386313705 
 38.606419768979073126 32.546863050244091653 3.9690188199386313705 
 44.895147966065778178 67.360760465194942981 3.9690188199386313705 
 35.845683287885528046 42.850071863994138255 3.9690188199386313705 
 47.655884447159323258 57.057551651444882168 3.9690188199386313705 
 27.563473844604867935 73.759698305244327798 3.9690188199386313705 
 33.852202041691555223 108.57359572019518623 3.9690188199386313705 
 24.802737363511305091 84.062907118994388611 3.9690188199386313705 
 36.612938522785114515 98.270386906445125419 3.9690188199386313705 
 16.520527920230648533 114.97253356024457105 3.9690188199386313705 
 22.809256117317350032 149.78643097519542948 3.9690188199386313705 
 13.759791439137085689 125.27574237399466028 3.9690188199386313705 
 25.569992598410895113 139.48322216144538288 3.9690188199386313705 
 5.4775819958564264667 156.18536881524482851 3.9690188199386313705 
 11.766310192943128854 190.99926623019570116 3.9690188199386313705 
 2.7168455147628787216 166.48857762899487511 3.9690188199386313705 
 14.527046674036675711 180.69605741644565455 3.9690188199386313705 
 3.4841007496624558648 221.9088926714458978 3.9690188199386313705 
 85.079969171174667508 33.95646715759605172 3.9690188199386313705 
 76.030504492994438692 9.445778556395250547 3.9690188199386313705 
  87.8407056522682268 23.65325834384599446 3.9690188199386313705 
 67.748295049713760818 40.355404997645436538 3.9690188199386313705 
 74.037023246800458764 75.169302412596309182 3.9690188199386313705 
 64.987558568620215738 50.658613811395497351 3.9690188199386313705 
 76.797759727894018056 64.866093598846248369 3.9690188199386313705 
 56.70534912533955918   81.568240252645694 3.9690188199386313705 
 62.99407732242623581 116.38213766759653822 3.9690188199386313705 
 53.944612644245999888 91.871449066395754812 3.9690188199386313705 
 65.754813803519795101 106.07892885384649162 3.9690188199386313705 
 45.662403200965336225 122.78107550764593725 3.9690188199386313705 
 51.951131398052027066 157.59497292259678147 3.9690188199386313705 
 42.901666719871776934 133.08428432139601227 3.9690188199386313705 
 54.711867879145572147 147.29176410884673487 3.9690188199386313705 
 34.619457276591120376 163.99391076264620892 3.9690188199386313705 
 40.908185473677804112 198.80780817759702472 3.9690188199386313705 
 31.858720795497557532 174.29711957639625552 3.9690188199386313705 
 43.668921954771356297 188.50459936384697812 3.9690188199386313705 
 23.576511352216897421 205.20674601764642375 3.9690188199386313705 
 20.815774871123334577 215.50995483139649878 3.9690188199386313705 
 32.625976030397133343 229.71743461884722137 3.9690188199386313705 
 107.93311625482267857 6.9511116900465479418 3.9690188199386313705 
 114.22184445190936231 41.765009104997410816 3.9690188199386313705 
 105.17237977372913349 17.254320503796609643 3.9690188199386313705 
 116.9825809330029216 31.461800291247350003 3.9690188199386313705 
 96.890170330448455616 48.163946945046795634 3.9690188199386313705 
 103.17889852753513935 82.977844359997661172 3.9690188199386313705 
 94.129433849354910535 58.467155758796856446 3.9690188199386313705 
 105.93963500862871285 72.674635546247600359 3.9690188199386313705 
 85.847224406074246872 89.37678220004704599 3.9690188199386313705 
 92.135952603160944818 124.19067961499790442 3.9690188199386313705 
 83.086487924980687581 99.679991013797106802 3.9690188199386313705 
 94.896689084254489899 113.88747080124784361 3.9690188199386313705 
 74.804278481700038128 130.58961745504728924 3.9690188199386313705 
 81.093006678786721864 165.40351486999816188 3.9690188199386313705 
 72.043542000606464626 140.89282626879736426 3.9690188199386313705 
 83.853743159880266944 155.10030605624808686 3.9690188199386313705 
 63.761332557325808068 171.80245271004756091 3.9690188199386313705 
 70.050060754412498909 206.61635012499837671 3.9690188199386313705 
 61.000596076232248777 182.10566152379760752 3.9690188199386313705 
 72.81079723550604399 196.31314131124833011 3.9690188199386313705 
 52.718386632951592219 213.01528796504777574 3.9690188199386313705 
 49.957650151858025822 223.31849677879785077 3.9690188199386313705 
 61.76785131113182814 237.52597656624857336 3.9690188199386313705 
 137.07499153555735916 14.759653637447906149 3.9690188199386313705 
 143.3637197326440571 49.573551052398769912 3.9690188199386313705 
 134.31425505446381408 25.062862451197968738 3.9690188199386313705 
 146.12445621373763061 39.270342238648709099 3.9690188199386313705 
 126.0320456111831362 55.972488892448154729 3.9690188199386313705 
 132.32077380826984836 90.786386307399027373 3.9690188199386313705 
 123.27130913008959112 66.275697706198215542 3.9690188199386313705 
 135.08151028936339344 80.48317749364895235 3.9690188199386313705 
 114.98909968680891325 97.185324147448383769 3.9690188199386313705 
 121.2778278838956254 131.9992215623992422 3.9690188199386313705 
 112.22836320571536817  107.488532961198473 3.9690188199386313705 
 124.0385643649891847 121.69601274864920981 3.9690188199386313705 
 103.9461537624347045 138.39815940244864123 3.9690188199386313705 
 110.23488195952141666 173.21205681739948545 3.9690188199386313705 
 101.18541728134114521 148.70136821619871625 3.9690188199386313705 
 112.99561844061496174 162.90884800364943885 3.9690188199386313705 
 92.90320783806049576 179.61099465744888448 3.9690188199386313705 
 99.191936035147193707 214.4248920723997287 3.9690188199386313705 
 90.142471356966922258 189.91420347119895951 3.9690188199386313705 
 101.95267251624073879 204.1216832586496821 3.9690188199386313705 
 81.860261913686272806 220.82382991244912773 3.9690188199386313705 
 154.40666565701829427 8.3607157973985088972 3.9690188199386313705 
 79.099525432592699303 231.12703872619920276 3.9690188199386313705 
 90.909726591866515832 245.33451851364995377 3.9690188199386313705 
 166.21686681629205395 22.568195584849267021 3.9690188199386313705 
 172.5055950133787519 57.382092999800129007 3.9690188199386313705 
 163.45613033519850887 32.871404398599324281 3.9690188199386313705 
 175.26633149447229698 47.078884186050068195 3.9690188199386313705 
 155.17392089191781679 63.781030839849513825 3.9690188199386313705 
 161.46264908900451474 98.594928254800379364 3.9690188199386313705 
 152.41318441082427171 74.084239653599581743 3.9690188199386313705 
 164.22338557009808824 88.29171944105030434 3.9690188199386313705 
 144.13097496754360805 104.99386609484974997 3.9690188199386313705 
 150.41970316463033441 139.80776350980059419 3.9690188199386313705 
 141.37023848645006296 115.29707490859981078 3.9690188199386313705 
 153.18043964572387949 129.50455469605054759 3.9690188199386313705 
 133.0880290431693993 146.20670134984999322 3.9690188199386313705 
 139.37675724025609725 181.02059876480083744 3.9690188199386313705 
 130.3272925620758258 156.50991016360006824 3.9690188199386313705 
 142.13749372134964233 170.71738995105079084 3.9690188199386313705 
 122.04508311879517635 187.41953660485023647 3.9690188199386313705 
 128.3338113158818885 222.23343401980110912 3.9690188199386313705 
 119.28434663770161706 197.7227454186003115 3.9690188199386313705 
 131.09454779697543358 211.93022520605106251 3.9690188199386313705 
 111.00213719442095339 228.63237185985050814 3.9690188199386313705 
 183.54854093775296064 16.169257744799867993 3.9690188199386313705 
 108.2414007133273941 238.93558067360058317 3.9690188199386313705 
 120.05160187260121063 253.14306046105127734 3.9690188199386313705 
 195.35874209702674875 30.376737532250622564 3.9690188199386313705 
 201.64747029411341828 65.190634947201473892 3.9690188199386313705 
 192.59800561593320367 40.679946346000683377 3.9690188199386313705 
 204.40820677520693494 54.887426133451413079 3.9690188199386313705 
 184.31579617265251159 71.589572787250872921 3.9690188199386313705 
 190.60452436973918111 106.40347020220173135 3.9690188199386313705 
 181.55505969155896651 81.892781601000919522 3.9690188199386313705 
 193.36526085083275461 96.10026138845165633 3.9690188199386313705 
 173.27285024827830284 112.80240804225110196 3.9690188199386313705 
 179.56157844536500079 147.61630545720194618 3.9690188199386313705 
 170.51211376718475776 123.10561685600117698 3.9690188199386313705 
 182.32231492645854587 137.31309664345189958 3.9690188199386313705 
 162.22990432390406568 154.01524329725134521 3.9690188199386313705 
 168.51863252099076362 188.82914071220221786 3.9690188199386313705 
 159.4691678428105206 164.31845211100142023 3.9690188199386313705 
 171.2793690020843087 178.52593189845217125 3.9690188199386313705 
 151.18695839952988536 195.22807855225161688 3.9690188199386313705 
 157.47568659661655488 230.04197596720243268 3.9690188199386313705 
 148.42622191843631185 205.53128736600169191 3.9690188199386313705 
 160.23642307771009996 219.73876715345238608 3.9690188199386313705 
 140.14401247515564819 236.44091380725186013 3.9690188199386313705 
 212.69041621848762702 23.977799692201212878 3.9690188199386313705 
 137.38327599406210311 246.74412262100193516 3.9690188199386313705 
 224.50061737776144355 38.185279479651967449 3.9690188199386313705 
 230.78934557484808465 72.999176894602840093 3.9690188199386313705 
 221.73988089666789847 48.488488293402042473 3.9690188199386313705 
 233.55008205594165815 62.695968080852772175 3.9690188199386313705 
 213.45767145338720638  79.3981147346522107 3.9690188199386313705 
 219.74639965047390433 114.21201214960308334 3.9690188199386313705 
 210.6969349722936613 89.701323548402285724 3.9690188199386313705 
 222.50713613156744941 103.90880333585302253 3.9690188199386313705 
 202.41472552901299764 120.61094998965246816 3.9690188199386313705 
 208.70345372609963874 155.42484740460332659 3.9690188199386313705 
 199.65398904791945256 130.91415880340252897 3.9690188199386313705 
 211.46419020719324067 145.12163859085327999 3.9690188199386313705 
 191.37177960463876047 161.82378524465272562 3.9690188199386313705 
 197.66050780172545842 196.63768265960356985 3.9690188199386313705 
 188.61104312354521539 172.12699405840280065 3.9690188199386313705 
 200.4212442828190035 186.33447384585352324 3.9690188199386313705 
 180.32883368026455173 203.03662049965296887 3.9690188199386313705 
 186.61756187735124968 237.85051791460378467 3.9690188199386313705 
 177.56809719917100665 213.3398293134030439 3.9690188199386313705 
 189.37829835844479476 227.54730910085373807 3.9690188199386313705 
 169.28588775589037141 244.24945575465321213 3.9690188199386313705 
 241.83229149922235024 31.786341639602571973 3.9690188199386313705 
 166.52515127479676948 254.55266456840328715 3.9690188199386313705 
 253.64249265849610993 45.993821427053326545 3.9690188199386313705 
 250.88175617740256484 56.297030240803401568 3.9690188199386313705 
 242.59954673412190118 87.206656682053576901 3.9690188199386313705 
 248.88827493120857071 122.02055409700444955 3.9690188199386313705 
 239.8388102530283561 97.509865495803637714 3.9690188199386313705 
 251.64901141230214421 111.71734528325437452 3.9690188199386313705 
 231.55660080974769244 128.41949193705380594 3.9690188199386313705 
 237.84532900683436196 163.23338935200467859 3.9690188199386313705 
 228.79586432865414736 138.72270075080390939 3.9690188199386313705 
 240.60606548792790704 152.93018053825463198 3.9690188199386313705 
 220.51365488537345527 169.63232719205407761 3.9690188199386313705 
 226.80238308246015322 204.44622460700492184 3.9690188199386313705 
 217.75291840427991019 179.93553600580415264 3.9690188199386313705 
 229.5631195635536983 194.14301579325487523 3.9690188199386313705 
 209.47070896099927495 210.84516244705432086 3.9690188199386313705 
 215.75943715808594447 245.65905986200513667 3.9690188199386313705 
 206.70997247990570145 221.14837126080439589 3.9690188199386313705 
 218.52017363917948956 235.35585104825509006 3.9690188199386313705 
 198.42776303662500936 252.05799770205456412 3.9690188199386313705 
