 144.34349549162757853 1.350333907266548783 3.9690188199386313705 
 107.39307826349151753 22.683667240599895365 3.9690188199386313705 
 116.63068257052553633 17.35033390726655611 3.9690188199386313705 
 90.613001623801011419 14.953055279089598528 3.9690188199386313705 
 70.442661035355470744 44.017000573933231067 3.9690188199386313705 
 81.375397316766992617 20.286388612422939559 3.9690188199386313705 
 79.680265342389503758 38.68366724059988826 3.9690188199386313705 
 53.662584395664971737 36.286388612422932454 3.9690188199386313705 
 33.492243807219445273 65.350333907266545452 3.9690188199386313705 
 44.424980088630938724 41.619721945756268155 3.9690188199386313705 
 42.729848114253449864 60.017000573933223961 3.9690188199386313705 
 16.712167167528924949 57.619721945756268155 3.9690188199386313705 
 7.4745628604949034823 62.953055279089603857 3.9690188199386313705 
 5.7794308861173977476 81.350333907266573874 3.9690188199386313705 
 159.42844015694058157 27.478224496953796319 3.9690188199386313705 
 170.36117643835211766 3.7476125354434786097 3.9690188199386313705 
 168.6660444639746288 22.144891163620457064 3.9690188199386313705 
 142.64836351725008967 19.747612535443487047 3.9690188199386313705 
  122.478022928804549 48.811557830287128468 3.9690188199386313705 
 133.41075921021604245 25.080945868776826302 3.9690188199386313705 
 131.71562723583855359 43.478224496953792766 3.9690188199386313705 
 105.69794628911402867 41.080945868776815644 3.9690188199386313705 
 85.527605700668487998 70.144891163620457064 3.9690188199386313705 
 96.460341982080009871 46.414279202110158451 3.9690188199386313705 
  94.7652100077025068 64.811557830287114257 3.9690188199386313705 
 68.747529060977967674 62.414279202110151346 3.9690188199386313705 
 48.577188472532469632 91.478224496953799871 3.9690188199386313705 
 59.509924753943955977 67.747612535443494153 3.9690188199386313705 
 57.814792779566460013 86.144891163620457064 3.9690188199386313705 
 31.79711183284193865 83.747612535443479942 3.9690188199386313705 
 11.626771244396421068 112.81155783028712847 3.9690188199386313705 
 22.559507525807902084 89.080945868776822749 3.9690188199386313705 
 20.864375551430413225 107.47822449695378566 3.9690188199386313705 
 196.37885738507665678 6.1448911636204357478 3.9690188199386313705 
 194.6837254106991395 24.54216979179737379 3.9690188199386313705 
 174.51338482225358462 53.606115086641004552 3.9690188199386313705 
 185.4461211036651207 29.875503125130713045 3.9690188199386313705 
 183.75098912928760342 48.272781753307661745 3.9690188199386313705 
 157.73330818256306429 45.875503125130705939 3.9690188199386313705 
 137.56296759411753783 74.939448419974340254 3.9690188199386313705 
 148.49570387552904549 51.208836458464048746 3.9690188199386313705 
 146.80057190115155663 69.606115086640997447 3.9690188199386313705 
 120.78289095442704593 67.208836458464048746 3.9690188199386313705 
 100.61255036598150525 96.272781753307683061 3.9690188199386313705 
 111.54528664739301291 72.542169791797391554 3.9690188199386313705 
 109.85015467301552405 90.939448419974340254 3.9690188199386313705 
 83.832473726290999139 88.542169791797391554 3.9690188199386313705 
 63.662133137845486885 117.60611508664099745 3.9690188199386313705 
 74.594869419256966125 93.87550312513072015 3.9690188199386313705 
 72.899737444879477266 112.27278175330768306 3.9690188199386313705 
 46.882056498154952351 109.87550312513073436 3.9690188199386313705 
 26.711715909709432992 138.93944841997432604 3.9690188199386313705 
 37.644452191120933549 115.20883645846407717 3.9690188199386313705 
 35.949320216743423373 133.60611508664101166 3.9690188199386313705 
 9.931639270018900234 131.20883645846407717 3.9690188199386313705 
 211.46380205038968825 32.27278175330765464 3.9690188199386313705 
 209.76867007601214254 50.670060381484610446 3.9690188199386313705 
 189.59832948756661608 79.734005676328237655 3.9690188199386313705 
 200.53106576897812374 56.003393714817946147 3.9690188199386313705 
 198.83593379460063488 74.400672342994894848 3.9690188199386313705 
 172.81825284787609576 72.003393714817960358 3.9690188199386313705 
 152.64791225943056929 101.06733900966156625 3.9690188199386313705 
 163.58064854084207695 77.336727048151288955 3.9690188199386313705 
 161.8855165664645881 95.734005676328237655 3.9690188199386313705 
 135.86783561974004897 93.336727048151288955 3.9690188199386313705 
 115.69749503129452251 122.40067234299492327 3.9690188199386313705 
 126.63023131270603017 98.670060381484631762 3.9690188199386313705 
 124.93509933832854131 117.06733900966156625 3.9690188199386313705 
 98.917418391604016392 114.67006038148461755 3.9690188199386313705 
 78.747077803158504139 143.73400567632825187 3.9690188199386313705 
 89.679814084569983379 120.00339371481796036 3.9690188199386313705 
 87.98468211019249452 138.40067234299490906 3.9690188199386313705 
 61.967001163467962499 136.00339371481794615 3.9690188199386313705 
 41.796660575022450246 165.06733900966156625 3.9690188199386313705 
 52.729396856433943697 141.33672704815128895 3.9690188199386313705 
 51.034264882056440626 159.73400567632822344 3.9690188199386313705 
 25.016583935331929922 157.33672704815128895 3.9690188199386313705 
 226.54874671570266287 58.400672342994880637 3.9690188199386313705 
 15.778979628297895133 162.67006038148463176 3.9690188199386313705 
 14.083847653920376075 181.06733900966159467 3.9690188199386313705 
 224.85361474132514559 76.797950971171843548 3.9690188199386313705 
 204.68327415287964754 105.86189626601547786 3.9690188199386313705 
 215.61601043429115521 82.131284304505186356 3.9690188199386313705 
 213.92087845991363793 100.52856293268213506 3.9690188199386313705 
 187.90319751318912722 98.131284304505172145 3.9690188199386313705 
 167.73285692474357234 127.19522959934879225 3.9690188199386313705 
   178.66559320615508 103.46461763783851495 3.9690188199386313705 
 176.97046123177761956 121.86189626601546365 3.9690188199386313705 
 150.95278028505308043 119.46461763783852916 3.9690188199386313705 
 130.78243969660755397 148.52856293268214927 3.9690188199386313705 
 141.71517597801906163 124.79795097117185776 3.9690188199386313705 
 140.02004400364157277 143.19522959934880646 3.9690188199386313705 
 114.00236305691703365 140.79795097117187197 3.9690188199386313705 
 93.832022468471507182 169.86189626601546365 3.9690188199386313705 
 104.76475874988301484 146.13128430450521478 3.9690188199386313705 
 103.06962677550552598 164.52856293268214927 3.9690188199386313705 
 77.051945828780986858 162.13128430450521478 3.9690188199386313705 
 56.881605240335474605 191.19522959934883488 3.9690188199386313705 
 67.814341521746953845 167.46461763783855758 3.9690188199386313705 
 66.119209547369464985 185.86189626601549207 3.9690188199386313705 
 40.10152860064494007 183.46461763783852916 3.9690188199386313705 
 241.63369138101569433 84.528562932682106634 3.9690188199386313705 
 30.86392429361091061 188.79795097117187197 3.9690188199386313705 
 29.168792319233403987 207.19522959934883488 3.9690188199386313705 
 239.93855940663817705 102.92584156085906955 3.9690188199386313705 
 219.76821881819265059 131.98978685570267544 3.9690188199386313705 
 230.70095509960415825 108.25917489419239814 3.9690188199386313705 
 229.00582312522664097 126.65645352236934684 3.9690188199386313705 
 202.98814217850213026 124.25917489419239814 3.9690188199386313705 
 182.81780159005657538 153.32312018903601825 3.9690188199386313705 
 193.75053787146811146 129.59250822752574095 3.9690188199386313705 
 192.0554058970906226 147.98978685570267544 3.9690188199386313705 
 166.03772495036608348 145.59250822752574095 3.9690188199386313705 
 145.86738436192055701 174.65645352236936105 3.9690188199386313705 
 156.80012064333206467 150.92584156085908376 3.9690188199386313705 
 155.10498866895457581 169.32312018903601825 3.9690188199386313705 
 129.08730772223003669 166.92584156085905533 3.9690188199386313705 
 108.91696713378452444 195.98978685570267544 3.9690188199386313705 
 119.84970341519601789 172.25917489419239814 3.9690188199386313705 
 118.15457144081851482 190.65645352236936105 3.9690188199386313705 
 92.136890494093989901 188.25917489419242656 3.9690188199386313705 
 71.966549905648477647 217.32312018903601825 3.9690188199386313705 
 82.899286187059971098 193.59250822752576937 3.9690188199386313705 
 81.204154212682468028 211.98978685570267544 3.9690188199386313705 
 55.186473265957957324 209.59250822752576937 3.9690188199386313705 
 256.71863604632869738 110.65645352236931842 3.9690188199386313705 
 45.948868958923924311 214.92584156085911218 3.9690188199386313705 
 44.253736984546407029 233.32312018903604667 3.9690188199386313705 
 255.02350407195120852 129.05373215054629554 3.9690188199386313705 
 234.85316348350565363 158.11767744538988723 3.9690188199386313705 
 245.78589976491716129 134.38706548387963835 3.9690188199386313705 
 244.09076779053967243 152.78434411205657284 3.9690188199386313705 
 218.07308684381516173 150.38706548387963835 3.9690188199386313705 
 197.90274625536960684 179.45101077872323003 3.9690188199386313705 
 208.83548253678114293 155.72039881721298116 3.9690188199386313705 
 207.14035056240362564 174.11767744538988723 3.9690188199386313705 
 181.12266961567911494 171.72039881721295274 3.9690188199386313705 
 160.95232902723356005 200.78434411205660126 3.9690188199386313705 
 171.88506530864509614 177.05373215054632396 3.9690188199386313705 
 170.18993333426760728 195.45101077872325845 3.9690188199386313705 
 144.17225238754306815 193.05373215054632396 3.9690188199386313705 
 124.00191179909752748 222.11767744538988723 3.9690188199386313705 
 134.93464808050904935 198.38706548387963835 3.9690188199386313705 
 133.23951610613153207 216.78434411205657284 3.9690188199386313705 
 107.22183515940700715 214.38706548387963835 3.9690188199386313705 
 87.051494570961494901 243.45101077872323003 3.9690188199386313705 
 97.984230852372988352 219.72039881721298116 3.9690188199386313705 
 96.289098877995485282 238.11767744538991565 3.9690188199386313705 
 70.271417931270974577 235.72039881721298116 3.9690188199386313705 
 61.033813624236934459 241.05373215054632396 3.9690188199386313705 
 249.93810814881868509 184.24556803507715586 3.9690188199386313705 
 233.15803150912816477 176.51495607356687856 3.9690188199386313705 
 212.98769092068263831 205.57890136841047024 3.9690188199386313705 
 223.92042720209414597 181.84828940690019294 3.9690188199386313705 
 222.22529522771665711 200.24556803507715586 3.9690188199386313705 
 196.20761428099211798 197.84828940690019294 3.9690188199386313705 
 176.03727369254659152 226.91223470174381305 3.9690188199386313705 
 186.97000997395809918 203.18162274023353575 3.9690188199386313705 
 185.27487799958061032 221.57890136841047024 3.9690188199386313705 
 159.25719705285609962 219.18162274023353575 3.9690188199386313705 
 139.08685646441054473 248.24556803507715586 3.9690188199386313705 
 150.01959274582205239 224.51495607356687856 3.9690188199386313705 
 148.32446077144453511 242.91223470174381305 3.9690188199386313705 
 122.30677982472003862 240.51495607356687856 3.9690188199386313705 
 113.06917551768600561 245.84828940690019294 3.9690188199386313705 
