 200.31494268170908413 10.168340355228613348 4.1392648256594304357 
 189.00123418272434606 29.764258297494031069 4.1392648256594304357 
 169.4053162404589159 18.450549798509278787 4.1392648256594304357 
 158.09160774147417783 38.046467740774694732 4.1392648256594304357 
 138.49568979920874767 26.732759241789946003 4.1392648256594304357 
 127.18198130022398118 46.328677184055365501 4.1392648256594304357 
 107.58606335795855102 35.014968685070613219 4.1392648256594304357 
 96.27235485897378453 54.610886627336029164 4.1392648256594304357 
 76.676436916708382796 43.297178128351262671 4.1392648256594304357 
 65.362728417723616303 62.893096070616685722 4.1392648256594304357 
 45.766810475458179042 51.57938757163193344 4.1392648256594304357 
 34.45310197647342676 71.175305513897356491 4.1392648256594304357 
 14.857184034207994827 59.861597014912611314 4.1392648256594304357 
 3.5434755352232292225 79.457514957178020154 4.1392648256594304357 
 219.91086062397451428 21.482048854213363853 4.1392648256594304357 
 208.59715212498980463 41.077966796478811773 4.1392648256594304357 
 197.28344362600500972 60.673884738744241929 4.1392648256594304357 
 177.68752568373957956 49.360176239759475436 4.1392648256594304357 
 166.37381718475481307 68.956094182024912698 4.1392648256594304357 
 146.77789924248938291 57.642385683040146205 4.1392648256594304357 
 135.46419074350464484 77.238303625305576361 4.1392648256594304357 
 115.86827280123921469 65.924595126320809868 4.1392648256594304357 
 104.55456430225444819 85.520513068586240024 4.1392648256594304357 
 84.958646359989046459 74.20680456960145932 4.1392648256594304357 
 73.644937861004279966 93.802722511866889477 4.1392648256594304357 
 54.049019918738842705 82.489014012882137195 4.1392648256594304357 
 42.735311419754076212 102.08493195514756735 4.1392648256594304357 
 23.139393477488646056 90.771223456162800858 4.1392648256594304357 
 11.825684978503881339 110.36714139842823101 4.1392648256594304357 
 228.19307006725520637 52.391675295463578266 4.1392648256594304357 
 216.87936156827043988 71.987593237729001316 4.1392648256594304357 
 205.56565306928567338 91.583511179994417262 4.1392648256594304357 
 185.96973512702024323 80.26980268100966498 4.1392648256594304357 
 174.65602662803547673 99.865720623275080925 4.1392648256594304357 
  155.060108685770075 88.552012124290314432 4.1392648256594304357 
 143.74640018678530851 108.14793006655574459 4.1392648256594304357 
 124.15048224451986414 96.834221567570978095 4.1392648256594304357 
 112.83677374553511186 116.43013950983640825 4.1392648256594304357 
 93.240855803269695912 105.11643101085164176 4.1392648256594304357 
 81.92714730428494363 124.71234895311708613 4.1392648256594304357 
 62.331229362019513474 113.39864045413231963 4.1392648256594304357 
 51.017520863034746981 132.99455839639773558 4.1392648256594304357 
 31.421602920769313272 121.6808498974129833 4.1392648256594304357 
 20.107894421784546779 141.27676783967839924 4.1392648256594304357 
 236.47527951053584161 83.301301736713753598 4.1392648256594304357 
 225.16157101155110354 102.89721967897919797 4.1392648256594304357 
 213.84786251256633705 122.49313762124461391 4.1392648256594304357 
 194.25194457030093531 111.17942912225986163 4.1392648256594304357 
 182.9382360713161404 130.77534706452527757 4.1392648256594304357 
 163.34231812905073866 119.46163856554051108 4.1392648256594304357 
 152.02860963006597217 139.05755650780594124 4.1392648256594304357 
 132.43269168780054201 127.74384800882117474 4.1392648256594304357 
 121.11898318881577552 147.3397659510866049 4.1392648256594304357 
 101.52306524655035957 136.02605745210183841 4.1392648256594304357 
 90.209356747565607293 155.62197539436726856 4.1392648256594304357 
 70.613438805300162926 144.30826689538250207 4.1392648256594304357 
 59.299730306315410644 163.90418483764793223 4.1392648256594304357 
 39.703812364049980488 152.59047633866316573 4.1392648256594304357 
 28.390103865065213995 172.18639428092862431 4.1392648256594304357 
 8.7941859227998122606 160.8726857819438294 4.1392648256594304357 
 244.75748895381653369 114.21092817796396446 4.1392648256594304357 
 233.4437804548317672 133.80684612022935198 4.1392648256594304357 
 222.13007195584697229 153.40276406249478214 4.1392648256594304357 
 202.53415401358157055 142.08905556351001565 4.1392648256594304357 
 191.22044551459680406 161.6849735057754458 4.1392648256594304357 
 171.62452757233140233 150.37126500679070773 4.1392648256594304357 
 160.31081907334660741 169.96718294905610946 4.1392648256594304357 
 140.71490113108120568 158.65347445007134297 4.1392648256594304357 
 129.40119263209643918 178.24939239233677313 4.1392648256594304357 
 109.80527468983102324 166.93568389335200663 4.1392648256594304357 
 98.491566190846256745 186.53160183561743679 4.1392648256594304357 
 78.895648248580826589 175.2178933366326703 4.1392648256594304357 
 67.581939749596074307 194.81381127889807203 4.1392648256594304357 
 47.986021807330644151 183.50010277991333396 4.1392648256594304357 
 36.672313308345870553 203.09602072217879254 4.1392648256594304357 
 17.076395366080479477 191.78231222319399762 4.1392648256594304357 
 253.03969839709716894 145.12055461921411847 4.1392648256594304357 
 241.72598989811240244 164.71647256147954863 4.1392648256594304357 
 230.41228139912766437 184.31239050374497879 4.1392648256594304357 
 210.81636345686226264 172.99868200476018387 4.1392648256594304357 
 199.50265495787746772 192.59459994702564245 4.1392648256594304357 
 179.90673701561206599 181.28089144804090438 4.1392648256594304357 
 168.59302851662727107 200.87680939030630611 4.1392648256594304357 
 148.99711057436186934 189.56310089132153962 4.1392648256594304357 
 137.68340207537707442 209.15901883358696978 4.1392648256594304357 
 118.08748413311170111 197.84531033460220328 4.1392648256594304357 
 106.77377563412693462 217.44122827686763344 4.1392648256594304357 
 87.177857691861504463 206.12751977788286695 4.1392648256594304357 
 75.864149192876752181 225.72343772014826868 4.1392648256594304357 
 56.26823125061131492 214.40972922116355903 4.1392648256594304357 
 44.954522751626534216 234.00564716342898919 4.1392648256594304357 
 25.358604809361146692 222.69193866444419427 4.1392648256594304357 
 250.00819934139309453 195.62609900272974528 4.1392648256594304357 
 238.69449084240832804 215.22201694499517544 4.1392648256594304357 
 219.09857290014289788 203.90830844601040894 4.1392648256594304357 
 207.78486440115815981 223.5042263882758391 4.1392648256594304357 
 188.18894645889272965 212.19051788929110103 4.1392648256594304357 
 176.87523795990799158 231.78643583155650276 4.1392648256594304357 
  157.279320017642533 220.47272733257173627 4.1392648256594304357 
 145.96561151865776651 240.06864527483716643 4.1392648256594304357 
 126.36969357639236478 228.75493677585239993 4.1392648256594304357 
 115.05598507740759828 248.35085471811783009 4.1392648256594304357 
 95.460067135142168127 237.0371462191330636 4.1392648256594304357 
 84.146358636157415845 256.63306416139846533 4.1392648256594304357 
 64.550440693891971478 245.31935566241375568 4.1392648256594304357 
 33.640814252641810356 253.60156510569439092 4.1392648256594304357 
 227.38078234342356154 234.81793488726060559 4.1392648256594304357 
 149.80939829819348574 7.1368412995244856489 4.1392648256594304357 
 196.47115590217339332 243.10014433054124083 4.1392648256594304357 
 118.89977185694331752 15.419050742805152865 4.1392648256594304357 
 165.56152946092319667 251.38235377382193292 4.1392648256594304357 
 87.990145415693106656 23.701260186085818304 4.1392648256594304357 
 57.080518974442945535 31.98346962936647131 4.1392648256594304357 
 26.170892533192745333 40.265679072647138526 4.1392648256594304357 
