 43.282190241450464896 21.464866660186078917 4.1392648256594304357 
 65.909607239419983671 5.4648666601860735881 4.1392648256594304357 
 65.909607239419983671 21.464866660186078917 4.1392648256594304357 
 43.282190241450464896 5.4648666601860735881 4.1392648256594304357 
 43.282190241450464896 53.464866660186075364 4.1392648256594304357 
 65.909607239419983671 37.464866660186068259 4.1392648256594304357 
 65.909607239419983671 53.464866660186075364 4.1392648256594304357 
 43.282190241450464896 37.464866660186068259 4.1392648256594304357 
 43.282190241450464896 85.464866660186075364 4.1392648256594304357 
 65.909607239419983671 69.464866660186075364 4.1392648256594304357 
 65.909607239419983671 85.464866660186075364 4.1392648256594304357 
 43.282190241450464896 69.464866660186075364 4.1392648256594304357 
 43.282190241450464896 117.46486666018608958 4.1392648256594304357 
 65.909607239419983671 101.46486666018607536 4.1392648256594304357 
 65.909607239419983671 117.46486666018608958 4.1392648256594304357 
 43.282190241450464896 101.46486666018607536 4.1392648256594304357 
 43.282190241450464896 149.46486666018606115 4.1392648256594304357 
 65.909607239419983671 133.46486666018608958 4.1392648256594304357 
 65.909607239419983671 149.46486666018606115 4.1392648256594304357 
 43.282190241450464896 133.46486666018608958 4.1392648256594304357 
 43.282190241450464896 181.46486666018606115 4.1392648256594304357 
 65.909607239419983671 165.46486666018606115 4.1392648256594304357 
 65.909607239419983671 181.46486666018606115 4.1392648256594304357 
 43.282190241450464896 165.46486666018606115 4.1392648256594304357 
 43.282190241450464896 213.46486666018608958 4.1392648256594304357 
 65.909607239419983671 197.46486666018608958 4.1392648256594304357 
 65.909607239419983671 213.46486666018608958 4.1392648256594304357 
 43.282190241450464896 197.46486666018608958 4.1392648256594304357 
 43.282190241450464896 245.46486666018606115 4.1392648256594304357 
 65.909607239419983671 229.46486666018606115 4.1392648256594304357 
 65.909607239419983671 245.46486666018606115 4.1392648256594304357 
 43.282190241450464896 229.46486666018606115 4.1392648256594304357 
 88.537024237389502446 21.464866660186078917 4.1392648256594304357 
 111.16444123535902122 5.4648666601860735881 4.1392648256594304357 
 111.16444123535902122 21.464866660186078917 4.1392648256594304357 
 88.537024237389502446 5.4648666601860735881 4.1392648256594304357 
 88.537024237389502446 53.464866660186075364 4.1392648256594304357 
 111.16444123535902122 37.464866660186068259 4.1392648256594304357 
 111.16444123535902122 53.464866660186075364 4.1392648256594304357 
 88.537024237389502446 37.464866660186068259 4.1392648256594304357 
 88.537024237389502446 85.464866660186075364 4.1392648256594304357 
 111.16444123535902122 69.464866660186075364 4.1392648256594304357 
 111.16444123535902122 85.464866660186075364 4.1392648256594304357 
 88.537024237389502446 69.464866660186075364 4.1392648256594304357 
 88.537024237389502446 117.46486666018608958 4.1392648256594304357 
 111.16444123535902122 101.46486666018607536 4.1392648256594304357 
 111.16444123535902122 117.46486666018608958 4.1392648256594304357 
 88.537024237389502446 101.46486666018607536 4.1392648256594304357 
 88.537024237389502446 149.46486666018606115 4.1392648256594304357 
 111.16444123535902122 133.46486666018608958 4.1392648256594304357 
 111.16444123535902122 149.46486666018606115 4.1392648256594304357 
 88.537024237389502446 133.46486666018608958 4.1392648256594304357 
 88.537024237389502446 181.46486666018606115 4.1392648256594304357 
 111.16444123535902122 165.46486666018606115 4.1392648256594304357 
 111.16444123535902122 181.46486666018606115 4.1392648256594304357 
 88.537024237389502446 165.46486666018606115 4.1392648256594304357 
 88.537024237389502446 213.46486666018608958 4.1392648256594304357 
 111.16444123535902122 197.46486666018608958 4.1392648256594304357 
 111.16444123535902122 213.46486666018608958 4.1392648256594304357 
 88.537024237389502446 197.46486666018608958 4.1392648256594304357 
 88.537024237389502446 245.46486666018606115 4.1392648256594304357 
 111.16444123535902122 229.46486666018606115 4.1392648256594304357 
 111.16444123535902122 245.46486666018606115 4.1392648256594304357 
 88.537024237389502446 229.46486666018606115 4.1392648256594304357 
 133.79185823332855421 21.464866660186078917 4.1392648256594304357 
 156.41927523129811561 5.4648666601860735881 4.1392648256594304357 
 156.41927523129811561 21.464866660186078917 4.1392648256594304357 
 133.79185823332855421 5.4648666601860735881 4.1392648256594304357 
 133.79185823332855421 53.464866660186075364 4.1392648256594304357 
 156.41927523129811561 37.464866660186068259 4.1392648256594304357 
 156.41927523129811561 53.464866660186075364 4.1392648256594304357 
 133.79185823332855421 37.464866660186068259 4.1392648256594304357 
 133.79185823332855421 85.464866660186075364 4.1392648256594304357 
 156.41927523129811561 69.464866660186075364 4.1392648256594304357 
 156.41927523129811561 85.464866660186075364 4.1392648256594304357 
 133.79185823332855421 69.464866660186075364 4.1392648256594304357 
 133.79185823332855421 117.46486666018608958 4.1392648256594304357 
 156.41927523129811561 101.46486666018607536 4.1392648256594304357 
 156.41927523129811561 117.46486666018608958 4.1392648256594304357 
 133.79185823332855421 101.46486666018607536 4.1392648256594304357 
 133.79185823332855421 149.46486666018606115 4.1392648256594304357 
 156.41927523129811561 133.46486666018608958 4.1392648256594304357 
 156.41927523129811561 149.46486666018606115 4.1392648256594304357 
 133.79185823332855421 133.46486666018608958 4.1392648256594304357 
 133.79185823332855421 181.46486666018606115 4.1392648256594304357 
 156.41927523129811561 165.46486666018606115 4.1392648256594304357 
 156.41927523129811561 181.46486666018606115 4.1392648256594304357 
 133.79185823332855421 165.46486666018606115 4.1392648256594304357 
 133.79185823332855421 213.46486666018608958 4.1392648256594304357 
 156.41927523129811561 197.46486666018608958 4.1392648256594304357 
 156.41927523129811561 213.46486666018608958 4.1392648256594304357 
 133.79185823332855421 197.46486666018608958 4.1392648256594304357 
 133.79185823332855421 245.46486666018606115 4.1392648256594304357 
 156.41927523129811561 229.46486666018606115 4.1392648256594304357 
 156.41927523129811561 245.46486666018606115 4.1392648256594304357 
 133.79185823332855421 229.46486666018606115 4.1392648256594304357 
 179.04669222926762018 21.464866660186078917 4.1392648256594304357 
 201.67410922723709632 5.4648666601860735881 4.1392648256594304357 
 201.67410922723709632 21.464866660186078917 4.1392648256594304357 
 179.04669222926762018 5.4648666601860735881 4.1392648256594304357 
 179.04669222926762018 53.464866660186075364 4.1392648256594304357 
 201.67410922723709632 37.464866660186068259 4.1392648256594304357 
 201.67410922723709632 53.464866660186075364 4.1392648256594304357 
 179.04669222926762018 37.464866660186068259 4.1392648256594304357 
 179.04669222926762018 85.464866660186075364 4.1392648256594304357 
 201.67410922723709632 69.464866660186075364 4.1392648256594304357 
 201.67410922723709632 85.464866660186075364 4.1392648256594304357 
 179.04669222926762018 69.464866660186075364 4.1392648256594304357 
 179.04669222926762018 117.46486666018608958 4.1392648256594304357 
 201.67410922723709632 101.46486666018607536 4.1392648256594304357 
 201.67410922723709632 117.46486666018608958 4.1392648256594304357 
 179.04669222926762018 101.46486666018607536 4.1392648256594304357 
 179.04669222926762018 149.46486666018606115 4.1392648256594304357 
 201.67410922723709632 133.46486666018608958 4.1392648256594304357 
 201.67410922723709632 149.46486666018606115 4.1392648256594304357 
 179.04669222926762018 133.46486666018608958 4.1392648256594304357 
 179.04669222926762018 181.46486666018606115 4.1392648256594304357 
 201.67410922723709632 165.46486666018606115 4.1392648256594304357 
 201.67410922723709632 181.46486666018606115 4.1392648256594304357 
 179.04669222926762018 165.46486666018606115 4.1392648256594304357 
 179.04669222926762018 213.46486666018608958 4.1392648256594304357 
 201.67410922723709632 197.46486666018608958 4.1392648256594304357 
 201.67410922723709632 213.46486666018608958 4.1392648256594304357 
 179.04669222926762018 197.46486666018608958 4.1392648256594304357 
 179.04669222926762018 245.46486666018606115 4.1392648256594304357 
 201.67410922723709632 229.46486666018606115 4.1392648256594304357 
 201.67410922723709632 245.46486666018606115 4.1392648256594304357 
 179.04669222926762018 229.46486666018606115 4.1392648256594304357 
 224.30152622520665773 21.464866660186078917 4.1392648256594304357 
 20.65477324348093191 5.4648666601860735881 4.1392648256594304357 
 20.65477324348093191 21.464866660186078917 4.1392648256594304357 
 224.30152622520665773 5.4648666601860735881 4.1392648256594304357 
 224.30152622520665773 53.464866660186075364 4.1392648256594304357 
 20.65477324348093191 37.464866660186068259 4.1392648256594304357 
 20.65477324348093191 53.464866660186075364 4.1392648256594304357 
 224.30152622520665773 37.464866660186068259 4.1392648256594304357 
 224.30152622520665773 85.464866660186075364 4.1392648256594304357 
 20.65477324348093191 69.464866660186075364 4.1392648256594304357 
 20.65477324348093191 85.464866660186075364 4.1392648256594304357 
 224.30152622520665773 69.464866660186075364 4.1392648256594304357 
 224.30152622520665773 117.46486666018608958 4.1392648256594304357 
 20.65477324348093191 101.46486666018607536 4.1392648256594304357 
 20.65477324348093191 117.46486666018608958 4.1392648256594304357 
 224.30152622520665773 101.46486666018607536 4.1392648256594304357 
 224.30152622520665773 149.46486666018606115 4.1392648256594304357 
 20.65477324348093191 133.46486666018608958 4.1392648256594304357 
 20.65477324348093191 149.46486666018606115 4.1392648256594304357 
 224.30152622520665773 133.46486666018608958 4.1392648256594304357 
 224.30152622520665773 181.46486666018606115 4.1392648256594304357 
 20.65477324348093191 165.46486666018606115 4.1392648256594304357 
 20.65477324348093191 181.46486666018606115 4.1392648256594304357 
 224.30152622520665773 165.46486666018606115 4.1392648256594304357 
 224.30152622520665773 213.46486666018608958 4.1392648256594304357 
 20.65477324348093191 197.46486666018608958 4.1392648256594304357 
 20.65477324348093191 213.46486666018608958 4.1392648256594304357 
 224.30152622520665773 197.46486666018608958 4.1392648256594304357 
 224.30152622520665773 245.46486666018606115 4.1392648256594304357 
 20.65477324348093191 229.46486666018606115 4.1392648256594304357 
 20.65477324348093191 245.46486666018606115 4.1392648256594304357 
 224.30152622520665773 229.46486666018606115 4.1392648256594304357 
