 58.709346609908216408 169.67311460434115133 6.1037569736202836879 
 97.735868029995017991 166.07719666207566434 6.1037569736202836879 
 86.422159531010237288 185.67311460434112291 6.1037569736202836879 
 78.222607319951620752 167.87515563320840783 6.1037569736202836879 
 66.908898820966840049 187.47107357547386641 6.1037569736202836879 
 75.108451032025499217 205.26903254660655307 6.1037569736202836879 
 117.24912874003840102 164.27923769094303452 6.1037569736202836879 
 105.93542024105366295 183.87515563320840783 6.1037569736202836879 
 125.44868095109708861 182.07719666207572118 6.1037569736202836879 
 114.13497245211230791 201.67311460434112291 6.1037569736202836879 
 94.621711742068896456 203.47107357547386641 6.1037569736202836879 
 102.82126395312756983 221.26903254660655307 6.1037569736202836879 
 83.308003243084158385 223.06699151773926815 6.1037569736202836879 
 133.64823316215571936 199.87515563320843626 6.1037569736202836879 
 122.33452466317093865 219.47107357547386641 6.1037569736202836879 
 141.84778537321437852 217.67311460434115133 6.1037569736202836879 
 42.310242187790933599 134.07719666207569276 6.1037569736202836879 
 81.336763607877742288 130.48127871981023418 6.1037569736202836879 
 70.023055108892990006 150.07719666207569276 6.1037569736202836879 
 61.823502897834352154 132.27923769094294926 6.1037569736202836879 
 50.509794398849578556 151.87515563320840783 6.1037569736202836879 
 120.36328502796453677 126.88536077754483244 6.1037569736202836879 
 109.04957652897974185 146.48127871981029102 6.1037569736202836879 
 100.85002431792112532 128.68331974867754752 6.1037569736202836879 
 89.536315818936387245 148.27923769094294926 6.1037569736202836879 
 139.87654573800793401 125.08740180641211737 6.1037569736202836879 
 128.56283723902316751 144.68331974867757594 6.1037569736202836879 
 148.07609794906659317 142.88536077754483244 6.1037569736202836879 
 136.76238945008182668 162.48127871981029102 6.1037569736202836879 
 156.27565016012522392 160.68331974867757594 6.1037569736202836879 
 144.96194166114048585 180.27923769094297768 6.1037569736202836879 
 164.47520237118388309 178.48127871981023418 6.1037569736202836879 
 153.16149387219914502 198.07719666207572118 6.1037569736202836879 
 172.67475458224251383 196.27923769094294926 6.1037569736202836879 
 161.36104608325771892 215.87515563320840783 6.1037569736202836879 
 180.87430679330114458 214.07719666207566434 6.1037569736202836879 
 64.937659185760452374 94.885360777544846655 6.1037569736202836879 
 53.623950686775707197 114.48127871981023418 6.1037569736202836879 
 45.424398475717055135 96.683319748677575944 6.1037569736202836879 
 34.110689976732309958 116.27923769094297768 6.1037569736202836879 
 103.96418060584726106 91.28944283527943071 6.1037569736202836879 
 92.65047210686249457 110.88536077754484666 6.1037569736202836879 
 84.450919895803849613 93.087401806412145788 6.1037569736202836879 
 73.137211396819097331 112.68331974867757594 6.1037569736202836879 
 142.99070202593404133 87.693524893013986343 6.1037569736202836879 
 131.67699352694930326 107.2894428352794165 6.1037569736202836879 
 123.47744131589064409 89.491483864146715632 6.1037569736202836879 
 112.16373281690589181 109.08740180641213158 6.1037569736202836879 
 151.19025423699272892 105.49148386414670142 6.1037569736202836879 
 170.70351494703612616 103.69352489301400055 6.1037569736202836879 
 159.38980644805135967 123.2894428352794165 6.1037569736202836879 
 178.90306715809475691 121.49148386414672984 6.1037569736202836879 
 167.58935865910999041 141.08740180641211737 6.1037569736202836879 
 187.10261936915338765 139.28944283527943071 6.1037569736202836879 
 175.78891087016864958 158.88536077754483244 6.1037569736202836879 
 195.30217158021198998 157.08740180641211737 6.1037569736202836879 
 183.98846308122722348 176.68331974867754752 6.1037569736202836879 
 203.50172379127062072 174.88536077754483244 6.1037569736202836879 
 192.18801529228591107 194.48127871981023418 6.1037569736202836879 
 211.70127600232927989 192.68331974867757594 6.1037569736202836879 
 200.38756750334454182 212.27923769094294926 6.1037569736202836879 
 76.251367684745204656 75.28944283527943071 6.1037569736202836879 
 56.738106974701814522 77.087401806412131577 6.1037569736202836879 
 115.27788910483202756 71.693524893014000554 6.1037569736202836879 
 95.764628394788616106 73.491483864146715632 6.1037569736202836879 
 134.79114981487541058 69.895565921881271265 6.1037569736202836879 
 154.30441052491880782 68.097606950748570398 6.1037569736202836879 
 162.50396273597746699 85.895565921881285476 6.1037569736202836879 
 182.01722344602086423 84.097606950748570398 6.1037569736202836879 
 190.2167756570795234 101.89556592188128548 6.1037569736202836879 
 198.41632786813815414 119.69352489301400055 6.1037569736202836879 
 206.61588007919675647 137.49148386414668721 6.1037569736202836879 
 214.81543229025538722 155.28944283527940229 6.1037569736202836879 
 223.01498450131401796 173.08740180641211737 6.1037569736202836879 
 173.81767123496220506 66.299647979615841109 6.1037569736202836879 
