 106.55208636845712533 53.270648698034271717 6.1037569736202836879 
 145.74392225298797143 75.898065696003797598 6.1037569736202836879 
 130.28910903236288732 80.039170417644129429 6.1037569736202836879 
 126.14800431072255549 64.584357197019031105 6.1037569736202836879 
 110.69319109009745716 68.725461918659348726 6.1037569736202836879 
 114.83429581173778899 84.18027513928444705 6.1037569736202836879 
 99.37948259111269067 88.321379860924793093 6.1037569736202836879 
 95.238377869472358839 72.866566640299694768 6.1037569736202836879 
 83.924669370487578135 92.462484582565124924 6.1037569736202836879 
 184.93575813751883175 98.525482693973302162 6.1037569736202836879 
 169.48094491689371921 102.6665874156136482 6.1037569736202836879 
 165.33984019525340159 87.21177419498854988 6.1037569736202836879 
 149.88502697462828905 91.352878916628881711 6.1037569736202836879 
 154.02613169626866352 106.80769213725396583 6.1037569736202836879 
 138.57131847564355098 110.94879685889429766 6.1037569736202836879 
 134.43021375400323336 95.493983638269213543 6.1037569736202836879 
 118.97540053337812083 99.635088359909545375 6.1037569736202836879 
 123.11650525501845266 115.08990158053462949 6.1037569736202836879 
 107.66169203439335433 119.23100630217497553 6.1037569736202836879 
 103.5205873127530225 103.77619308154987721 6.1037569736202836879 
 88.065774092127924177 107.91729780319020904 6.1037569736202836879 
 92.206878813768241798 123.37211102381529315 6.1037569736202836879 
 76.752065593143143474 127.51321574545563919 6.1037569736202836879 
 72.610960871502825853 112.05840252483055508 6.1037569736202836879 
 61.297252372518080676 131.6543204670959426 6.1037569736202836879 
 204.5316760797842619 109.83919119295806865 6.1037569736202836879 
 189.07686285915917779 113.98029591459840049 6.1037569736202836879 
 193.21796758079949541 129.43510913522351302 6.1037569736202836879 
 177.76315436017441129 133.57621385686383064 6.1037569736202836879 
 173.62204963853406525 118.12140063623874653 6.1037569736202836879 
 158.16723641790898114 122.26250535787906415 6.1037569736202836879 
 162.30834113954929876 137.71731857850417668 6.1037569736202836879 
 146.85352791892421465 141.85842330014449431 6.1037569736202836879 
 142.7124231972838686 126.40361007951941019 6.1037569736202836879 
 127.25760997665878449 130.54471480115972781 6.1037569736202836879 
 131.39871469829913053 145.99952802178484035 6.1037569736202836879 
  115.943901477674018 150.14063274342515797 6.1037569736202836879 
 111.80279675603368617 134.68581952280007386 6.1037569736202836879 
 96.347983535408587841 138.82692424444039148 6.1037569736202836879 
 100.48908825704890546 154.28173746506550401 6.1037569736202836879 
 85.034275036423807137 158.42284218670585005 6.1037569736202836879 
 80.893170314783489516 142.96802896608073752 6.1037569736202836879 
 65.438357094158405403 147.10913368772105514 6.1037569736202836879 
 69.579461815798737234 162.56394690834613925 6.1037569736202836879 
 49.983543873533307078 151.25023840936140118 6.1037569736202836879 
 181.90425908181472892 149.03102707748894318 6.1037569736202836879 
 166.44944586118961638 153.1721317991292608 6.1037569736202836879 
 170.59055058282999084 168.62694501975437333 6.1037569736202836879 
 155.13573736220487831 172.76804974139471938 6.1037569736202836879 
 150.99463264056456069 157.31323652076960684 6.1037569736202836879 
 135.53981941993944815 161.45434124240995288 6.1037569736202836879 
 139.6809241415797942  176.909154463035037 6.1037569736202836879 
 124.22611092095468166 181.05025918467535462 6.1037569736202836879 
 120.08500619931434983 165.5954459640502705 6.1037569736202836879 
 104.6301929786892515 169.73655068569058812 6.1037569736202836879 
 108.77129770032958334 185.19136390631570066 6.1037569736202836879 
 89.175379758064153179 173.87765540733093417 6.1037569736202836879 
 159.27684208384519593 188.22286296201977507 6.1037569736202836879 
 143.82202886322011182 192.36396768366012111 6.1037569736202836879 
 147.96313358486042944 207.81878090428520522 6.1037569736202836879 
 128.36721564259499928 196.50507240530046715 6.1037569736202836879 
 137.46171280970730777 44.988439254753608054 6.1037569736202836879 
 122.00689958908222366 49.12954397639393278 6.1037569736202836879 
 117.86579486744190604 33.674730755768848667 6.1037569736202836879 
 102.4109816468167935 37.815835477409187604 6.1037569736202836879 
 91.097273147832027007 57.411753419674596444 6.1037569736202836879 
 86.956168426191695175 41.95694019904951233 6.1037569736202836879 
 75.642459927206914472 61.552858141314935381 6.1037569736202836879 
 176.65354869423816808 67.615856252723119724 6.1037569736202836879 
 161.19873547361308397 71.756960974363465766 6.1037569736202836879 
 157.0576307519727095 56.302147753738367442 6.1037569736202836879 
 141.60281753134765381 60.443252475378706379 6.1037569736202836879 
 79.783564648847260514  77.0076713619400266 6.1037569736202836879 
 68.469856149862479811 96.603589304205456756 6.1037569736202836879 
 64.32875142822216219 81.148776083580358431 6.1037569736202836879 
 53.015042929237417013 100.74469402584577438 6.1037569736202836879 
 215.84538457876899997 90.243273250692638499 6.1037569736202836879 
 200.39057135814394428 94.38437797233297033 6.1037569736202836879 
 196.24946663650359824 78.929564751707886217 6.1037569736202836879 
 180.7946534158784857 83.070669473348218048 6.1037569736202836879 
 57.156147650877741739 116.1995072464708727 6.1037569736202836879 
 45.842439151892982352 135.79542518873628865 6.1037569736202836879 
 41.701334430252643415 120.34061196811120453 6.1037569736202836879 
 30.387625931267912449 139.93652991037663469 6.1037569736202836879 
 219.98648930040934601 105.69808647131773682 6.1037569736202836879 
 224.12759402204969206 121.15289969194283515 6.1037569736202836879 
 208.67278080142460794 125.29400441358318119 6.1037569736202836879 
 54.124648595173646015 166.7050516299864853 6.1037569736202836879 
 34.528730652908237175 155.3913431310017188 6.1037569736202836879 
 38.669835374548576112 170.84615635162683134 6.1037569736202836879 
 212.81388552306492556 140.74881763420825109 6.1037569736202836879 
 197.35907230243981303 144.88992235584862556 6.1037569736202836879 
 201.50017702408015907 160.34473557647370967 6.1037569736202836879 
 186.04536380345504654 164.48584029811402729 6.1037569736202836879 
 93.316484479704485011 189.3324686279560467 6.1037569736202836879 
 73.720566537439069066 178.01876012897128021 6.1037569736202836879 
 77.861671259079400897 193.47357334959636432 6.1037569736202836879 
 58.265753316813984952 182.15986485061159783 6.1037569736202836879 
 190.18646852509536416 179.94065351873911141 6.1037569736202836879 
 174.73165530447030847 184.08175824037942903 6.1037569736202836879 
 178.87276002611062609 199.53657146100451314 6.1037569736202836879 
 163.41794680548557039 203.67767618264485918 6.1037569736202836879 
 132.50832036423534532 211.95988562592552285 6.1037569736202836879 
 112.91240242196991517 200.64617712694078477 6.1037569736202836879 
 117.05350714361023279 216.10099034756589731 6.1037569736202836879 
 97.457589201344816843 204.78728184858110239 6.1037569736202836879 
 167.55905152712588801 219.1324894032699433 6.1037569736202836879 
 152.10423830650074706 223.27359412491026092 6.1037569736202836879 
 136.64942508587566294 227.41469884655060696 6.1037569736202836879 
 168.37133925095750442 36.706229811472944391 6.1037569736202836879 
 152.91652603033239188 40.847334533113269117 6.1037569736202836879 
 148.77542130869207426 25.392521312488185004 6.1037569736202836879 
 133.32060808806696173 29.533626034128523941 6.1037569736202836879 
 71.501355205566596851 46.098044920689851267 6.1037569736202836879 
 60.187646706581823253 65.693962862955260107 6.1037569736202836879 
 56.046541984941498526 50.239149642330190204 6.1037569736202836879 
 44.73283348595675335 69.835067584595577728 6.1037569736202836879 
 207.56317513548833631 59.333646809442477377 6.1037569736202836879 
 192.10836191486328062 63.474751531082802103 6.1037569736202836879 
 187.96725719322293457 48.019938310457703778 6.1037569736202836879 
 172.51244397259782204 52.161043032098042715 6.1037569736202836879 
 48.873938207597078076 85.289880805220676052 6.1037569736202836879 
 37.560229708612318689 104.88579874748612042 6.1037569736202836879 
 33.419124986971979752 89.430985526861022095 6.1037569736202836879 
 22.105416487987248786 109.02690346912643804 6.1037569736202836879 
 211.70427985712865393 74.788460030067554385 6.1037569736202836879 
 26.246521209627573512 124.48171668975152215 6.1037569736202836879 
 228.26869874369000968 136.60771291256793347 6.1037569736202836879 
 232.4098034653303273 152.06252613319304601 6.1037569736202836879 
 216.95499024470524319 156.20363085483336363 6.1037569736202836879 
 62.406858038454309678 197.61467807123668194 6.1037569736202836879 
 42.810940096188915049 186.30096957225191545 6.1037569736202836879 
 46.952044817829239776 201.75578279287702799 6.1037569736202836879 
 221.09609496634556081 171.65844407545844774 6.1037569736202836879 
 205.64128174572047669 175.79954879709876536 6.1037569736202836879 
 209.78238646736082273 191.2543620177238779 6.1037569736202836879 
 194.32757324673573862 195.39546673936419552 6.1037569736202836879 
 101.59869392298513446 220.24209506920621493 6.1037569736202836879 
 82.002775980719732729 208.92838657022144844 6.1037569736202836879 
 86.143880702360064561 224.38319979084653255 6.1037569736202836879 
 66.547962760094634405 213.06949129186176606 6.1037569736202836879 
 198.46867796837605624 210.85027995998930805 6.1037569736202836879 
 183.01386474775094371 214.99138468162962567 6.1037569736202836879 
 121.19461186525056462  231.555803568190953 6.1037569736202836879 
 105.7397986446254663 235.69690828983127062 6.1037569736202836879 
 183.82615247158258853 32.565125089832605454 6.1037569736202836879 
 164.23023452931715838 21.251416590847860277 6.1037569736202836879 
 40.591728764316414413 54.38025436397051493 6.1037569736202836879 
 29.278020265331655025 73.97617230623592377 6.1037569736202836879 
 203.42207041384801869 43.878833588817379052 6.1037569736202836879 
 17.964311766346909849 93.572090248501339715 6.1037569736202836879 
 236.55090818697067334 167.51733935381813012 6.1037569736202836879 
 225.23719968798593527 187.11325729608356028 6.1037569736202836879 
 70.689067481734980447 228.52430451248685017 6.1037569736202836879 
 51.093149539469564502 217.21059601350208368 6.1037569736202836879 
 213.92349118900114036 206.70917523834896201 6.1037569736202836879 
 90.284985424000396392 239.83801301147158824 6.1037569736202836879 
