 84.23007294102055198 6.1928977250990326908 6.0472949847322228223 
 72.651849213577804676 26.246969482429399534 6.0472949847322228223 
 111.94288586212257997 22.192897725099040684 6.0472949847322228223 
 100.36466213467983266 42.246969482429406639 6.0472949847322228223 
 127.20488868318514619 27.758333413759132213 6.0472949847322228223 
 115.6266649557424131 47.812405171089501721 6.0472949847322228223 
 96.680883041060013738 16.627462036438963366 6.0472949847322228223 
 61.073625486135050267 46.301041239759769041 6.0472949847322228223 
 49.495401758692288752 66.355112997090131444 6.0472949847322228223 
 88.786438407237071146 62.301041239759761936 6.0472949847322228223 
 77.208214679794323843 82.355112997090131444 6.0472949847322228223 
 85.102659313617266434 36.681533793769311558 6.0472949847322228223 
 104.04844122829965158 67.866476928419871228 6.0472949847322228223 
 92.470217500856890069 87.92054868575021942 6.0472949847322228223 
 73.52443558617450492 56.735605551099681065 6.0472949847322228223 
 37.917178031249548553 86.409184754420493846 6.0472949847322228223 
 26.338954303806787038 106.46325651175085625 6.0472949847322228223 
 65.629990952351562328 102.40918475442049385 6.0472949847322228223 
 54.051767224908815024 122.46325651175084204 6.0472949847322228223 
 61.946211858731764721 76.789677308430029257 6.0472949847322228223 
 80.891993773414142765 107.97462044308056761 6.0472949847322228223 
 69.313770045971381251 128.02869220041094422 6.0472949847322228223 
 50.367988131289017417 96.843749065760391659 6.0472949847322228223 
 14.760730576364029076 126.51732826908121865 6.0472949847322228223 
 3.1825068489212853251 146.57140002641159526 6.0472949847322228223 
 42.473543497466060614 142.51732826908121865 6.0472949847322228223 
 30.895319770023316863 162.57140002641156684 6.0472949847322228223 
 38.789764403846241692 116.89782082309076827 6.0472949847322228223 
 57.735546318528648158 148.08276395774129242 6.0472949847322228223 
 46.157322591085886643 168.13683571507166903 6.0472949847322228223 
 27.211540676403501493 136.95189258042111646 6.0472949847322228223 
 19.31709604258054469 182.62547178374194345 6.0472949847322228223 
 123.52110958956532727 2.1388259677687022631 6.0472949847322228223 
 15.633316948960743531 157.00596433775149308 6.0472949847322228223 
 34.579098863643132233 188.19090747240201722 6.0472949847322228223 
 138.7831124106278935 7.7042616564287662584 6.0472949847322228223 
 4.0550932215179997797 177.06003609508184127 6.0472949847322228223 
 139.65569878322463637 38.192897725099030026 6.0472949847322228223 
 128.07747505578186065 58.246969482429399534 6.0472949847322228223 
 167.36851170432666436 54.192897725099022921 6.0472949847322228223 
 155.79028797688388863 74.246969482429392428 6.0472949847322228223 
 163.68473261070687386 28.573390279108593859 6.0472949847322228223 
 182.63051452538923058 59.758333413759132213 6.0472949847322228223 
 171.05229079794645486 79.812405171089494615 6.0472949847322228223 
 152.10650888326409813 48.627462036438963366 6.0472949847322228223 
 116.49925132833912755 78.301041239759769041 6.0472949847322228223 
 104.92102760089638025 98.355112997090117233 6.0472949847322228223 
 144.21206424944114133 94.301041239759754831 6.0472949847322228223 
 132.63384052199842245 114.35511299709011723 6.0472949847322228223 
 140.52828515582135083 68.681533793769318663 6.0472949847322228223 
 159.47406707050373598 99.866476928419871228 6.0472949847322228223 
 147.89584334306098867 119.92054868575021942 6.0472949847322228223 
 128.95006142837860352 88.735605551099681065 6.0472949847322228223 
 93.342803873453618735 118.40918475442049385 6.0472949847322228223 
 81.76458014601085722 138.46325651175084204 6.0472949847322228223 
 121.05561679455563251 134.40918475442049385 6.0472949847322228223 
 109.47739306711289942 154.46325651175084204 6.0472949847322228223 
 117.37183770093585622 108.78967730843002926 6.0472949847322228223 
 136.31761961561824137 139.97462044308056761 6.0472949847322228223 
 124.73939588817546564 160.02869220041097265 6.0472949847322228223 
 105.7936139734930947 128.84374906576039166 6.0472949847322228223 
 70.186356418568124127 158.51732826908121865 6.0472949847322228223 
 58.608132691125362612 178.57140002641159526 6.0472949847322228223 
 97.899169339670137902 174.51732826908119023 6.0472949847322228223 
 86.320945612227376387 194.57140002641156684 6.0472949847322228223 
 94.215390246050333189 148.89782082309073985 6.0472949847322228223 
 113.16117216073271834 180.08276395774129242 6.0472949847322228223 
 101.58294843328995682 200.13683571507164061 6.0472949847322228223 
 82.637166518607585886 168.95189258042111646 6.0472949847322228223 
 47.029908963682601097 198.62547178374194345 6.0472949847322228223 
 151.23392251066738368 18.138825967768696046 6.0472949847322228223 
 74.742721884784629083 214.62547178374197188 6.0472949847322228223 
 178.94673543176941166 34.13882596776868894 6.0472949847322228223 
 71.058942791164838582 189.00596433775149308 6.0472949847322228223 
 90.00472470584720952 220.19090747240204564 6.0472949847322228223 
 194.20873825283197789 39.704261656428762706 6.0472949847322228223 
 59.480719063722091278 209.06003609508181285 6.0472949847322228223 
 195.08132462542869234 70.192897725099030026 6.0472949847322228223 
 183.50310089798594504 90.246969482429406639 6.0472949847322228223 
 222.79413754653074875 86.192897725099044237 6.0472949847322228223 
 211.21591381908800145 106.24696948242940664 6.0472949847322228223 
 219.11035845291092983 60.573390279108593859 6.0472949847322228223 
 238.05614036759331498 91.758333413759118002 6.0472949847322228223 
 226.47791664015056767 111.8124051710894804 6.0472949847322228223 
 207.53213472546818252 80.627462036438956261 6.0472949847322228223 
 171.92487717054319774 110.30104123975976904 6.0472949847322228223 
 160.34665344310045043 130.35511299709011723 6.0472949847322228223 
 199.63769009164528256 126.30104123975975483 6.0472949847322228223 
 188.05946636420250684 146.35511299709011723 6.0472949847322228223 
 195.95391099802543522 100.68153379376931866 6.0472949847322228223 
 214.89969291270782037 131.86647692841984281 6.0472949847322228223 
 203.32146918526504464 151.92054868575021942 6.0472949847322228223 
 184.37568727058265949 120.73560555109966685 6.0472949847322228223 
 148.76842971565770313 150.40918475442049385 6.0472949847322228223 
 137.19020598821495582 170.46325651175084204 6.0472949847322228223 
 176.48124263675975953 166.40918475442049385 6.0472949847322228223 
 164.90301890931701223 186.46325651175084204 6.0472949847322228223 
 172.79746354313991219 140.78967730843004347 6.0472949847322228223 
 191.74324545782229734 171.97462044308056761 6.0472949847322228223 
 180.16502173037955004 192.02869220041094422 6.0472949847322228223 
 161.21923981569719331 160.84374906576036324 6.0472949847322228223 
 125.61198226077219431 190.51732826908119023 6.0472949847322228223 
 114.03375853332943279 210.57140002641159526 6.0472949847322228223 
 153.3247951818742365 206.51732826908121865 6.0472949847322228223 
 141.7465714544314892 226.57140002641156684 6.0472949847322228223 
 149.64101608825441758 180.89782082309076827 6.0472949847322228223 
 168.58679800293677431 212.08276395774129242 6.0472949847322228223 
 157.00857427549402701 232.13683571507166903 6.0472949847322228223 
 138.06279236081167028 200.95189258042111646 6.0472949847322228223 
 102.45553480588667128 230.62547178374194345 6.0472949847322228223 
 206.65954835287146807 50.138825967768696046 6.0472949847322228223 
 130.16834772698871348 246.62547178374197188 6.0472949847322228223 
 234.37236127397349605 66.138825967768696046 6.0472949847322228223 
 126.48456863336889455 221.00596433775149308 6.0472949847322228223 
 145.43035054805130812 252.19090747240201722 6.0472949847322228223 
 249.63436409503606228  71.7042616564287556 6.0472949847322228223 
 114.90634490592614725 241.06003609508184127 6.0472949847322228223 
 250.50695046763277674 102.19289772509901582 6.0472949847322228223 
 238.92872674019005785 122.24696948242937822 6.0472949847322228223 
 60.201039113538321601 15.812405171089499945 6.0472949847322228223 
 227.35050301274728213 142.30104123975974062 6.0472949847322228223 
 215.77227928530453482 162.35511299709011723 6.0472949847322228223 
 255.06331593384931011 158.30104123975974062 6.0472949847322228223 
 243.48509220640656281 178.35511299709011723 6.0472949847322228223 
 251.37953684022949119 132.68153379376931866 6.0472949847322228223 
 48.622815386095560086 35.866476928419864123 6.0472949847322228223 
 37.044591658652819888 55.92054868575021942 6.0472949847322228223 
 239.80131311278674389 152.73560555109966685 6.0472949847322228223 
 204.19405555786178752 182.40918475442049385 6.0472949847322228223 
 192.61583183041901179 202.46325651175081362 6.0472949847322228223 
 231.90686847896378708 198.40918475442046542 6.0472949847322228223 
 220.32864475152103978 218.46325651175084204 6.0472949847322228223 
  228.223089385344025 172.78967730843001505 6.0472949847322228223 
 25.466367931210072584 75.974620443080567611 6.0472949847322228223 
 13.888144203767300411 96.028692200410972646 6.0472949847322228223 
 216.64486565790124928 192.84374906576039166 6.0472949847322228223 
 181.03760810297626449 222.51732826908121865 6.0472949847322228223 
 169.45938437553351719 242.57140002641159526 6.0472949847322228223 
 208.75042102407829248 238.51732826908119023 6.0472949847322228223 
 205.06664193045847355 212.89782082309073985 6.0472949847322228223 
 2.3099204763245566596 116.08276395774130663 6.0472949847322228223 
 193.48841820301575467 232.95189258042111646 6.0472949847322228223 
 181.91019447557297894 253.00596433775149308 6.0472949847322228223 
