 65.309557695358861906 16.036746539129318023 6.0472949847322228223 
 104.31105571686791222 22.290082513559319466 6.0472949847322228223 
 87.936974693328394892 38.664163537098843904 6.0472949847322228223 
 117.6125776521103603 31.61597757628637595 6.0472949847322228223 
 101.23849662857085718 47.990058599825886176 6.0472949847322228223 
 91.009533781625464144 12.964187450832246995 6.0472949847322228223 
 48.935476671819372996 32.410827562668814039 6.0472949847322228223 
 32.561395648279855664 48.784908586208331371 6.0472949847322228223 
 71.562893669788891771 55.038244560638332814 6.0472949847322228223 
 55.188812646249374438 71.412325584177850146 6.0472949847322228223 
 74.635452758085946812 29.338268474371755445 6.0472949847322228223 
 84.864415605031339851 64.364139623365403509 6.0472949847322228223 
 68.490334581491822519 80.738220646904920841 6.0472949847322228223 
 58.261371734546429479 45.71234949791127633 6.0472949847322228223 
 16.187314624740331226 65.158989609747862914 6.0472949847322228223 
 38.814731622709850001 87.786406607717381689 6.0472949847322228223 
 22.440650599170357538 104.1604876312568706 6.0472949847322228223 
 41.887290711006912147 62.086430521450800768 6.0472949847322228223 
 52.116253557952333608 97.112301670444423962 6.0472949847322228223 
 35.742172534412809171 113.48638269398394129 6.0472949847322228223 
 25.513209687467416131 78.460511544990296784 6.0472949847322228223 
 6.0665695756308375408 120.53456865479638793 6.0472949847322228223 
 9.1391286639278952464 94.834592568529814116 6.0472949847322228223 
 19.368091510873316707 129.8604637175234302 6.0472949847322228223 
 2.9940104873338082569 146.23454474106296175 6.0472949847322228223 
 120.68513674040741535 5.9160014900197976928 6.0472949847322228223 
 133.98665867564986343 15.241896552746869276 6.0472949847322228223 
  126.938472714837431 44.917499511528838241 6.0472949847322228223 
 110.56439169129791367 61.291580535068362678 6.0472949847322228223 
 149.56588971280694977 67.544916509498364121 6.0472949847322228223 
 133.19180868926744665 83.918997533037881453 6.0472949847322228223 
 152.63844880110400481 41.844940423231797411 6.0472949847322228223 
 162.86741164804939785 76.870811572225420605 6.0472949847322228223 
 146.49333062450989473 93.244892595764923726 6.0472949847322228223 
 136.26436777756450169 58.219021446771307637 6.0472949847322228223 
 94.190310667758410546 77.665661558607851589 6.0472949847322228223 
 77.816229644218893213 94.039742582147383132 6.0472949847322228223 
 116.81772766572794353 100.29307855657737036 6.0472949847322228223 
 100.4436466421884262 116.66715958011690191 6.0472949847322228223 
 119.89028675402499857 74.593102470310810759 6.0472949847322228223 
 130.11924960097039161 109.61897361930445527 6.0472949847322228223 
 113.74516857743086007 125.9930546428439726 6.0472949847322228223 
 103.51620573048548124 90.967183493850328091 6.0472949847322228223 
 61.442148620679390092 110.41382360568690046 6.0472949847322228223 
 45.068067597139879865 126.78790462922640359 6.0472949847322228223 
 84.069565618648908867 133.04124060365640503 6.0472949847322228223 
 67.695484595109419956 149.41532162719590815 6.0472949847322228223 
 87.142124706945949697 107.34126451738984542 6.0472949847322228223 
 97.371087553891371158 142.36713566638346151 6.0472949847322228223 
 80.997006530351853826 158.74121668992296463 6.0472949847322228223 
 70.768043683406460787 123.71534554092934854 6.0472949847322228223 
 28.693986573600373191 143.16198565276590671 6.0472949847322228223 
 12.319905550060866517 159.53606667630540983 6.0472949847322228223 
 51.321403571569895519 165.78940265073543969 6.0472949847322228223 
 34.947322548030371081 182.16348367427497124 6.0472949847322228223 
 54.39396265986695056 140.08942656446885167 6.0472949847322228223 
 64.622925506812350704 175.11529771346246775 6.0472949847322228223 
 48.248844483272854688 191.4893787370019993 6.0472949847322228223 
 38.019881636327447438 156.46350758800835479 6.0472949847322228223 
 159.68663476191645145 12.169337464449798247 6.0472949847322228223 
 143.31255373837694833 28.543418487989335119 6.0472949847322228223 
 182.31405175988598444 34.796754462419322351 6.0472949847322228223 
 165.9399707363464529 51.170835485958839683 6.0472949847322228223 
 21.64580061278790879 172.83758861154791475 6.0472949847322228223 
 195.61557369512843252 44.122649525146378835 6.0472949847322228223 
 179.24149267158890098 60.496730548685910378 6.0472949847322228223 
 169.01252982464353636 25.470859399692262315 6.0472949847322228223 
 172.19330671077645434 90.172333507467868685 6.0472949847322228223 
 155.81922568723695122 106.54641453100738602 6.0472949847322228223 
 194.82072370874598732 112.79975050543738746 6.0472949847322228223 
 178.44664268520645578 129.17383152897690479 6.0472949847322228223 
 197.89328279704301394 87.099774419170827855 6.0472949847322228223 
 208.1222456439884354 122.12564556816444394 6.0472949847322228223 
 191.74816462044893228 138.49972659170396128 6.0472949847322228223 
 181.51920177350353924 103.47385544271033098 6.0472949847322228223 
 139.4451446636974481 122.92049555454688914 6.0472949847322228223 
 123.07106364015794497 139.29457657808640647 6.0472949847322228223 
 162.07256166166698108 145.54791255251640791 6.0472949847322228223 
 145.69848063812747796 161.92199357605593946 6.0472949847322228223 
 165.1451207499640077 119.8479364662498341 6.0472949847322228223 
 175.37408359690942916 154.8738076152434644 6.0472949847322228223 
 159.00000257336989762 171.24788863878299594 6.0472949847322228223 
 148.77103972642450458 136.22201748978935143 6.0472949847322228223 
 106.69698261661841343 155.66865760162590959 6.0472949847322228223 
 90.32290159307892452 172.04273862516541271 6.0472949847322228223 
 129.32439961458794642 178.29607459959544258 6.0472949847322228223 
 112.95031859104845751 194.6701556231349457 6.0472949847322228223 
 132.39695870288500146 152.59609851332888297 6.0472949847322228223 
 142.62592154983042292 187.62196966232249906 6.0472949847322228223 
 126.25184052629087716 203.99605068586200218 6.0472949847322228223 
 116.02287767934549834 168.97017953686838609 6.0472949847322228223 
 73.948820569539421399 188.41681964870494426 6.0472949847322228223 
 57.574739545999896961 204.7909006722444758 6.0472949847322228223 
 96.576237567508940174 211.04423664667447724 6.0472949847322228223 
 80.202156543969422842 227.41831767021400879 6.0472949847322228223 
 99.648796655805981004 185.34426056040788922 6.0472949847322228223 
 109.87775950275138825 220.37013170940153373 6.0472949847322228223 
 93.503678479211885133 236.74421273294103685 6.0472949847322228223 
 83.274715632266492094 201.71834158394742076 6.0472949847322228223 
 204.94146875785551742 57.424171460388826915 6.0472949847322228223 
 188.56738773431595746 73.798252483928351353 6.0472949847322228223 
 227.56888575582505041 80.051588458358352796 6.0472949847322228223 
 211.19480473228549045 96.425669481897884339 6.0472949847322228223 
 66.90063460872694634 218.0924226074869523 6.0472949847322228223 
 240.87040769106747007 89.377483521085409279 6.0472949847322228223 
 224.49632666752796695 105.75156454462494082 6.0472949847322228223 
 214.26736382058257391 70.725693395631296312 6.0472949847322228223 
 217.44814070671549189 135.42716750340690623 6.0472949847322228223 
 201.07405968317598877 151.80124852694643778 6.0472949847322228223 
 240.07555770468502487 158.05458450137643922 6.0472949847322228223 
 223.70147668114549333 174.42866552491594234 6.0472949847322228223 
 243.14811679298210834 132.35460841510985119 6.0472949847322228223 
 253.37707963992750138 167.3804795641034957 6.0472949847322228223 
 237.00299861638796983 183.7545605876429704 6.0472949847322228223 
 226.77403576944257679 148.72868943864938274 6.0472949847322228223 
 184.69997865963648565 168.1753295504859409 6.0472949847322228223 
 168.32589763609698252 184.54941057402544402 6.0472949847322228223 
 207.32739565760599021 190.80274654845544546 6.0472949847322228223 
 190.95331463406648709 207.17682757199494858 6.0472949847322228223 
 210.39995474590307367 165.10277046218885744 6.0472949847322228223 
 220.62891759284843829 200.12864161118250195 6.0472949847322228223 
 204.25483656930893517 216.50272263472203349 6.0472949847322228223 
 194.02587372236354213 181.47685148572838898 6.0472949847322228223 
 151.9518166125574794 200.92349159756494714 6.0472949847322228223 
 135.57773558901797628 217.29757262110445026 6.0472949847322228223 
 174.57923361052698397 223.55090859553445171 6.0472949847322228223 
 158.20515258698748084 239.92498961907398325 6.0472949847322228223 
 177.65179269882403901 197.85093250926792052 6.0472949847322228223 
 187.88075554576943205 232.87680365826150819 6.0472949847322228223 
 171.50667452222992893 249.25088468180106815 6.0472949847322228223 
 161.27771167528453589 214.22501353280739522 6.0472949847322228223 
 119.20365456547845895 233.67165364464398181 6.0472949847322228223 
 102.82957354193894162 250.04573466818351335 6.0472949847322228223 
 141.83107156344797772 256.29907064261351479 6.0472949847322228223 
 144.90363065174503276 230.59909455634695519 6.0472949847322228223 
 128.52954962820552964 246.97317557988642989 6.0472949847322228223 
 250.19630275379455497 102.67900545632785736 6.0472949847322228223 
 233.82222173025505185 119.0530864798673889 6.0472949847322228223 
 256.44963872822455642 141.68050347783690768 6.0472949847322228223 
