 149.37381736920036701 32.835814249079632532 6.0472949847322228223 
 129.31974561187004724 44.414037976522379836 6.0472949847322228223 
 165.37381736920036701 60.548627170181653412 6.0472949847322228223 
 145.31974561187004724 72.126850897624407821 6.0472949847322228223 
 174.99332481519084581 36.519593342699437244 6.0472949847322228223 
 175.80838168054032167 72.999437270221122276 6.0472949847322228223 
 155.75430992320994505 84.577660997663883791 6.0472949847322228223 
 154.9392530578604692 48.097817070142191653 6.0472949847322228223 
 109.26567385453968484 55.992261703965134245 6.0472949847322228223 
 89.211602097209322437 67.570485431407888655 6.0472949847322228223 
 125.26567385453967063 83.705074625067155125 6.0472949847322228223 
 105.21160209720930823 95.283298352509930851 6.0472949847322228223 
 134.88518130053012101 59.676040797584953168 6.0472949847322228223 
 135.70023816587956844 96.155884725106645305 6.0472949847322228223 
 115.64616640854922025 107.73410845254939261 6.0472949847322228223 
 114.8311095431997586 71.254264525027707577 6.0472949847322228223 
 69.157530339878960035 79.148709158850650169 6.0472949847322228223 
 49.103458582548611844 90.726932886293411684 6.0472949847322228223 
 85.157530339878960035 106.86152207995267815 6.0472949847322228223 
 65.103458582548611844 118.43974580739542546 6.0472949847322228223 
 94.777037785869410413 82.832488252470469092 6.0472949847322228223 
 95.592094651218872059 119.31233217999213991 6.0472949847322228223 
 75.538022893888509657 130.89055590743490143 6.0472949847322228223 
 74.722966028539062222 94.410711979913216396 6.0472949847322228223 
  29.0493868252182601 102.30515661373615899 6.0472949847322228223 
 8.9953150678878941449 113.8833803411789205 6.0472949847322228223 
 45.049386825218256547 130.01796953483818697 6.0472949847322228223 
 24.995315067887887039 141.5961932622809627 6.0472949847322228223 
 54.668894271208706925 105.98893570735597791 6.0472949847322228223 
 55.483951136558168571 142.46877963487764873 6.0472949847322228223 
 35.429879379227799063 154.04700336232042446 6.0472949847322228223 
 34.614822513878351629 117.56715943479872521 6.0472949847322228223 
 189.48196088386112024 9.6793667941941041732 6.0472949847322228223 
 169.42788912653074362 21.257590521636863912 6.0472949847322228223 
 205.48196088386112024 37.392179715296123277 6.0472949847322228223 
 185.42788912653074362 48.970403442738891897 6.0472949847322228223 
 14.560750756547971463 129.14538316224150094 6.0472949847322228223 
 215.91652519520104647 49.842989815335592141 6.0472949847322228223 
 195.86245343787066986 61.421213542778367867 6.0472949847322228223 
 195.04739657252125085 24.941369615256661518 6.0472949847322228223 
 181.37381736920039543 88.261440091283688503 6.0472949847322228223 
 161.31974561187004724 99.839663818726450017 6.0472949847322228223 
 197.37381736920039543 115.9742530123857307 6.0472949847322228223 
 177.31974561187001882 127.55247673982846379 6.0472949847322228223 
 206.99332481519087423 91.945219184903521636 6.0472949847322228223 
 207.80838168054032167 128.42506311242516404 6.0472949847322228223 
 187.75430992320991663 140.00328683986796818 6.0472949847322228223 
 186.93925305786049762 103.52344291234626894 6.0472949847322228223 
 141.26567385453967063 111.41788754616921153 6.0472949847322228223 
 121.21160209720933665 122.99611127361197305 6.0472949847322228223 
 157.26567385453969905 139.13070046727125373 6.0472949847322228223 
 137.21160209720932244 150.70892419471397261 6.0472949847322228223 
 166.88518130053012101 115.10166663978903046 6.0472949847322228223 
 167.70023816587959686 151.58151056731071549 6.0472949847322228223 
 147.64616640854922025 163.15973429475346279 6.0472949847322228223 
 146.83110954319980124 126.67989036723177776 6.0472949847322228223 
 101.15753033987896004 134.57433500105472035 6.0472949847322228223 
 81.103458582548611844 146.15255872849746765 6.0472949847322228223 
 117.15753033987896004 162.28714792215674834 6.0472949847322228223 
 97.103458582548626055 173.86537164959949564 6.0472949847322228223 
 126.77703778586942462 138.25811409467453927 6.0472949847322228223 
 127.59209465121888627 174.73795802219621009 6.0472949847322228223 
 107.53802289388852387 186.31618174963898582 6.0472949847322228223 
 106.72296602853907643 149.83633782211728658 6.0472949847322228223 
 61.049386825218263652 157.73078245594024338 6.0472949847322228223 
 40.995315067887894145 169.30900618338299068 6.0472949847322228223 
 77.049386825218249442 185.44359537704224294 6.0472949847322228223 
 56.995315067887887039 197.02181910448501867 6.0472949847322228223 
 86.668894271208714031 161.4145615495600623 6.0472949847322228223 
 87.483951136558175676 197.89440547708173312 6.0472949847322228223 
 67.429879379227799063 209.47262920452448043 6.0472949847322228223 
 66.614822513878365839 172.99278527700278119 6.0472949847322228223 
 221.48196088386112024 65.104992636398179684 6.0472949847322228223 
 201.42788912653074362 76.68321636384095541 6.0472949847322228223 
 237.48196088386109182 92.817805557500193459 6.0472949847322228223 
 217.42788912653077205 104.39602928494296918 6.0472949847322228223 
 46.560750756547989226 184.57100900444558533 6.0472949847322228223 
 247.91652519520104647 105.26861565753966943 6.0472949847322228223 
 227.86245343787066986 116.84683938498244515 6.0472949847322228223 
 227.04739657252125085 80.366995457460745911 6.0472949847322228223 
 213.37381736920039543 143.68706593348778711 6.0472949847322228223 
 193.31974561187007566 155.26528966093053441 6.0472949847322228223 
 229.37381736920042385 171.39987885458981509 6.0472949847322228223 
 209.31974561187004724 182.9781025820325624 6.0472949847322228223 
 238.99332481519087423 147.37084502710757761 6.0472949847322228223 
 239.80838168054035009 183.85068895462927685 6.0472949847322228223 
 219.75430992320994505 195.42891268207202415 6.0472949847322228223 
 218.93925305786049762 158.94906875455032491 6.0472949847322228223 
 173.26567385453969905 166.84351338837328171 6.0472949847322228223 
 153.21160209720932244 178.42173711581605744 6.0472949847322228223 
 189.26567385453969905 194.55632630947533812 6.0472949847322228223 
 169.21160209720935086 206.13455003691811385 6.0472949847322228223 
 198.88518130053014943 170.52729248199310064 6.0472949847322228223 
 199.70023816587959686 207.00713640951479988 6.0472949847322228223 
 179.64616640854924867 218.58536013695757561 6.0472949847322228223 
 178.83110954319977282 182.10551620943587636 6.0472949847322228223 
 133.15753033987897425 189.99996084325880474 6.0472949847322228223 
 113.10345858254862605 201.57818457070152363 6.0472949847322228223 
 149.15753033987897425 217.71277376436086115 6.0472949847322228223 
 129.10345858254862605 229.29099749180358003 6.0472949847322228223 
 158.77703778586942462 193.68373993687862367 6.0472949847322228223 
 159.59209465121890048 230.16358386440026607 6.0472949847322228223 
 139.53802289388852387 241.74180759184304179 6.0472949847322228223 
 138.72296602853907643 205.26196366432137097 6.0472949847322228223 
 93.049386825218263652 213.15640829814429935 6.0472949847322228223 
 72.995315067887887039 224.73463202558707508 6.0472949847322228223 
 109.04938682521826365 240.86922121924635576 6.0472949847322228223 
 88.99531506788790125 252.44744494668910306 6.0472949847322228223 
 118.66889427120871403 216.8401873917641467 6.0472949847322228223 
 119.48395113655818989 253.3200313192857891 6.0472949847322228223 
 98.614822513878365839 228.41841111920686558 6.0472949847322228223 
 253.48196088386114866 120.53061847860223565 6.0472949847322228223 
 233.42788912653077205 132.10884220604501138 6.0472949847322228223 
 249.42788912653077205 159.82165512714706779 6.0472949847322228223 
 78.560750756548003437 239.9966348466496413 6.0472949847322228223 
 245.37381736920042385 199.11269177569184308 6.0472949847322228223 
 225.31974561187004724 210.69091550313459038 6.0472949847322228223 
 133.37381736920036701 5.1230013279775752366 6.0472949847322228223 
 113.31974561187003303 16.701225055420334087 6.0472949847322228223 
 143.80838168054029325 17.573811428017034331 6.0472949847322228223 
 123.75430992320993084 29.152035155459792293 6.0472949847322228223 
 205.26567385453969905 222.26913923057733768 6.0472949847322228223 
 185.21160209720935086 233.84736295802011341 6.0472949847322228223 
 93.265673854539656418 28.279448782863092049 6.0472949847322228223 
 73.211602097209308226 39.857672510305846458 6.0472949847322228223 
 102.88518130053013522 4.2504149553808900919 6.0472949847322228223 
 103.70023816587956844 40.730258882902546702 6.0472949847322228223 
 83.646166408549206039 52.308482610345308217 6.0472949847322228223 
 82.831109543199758605 15.828638682823648054 6.0472949847322228223 
 165.15753033987897425 245.42558668546288914 6.0472949847322228223 
 53.157530339878945824 51.435896237748607973 6.0472949847322228223 
 33.103458582548590527 63.014119965191355277 6.0472949847322228223 
 62.777037785869410413 27.406862410266406016 6.0472949847322228223 
 63.592094651218857848 63.886706337788048415 6.0472949847322228223 
 43.538022893888488341 75.464930065230817036 6.0472949847322228223 
 42.722966028539055117 38.98508613770915332 6.0472949847322228223 
 13.049386825218238783 74.592343692634131003 6.0472949847322228223 
 22.668894271208692714 50.56330986515192194 6.0472949847322228223 
 23.48395113655815436 87.043153792673550129 6.0472949847322228223 
 3.4298793792277870729 98.621377520116325854 6.0472949847322228223 
 2.6148225138783534049 62.141533592594669244 6.0472949847322228223 
 163.86245343787066986 5.9955877005742612695 6.0472949847322228223 
