 38.859672625657331935 15.678737694145883808 5.9034625934221738319 
 52.597284377324093896 11.997755719354479709 5.9034625934221738319 
 35.178690650865917178 29.416349445812642216 5.9034625934221738319 
 27.81672670128310898 56.891572949146137717 5.9034625934221738319 
 45.235320427741271487 39.472979222687996526 5.9034625934221738319 
 41.554338452949863836 53.21059097435473717 5.9034625934221738319 
 24.135744726491704881 70.629184700812899678 5.9034625934221738319 
 16.773780776908886025 98.104408204146395178 5.9034625934221738319 
 34.192374503367041427 80.685814477688253987 5.9034625934221738319 
 30.511392528575640881 94.423426229354973316 5.9034625934221738319 
 13.09279880211748015 111.84201995581312872 5.9034625934221738319 
 5.730834852534673729 139.31724345914662422 5.9034625934221738319 
 23.149428578992832684 121.89864973268848303 5.9034625934221738319 
 19.468446604201428585 135.63626148435523078 5.9034625934221738319 
 2.0498528777432696302 153.05485521081337197 5.9034625934221738319 
 12.106482654618622163 163.11148498768872628 5.9034625934221738319 
 8.4255006798272198409 176.84909673935547403 5.9034625934221738319 
 1.0635367302443841098 204.32432024268896953 5.9034625934221738319 
 62.653914154199412678 22.054385496229819807 5.9034625934221738319 
 80.072507880657582291 4.6357917697716732874 5.9034625934221738319 
 76.391525905866174639 18.373403521438415709 5.9034625934221738319 
 58.972932179407997921 35.791997247896574663 5.9034625934221738319 
 51.610968229825189724 63.267220751230077269 5.9034625934221738319 
 69.029561956283345125 45.848627024771928973 5.9034625934221738319 
 65.348579981491951685 59.586238776438655407 5.9034625934221738319 
 47.929986255033789178 77.004832502896832125 5.9034625934221738319 
 40.568022305450966769 104.48005600623032763 5.9034625934221738319 
 57.986616031909129276 87.061462279772186434 5.9034625934221738319 
 54.305634057117721625 100.79907403143891997 5.9034625934221738319 
 36.887040330659559118 118.21766775789706116 5.9034625934221738319 
 29.525076381076754473 145.69289126123055667 5.9034625934221738319 
 46.943670107534913427 128.27429753477241547 5.9034625934221738319 
 43.262688132743512881 142.0119092864391348 5.9034625934221738319 
 25.844094406285350374 159.43050301289733284 5.9034625934221738319 
 18.482130456702531518 186.90572651623082834 5.9034625934221738319 
 35.900724183160704683 169.48713278977265873 5.9034625934221738319 
 32.219742208369297032 183.22474454143940648 5.9034625934221738319 
 14.801148481911127419 200.64333826789757609 5.9034625934221738319 
 7.4391845323283058988 228.11856177123112843 5.9034625934221738319 
 24.857778258786481729 210.6999680447729304 5.9034625934221738319 
 21.17679628399507763 224.43757979643967815 5.9034625934221738319 
 86.448155682741528949 28.430033298313770018 5.9034625934221738319 
 103.86674940919967014 11.011439571855609287 5.9034625934221738319 
 100.18576743440824828 24.749051323522351709 5.9034625934221738319 
 82.767173707950107087 42.167645049980528427 5.9034625934221738319 
 75.405209758367305994 69.642868553314016822 5.9034625934221738319 
 92.823803484825447185 52.224274826855868525 5.9034625934221738319 
 89.142821510034039534 65.96188657852260917 5.9034625934221738319 
 71.724227783575884132 83.380480304980764572 5.9034625934221738319 
 64.362263833993068829 110.85570380831427428 5.9034625934221738319 
 81.780857560451238442 93.437110081856118882 5.9034625934221738319 
 78.09987558565983079 107.17472183352285242 5.9034625934221738319 
 60.681281859201675388 124.59331555998100782 5.9034625934221738319 
 53.319317909618867191 152.06853906331448911 5.9034625934221738319 
 70.737911636077015487 134.64994533685637634 5.9034625934221738319 
 67.056929661285607835 148.38755708852309567 5.9034625934221738319 
 49.638335934827459539 165.80615081498126528 5.9034625934221738319 
 42.276371985244637131 193.28137431831476079 5.9034625934221738319 
 59.694965711702785427 175.86278059185661959 5.9034625934221738319 
 56.013983736911384881 189.60039234352336734 5.9034625934221738319 
 38.595390010453236584 207.01898606998153696 5.9034625934221738319 
 31.233426060870414176 234.49420957331503246 5.9034625934221738319 
 48.652019787328576683 217.07561584685686285 5.9034625934221738319 
 44.971037812537176137 230.8132275985236106 5.9034625934221738319 
 117.60436116086641789 7.3304575970641909777 5.9034625934221738319 
 110.24239721128360259 34.805681100397691807 5.9034625934221738319 
 127.6609909377417722 17.387087373939543511 5.9034625934221738319 
 123.98000896295035034 31.124699125606287708 5.9034625934221738319 
 106.56141523649219494 48.543292852064446663 5.9034625934221738319 
 99.199451286909379633 76.018516355397949269 5.9034625934221738319 
 116.61804501336753503 58.599922628939800973 5.9034625934221738319 
 112.93706303857612738 72.337534380606527407 5.9034625934221738319 
 95.518469312117971981 89.756128107064697019 5.9034625934221738319 
 88.156505362535156678 117.23135161039820673 5.9034625934221738319 
 105.57509908899331208 99.812757883940051329 5.9034625934221738319 
 101.89411711420191864 113.55036963560678487 5.9034625934221738319 
 84.475523387743749026 130.96896336206492606 5.9034625934221738319 
 77.113559438160947934 158.44418686539842156 5.9034625934221738319 
 94.532153164619103336 141.02559313894028037 5.9034625934221738319 
 90.851171189827709895 154.76320489060702812 5.9034625934221738319 
 73.432577463369540283 172.18179861706516931 5.9034625934221738319 
 66.07061351378672498 199.65702212039869323 5.9034625934221738319 
 83.489207240244880381 182.23842839394055204 5.9034625934221738319 
 79.80822526545347273 195.97604014560727137 5.9034625934221738319 
 62.389631538995317328 213.39463387206544098 5.9034625934221738319 
 55.02766758941249492 240.8698573753989649 5.9034625934221738319 
 72.446261315870657427 223.45126364894079529 5.9034625934221738319 
 68.765279341079249775 237.18887540060751462 5.9034625934221738319 
 141.39860268940853416 13.706105399148126978 5.9034625934221738319 
 134.03663873982569044 41.181328902481624255 5.9034625934221738319 
 151.45523246628386005 23.762735176023479511 5.9034625934221738319 
 147.77425049149243819 37.500346927690223708 5.9034625934221738319 
  130.355656765034297 54.918940654148386216 5.9034625934221738319 
 122.99369281545148169 82.394164157481881716 5.9034625934221738319 
 140.41228654190965131 64.975570431023726314 5.9034625934221738319 
 136.73130456711822944 78.713182182690474065 5.9034625934221738319 
 119.31271084066007404 96.131775909148643677 5.9034625934221738319 
 111.95074689107725874 123.60699941248213918 5.9034625934221738319 
 129.36934061753544256 106.18840568602399799 5.9034625934221738319 
 125.68835864274400649 119.92601743769071732 5.9034625934221738319 
 108.2697649162858653 137.34461116414888693 5.9034625934221738319 
 100.90780096670304999 164.81983466748235401 5.9034625934221738319 
 118.3263946931612054 147.40124094102424124 5.9034625934221738319 
 114.64541271836979774 161.13885269269096057 5.9034625934221738319 
 97.226818991911628132 178.55744641914913018 5.9034625934221738319 
 89.864855042328812829 206.03266992248262568 5.9034625934221738319 
 107.28344876878698244 188.61407619602448449 5.9034625934221738319 
 103.60246679399557479 202.35168794769120382 5.9034625934221738319 
 86.183873067537419388 219.77028167414940185 5.9034625934221738319 
 78.821909117954589874 247.24550517748289735 5.9034625934221738319 
 96.240502844412773698 229.82691145102472774 5.9034625934221738319 
 92.559520869621366046 243.56452320269147549 5.9034625934221738319 
 165.1928442179506078 20.081753201232061201 5.9034625934221738319 
 157.8308802683677925 47.556976704565563807 5.9034625934221738319 
 175.24947399482593369 30.138382978107415511 5.9034625934221738319 
 171.56849202003454025 43.875994729774156156 5.9034625934221738319 
 154.14989829357637063 61.294588456232318663 5.9034625934221738319 
 146.78793434399355533 88.769811959565814163 5.9034625934221738319 
 164.20652807045169652 71.351218233107672972 5.9034625934221738319 
 160.5255460956603315 85.088829984774406512 5.9034625934221738319 
 143.10695236920216189 102.50742371123257612 5.9034625934221738319 
 135.74498841961934659 129.98264721456607163 5.9034625934221738319 
 153.16358214607748778 112.56405348810791622 5.9034625934221738319 
 149.48260017128606592 126.30166523977466397 5.9034625934221738319 
 132.06400644482795315 143.72025896623279095 5.9034625934221738319 
 124.70204249524513784 171.19548246956631488 5.9034625934221738319 
 142.12063622170327903 153.77688874310814526 5.9034625934221738319 
 138.43965424691185717 167.51450049477489301 5.9034625934221738319 
 121.02106052045371598 184.93309422123306263 5.9034625934221738319 
 113.65909657087091489 212.40831772456655813 5.9034625934221738319 
 131.07769029732907029 194.98972399810838851 5.9034625934221738319 
 127.39670832253766264 208.72733574977516469 5.9034625934221738319 
 109.97811459607949303 226.14592947623330588 5.9034625934221738319 
 102.61615064649669193 253.62115297956685822 5.9034625934221738319 
 120.03474437295483312 236.20255925310866019 5.9034625934221738319 
 116.35376239816343968 249.94017100477543636 5.9034625934221738319 
 188.98708574649268144 26.457401003315997201 5.9034625934221738319 
 181.62512179690986613 53.932624506649496254 5.9034625934221738319 
 199.04371552336800733 36.514030780191333747 5.9034625934221738319 
 195.36273354857658546 50.251642531858081497 5.9034625934221738319 
 177.94413982211844427 67.67023625831625111 5.9034625934221738319 
 170.58217587253562897 95.145459761649760821 5.9034625934221738319 
 188.00076959899377016 77.726866035191591209 5.9034625934221738319 
 184.31978762420237672 91.464477786858338959 5.9034625934221738319 
 166.90119389774423553 108.88307151331650857 5.9034625934221738319 
 159.5392299481613918 136.35829501665000407 5.9034625934221738319 
 176.95782367461956142 118.93970129019184867 5.9034625934221738319 
 173.27684169982816798 132.67731304185858221 5.9034625934221738319 
 155.85824797337002678 150.09590676831675182 5.9034625934221738319 
 148.49628402378721148 177.57113027165024732 5.9034625934221738319 
 165.91487775024535267 160.15253654519207771 5.9034625934221738319 
 162.23389577545395923 173.89014829685882546 5.9034625934221738319 
 144.81530204899578962 191.30874202331699507 5.9034625934221738319 
 137.45333809941297432 218.78396552665049057 5.9034625934221738319 
 154.87193182587111551 201.36537180019234938 5.9034625934221738319 
 151.19094985107975049 215.10298355185906871 5.9034625934221738319 
 133.77235612462158088 232.52157727831723832 5.9034625934221738319 
 143.82898590149690676 242.57820705519259263 5.9034625934221738319 
 140.14800392670551332 256.31581880685928354 5.9034625934221738319 
 212.7813272750347835 32.833048805399933201 5.9034625934221738319 
 205.41936332545196819 60.308272308733435807 5.9034625934221738319 
 222.83795705191010939  42.8896785822752733 5.9034625934221738319 
 219.15697507711868752 56.627290333942028155 5.9034625934221738319 
 201.73838135066054633 74.045884060400183557 5.9034625934221738319 
 194.37641740107773103 101.52110756373367906 5.9034625934221738319 
 211.79501112753587222 84.102513837275537867 5.9034625934221738319 
 208.11402915274447878 97.840125588942271406 5.9034625934221738319 
 190.69543542628630917 115.25871931540044102 5.9034625934221738319 
 183.33347147670352228 142.73394281873393652 5.9034625934221738319 
 200.75206520316166348 125.31534909227578112 5.9034625934221738319 
 197.07108322837024161 139.05296084394251466 5.9034625934221738319 
 179.65248950191210042 156.47155457040068427 5.9034625934221738319 
 172.29052555232931354 183.94677807373415135 5.9034625934221738319 
 189.70911927878742631 166.52818434727603858 5.9034625934221738319 
 186.02813730399606129 180.26579609894275791 5.9034625934221738319 
 168.60954357753789168 197.68438982540092752 5.9034625934221738319 
 161.24757962795507638 225.15961332873442302 5.9034625934221738319 
 178.66617335441321757 207.74101960227628183 5.9034625934221738319 
 174.98519137962182413 221.47863135394302958 5.9034625934221738319 
 157.56659765316368293 238.89722508040119919 5.9034625934221738319 
 167.62322743003900882 248.9538548572765535 5.9034625934221738319 
 236.57556880357685714 39.208696607483872754 5.9034625934221738319 
 229.21360485399404183 66.683920110817368254 5.9034625934221738319 
 246.63219858045221144 49.265326384359219958 5.9034625934221738319 
 242.95121660566078958 63.002938136025953497 5.9034625934221738319 
 225.53262287920264839 80.421531862484130215 5.9034625934221738319 
 218.17065892961983309 107.89675536581762572 5.9034625934221738319 
 235.5892526560780027 90.478161639359470314 5.9034625934221738319 
 231.90827068128655242 104.21577339102620385 5.9034625934221738319 
 214.48967695482843965 121.63436711748438768 5.9034625934221738319 
 207.12771300524562434 149.10959062081786897 5.9034625934221738319 
 224.54630673170376554 131.69099689435972778 5.9034625934221738319 
 220.86532475691234367 145.42860864602647553 5.9034625934221738319 
 203.44673103045420248 162.8472023724845883 5.9034625934221738319 
 196.08476708087138718 190.32242587581811222 5.9034625934221738319 
 213.50336080732955679 172.90383214935997103 5.9034625934221738319 
 209.82237883253813493 186.64144390102669036 5.9034625934221738319 
 192.40378510608002216 204.06003762748485997 5.9034625934221738319 
 185.04182115649717844 231.53526113081838389 5.9034625934221738319 
 202.46041488295534805 214.11666740436021428 5.9034625934221738319 
 198.77943290816392619 227.85427915602696203 5.9034625934221738319 
 181.36083918170578499 245.27287288248513164 5.9034625934221738319 
 191.41746895858108246 255.32950265936045753 5.9034625934221738319 
 253.00784638253614389 73.059567912901300701 5.9034625934221738319 
 249.32686440774475045 86.797179664568062663 5.9034625934221738319 
 241.96490045816193515 114.27240316790155816 5.9034625934221738319 
 255.70251220982865448 110.59142119311015051 5.9034625934221738319 
 238.28391848337054171 128.01001491956833434 5.9034625934221738319 
 230.92195453378769798 155.48523842290182984 5.9034625934221738319 
 248.34054826024583917 138.06664469644366022 5.9034625934221738319 
 244.65956628545447415 151.80425644811040797 5.9034625934221738319 
 227.24097255899633296 169.22285017456854916 5.9034625934221738319 
 219.87900860941351766 196.69807367790207309 5.9034625934221738319 
 237.29760233587165885 179.27947995144390347 5.9034625934221738319 
 233.61662036108023699 193.0170917031106228 5.9034625934221738319 
 216.1980266346220958 210.43568542956882084 5.9034625934221738319 
 208.8360626850392805 237.91090893290231634 5.9034625934221738319 
 226.25465641149742169 220.49231520644414672 5.9034625934221738319 
 222.57367443670599982 234.22992695811089447 5.9034625934221738319 
 205.15508071024788705 251.64852068456906409 5.9034625934221738319 
