 82.620006246929065696 6.4957707123576469144 5.9034625934221738319 
 68.397784024706851369 31.12938219778168758 5.9034625934221738319 
 89.731117358040194176 18.812576455069653036 5.9034625934221738319 
 82.620006246929065696 31.129382197781673369 5.9034625934221738319 
 61.286672913595751311 43.446187940493693702 5.9034625934221738319 
 47.064450691373529878 68.079799425917741473 5.9034625934221738319 
 68.397784024706851369 55.762993683205714035 5.9034625934221738319 
  61.2866729135957371 68.079799425917741473 5.9034625934221738319 
 39.953339580262422714 80.396605168629733384 5.9034625934221738319 
 25.731117358040204834 105.03021665405375984 5.9034625934221738319 
 47.064450691373529878 92.713410911341753717 5.9034625934221738319 
 39.953339580262422714 105.03021665405375984 5.9034625934221738319 
 18.620006246929087013 117.34702239676579438 5.9034625934221738319 
 4.3977840247068655799 141.98063388218983505 5.9034625934221738319 
 25.731117358040190624 129.66382813947782893 5.9034625934221738319 
 18.620006246929101223 141.98063388218983505 5.9034625934221738319 
 4.3977840247068655799 166.61424536761387571 5.9034625934221738319 
 111.06445069137352277 6.4957707123576469144 5.9034625934221738319 
 125.2866729135957371 6.4957707123576469144 5.9034625934221738319 
 103.95333958026242271 18.812576455069653036 5.9034625934221738319 
 89.731117358040194176 43.446187940493693702 5.9034625934221738319 
 111.06445069137350856 31.129382197781659158 5.9034625934221738319 
 103.9533395802624085 43.446187940493693702 5.9034625934221738319 
 82.620006246929079907 55.762993683205714035 5.9034625934221738319 
 68.39778402470686558 80.396605168629747595 5.9034625934221738319 
 89.731117358040179965 68.079799425917741473 5.9034625934221738319 
 82.620006246929065696 80.396605168629747595 5.9034625934221738319 
 61.286672913595765522 92.713410911341753717 5.9034625934221738319 
 47.064450691373544089 117.34702239676579438 5.9034625934221738319 
 68.39778402470686558 105.03021665405377405 5.9034625934221738319 
 61.286672913595765522 117.34702239676578017 5.9034625934221738319 
 39.953339580262422714 129.66382813947780051 5.9034625934221738319 
 25.731117358040219045 154.29743962490184117 5.9034625934221738319 
 47.064450691373529878 141.98063388218983505 5.9034625934221738319 
 39.953339580262422714 154.29743962490184117 5.9034625934221738319 
 18.620006246929101223 166.61424536761387571 5.9034625934221738319 
 4.3977840247068655799 191.24785685303791638 5.9034625934221738319 
 25.731117358040190624 178.93105111032588184 5.9034625934221738319 
 18.620006246929087013 191.24785685303788796 5.9034625934221738319 
 132.39778402470685137 18.812576455069653036 5.9034625934221738319 
 153.73111735804019418 6.4957707123576335917 5.9034625934221738319 
 146.62000624692907991 18.812576455069653036 5.9034625934221738319 
 125.28667291359575131 31.129382197781673369 5.9034625934221738319 
 111.06445069137352277 55.762993683205714035 5.9034625934221738319 
 132.39778402470685137 43.446187940493679491 5.9034625934221738319 
 125.28667291359575131 55.762993683205699824 5.9034625934221738319 
 103.95333958026242271 68.079799425917741473 5.9034625934221738319 
 89.731117358040208387 92.713410911341767928 5.9034625934221738319 
 111.06445069137352277 80.396605168629747595 5.9034625934221738319 
 103.95333958026242271 92.713410911341767928 5.9034625934221738319 
 82.620006246929094118 105.03021665405377405 5.9034625934221738319 
 68.397784024706879791 129.66382813947780051 5.9034625934221738319 
 89.731117358040208387 117.34702239676579438 5.9034625934221738319 
 82.620006246929094118 129.66382813947780051 5.9034625934221738319 
 61.286672913595765522 141.98063388218983505 5.9034625934221738319 
 47.064450691373544089 166.61424536761384729 5.9034625934221738319 
 68.39778402470686558 154.29743962490184117 5.9034625934221738319 
 61.286672913595772627 166.61424536761384729 5.9034625934221738319 
 39.953339580262422714 178.93105111032588184 5.9034625934221738319 
 25.731117358040219045 203.5646625957499225 5.9034625934221738319 
 47.064450691373544089 191.24785685303791638 5.9034625934221738319 
 39.953339580262422714 203.56466259574989408 5.9034625934221738319 
 167.95333958026242271 6.4957707123576335917 5.9034625934221738319 
 153.73111735804019418 31.129382197781659158 5.9034625934221738319 
 175.06445069137353698 18.812576455069653036 5.9034625934221738319 
 167.95333958026242271 31.129382197781673369 5.9034625934221738319 
 146.62000624692907991 43.446187940493679491 5.9034625934221738319 
 132.39778402470685137 68.079799425917727262 5.9034625934221738319 
 153.73111735804019418 55.762993683205699824 5.9034625934221738319 
 146.62000624692910833 68.079799425917727262 5.9034625934221738319 
 125.28667291359575131 80.396605168629747595 5.9034625934221738319 
 111.06445069137352277 105.03021665405377405 5.9034625934221738319 
 132.39778402470685137 92.713410911341782139 5.9034625934221738319 
 125.28667291359576552 105.03021665405378826 5.9034625934221738319 
 103.95333958026242271 117.34702239676578017 5.9034625934221738319 
 89.731117358040208387 141.98063388218980663 5.9034625934221738319 
 111.06445069137353698 129.66382813947780051 5.9034625934221738319 
 103.95333958026245114 141.98063388218980663 5.9034625934221738319 
 82.620006246929079907 154.29743962490184117 5.9034625934221738319 
 68.39778402470686558 178.93105111032588184 5.9034625934221738319 
 89.731117358040222598 166.61424536761387571 5.9034625934221738319 
 82.620006246929108329 178.93105111032588184 5.9034625934221738319 
 61.286672913595751311 191.24785685303791638 5.9034625934221738319 
 47.064450691373529878 215.88146833846192862 5.9034625934221738319 
 68.397784024706879791 203.5646625957499225 5.9034625934221738319 
 61.286672913595772627 215.88146833846192862 5.9034625934221738319 
 189.2866729135957371 18.812576455069653036 5.9034625934221738319 
 175.06445069137353698 43.446187940493679491 5.9034625934221738319 
 196.39778402470687979 31.129382197781673369 5.9034625934221738319 
 189.28667291359576552 43.446187940493693702 5.9034625934221738319 
 167.95333958026242271 55.762993683205699824 5.9034625934221738319 
 153.73111735804019418 80.396605168629747595 5.9034625934221738319 
 175.06445069137353698 68.079799425917727262 5.9034625934221738319 
 167.95333958026242271 80.396605168629747595 5.9034625934221738319 
 146.62000624692907991 92.713410911341753717 5.9034625934221738319 
 132.39778402470685137 117.34702239676579438 5.9034625934221738319 
 153.7311173580402226 105.03021665405378826 5.9034625934221738319 
 146.62000624692910833 117.34702239676580859 5.9034625934221738319 
 125.28667291359576552 129.66382813947780051 5.9034625934221738319 
 111.06445069137353698 154.29743962490181275 5.9034625934221738319 
 132.39778402470687979 141.98063388218983505 5.9034625934221738319 
 125.28667291359579394 154.29743962490184117 5.9034625934221738319 
 103.95333958026242271 166.61424536761384729 5.9034625934221738319 
 89.731117358040222598 191.24785685303788796 5.9034625934221738319 
 111.06445069137355119 178.93105111032588184 5.9034625934221738319 
 103.95333958026245114 191.24785685303788796 5.9034625934221738319 
 82.620006246929094118 203.5646625957499225 5.9034625934221738319 
 68.39778402470686558 228.19827408117396317 5.9034625934221738319 
 89.731117358040222598 215.88146833846192862 5.9034625934221738319 
 82.620006246929108329 228.19827408117396317 5.9034625934221738319 
 210.62000624692907991 31.129382197781673369 5.9034625934221738319 
 196.39778402470685137 55.762993683205699824 5.9034625934221738319 
 217.73111735804019418 43.446187940493679491 5.9034625934221738319 
 210.62000624692907991 55.762993683205699824 5.9034625934221738319 
 189.28667291359576552 68.079799425917727262 5.9034625934221738319 
 175.06445069137353698 92.713410911341767928 5.9034625934221738319 
 196.39778402470685137 80.396605168629733384 5.9034625934221738319 
 189.2866729135957371 92.713410911341753717 5.9034625934221738319 
 167.95333958026242271 105.03021665405378826 5.9034625934221738319 
 153.7311173580402226 129.66382813947780051 5.9034625934221738319 
 175.06445069137353698 117.34702239676579438 5.9034625934221738319 
 167.95333958026242271 129.66382813947780051 5.9034625934221738319 
 146.62000624692910833 141.98063388218980663 5.9034625934221738319 
 132.39778402470687979 166.61424536761384729 5.9034625934221738319 
 153.73111735804019418 154.29743962490184117 5.9034625934221738319 
 146.62000624692910833 166.61424536761384729 5.9034625934221738319 
 125.28667291359577973 178.93105111032588184 5.9034625934221738319 
 111.06445069137355119 203.56466259574989408 5.9034625934221738319 
 132.39778402470685137 191.24785685303788796 5.9034625934221738319 
 125.28667291359577973 203.56466259574989408 5.9034625934221738319 
 103.95333958026243693 215.88146833846192862 5.9034625934221738319 
 89.731117358040222598 240.51507982388596929 5.9034625934221738319 
 111.06445069137353698 228.19827408117396317 5.9034625934221738319 
 103.95333958026242271 240.51507982388594087 5.9034625934221738319 
 231.95333958026242271 43.446187940493679491 5.9034625934221738319 
 217.73111735804019418 68.079799425917713052 5.9034625934221738319 
 239.06445069137350856 55.762993683205685613 5.9034625934221738319 
 231.95333958026239429 68.079799425917713052 5.9034625934221738319 
 210.62000624692907991 80.396605168629733384 5.9034625934221738319 
 196.39778402470685137 105.03021665405377405 5.9034625934221738319 
 217.73111735804019418 92.713410911341739506 5.9034625934221738319 
 210.62000624692907991 105.03021665405375984 5.9034625934221738319 
 189.2866729135957371 117.34702239676578017 5.9034625934221738319 
 175.06445069137353698 141.98063388218980663 5.9034625934221738319 
 196.39778402470685137 129.66382813947780051 5.9034625934221738319 
 189.28667291359570868 141.98063388218980663 5.9034625934221738319 
 167.95333958026242271 154.29743962490181275 5.9034625934221738319 
 153.73111735804019418 178.93105111032585341 5.9034625934221738319 
 175.06445069137350856 166.61424536761384729 5.9034625934221738319 
 167.95333958026242271 178.93105111032582499 5.9034625934221738319 
 146.62000624692910833 191.24785685303785954 5.9034625934221738319 
 132.39778402470685137 215.88146833846192862 5.9034625934221738319 
 153.73111735804019418 203.56466259574989408 5.9034625934221738319 
 146.62000624692907991 215.8814683384619002 5.9034625934221738319 
 125.28667291359575131 228.19827408117396317 5.9034625934221738319 
 111.06445069137353698 252.83188556659797541 5.9034625934221738319 
 132.39778402470685137 240.51507982388594087 5.9034625934221738319 
 125.28667291359575131 252.83188556659797541 5.9034625934221738319 
 253.2866729135957371 55.762993683205699824 5.9034625934221738319 
 239.06445069137353698 80.396605168629719174 5.9034625934221738319 
 253.2866729135957371 80.396605168629719174 5.9034625934221738319 
 231.95333958026242271 92.713410911341753717 5.9034625934221738319 
 217.73111735804019418 117.34702239676579438 5.9034625934221738319 
 239.06445069137350856 105.03021665405375984 5.9034625934221738319 
 231.95333958026242271 117.34702239676576596 5.9034625934221738319 
 210.62000624692907991 129.66382813947780051 5.9034625934221738319 
 196.39778402470685137 154.29743962490184117 5.9034625934221738319 
 217.73111735804019418 141.98063388218980663 5.9034625934221738319 
 210.62000624692907991 154.29743962490184117 5.9034625934221738319 
 189.28667291359576552 166.61424536761384729 5.9034625934221738319 
 175.06445069137353698 191.24785685303785954 5.9034625934221738319 
 196.39778402470685137 178.93105111032585341 5.9034625934221738319 
 189.28667291359576552 191.24785685303785954 5.9034625934221738319 
 167.95333958026242271 203.56466259574989408 5.9034625934221738319 
 153.7311173580402226 228.19827408117393475 5.9034625934221738319 
 175.06445069137353698 215.88146833846192862 5.9034625934221738319 
 167.95333958026242271 228.19827408117390632 5.9034625934221738319 
 146.62000624692910833 240.51507982388596929 5.9034625934221738319 
 153.73111735804019418 252.83188556659797541 5.9034625934221738319 
 253.2866729135957371 105.03021665405375984 5.9034625934221738319 
 239.06445069137353698 129.66382813947780051 5.9034625934221738319 
 253.2866729135957371 129.66382813947780051 5.9034625934221738319 
 231.95333958026242271 141.98063388218983505 5.9034625934221738319 
 217.73111735804019418 166.61424536761384729 5.9034625934221738319 
 239.06445069137353698 154.29743962490184117 5.9034625934221738319 
 231.95333958026242271 166.61424536761384729 5.9034625934221738319 
 210.62000624692910833 178.93105111032585341 5.9034625934221738319 
 196.39778402470687979 203.56466259574989408 5.9034625934221738319 
 217.73111735804019418 191.24785685303785954 5.9034625934221738319 
 210.62000624692910833 203.56466259574989408 5.9034625934221738319 
 189.28667291359576552 215.88146833846192862 5.9034625934221738319 
 175.06445069137353698 240.51507982388594087 5.9034625934221738319 
 196.39778402470685137 228.19827408117393475 5.9034625934221738319 
 189.28667291359576552 240.51507982388594087 5.9034625934221738319 
 167.95333958026242271 252.83188556659797541 5.9034625934221738319 
 68.39778402470686558 6.4957707123576469144 5.9034625934221738319 
 61.286672913595751311 18.812576455069653036 5.9034625934221738319 
 253.28667291359576552 154.29743962490184117 5.9034625934221738319 
 239.06445069137353698 178.93105111032588184 5.9034625934221738319 
 47.064450691373529878 43.446187940493707913 5.9034625934221738319 
 39.953339580262408504 55.762993683205728246 5.9034625934221738319 
 231.95333958026245114 191.24785685303785954 5.9034625934221738319 
 217.73111735804025102 215.8814683384619002 5.9034625934221738319 
 25.731117358040204834 80.396605168629747595 5.9034625934221738319 
 18.620006246929101223 92.713410911341753717 5.9034625934221738319 
 210.62000624692913675 228.19827408117393475 5.9034625934221738319 
 196.39778402470687979 252.83188556659797541 5.9034625934221738319 
 4.3977840247068655799 117.34702239676580859 5.9034625934221738319 
