 121.92143850030971919 10.426890374543086537 5.9034625934221738319 
 146.55504998573377407 10.426890374543058115 5.9034625934221738319 
 134.23824424302176794 17.538001485654177714 5.9034625934221738319 
 109.60463275759769886 17.538001485654188372 5.9034625934221738319 
 84.971021272173672401 31.760223707876409804 5.9034625934221738319 
 109.60463275759769886 31.760223707876409804 5.9034625934221738319 
 97.287827014885678523 38.871334818987527626 5.9034625934221738319 
 72.654215529461666279 38.871334818987527626 5.9034625934221738319 
 48.020604044037625613 53.093557041209749059 5.9034625934221738319 
 72.654215529461652068 53.093557041209749059 5.9034625934221738319 
 60.337409786749660157 60.204668152320849117 5.9034625934221738319 
 35.70379830132560528 60.204668152320863328 5.9034625934221738319 
 11.070186815901582378 74.426890374543091866 5.9034625934221738319 
 35.703798301325591069 74.426890374543091866 5.9034625934221738319 
 23.386992558613602711 81.538001485654206135 5.9034625934221738319 
 171.18866147115781473 10.426890374543058115 5.9034625934221738319 
 195.82227295658182697 10.426890374543058115 5.9034625934221738319 
 183.50546721386982085 17.538001485654177714 5.9034625934221738319 
 158.87185572844578019 17.538001485654177714 5.9034625934221738319 
 134.23824424302173952 31.760223707876409804 5.9034625934221738319 
 158.87185572844580861 31.760223707876409804 5.9034625934221738319 
 146.55504998573377407 38.871334818987527626 5.9034625934221738319 
 121.92143850030971919 38.871334818987513415 5.9034625934221738319 
 97.287827014885692734 53.093557041209734848 5.9034625934221738319 
 121.92143850030971919 53.093557041209749059 5.9034625934221738319 
 109.60463275759769886 60.204668152320863328 5.9034625934221738319 
 84.971021272173672401 60.204668152320849117 5.9034625934221738319 
 60.337409786749645946 74.426890374543077655 5.9034625934221738319 
 84.971021272173672401 74.426890374543091866 5.9034625934221738319 
 72.654215529461666279 81.538001485654191924 5.9034625934221738319 
 48.020604044037625613 81.538001485654191924 5.9034625934221738319 
 23.386992558613602711 95.760223707876406252 5.9034625934221738319 
 48.020604044037625613 95.760223707876434673 5.9034625934221738319 
 35.703798301325619491 102.87133481898753473 5.9034625934221738319 
 11.070186815901568167 102.87133481898753473 5.9034625934221738319 
 11.070186815901582378 117.09355704120977748 5.9034625934221738319 
 208.13907869929386152 17.538001485654177714 5.9034625934221738319 
 183.50546721386982085 31.760223707876409804 5.9034625934221738319 
 208.13907869929386152 31.760223707876409804 5.9034625934221738319 
 195.8222729565818554 38.871334818987513415 5.9034625934221738319 
 171.18866147115781473 38.871334818987527626 5.9034625934221738319 
 146.55504998573377407 53.093557041209749059 5.9034625934221738319 
 171.18866147115781473 53.093557041209734848 5.9034625934221738319 
 158.87185572844580861 60.204668152320849117 5.9034625934221738319 
 134.23824424302176794 60.204668152320863328 5.9034625934221738319 
 109.60463275759771307 74.426890374543091866 5.9034625934221738319 
 134.23824424302176794 74.426890374543091866 5.9034625934221738319 
 121.92143850030971919 81.538001485654206135 5.9034625934221738319 
 97.287827014885706944 81.538001485654206135 5.9034625934221738319 
 72.654215529461666279 95.760223707876420463 5.9034625934221738319 
 97.287827014885706944 95.760223707876420463 5.9034625934221738319 
 84.971021272173700822 102.87133481898753473 5.9034625934221738319 
 60.337409786749645946 102.87133481898754894 5.9034625934221738319 
 35.703798301325619491 117.09355704120976327 5.9034625934221738319 
 60.337409786749645946 117.09355704120976327 5.9034625934221738319 
 48.020604044037639824 124.20466815232087754 5.9034625934221738319 
  23.3869925586135885 124.20466815232087754 5.9034625934221738319 
 23.386992558613602711 138.42689037454312029 5.9034625934221738319 
 11.070186815901596589 145.53800148565420614 5.9034625934221738319 
 220.45588444200586764 38.871334818987513415 5.9034625934221738319 
 195.82227295658182697 53.093557041209734848 5.9034625934221738319 
 220.45588444200586764 53.093557041209734848 5.9034625934221738319 
 208.13907869929386152 60.204668152320834906 5.9034625934221738319 
 183.50546721386984927 60.204668152320849117 5.9034625934221738319 
 158.87185572844578019 74.426890374543077655 5.9034625934221738319 
 183.50546721386984927 74.426890374543077655 5.9034625934221738319 
 171.18866147115781473 81.538001485654191924 5.9034625934221738319 
 146.55504998573377407 81.538001485654191924 5.9034625934221738319 
 121.9214385003097334 95.760223707876406252 5.9034625934221738319 
 146.55504998573377407 95.760223707876406252 5.9034625934221738319 
 134.23824424302176794 102.87133481898753473 5.9034625934221738319 
 109.60463275759771307 102.87133481898753473 5.9034625934221738319 
 84.971021272173686611 117.09355704120974906 5.9034625934221738319 
 109.60463275759771307 117.09355704120974906 5.9034625934221738319 
 97.287827014885706944 124.20466815232084912 5.9034625934221738319 
 72.654215529461666279 124.20466815232086333 5.9034625934221738319 
 48.020604044037639824 138.42689037454309187 5.9034625934221738319 
 72.654215529461666279 138.42689037454309187 5.9034625934221738319 
 60.337409786749660157 145.53800148565420614 5.9034625934221738319 
 35.70379830132560528 145.53800148565420614 5.9034625934221738319 
 11.070186815901582378 159.76022370787643467 5.9034625934221738319 
 35.70379830132560528 159.76022370787643467 5.9034625934221738319 
 23.386992558613602711 166.87133481898754894 5.9034625934221738319 
 232.77269018471787376 60.204668152320849117 5.9034625934221738319 
 208.13907869929386152 74.426890374543077655 5.9034625934221738319 
 232.77269018471787376 74.426890374543063444 5.9034625934221738319 
 220.45588444200589606 81.538001485654177714 5.9034625934221738319 
 195.8222729565818554 81.538001485654191924 5.9034625934221738319 
 171.18866147115781473 95.760223707876406252 5.9034625934221738319 
 195.8222729565818554 95.760223707876392041 5.9034625934221738319 
 183.50546721386982085 102.87133481898752052 5.9034625934221738319 
 158.87185572844578019 102.87133481898753473 5.9034625934221738319 
 134.23824424302176794 117.09355704120974906 5.9034625934221738319 
 158.87185572844578019 117.09355704120974906 5.9034625934221738319 
 146.55504998573377407 124.20466815232084912 5.9034625934221738319 
 121.9214385003097334 124.20466815232086333 5.9034625934221738319 
 97.287827014885706944 138.42689037454309187 5.9034625934221738319 
 121.9214385003097334 138.42689037454309187 5.9034625934221738319 
 109.60463275759772728 145.53800148565417771 5.9034625934221738319 
 84.971021272173686611 145.53800148565420614 5.9034625934221738319 
 60.337409786749660157 159.76022370787643467 5.9034625934221738319 
 84.971021272173672401 159.76022370787643467 5.9034625934221738319 
 72.654215529461666279 166.87133481898752052 5.9034625934221738319 
 48.020604044037625613 166.87133481898754894 5.9034625934221738319 
 23.386992558613602711 181.09355704120977748 5.9034625934221738319 
 48.020604044037625613 181.09355704120974906 5.9034625934221738319 
 35.703798301325619491 188.20466815232089175 5.9034625934221738319 
 245.08949592742990831 81.538001485654191924 5.9034625934221738319 
 220.45588444200589606 95.760223707876406252 5.9034625934221738319 
 245.08949592742990831 95.760223707876392041 5.9034625934221738319 
 232.77269018471790218 102.87133481898750631 5.9034625934221738319 
 208.13907869929386152 102.87133481898753473 5.9034625934221738319 
 183.50546721386982085 117.09355704120974906 5.9034625934221738319 
 208.13907869929386152 117.09355704120973485 5.9034625934221738319 
 195.8222729565818554 124.20466815232084912 5.9034625934221738319 
 171.18866147115781473 124.20466815232086333 5.9034625934221738319 
 146.55504998573380249 138.42689037454309187 5.9034625934221738319 
 171.18866147115781473 138.42689037454309187 5.9034625934221738319 
 158.87185572844578019 145.53800148565420614 5.9034625934221738319 
 134.23824424302176794 145.53800148565420614 5.9034625934221738319 
 109.60463275759774149 159.76022370787643467 5.9034625934221738319 
 134.23824424302176794 159.76022370787640625 5.9034625934221738319 
 121.92143850030974761 166.87133481898752052 5.9034625934221738319 
 97.287827014885706944 166.87133481898754894 5.9034625934221738319 
 72.654215529461680489 181.09355704120974906 5.9034625934221738319 
 97.287827014885692734 181.09355704120974906 5.9034625934221738319 
 84.971021272173700822 188.20466815232086333 5.9034625934221738319 
 60.337409786749645946 188.20466815232089175 5.9034625934221738319 
 35.703798301325619491 202.42689037454312029 5.9034625934221738319 
 60.337409786749645946 202.42689037454312029 5.9034625934221738319 
 48.020604044037639824 209.53800148565420614 5.9034625934221738319 
 232.77269018471787376 117.09355704120972064 5.9034625934221738319 
 245.08949592742990831 124.2046681523208207 5.9034625934221738319 
 220.45588444200589606 124.20466815232083491 5.9034625934221738319 
 195.82227295658182697 138.42689037454306344 5.9034625934221738319 
 220.45588444200589606 138.42689037454306344 5.9034625934221738319 
 208.13907869929386152 145.53800148565417771 5.9034625934221738319 
 183.50546721386982085 145.53800148565417771 5.9034625934221738319 
 158.87185572844578019 159.76022370787640625 5.9034625934221738319 
 183.50546721386982085 159.76022370787640625 5.9034625934221738319 
 171.18866147115781473 166.8713348189874921 5.9034625934221738319 
 146.55504998573377407 166.8713348189874921 5.9034625934221738319 
 121.92143850030974761 181.09355704120972064 5.9034625934221738319 
 146.55504998573377407 181.09355704120972064 5.9034625934221738319 
 134.23824424302176794 188.20466815232086333 5.9034625934221738319 
 109.60463275759771307 188.20466815232086333 5.9034625934221738319 
 84.971021272173686611 202.42689037454309187 5.9034625934221738319 
 109.60463275759771307 202.42689037454309187 5.9034625934221738319 
 97.287827014885706944 209.53800148565417771 5.9034625934221738319 
 72.654215529461652068 209.53800148565420614 5.9034625934221738319 
 48.020604044037625613 223.76022370787643467 5.9034625934221738319 
 72.654215529461666279 223.76022370787643467 5.9034625934221738319 
 60.337409786749660157 230.87133481898752052 5.9034625934221738319 
 245.08949592742990831 138.42689037454306344 5.9034625934221738319 
 232.77269018471790218 145.53800148565417771 5.9034625934221738319 
 208.13907869929386152 159.76022370787640625 5.9034625934221738319 
 232.77269018471790218 159.76022370787637783 5.9034625934221738319 
 220.45588444200589606 166.8713348189874921 5.9034625934221738319 
 195.8222729565818554 166.8713348189874921 5.9034625934221738319 
 171.18866147115781473 181.09355704120972064 5.9034625934221738319 
 195.82227295658182697 181.09355704120972064 5.9034625934221738319 
 183.50546721386982085 188.20466815232086333 5.9034625934221738319 
 158.87185572844580861 188.20466815232086333 5.9034625934221738319 
 134.23824424302176794 202.42689037454309187 5.9034625934221738319 
 158.87185572844578019 202.42689037454309187 5.9034625934221738319 
 146.55504998573380249 209.53800148565417771 5.9034625934221738319 
 121.92143850030974761 209.53800148565420614 5.9034625934221738319 
 97.287827014885706944 223.76022370787640625 5.9034625934221738319 
 121.92143850030971919 223.76022370787640625 5.9034625934221738319 
 109.60463275759772728 230.87133481898752052 5.9034625934221738319 
 84.971021272173672401 230.87133481898752052 5.9034625934221738319 
 60.337409786749660157 245.09355704120974906 5.9034625934221738319 
 84.971021272173672401 245.09355704120974906 5.9034625934221738319 
 72.654215529461666279 252.20466815232086333 5.9034625934221738319 
 245.08949592742993673 166.8713348189874921 5.9034625934221738319 
 220.45588444200589606 181.09355704120972064 5.9034625934221738319 
 245.08949592742993673 181.09355704120972064 5.9034625934221738319 
 232.77269018471790218 188.20466815232086333 5.9034625934221738319 
 208.13907869929386152 188.20466815232086333 5.9034625934221738319 
 183.50546721386984927 202.42689037454309187 5.9034625934221738319 
 208.13907869929386152 202.42689037454309187 5.9034625934221738319 
 195.8222729565818554 209.53800148565420614 5.9034625934221738319 
 171.18866147115781473 209.53800148565420614 5.9034625934221738319 
 146.55504998573380249 223.76022370787640625 5.9034625934221738319 
 171.18866147115781473 223.76022370787640625 5.9034625934221738319 
 158.87185572844583703 230.8713348189874921 5.9034625934221738319 
 134.23824424302176794 230.87133481898752052 5.9034625934221738319 
 109.60463275759774149 245.09355704120974906 5.9034625934221738319 
 134.23824424302176794 245.09355704120974906 5.9034625934221738319 
 121.92143850030974761 252.20466815232086333 5.9034625934221738319 
 97.287827014885706944 252.20466815232089175 5.9034625934221738319 
 232.77269018471790218 202.42689037454309187 5.9034625934221738319 
 220.45588444200589606 209.53800148565420614 5.9034625934221738319 
 195.82227295658188382 223.76022370787640625 5.9034625934221738319 
 97.287827014885664312 10.426890374543072326 5.9034625934221738319 
 84.97102127217365819 17.538001485654188372 5.9034625934221738319 
 183.50546721386984927 230.87133481898752052 5.9034625934221738319 
 158.87185572844583703 245.09355704120972064 5.9034625934221738319 
 60.337409786749631735 31.760223707876409804 5.9034625934221738319 
 48.020604044037625613 38.871334818987513415 5.9034625934221738319 
 146.55504998573380249 252.20466815232086333 5.9034625934221738319 
 23.386992558613574289 53.09355704120976327 5.9034625934221738319 
 11.070186815901582378 60.204668152320849117 5.9034625934221738319 
