 64.982059309694363947 66.698509074475154534 6.3407674190478306997 
 55.821187027042782347 85.649510444914895402 6.3407674190478306997 
 16.490727112658454701 74.430924183621925749 6.3407674190478306997 
 7.3293131895573502277 93.383070592297769963 6.3407674190478306997 
 140.15512130763116261 1.3155761643265047045 6.3407674190478306997 
 82.502676886387448008 28.000439381042426135 6.3407674190478306997 
 91.663247470145748252 9.0491363117093541746 6.3407674190478306997 
 73.342106302629176184 46.951742450375483884 6.3407674190478306997 
 95.151948640320398454 96.868398405101174831 6.3407674190478306997 
 85.991076357668802643 115.8193997755409157 6.3407674190478306997 
 46.660616443284489208 104.60081351424794605 6.3407674190478306997 
 28.338631936425080937 142.50426299225688354 6.3407674190478306997 
 37.499202520183388287 123.55295992292381868 6.3407674190478306997 
 19.178061352666787798 161.45556606158990576 6.3407674190478306997 
 179.48588292090877871 12.534464124512773253 6.3407674190478306997 
 170.32501063825722554 31.485465494952524779 6.3407674190478306997 
 130.99455072387286236 20.266879233659548021 6.3407674190478306997 
 112.67256621701348251 58.170328711668446431 6.3407674190478306997 
 121.83313680077179697 39.219025642335402893 6.3407674190478306997 
 103.51199563325519648 77.121631781001511285 6.3407674190478306997 
 125.32183797094641875 127.03828773572720934 6.3407674190478306997 
 116.16096568829483715 145.98928910616695021 6.3407674190478306997 
 76.830505773910516609 134.77070284487396634 6.3407674190478306997 
 58.508521267051115444 172.67415232288288962 6.3407674190478306997 
 67.669091850809408584 153.72284925354981056 6.3407674190478306997 
 49.347950683292822305 191.62545539221596869 6.3407674190478306997 
 209.65577225153484164 42.704353455138793549 6.3407674190478306997 
 200.4948999688832032 61.655354825578555733 6.3407674190478306997 
 161.16444005449889687 50.43676856428557187 6.3407674190478306997 
 142.84245554763953123 88.340218042294466727 6.3407674190478306997 
 152.00302613139780306 69.388914972961416083 6.3407674190478306997 
 133.68188496388123099 107.29152111162753158 6.3407674190478306997 
 155.49172730157243905 157.20817706635321542 6.3407674190478306997 
 146.33085501892088587 176.15917843679298471 6.3407674190478306997 
 107.00039510453653691 164.94059217549997243 6.3407674190478306997 
 88.678410597677142846 202.84404165350892413 6.3407674190478306997 
 97.838981181435457302 183.89273858417587348 6.3407674190478306997 
 79.51784001391882839 221.79534472284194635 6.3407674190478306997 
 239.82566158216084773 72.874242785764820951 6.3407674190478306997 
 230.66478929950926613 91.82524415620459024 6.3407674190478306997 
 191.33432938512490296 80.606657894911577955 6.3407674190478306997 
 173.01234487826553732 118.51010737292048702 6.3407674190478306997 
 182.17291546202383756 99.558804303587464801 6.3407674190478306997 
 163.85177429450726549 137.46141044225350925 6.3407674190478306997 
 185.66161663219850197 187.37806639697927835 6.3407674190478306997 
 176.50074434954686353 206.3290677674189908 6.3407674190478306997 
 137.17028443516258562 195.11048150612603536 6.3407674190478306997 
 118.84829992830319156 233.01393098413495863 6.3407674190478306997 
 128.00887051206143497 214.06262791480185115 6.3407674190478306997 
 109.6877293445448629 251.96523405346800928 6.3407674190478306997 
 221.50421871575096588 110.77654722553762667 6.3407674190478306997 
 203.18223420889160025 148.67999670354652153 6.3407674190478306997 
 212.34280479264981523 129.72869363421344246 6.3407674190478306997 
 194.02166362513327158 167.63129977287957217 6.3407674190478306997 
 215.83150596282453648 217.54795572760528444 6.3407674190478306997 
 25.651297696416744287 55.479621114288860895 6.3407674190478306997 
 167.34017376578862013 225.28037083675206986 6.3407674190478306997 
 158.17875984268749789 244.23251724542791408 6.3407674190478306997 
 251.67410804637700039 140.94643655616366118 6.3407674190478306997 
 233.35212353951760633 178.84988603417258446 6.3407674190478306997 
 242.51269412327587816 159.89858296483947697 6.3407674190478306997 
 224.19155295575933451 197.8011891035056351 6.3407674190478306997 
