 97.641636822957693198 64.889557846506392025 6.3407674190478306997 
 83.888033615375064755 80.823811287751638588 6.3407674190478306997 
 48.801310407792421131 59.808017005033100588 6.3407674190478306997 
 21.293497783758866149 91.677859226836275752 6.3407674190478306997 
 35.046887658008174071 75.743236281418759859 6.3407674190478306997 
 7.5401079095095475679 107.61248217225379165 6.3407674190478306997 
 187.17558710980102887 21.190714473806909979 6.3407674190478306997 
 124.58105127818483027 32.044762412891550696 6.3407674190478306997 
 138.3344411524341524 16.110139467474027697 6.3407674190478306997 
 110.82766140393552234 47.979385358309087906 6.3407674190478306997 
 118.97497015629103601 101.83997507464243881 6.3407674190478306997 
 105.22136694870840756 117.77422851588767116 6.3407674190478306997 
 70.134643741125742622 96.758434233169154481 6.3407674190478306997 
 42.626831117092194745 128.62827645497230833 6.3407674190478306997 
 56.380220991341509773 112.69365350955480665 6.3407674190478306997 
 28.873441242842890375 144.56289940038985264 6.3407674190478306997 
 15.687416661865064782 161.47307188858715676 6.3407674190478306997 
 208.50892044313437168 58.141131701942953214 6.3407674190478306997 
 173.42219723555174937 37.125337419224429425 6.3407674190478306997 
 145.91438461151815886 68.995179641027590378 6.3407674190478306997 
 159.66777448576746679 53.06055669561008159 6.3407674190478306997 
 132.16099473726885094 84.929802586445120482 6.3407674190478306997 
 140.30830348962439302 138.7903923027784856 6.3407674190478306997 
 126.55470028204173616 154.72464574402371795 6.3407674190478306997 
 91.467977074459085429 133.70885146130518706 6.3407674190478306997 
 63.960164450425544658 165.57869368310838354 6.3407674190478306997 
 77.713554324674859686 149.64407073769083922 6.3407674190478306997 
 50.206774576176243841 181.51331662852589943 6.3407674190478306997 
  37.0207499951984218 198.42348911672320355 6.3407674190478306997 
 229.84225377646771449 95.091548930078985791 6.3407674190478306997 
 194.75553056888503534 74.075754647360469107 6.3407674190478306997 
 167.24771794485150167 105.94559686916366559 6.3407674190478306997 
 181.00110781910080959 90.010973923746121272 6.3407674190478306997 
 153.49432807060219375 121.88021981458119569 6.3407674190478306997 
 161.64163682295770741 175.74080953091450397 6.3407674190478306997 
 147.88803361537509318 191.67506297215976474 6.3407674190478306997 
 112.80131040779242824 170.65926868944123385 6.3407674190478306997 
 85.29349778375889457 202.52911091124443033 6.3407674190478306997 
 99.046887658008188282 186.59448796582691443 6.3407674190478306997 
 71.540107909509572437 218.4637338566619178 6.3407674190478306997 
 58.354083328531750396 235.37390634485925034 6.3407674190478306997 
 251.1755871098010573 132.04196615821504679 6.3407674190478306997 
 216.08886390221840657 111.02617187549653011 6.3407674190478306997 
 188.58105127818484448 142.8960140972997408 6.3407674190478306997 
 202.33444115243418082 126.96139115188218227 6.3407674190478306997 
 174.82766140393553655 158.83063704271722827 6.3407674190478306997 
 182.97497015629105022 212.69122675905057918 6.3407674190478306997 
 169.22136694870843598 228.62548020029581153 6.3407674190478306997 
 134.13464374112575683 207.60968591757728063 6.3407674190478306997 
 106.62683111709220896 239.47952813938044869 6.3407674190478306997 
 120.38022099134151688 223.5449051939629328 6.3407674190478306997 
 92.873441242842915244 255.41415108479799301 6.3407674190478306997 
 237.42219723555174937 147.9765891036325911 6.3407674190478306997 
 209.91438461151818728 179.84643132543575916 6.3407674190478306997 
 223.66777448576749521 163.91180838001821485 6.3407674190478306997 
 196.16099473726887936 195.78105427085330348 6.3407674190478306997 
 76.308303489624378813 27.939140618370359448 6.3407674190478306997 
 62.554700282041721948 43.873394059615577589 6.3407674190478306997 
 155.46797707445912806 244.56010314571335584 6.3407674190478306997 
 231.24771794485150167 216.79684855357180595 6.3407674190478306997 
 245.00110781910086644 200.86222560815426164 6.3407674190478306997 
 89.494328070602193748 11.028968130173062434 6.3407674190478306997 
