  4.20906926237458201 10.679693467888005998 6.1037569736202836879 
 20.209069262374573128 26.679693467888011327 6.1037569736202836879 
 20.209069262374573128 10.679693467888005998 6.1037569736202836879 
  4.20906926237458201 26.679693467888011327 6.1037569736202836879 
  4.20906926237458201 42.679693467888007774 6.1037569736202836879 
 20.209069262374573128 58.679693467888000669 6.1037569736202836879 
 20.209069262374573128 42.679693467888007774 6.1037569736202836879 
  4.20906926237458201 58.679693467888000669 6.1037569736202836879 
  4.20906926237458201 74.679693467888000669 6.1037569736202836879 
 20.209069262374573128 90.679693467888014879 6.1037569736202836879 
 20.209069262374573128 74.679693467888000669 6.1037569736202836879 
  4.20906926237458201 90.679693467888014879 6.1037569736202836879 
  4.20906926237458201 106.67969346788800067 6.1037569736202836879 
 20.209069262374573128 122.67969346788800067 6.1037569736202836879 
 20.209069262374573128 106.67969346788800067 6.1037569736202836879 
  4.20906926237458201 122.67969346788800067 6.1037569736202836879 
  4.20906926237458201 138.67969346788800067 6.1037569736202836879 
 20.209069262374573128 154.67969346788800067 6.1037569736202836879 
 20.209069262374573128 138.67969346788800067 6.1037569736202836879 
  4.20906926237458201 154.67969346788800067 6.1037569736202836879 
  4.20906926237458201 170.67969346788802909 6.1037569736202836879 
 20.209069262374573128 186.67969346788802909 6.1037569736202836879 
 20.209069262374573128 170.67969346788802909 6.1037569736202836879 
  4.20906926237458201 186.67969346788802909 6.1037569736202836879 
  4.20906926237458201 202.67969346788800067 6.1037569736202836879 
 20.209069262374573128 218.67969346788800067 6.1037569736202836879 
 20.209069262374573128 202.67969346788800067 6.1037569736202836879 
  4.20906926237458201 218.67969346788800067 6.1037569736202836879 
  4.20906926237458201 234.67969346788800067 6.1037569736202836879 
 20.209069262374573128 250.67969346788800067 6.1037569736202836879 
 20.209069262374573128 234.67969346788800067 6.1037569736202836879 
  4.20906926237458201 250.67969346788800067 6.1037569736202836879 
 36.209069262374583786 10.679693467888005998 6.1037569736202836879 
 52.209069262374590892 26.679693467888011327 6.1037569736202836879 
 52.209069262374590892 10.679693467888005998 6.1037569736202836879 
 36.209069262374583786 26.679693467888011327 6.1037569736202836879 
 36.209069262374583786 42.679693467888007774 6.1037569736202836879 
 52.209069262374590892 58.679693467888000669 6.1037569736202836879 
 52.209069262374590892 42.679693467888007774 6.1037569736202836879 
 36.209069262374583786 58.679693467888000669 6.1037569736202836879 
 36.209069262374583786 74.679693467888000669 6.1037569736202836879 
 52.209069262374590892 90.679693467888014879 6.1037569736202836879 
 52.209069262374590892 74.679693467888000669 6.1037569736202836879 
 36.209069262374583786 90.679693467888014879 6.1037569736202836879 
 36.209069262374583786 106.67969346788800067 6.1037569736202836879 
 52.209069262374590892 122.67969346788800067 6.1037569736202836879 
 52.209069262374590892 106.67969346788800067 6.1037569736202836879 
 36.209069262374583786 122.67969346788800067 6.1037569736202836879 
 36.209069262374583786 138.67969346788800067 6.1037569736202836879 
 52.209069262374590892 154.67969346788800067 6.1037569736202836879 
 52.209069262374590892 138.67969346788800067 6.1037569736202836879 
 36.209069262374583786 154.67969346788800067 6.1037569736202836879 
 36.209069262374583786 170.67969346788802909 6.1037569736202836879 
 52.209069262374590892 186.67969346788802909 6.1037569736202836879 
 52.209069262374590892 170.67969346788802909 6.1037569736202836879 
 36.209069262374583786 186.67969346788802909 6.1037569736202836879 
 36.209069262374583786 202.67969346788800067 6.1037569736202836879 
 52.209069262374590892 218.67969346788800067 6.1037569736202836879 
 52.209069262374590892 202.67969346788800067 6.1037569736202836879 
 36.209069262374583786 218.67969346788800067 6.1037569736202836879 
 36.209069262374583786 234.67969346788800067 6.1037569736202836879 
 52.209069262374590892 250.67969346788800067 6.1037569736202836879 
 52.209069262374590892 234.67969346788800067 6.1037569736202836879 
 36.209069262374583786 250.67969346788800067 6.1037569736202836879 
 68.209069262374583786 10.679693467888005998 6.1037569736202836879 
 84.209069262374583786 26.679693467888011327 6.1037569736202836879 
 84.209069262374583786 10.679693467888005998 6.1037569736202836879 
 68.209069262374583786 26.679693467888011327 6.1037569736202836879 
 68.209069262374583786 42.679693467888007774 6.1037569736202836879 
 84.209069262374583786 58.679693467888000669 6.1037569736202836879 
 84.209069262374583786 42.679693467888007774 6.1037569736202836879 
 68.209069262374583786 58.679693467888000669 6.1037569736202836879 
 68.209069262374583786 74.679693467888000669 6.1037569736202836879 
 84.209069262374583786 90.679693467888014879 6.1037569736202836879 
 84.209069262374583786 74.679693467888000669 6.1037569736202836879 
 68.209069262374583786 90.679693467888014879 6.1037569736202836879 
 68.209069262374583786 106.67969346788800067 6.1037569736202836879 
 84.209069262374583786 122.67969346788800067 6.1037569736202836879 
 84.209069262374583786 106.67969346788800067 6.1037569736202836879 
 68.209069262374583786 122.67969346788800067 6.1037569736202836879 
 68.209069262374583786 138.67969346788800067 6.1037569736202836879 
 84.209069262374583786 154.67969346788800067 6.1037569736202836879 
 84.209069262374583786 138.67969346788800067 6.1037569736202836879 
 68.209069262374583786 154.67969346788800067 6.1037569736202836879 
 68.209069262374583786 170.67969346788802909 6.1037569736202836879 
 84.209069262374583786 186.67969346788802909 6.1037569736202836879 
 84.209069262374583786 170.67969346788802909 6.1037569736202836879 
 68.209069262374583786 186.67969346788802909 6.1037569736202836879 
 68.209069262374583786 202.67969346788800067 6.1037569736202836879 
 84.209069262374583786 218.67969346788800067 6.1037569736202836879 
 84.209069262374583786 202.67969346788800067 6.1037569736202836879 
 68.209069262374583786 218.67969346788800067 6.1037569736202836879 
 68.209069262374583786 234.67969346788800067 6.1037569736202836879 
 84.209069262374583786 250.67969346788800067 6.1037569736202836879 
 84.209069262374583786 234.67969346788800067 6.1037569736202836879 
 68.209069262374583786 250.67969346788800067 6.1037569736202836879 
 100.20906926237458379 10.679693467888005998 6.1037569736202836879 
 116.20906926237456958 26.679693467888011327 6.1037569736202836879 
 116.20906926237456958 10.679693467888005998 6.1037569736202836879 
 100.20906926237458379 26.679693467888011327 6.1037569736202836879 
 100.20906926237458379 42.679693467888007774 6.1037569736202836879 
 116.20906926237456958 58.679693467888000669 6.1037569736202836879 
 116.20906926237456958 42.679693467888007774 6.1037569736202836879 
 100.20906926237458379 58.679693467888000669 6.1037569736202836879 
 100.20906926237458379 74.679693467888000669 6.1037569736202836879 
 116.20906926237456958 90.679693467888014879 6.1037569736202836879 
 116.20906926237456958 74.679693467888000669 6.1037569736202836879 
 100.20906926237458379 90.679693467888014879 6.1037569736202836879 
 100.20906926237458379 106.67969346788800067 6.1037569736202836879 
 116.20906926237456958 122.67969346788800067 6.1037569736202836879 
 116.20906926237456958 106.67969346788800067 6.1037569736202836879 
 100.20906926237458379 122.67969346788800067 6.1037569736202836879 
 100.20906926237458379 138.67969346788800067 6.1037569736202836879 
 116.20906926237456958 154.67969346788800067 6.1037569736202836879 
 116.20906926237456958 138.67969346788800067 6.1037569736202836879 
 100.20906926237458379 154.67969346788800067 6.1037569736202836879 
 100.20906926237458379 170.67969346788802909 6.1037569736202836879 
 116.20906926237456958 186.67969346788802909 6.1037569736202836879 
 116.20906926237456958 170.67969346788802909 6.1037569736202836879 
 100.20906926237458379 186.67969346788802909 6.1037569736202836879 
 100.20906926237458379 202.67969346788800067 6.1037569736202836879 
 116.20906926237456958 218.67969346788800067 6.1037569736202836879 
 116.20906926237456958 202.67969346788800067 6.1037569736202836879 
 100.20906926237458379 218.67969346788800067 6.1037569736202836879 
 100.20906926237458379 234.67969346788800067 6.1037569736202836879 
 116.20906926237456958 250.67969346788800067 6.1037569736202836879 
 116.20906926237456958 234.67969346788800067 6.1037569736202836879 
 100.20906926237458379 250.67969346788800067 6.1037569736202836879 
 132.20906926237455536 10.679693467888005998 6.1037569736202836879 
 148.20906926237458379 26.679693467888011327 6.1037569736202836879 
 148.20906926237458379 10.679693467888005998 6.1037569736202836879 
 132.20906926237455536 26.679693467888011327 6.1037569736202836879 
 132.20906926237455536 42.679693467888007774 6.1037569736202836879 
 148.20906926237458379 58.679693467888000669 6.1037569736202836879 
 148.20906926237458379 42.679693467888007774 6.1037569736202836879 
 132.20906926237455536 58.679693467888000669 6.1037569736202836879 
 132.20906926237455536 74.679693467888000669 6.1037569736202836879 
 148.20906926237458379 90.679693467888014879 6.1037569736202836879 
 148.20906926237458379 74.679693467888000669 6.1037569736202836879 
 132.20906926237455536 90.679693467888014879 6.1037569736202836879 
 132.20906926237455536 106.67969346788800067 6.1037569736202836879 
 148.20906926237458379 122.67969346788800067 6.1037569736202836879 
 148.20906926237458379 106.67969346788800067 6.1037569736202836879 
 132.20906926237455536 122.67969346788800067 6.1037569736202836879 
 132.20906926237455536 138.67969346788800067 6.1037569736202836879 
 148.20906926237458379 154.67969346788800067 6.1037569736202836879 
 148.20906926237458379 138.67969346788800067 6.1037569736202836879 
 132.20906926237455536 154.67969346788800067 6.1037569736202836879 
 132.20906926237455536 170.67969346788802909 6.1037569736202836879 
 148.20906926237458379 186.67969346788802909 6.1037569736202836879 
 148.20906926237458379 170.67969346788802909 6.1037569736202836879 
 132.20906926237455536 186.67969346788802909 6.1037569736202836879 
 132.20906926237455536 202.67969346788800067 6.1037569736202836879 
 148.20906926237458379 218.67969346788800067 6.1037569736202836879 
 148.20906926237458379 202.67969346788800067 6.1037569736202836879 
 132.20906926237455536 218.67969346788800067 6.1037569736202836879 
 132.20906926237455536 234.67969346788800067 6.1037569736202836879 
 148.20906926237458379 250.67969346788800067 6.1037569736202836879 
 148.20906926237458379 234.67969346788800067 6.1037569736202836879 
 132.20906926237455536 250.67969346788800067 6.1037569736202836879 
 164.20906926237458379 10.679693467888005998 6.1037569736202836879 
 180.20906926237458379 26.679693467888011327 6.1037569736202836879 
 180.20906926237458379 10.679693467888005998 6.1037569736202836879 
 164.20906926237458379 26.679693467888011327 6.1037569736202836879 
 164.20906926237458379 42.679693467888007774 6.1037569736202836879 
 180.20906926237458379 58.679693467888000669 6.1037569736202836879 
 180.20906926237458379 42.679693467888007774 6.1037569736202836879 
 164.20906926237458379 58.679693467888000669 6.1037569736202836879 
 164.20906926237458379 74.679693467888000669 6.1037569736202836879 
 180.20906926237458379 90.679693467888014879 6.1037569736202836879 
 180.20906926237458379 74.679693467888000669 6.1037569736202836879 
 164.20906926237458379 90.679693467888014879 6.1037569736202836879 
 164.20906926237458379 106.67969346788800067 6.1037569736202836879 
 180.20906926237458379 122.67969346788800067 6.1037569736202836879 
 180.20906926237458379 106.67969346788800067 6.1037569736202836879 
 164.20906926237458379 122.67969346788800067 6.1037569736202836879 
 164.20906926237458379 138.67969346788800067 6.1037569736202836879 
 180.20906926237458379 154.67969346788800067 6.1037569736202836879 
 180.20906926237458379 138.67969346788800067 6.1037569736202836879 
 164.20906926237458379 154.67969346788800067 6.1037569736202836879 
 164.20906926237458379 170.67969346788802909 6.1037569736202836879 
 180.20906926237458379 186.67969346788802909 6.1037569736202836879 
 180.20906926237458379 170.67969346788802909 6.1037569736202836879 
 164.20906926237458379 186.67969346788802909 6.1037569736202836879 
 164.20906926237458379 202.67969346788800067 6.1037569736202836879 
 180.20906926237458379 218.67969346788800067 6.1037569736202836879 
 180.20906926237458379 202.67969346788800067 6.1037569736202836879 
 164.20906926237458379 218.67969346788800067 6.1037569736202836879 
 164.20906926237458379 234.67969346788800067 6.1037569736202836879 
 180.20906926237458379 250.67969346788800067 6.1037569736202836879 
 180.20906926237458379 234.67969346788800067 6.1037569736202836879 
 164.20906926237458379 250.67969346788800067 6.1037569736202836879 
 196.20906926237455536 10.679693467888005998 6.1037569736202836879 
 212.20906926237458379 26.679693467888011327 6.1037569736202836879 
 212.20906926237458379 10.679693467888005998 6.1037569736202836879 
 196.20906926237455536 26.679693467888011327 6.1037569736202836879 
 196.20906926237455536 42.679693467888007774 6.1037569736202836879 
 212.20906926237458379 58.679693467888000669 6.1037569736202836879 
 212.20906926237458379 42.679693467888007774 6.1037569736202836879 
 196.20906926237455536 58.679693467888000669 6.1037569736202836879 
 196.20906926237455536 74.679693467888000669 6.1037569736202836879 
 212.20906926237458379 90.679693467888014879 6.1037569736202836879 
 212.20906926237458379 74.679693467888000669 6.1037569736202836879 
 196.20906926237455536 90.679693467888014879 6.1037569736202836879 
 196.20906926237455536 106.67969346788800067 6.1037569736202836879 
 212.20906926237458379 122.67969346788800067 6.1037569736202836879 
 212.20906926237458379 106.67969346788800067 6.1037569736202836879 
 196.20906926237455536 122.67969346788800067 6.1037569736202836879 
 196.20906926237455536 138.67969346788800067 6.1037569736202836879 
 212.20906926237458379 154.67969346788800067 6.1037569736202836879 
 212.20906926237458379 138.67969346788800067 6.1037569736202836879 
 196.20906926237455536 154.67969346788800067 6.1037569736202836879 
 196.20906926237455536 170.67969346788802909 6.1037569736202836879 
 212.20906926237458379 186.67969346788802909 6.1037569736202836879 
 212.20906926237458379 170.67969346788802909 6.1037569736202836879 
 196.20906926237455536 186.67969346788802909 6.1037569736202836879 
 196.20906926237455536 202.67969346788800067 6.1037569736202836879 
 212.20906926237458379 218.67969346788800067 6.1037569736202836879 
 212.20906926237458379 202.67969346788800067 6.1037569736202836879 
 196.20906926237455536 218.67969346788800067 6.1037569736202836879 
 196.20906926237455536 234.67969346788800067 6.1037569736202836879 
 212.20906926237458379 250.67969346788800067 6.1037569736202836879 
 212.20906926237458379 234.67969346788800067 6.1037569736202836879 
 196.20906926237455536 250.67969346788800067 6.1037569736202836879 
 228.20906926237455536 10.679693467888005998 6.1037569736202836879 
 244.20906926237455536 26.679693467888011327 6.1037569736202836879 
 244.20906926237455536 10.679693467888005998 6.1037569736202836879 
 228.20906926237455536 26.679693467888011327 6.1037569736202836879 
 228.20906926237455536 42.679693467888007774 6.1037569736202836879 
 244.20906926237455536 58.679693467888000669 6.1037569736202836879 
 244.20906926237455536 42.679693467888007774 6.1037569736202836879 
 228.20906926237455536 58.679693467888000669 6.1037569736202836879 
 228.20906926237455536 74.679693467888000669 6.1037569736202836879 
 244.20906926237455536 90.679693467888014879 6.1037569736202836879 
 244.20906926237455536 74.679693467888000669 6.1037569736202836879 
 228.20906926237455536 90.679693467888014879 6.1037569736202836879 
 228.20906926237455536 106.67969346788800067 6.1037569736202836879 
 244.20906926237455536 122.67969346788800067 6.1037569736202836879 
 244.20906926237455536 106.67969346788800067 6.1037569736202836879 
 228.20906926237455536 122.67969346788800067 6.1037569736202836879 
 228.20906926237455536 138.67969346788800067 6.1037569736202836879 
 244.20906926237455536 154.67969346788800067 6.1037569736202836879 
 244.20906926237455536 138.67969346788800067 6.1037569736202836879 
 228.20906926237455536 154.67969346788800067 6.1037569736202836879 
 228.20906926237455536 170.67969346788802909 6.1037569736202836879 
 244.20906926237455536 186.67969346788802909 6.1037569736202836879 
 244.20906926237455536 170.67969346788802909 6.1037569736202836879 
 228.20906926237455536 186.67969346788802909 6.1037569736202836879 
 228.20906926237455536 202.67969346788800067 6.1037569736202836879 
 244.20906926237455536 218.67969346788800067 6.1037569736202836879 
 244.20906926237455536 202.67969346788800067 6.1037569736202836879 
 228.20906926237455536 218.67969346788800067 6.1037569736202836879 
 228.20906926237455536 234.67969346788800067 6.1037569736202836879 
 244.20906926237455536 250.67969346788800067 6.1037569736202836879 
 244.20906926237455536 234.67969346788800067 6.1037569736202836879 
 228.20906926237455536 250.67969346788800067 6.1037569736202836879 
