 107.34876622062360241 2.3341836493808338915 6.1037569736202836879 
 85.492359760072588415 8.1905901099318434433 6.1037569736202836879 
 91.348766220623630829 30.046996570482857436 6.1037569736202836879 
 99.348766220623616618 16.190590109931846996 6.1037569736202836879 
 77.492359760072588415 22.046996570482853883 6.1037569736202836879 
 69.492359760072602626 35.903403031033867876 6.1037569736202836879 
 75.348766220623616618 57.75980949158489608 6.1037569736202836879 
 83.348766220623630829 43.903403031033874981 6.1037569736202836879 
 61.49235976007259552 49.75980949158489608 6.1037569736202836879 
 53.492359760072588415 63.616215952135910072 6.1037569736202836879 
 59.348766220623630829 85.47262241268693117 6.1037569736202836879 
 67.348766220623616618 71.616215952135917178 6.1037569736202836879 
 45.492359760072602626 77.47262241268691696 6.1037569736202836879 
 37.49235976007259552 91.329028873237945163 6.1037569736202836879 
 43.348766220623623724 113.18543533378897337 6.1037569736202836879 
 51.348766220623623724 99.329028873237945163 6.1037569736202836879 
 29.492359760072591968 105.18543533378897337 6.1037569736202836879 
 21.492359760072588415 119.04184179434000157 6.1037569736202836879 
 27.348766220623613066 140.89824825489102977 6.1037569736202836879 
 35.348766220623616618 127.04184179434000157 6.1037569736202836879 
 13.492359760072586639 132.89824825489102977 6.1037569736202836879 
 5.4923597600726115076 146.75465471544202956 6.1037569736202836879 
 11.348766220623620171 168.61106117599305776 6.1037569736202836879 
 19.348766220623623724 154.75465471544202956 6.1037569736202836879 
 3.3487662206236463724 182.46746763654405754 6.1037569736202836879 
 135.0615791417256446 18.334183649380825898 6.1037569736202836879 
 143.06157914172567303 4.4777771888297994707 6.1037569736202836879 
 121.2051726811746164 10.334183649380822345 6.1037569736202836879 
 113.2051726811746164 24.190590109931836338 6.1037569736202836879 
 119.06157914172565881 46.046996570482853883 6.1037569736202836879 
 127.06157914172565881 32.190590109931839891 6.1037569736202836879 
 105.20517268117463061 38.046996570482846778 6.1037569736202836879 
  97.2051726811746164 51.903403031033874981 6.1037569736202836879 
 103.0615791417256446 73.759809491584888974 6.1037569736202836879 
 111.0615791417256446 59.903403031033882087 6.1037569736202836879 
  89.2051726811746164 65.759809491584903185 6.1037569736202836879 
 81.205172681174630611 79.616215952135917178 6.1037569736202836879 
 87.061579141725673026 101.47262241268691696 6.1037569736202836879 
 95.061579141725658815 87.616215952135902967 6.1037569736202836879 
 73.205172681174630611 93.47262241268691696 6.1037569736202836879 
 65.205172681174630611 107.32902887323795937 6.1037569736202836879 
 71.061579141725658815 129.18543533378897337 6.1037569736202836879 
 79.061579141725658815 115.32902887323794516 6.1037569736202836879 
 57.205172681174630611 121.18543533378897337 6.1037569736202836879 
 49.205172681174630611 135.04184179434000157 6.1037569736202836879 
 55.061579141725651709 156.89824825489102977 6.1037569736202836879 
 63.061579141725658815 143.04184179434000157 6.1037569736202836879 
 41.205172681174623506 148.89824825489102977 6.1037569736202836879 
 33.205172681174637717 162.75465471544200113 6.1037569736202836879 
 39.061579141725658815 184.61106117599305776 6.1037569736202836879 
 47.06157914172566592 170.75465471544202956 6.1037569736202836879 
 25.205172681174634164 176.61106117599305776 6.1037569736202836879 
 17.205172681174644822 190.46746763654402912 6.1037569736202836879 
 23.061579141725669473 212.32387409709508574 6.1037569736202836879 
 31.061579141725673026 198.46746763654405754 6.1037569736202836879 
 9.2051726811746412693 204.32387409709508574 6.1037569736202836879 
 156.91798560227667281 12.477777188829788813 6.1037569736202836879 
 162.77439206282767259 34.334183649380818792 6.1037569736202836879 
 170.77439206282770101 20.477777188829790589 6.1037569736202836879 
 148.91798560227664439 26.33418364938081524 6.1037569736202836879 
 140.91798560227667281 40.19059010993182568 6.1037569736202836879 
 146.77439206282770101 62.046996570482846778 6.1037569736202836879 
 154.77439206282767259 48.190590109931832785 6.1037569736202836879 
 132.91798560227667281 54.046996570482839672 6.1037569736202836879 
 124.9179856022766586 67.903403031033874981 6.1037569736202836879 
 130.77439206282767259 89.759809491584903185 6.1037569736202836879 
 138.77439206282770101 75.903403031033874981 6.1037569736202836879 
 116.9179856022766586 81.759809491584888974 6.1037569736202836879 
 108.91798560227667281 95.616215952135902967 6.1037569736202836879 
 114.7743920628276868 117.47262241268693117 6.1037569736202836879 
 122.77439206282770101 103.61621595213591718 6.1037569736202836879 
 100.91798560227668702 109.47262241268691696 6.1037569736202836879 
 92.917985602276672807 123.32902887323794516 6.1037569736202836879 
  98.7743920628276868 145.18543533378897337 6.1037569736202836879 
 106.7743920628276868 131.32902887323794516 6.1037569736202836879 
 84.917985602276672807 137.18543533378897337 6.1037569736202836879 
 76.917985602276672807 151.04184179434000157 6.1037569736202836879 
 82.774392062827672589 172.89824825489102977 6.1037569736202836879 
  90.7743920628276868 159.04184179434000157 6.1037569736202836879 
 68.917985602276672807 164.89824825489100135 6.1037569736202836879 
 60.917985602276679913 178.75465471544200113 6.1037569736202836879 
 66.774392062827701011 200.61106117599305776 6.1037569736202836879 
 74.774392062827701011 186.75465471544202956 6.1037569736202836879 
 52.917985602276672807 192.61106117599302934 6.1037569736202836879 
 44.917985602276687018 206.46746763654402912 6.1037569736202836879 
 50.774392062827708116 228.32387409709508574 6.1037569736202836879 
 58.774392062827715222 214.46746763654405754 6.1037569736202836879 
 36.917985602276679913 220.32387409709505732 6.1037569736202836879 
 184.63079852337870079 28.477777188829794142 6.1037569736202836879 
 190.48720498392970057 50.334183649380811687 6.1037569736202836879 
  198.487204983929729 36.477777188829783483 6.1037569736202836879 
 176.63079852337870079 42.334183649380825898 6.1037569736202836879 
 168.63079852337870079 56.190590109931832785 6.1037569736202836879 
  174.487204983929729 78.046996570482832567 6.1037569736202836879 
 182.48720498392970057 64.190590109931832785 6.1037569736202836879 
 160.63079852337870079 70.046996570482846778 6.1037569736202836879 
 152.63079852337870079 83.903403031033860771 6.1037569736202836879 
  158.487204983929729 105.75980949158488897 6.1037569736202836879 
 166.48720498392970057 91.903403031033860771 6.1037569736202836879 
 144.63079852337870079 97.759809491584888974 6.1037569736202836879 
 136.63079852337870079 111.61621595213590297 6.1037569736202836879 
  142.487204983929729 133.47262241268691696 6.1037569736202836879 
  150.487204983929729 119.61621595213590297 6.1037569736202836879 
 128.63079852337870079 125.47262241268691696 6.1037569736202836879 
 120.63079852337870079 139.32902887323794516 6.1037569736202836879 
 126.48720498392971479 161.18543533378894494 6.1037569736202836879 
  134.487204983929729 147.32902887323794516 6.1037569736202836879 
 112.63079852337870079 153.18543533378897337 6.1037569736202836879 
 104.63079852337870079 167.04184179434000157 6.1037569736202836879 
 110.48720498392970057 188.89824825489100135 6.1037569736202836879 
  118.487204983929729 175.04184179434000157 6.1037569736202836879 
 96.630798523378686582 180.89824825489100135 6.1037569736202836879 
 88.630798523378715004 194.75465471544202956 6.1037569736202836879 
 94.487204983929728996 216.61106117599302934 6.1037569736202836879 
  102.487204983929729 202.75465471544200113 6.1037569736202836879 
 80.630798523378715004 208.61106117599302934 6.1037569736202836879 
 72.630798523378729215 222.46746763654405754 6.1037569736202836879 
 78.487204983929728996 244.32387409709505732 6.1037569736202836879 
 86.487204983929743207 230.46746763654402912 6.1037569736202836879 
 64.630798523378729215 236.32387409709505732 6.1037569736202836879 
 212.34361144448072878 44.477777188829790589 6.1037569736202836879 
 218.20001790503175698 66.334183649380818792 6.1037569736202836879 
 226.20001790503175698 52.477777188829790589 6.1037569736202836879 
 204.3436114444807572 58.334183649380818792 6.1037569736202836879 
 196.34361144448072878 72.190590109931832785 6.1037569736202836879 
 202.20001790503175698 94.046996570482846778 6.1037569736202836879 
 210.20001790503175698 80.190590109931832785 6.1037569736202836879 
 188.3436114444807572 86.046996570482846778 6.1037569736202836879 
 180.3436114444807572 99.903403031033874981 6.1037569736202836879 
 186.20001790503175698 121.75980949158488897 6.1037569736202836879 
 194.2000179050317854 107.90340303103387498 6.1037569736202836879 
 172.34361144448072878 113.75980949158488897 6.1037569736202836879 
 164.34361144448072878 127.61621595213590297 6.1037569736202836879 
 170.2000179050317854 149.47262241268691696 6.1037569736202836879 
 178.2000179050317854 135.61621595213588876 6.1037569736202836879 
 156.3436114444807572 141.47262241268691696 6.1037569736202836879 
 148.3436114444807572 155.32902887323794516 6.1037569736202836879 
 154.20001790503175698 177.18543533378897337 6.1037569736202836879 
 162.20001790503175698 163.32902887323794516 6.1037569736202836879 
 140.3436114444807572 169.18543533378897337 6.1037569736202836879 
 132.3436114444807572 183.04184179434000157 6.1037569736202836879 
 138.20001790503175698 204.89824825489102977 6.1037569736202836879 
 146.20001790503175698 191.04184179433997315 6.1037569736202836879 
 124.34361144448074299 196.89824825489102977 6.1037569736202836879 
 116.3436114444807572 210.75465471544202956 6.1037569736202836879 
 122.2000179050317854 232.61106117599305776 6.1037569736202836879 
 130.2000179050317854 218.75465471544200113 6.1037569736202836879 
 108.3436114444807572 224.61106117599302934 6.1037569736202836879 
 100.34361144448077141 238.46746763654405754 6.1037569736202836879 
 114.20001790503177119 246.46746763654402912 6.1037569736202836879 
  92.3436114444807572 252.32387409709505732 6.1037569736202836879 
 240.05642436558278519 60.477777188829797694 6.1037569736202836879 
 245.91283082613381339 82.334183649380818792 6.1037569736202836879 
 253.91283082613381339  68.4777771888298048 6.1037569736202836879 
 232.05642436558278519 74.334183649380818792 6.1037569736202836879 
 224.05642436558281361 88.190590109931832785 6.1037569736202836879 
 229.91283082613381339 110.04699657048283257 6.1037569736202836879 
 237.91283082613381339 96.190590109931818574 6.1037569736202836879 
 216.05642436558281361 102.04699657048284678 6.1037569736202836879 
 208.05642436558278519 115.90340303103387498 6.1037569736202836879 
 213.91283082613384181 137.75980949158488897 6.1037569736202836879 
 221.91283082613381339 123.90340303103387498 6.1037569736202836879 
 200.05642436558278519 129.75980949158488897 6.1037569736202836879 
 192.05642436558278519 143.61621595213588876 6.1037569736202836879 
 197.91283082613384181 165.47262241268691696 6.1037569736202836879 
 205.91283082613381339 151.61621595213591718 6.1037569736202836879 
 184.05642436558281361 157.47262241268691696 6.1037569736202836879 
 176.05642436558278519 171.32902887323794516 6.1037569736202836879 
 181.91283082613381339 193.18543533378897337 6.1037569736202836879 
 189.91283082613381339 179.32902887323797358 6.1037569736202836879 
 168.05642436558281361 185.18543533378897337 6.1037569736202836879 
 160.05642436558281361 199.04184179434000157 6.1037569736202836879 
 165.91283082613381339 220.89824825489102977 6.1037569736202836879 
 173.91283082613381339 207.04184179433997315 6.1037569736202836879 
 152.05642436558281361 212.89824825489102977 6.1037569736202836879 
 144.05642436558278519 226.75465471544202956 6.1037569736202836879 
 149.91283082613384181 248.61106117599305776 6.1037569736202836879 
 157.91283082613384181 234.75465471544200113 6.1037569736202836879 
 136.05642436558278519 240.61106117599305776 6.1037569736202836879 
 128.05642436558281361 254.46746763654405754 6.1037569736202836879 
 251.76923728668484159 104.19059010993183279 6.1037569736202836879 
 243.76923728668481317 118.04699657048284678 6.1037569736202836879 
 235.76923728668481317 131.90340303103386077 6.1037569736202836879 
 241.6256437472358698 153.75980949158488897 6.1037569736202836879 
 249.62564374723584137 139.90340303103386077 6.1037569736202836879 
 227.76923728668481317 145.75980949158488897 6.1037569736202836879 
 219.76923728668481317 159.61621595213591718 6.1037569736202836879 
 225.62564374723584137 181.47262241268688854 6.1037569736202836879 
 233.62564374723584137 167.61621595213588876 6.1037569736202836879 
 211.76923728668484159 173.47262241268691696 6.1037569736202836879 
 203.76923728668481317 187.32902887323794516 6.1037569736202836879 
 209.62564374723584137 209.18543533378897337 6.1037569736202836879 
 217.62564374723584137 195.32902887323794516 6.1037569736202836879 
 195.76923728668484159 201.18543533378894494 6.1037569736202836879 
 187.76923728668481317 215.04184179434000157 6.1037569736202836879 
 193.62564374723584137 236.89824825489100135 6.1037569736202836879 
 201.62564374723584137 223.04184179434000157 6.1037569736202836879 
 179.76923728668481317 228.89824825489100135 6.1037569736202836879 
 171.76923728668481317 242.75465471544200113 6.1037569736202836879 
 185.6256437472358698 250.75465471544202956 6.1037569736202836879 
 163.76923728668481317 256.61106117599302934 6.1037569736202836879 
 63.635953299521574422 14.046996570482852107 6.1037569736202836879 
 47.635953299521581528 41.759809491584903185 6.1037569736202836879 
 55.635953299521581528 27.903403031033892745 6.1037569736202836879 
 255.48205020778684116 161.75980949158486055 6.1037569736202836879 
 247.48205020778684116 175.61621595213588876 6.1037569736202836879 
 31.635953299521588633 69.47262241268693117 6.1037569736202836879 
 39.635953299521574422 55.616215952135917178 6.1037569736202836879 
 239.48205020778686958 189.47262241268688854 6.1037569736202836879 
 231.48205020778684116 203.32902887323794516 6.1037569736202836879 
 15.635953299521581528 97.185435333788987577 6.1037569736202836879 
 23.63595329952158508 83.329028873237959374 6.1037569736202836879 
 223.48205020778686958 217.18543533378894494 6.1037569736202836879 
 215.48205020778684116 231.04184179433997315 6.1037569736202836879 
 7.6359532995215770868 111.04184179434001578 6.1037569736202836879 
 207.48205020778684116 244.89824825489100135 6.1037569736202836879 
