 213.34479303609788303 16.526808332523664546 6.1037569736202836879 
 228.79960625672296715 12.385703610883327386 6.1037569736202836879 
 209.20368831445756541 1.0719951118985684424 6.1037569736202836879 
 193.74887509383245288 5.2130998335388927245 6.1037569736202836879 
 182.43516659484768638 24.80901777580432821 6.1037569736202836879 
 197.8899798154727705 20.667913054163989273 6.1037569736202836879 
 178.29406187320736876 9.3542045551792316616 6.1037569736202836879 
 162.83924865258225623 13.495309276819556388 6.1037569736202836879 
 151.52554015359751816 33.091227219084991873 6.1037569736202836879 
 166.98035337422263069 28.950122497444652936 6.1037569736202836879 
 147.38443543195717211 17.636413998459897101 6.1037569736202836879 
  131.929622211332088 21.777518720100221827 6.1037569736202836879 
 120.61591371234733572 41.373436662365641325 6.1037569736202836879 
 136.07072693297243404 37.232331940725316599 6.1037569736202836879 
 116.47480899070700389 25.918623441740546554 6.1037569736202836879 
 101.01999577008190556 30.059728163380885491 6.1037569736202836879 
 89.706287271097124858 49.655646105646319199 6.1037569736202836879 
 105.16110049172223739 45.514541384005980262 6.1037569736202836879 
 85.565182549456793026 34.200832885021220875 6.1037569736202836879 
 70.110369328831694702 38.341937606661559812 6.1037569736202836879 
 58.796660829846921104 57.937855548926982863 6.1037569736202836879 
 74.251474050472026533 53.796750827286658136 6.1037569736202836879 
 54.655556108206596377 42.483042328301884538 6.1037569736202836879 
 39.200742887581526475 46.624147049942209264 6.1037569736202836879 
 27.887034388596752876 66.220064992207653631 6.1037569736202836879 
 43.341847609221851201 62.078960270567307589 6.1037569736202836879 
 23.74592966695642815 50.765251771582548201 6.1037569736202836879 
 8.2911164463313582473 54.906356493222872928 6.1037569736202836879 
 12.432221167971682974 70.361169713847971252 6.1037569736202836879 
 232.94071097836331319 27.840516831508423934 6.1037569736202836879 
 221.62700247937851827 47.436434773773846985 6.1037569736202836879 
 237.08181570000363081 43.295330052133508048 6.1037569736202836879 
 217.48589775773820065 31.981621553148762871 6.1037569736202836879 
 202.03108453711314496 36.122726274789087597 6.1037569736202836879 
 190.71737603812835005 55.718644217054510648 6.1037569736202836879 
 206.17218925875346258 51.577539495414185922 6.1037569736202836879 
  186.576271316488004 40.263830996429426534 6.1037569736202836879 
 171.12145809586294831 44.40493571806975126 6.1037569736202836879 
 159.80774959687818182 64.000853660335167206 6.1037569736202836879 
 175.26256281750329435 59.859748938694849585 6.1037569736202836879 
 155.66664487523783578 48.546040439710090197 6.1037569736202836879 
 140.21183165461275166 52.687145161350414924 6.1037569736202836879 
 128.89812315562801359 72.28306310361584508 6.1037569736202836879 
 144.35293637625309771 68.141958381975513248 6.1037569736202836879 
 124.75701843398768176 56.82824988299073965 6.1037569736202836879 
 109.30220521336256922 60.969354604631078587 6.1037569736202836879 
 97.988496714377788521 80.565272546896522954 6.1037569736202836879 
 113.44330993500290106  76.4241678252561627 6.1037569736202836879 
 93.84739199273745669 65.110459326271424629 6.1037569736202836879 
 78.392578772112358365 69.25156404791174225 6.1037569736202836879 
 67.078870273127577661 88.847481990177186617 6.1037569736202836879 
 82.533683493752675986 84.706377268536840575 6.1037569736202836879 
 62.937765551487260041 73.392668769552088293 6.1037569736202836879 
 47.482952330862190138 77.533773491192405913 6.1037569736202836879 
 36.16924383187741654 97.12969143345785028 6.1037569736202836879 
 51.624057052502514864 92.988586711817504238 6.1037569736202836879 
 32.028139110237091813 81.674878212832751956 6.1037569736202836879 
 16.573325889612021911 85.815982934473069577 6.1037569736202836879 
 5.2596173906272349896 105.41190087673849973 6.1037569736202836879 
 20.714430611252346637 101.2707961550981679 6.1037569736202836879 
 1.1185126689869100414 89.957087656113415619 6.1037569736202836879 
 241.22292042164397685 58.750143272758606372 6.1037569736202836879 
 229.90921192265921036 78.346061215024036528 6.1037569736202836879 
 245.36402514328429447 74.204956493383704696 6.1037569736202836879 
 225.76810720101889274 62.891247994398945309 6.1037569736202836879 
 210.31329398039380862 67.032352716039270035 6.1037569736202836879 
 198.99958548140901371 86.628270658304700191 6.1037569736202836879 
 214.45439870203412625 82.48716593666436836 6.1037569736202836879 
 194.85848075976869609 71.173457437679601867 6.1037569736202836879 
 179.40366753914361198 75.314562159319933698 6.1037569736202836879 
 168.08995904015884548 94.910480101585363855 6.1037569736202836879 
 183.54477226078395802 90.769375379945032023 6.1037569736202836879 
 163.94885431851852786 79.45566688096026553 6.1037569736202836879 
 148.49404109789341533 83.596771602600597362 6.1037569736202836879 
 137.18033259890864883 103.19268954486602752 6.1037569736202836879 
 152.63514581953376137 99.051584823225695686 6.1037569736202836879 
 133.03922787726833121 87.737876324240929193 6.1037569736202836879 
 117.58441465664323289 91.878981045881261025 6.1037569736202836879 
 106.27070615765845218 111.47489898814669118 6.1037569736202836879 
 121.72551937828356472 107.33379426650635935 6.1037569736202836879 
 102.12960143601812035 96.020085767521607067 6.1037569736202836879 
 86.674788215393022028 100.1611904891619389 6.1037569736202836879 
 75.361079716408255535 119.75710843142735484 6.1037569736202836879 
 90.81589293703335386 115.61600370978703722 6.1037569736202836879 
 71.219974994767923704 104.30229521080227073 6.1037569736202836879 
 55.765161774142853801 108.44339993244258835 6.1037569736202836879 
 44.451453275158080203 128.03931787470801851 6.1037569736202836879 
 59.906266495783178527 123.89821315306768668 6.1037569736202836879 
 40.310348553517755477 112.58450465408293439 6.1037569736202836879 
 24.855535332892685574 116.72560937572325201 6.1037569736202836879 
 13.541826833907897765 136.32152731798868217 6.1037569736202836879 
  28.9966400545330103 132.18042259634833613 6.1037569736202836879 
 9.4007221122675730385 120.86671409736359806 6.1037569736202836879 
 249.50512986492466894 89.65976971400878881 6.1037569736202836879 
 238.19142136593987402 109.25568765627420476 6.1037569736202836879 
 253.64623458656498656 105.11458293463387292 6.1037569736202836879 
 234.0503166442995564 93.800874435649120642 6.1037569736202836879 
 218.59550342367447229 97.941979157289452473 6.1037569736202836879 
 207.28179492468967737 117.53789709955486842 6.1037569736202836879 
 222.73660814531478991 113.39679237791453659 6.1037569736202836879 
 203.14069020304935975 102.08308387892978431 6.1037569736202836879 
 187.68587698242427564 106.22418860057011614 6.1037569736202836879 
 176.37216848343950915 125.82010654283553208 6.1037569736202836879 
 191.82698170406459326 121.67900182119520025 6.1037569736202836879 
 172.2310637617991631 110.36529332221044797 6.1037569736202836879 
 156.77625054117407899 114.5063980438507798 6.1037569736202836879 
 145.46254204218934092 134.10231598611619575 6.1037569736202836879 
 160.91735526281439661 129.96121126447587812 6.1037569736202836879 
 141.32143732054899488 118.64750276549111163 6.1037569736202836879 
 125.86662409992389655 122.78860748713144346 6.1037569736202836879 
 114.55291560093910164 142.38452542939688783 6.1037569736202836879 
 130.00772882156422838 138.24342070775651337 6.1037569736202836879 
 110.41181087929878402 126.92971220877177529 6.1037569736202836879 
 94.956997658673685692 131.07081693041212134 6.1037569736202836879 
 83.643289159688904988 150.66673487267752307 6.1037569736202836879 
 99.098102380314003312 146.52563015103720545 6.1037569736202836879 
 79.502184438048587367 135.21192165205246738 6.1037569736202836879 
 64.047371217423517464  139.353026373692785 6.1037569736202836879 
 52.733662718438743866 158.94894431595821516 6.1037569736202836879 
 68.188475939063835085 154.80783959431784069 6.1037569736202836879 
 48.59255799679841914 143.49413109533310262 6.1037569736202836879 
 33.137744776173349237 147.63523581697342024 6.1037569736202836879 
 21.824036277188561428 167.2311537592388504 6.1037569736202836879 
 37.278849497813673963 163.09004903759853278 6.1037569736202836879 
 17.682931555548236702 151.77634053861376628 6.1037569736202836879 
 246.47363080922053769 140.16531409752442983 6.1037569736202836879 
 242.33252608758022006 124.71050087689930308 6.1037569736202836879 
 226.87771286695510753 128.85160559853966333 6.1037569736202836879 
 215.56400436797034104 148.44752354080506507 6.1037569736202836879 
 231.01881758859542515 144.30641881916474745 6.1037569736202836879 
 211.42289964633002342 132.99271032017998095 6.1037569736202836879 
 195.96808642570491088 137.13381504182029857 6.1037569736202836879 
 184.65437792672014439 156.72973298408575715 6.1037569736202836879 
 200.10919114734528534 152.58862826244538269 6.1037569736202836879 
 180.51327320507982677 141.27491976346064462 6.1037569736202836879 
 165.05845998445474265 145.41602448510096224 6.1037569736202836879 
 153.74475148547000458 165.01194242736639239 6.1037569736202836879 
 169.1995647060950887 160.87083770572607477 6.1037569736202836879 
 149.60364676382965854 149.55712920674130828 6.1037569736202836879 
  134.148833543204546 153.6982339283816259 6.1037569736202836879 
 122.83512504421977951 173.29415187064708448 6.1037569736202836879 
 138.28993826484489205 169.15304714900671001 6.1037569736202836879 
 118.69402032257944768 157.83933865002197194 6.1037569736202836879 
 103.23920710195434935 161.98044337166228956 6.1037569736202836879 
 91.925498602969568651 181.57636131392774814 6.1037569736202836879 
 107.38031182359468119 177.4352565922874021 6.1037569736202836879 
 87.78439388132923682 166.12154809330266403 6.1037569736202836879 
 72.329580660704166917 170.26265281494298165 6.1037569736202836879 
 61.015872161719407529 189.85857075720841181 6.1037569736202836879 
 76.470685382344498748 185.71746603556806576 6.1037569736202836879 
 56.874767440079082803 174.40375753658329927 6.1037569736202836879 
  41.4199542194540129 178.54486225822361689 6.1037569736202836879 
 30.106245720469225091 198.14078020048904705 6.1037569736202836879 
 45.561058941094337627 193.99967547884872943 6.1037569736202836879 
 25.965140998828900365 182.68596697986396293 6.1037569736202836879 
 254.75584025250120135 171.07494053877462648 6.1037569736202836879 
 250.61473553086085531 155.62012731814951394 6.1037569736202836879 
 235.15992231023579961 159.76123203978983156 6.1037569736202836879 
 223.84621381125103312 179.35714998205529014 6.1037569736202836879 
 239.30102703187611723 175.2160452604149441 6.1037569736202836879 
 219.70510908961065866 163.90233676143020602 6.1037569736202836879 
 204.25029586898560297 168.04344148307052365 6.1037569736202836879 
 192.93658737000083647 187.6393594253359538 6.1037569736202836879 
 208.39140059062594901 183.49825470369560776 6.1037569736202836879 
 188.79548264836049043 172.18454620471084127 6.1037569736202836879 
 173.34066942773543474 176.32565092635115889 6.1037569736202836879 
 162.02696092875066824 195.92156886861658904 6.1037569736202836879 
 177.48177414937575236 191.78046414697627142 6.1037569736202836879 
 157.8858562071103222 180.46675564799150493 6.1037569736202836879 
 142.43104298648523809 184.60786036963182255 6.1037569736202836879 
 131.11733448750044317 204.20377831189728113 6.1037569736202836879 
 146.57214770812555571 200.06267359025690666 6.1037569736202836879 
 126.97622976586011134 188.74896509127216859 6.1037569736202836879 
 111.52141654523501302 192.89006981291248621 6.1037569736202836879 
 100.20770804625023231 212.48598775517794479 6.1037569736202836879 
 115.66252126687534485 208.34488303353762717 6.1037569736202836879 
 96.066603324609914694 197.03117453455286068 6.1037569736202836879 
 80.611790103984844791 201.1722792561931783 6.1037569736202836879 
 69.298081605000064087 220.76819719845860845 6.1037569736202836879 
 84.752894825625162412 216.62709247681826241 6.1037569736202836879 
 65.156976883359746466 205.31338397783349592 6.1037569736202836879 
 49.702163662734676564 209.45448869947381354 6.1037569736202836879 
 38.388455163749902965 229.0504066417392437 6.1037569736202836879 
 53.84326838437500129 224.90930192009892608 6.1037569736202836879 
 34.247350442109564028 213.59559342111415958 6.1037569736202836879 
 243.44213175351646328 190.67085848103999979 6.1037569736202836879 
 232.12842325453166836 210.26677642330542994 6.1037569736202836879 
 247.58323647515680932 206.12567170166511232 6.1037569736202836879 
 227.98731853289135074 194.81196320268034583 6.1037569736202836879 
 212.53250531226626663 198.95306792432066345 6.1037569736202836879 
 201.21879681328150014 218.54898586658612203 6.1037569736202836879 
 216.67361003390661267 214.40788114494574756 6.1037569736202836879 
 197.07769209164118251 203.09417264596100949 6.1037569736202836879 
 181.62287887101606998 207.23527736760132711 6.1037569736202836879 
 170.30917037203130349 226.83119530986675727 6.1037569736202836879 
 185.76398359265641602 222.69009058822643965 6.1037569736202836879 
 166.16806565039098587 211.37638208924167316 6.1037569736202836879 
 150.71325242976587333 215.5174868108820192 6.1037569736202836879 
 139.39954393078110684 235.11340475314744936 6.1037569736202836879 
 154.85435715140621937 230.97230003150710331 6.1037569736202836879 
 135.25843920914078922 219.65859153252233682 6.1037569736202836879 
 119.80362598851567668 223.79969625416265444 6.1037569736202836879 
 108.48991748953089598 243.3956141964280846 6.1037569736202836879 
 123.94473071015600851 239.25450947478776698 6.1037569736202836879 
 104.34881276789057836 227.94080097580300048 6.1037569736202836879 
 88.893999547265508454 232.0819056974433181 6.1037569736202836879 
 77.58029104828072775 251.67782363970877668 6.1037569736202836879 
 93.035104268905826075 247.53671891806840222 6.1037569736202836879 
 73.43918632664041013 236.22301041908366415 6.1037569736202836879 
 57.984373106015340227 240.36411514072398177 6.1037569736202836879 
 62.125477827655664953 255.8189283613490943 6.1037569736202836879 
 42.529559885390227691 244.50521986236435623 6.1037569736202836879 
 251.72434119679712694 221.58048492229019644 6.1037569736202836879 
 236.26952797617198598 225.72158964393051406 6.1037569736202836879 
 220.81471475554693029 229.8626943655708601 6.1037569736202836879 
 143.24333071031685449 2.1816007778347983326 6.1037569736202836879 
 205.35990153492181776 234.00379908721117772 6.1037569736202836879 
 189.90508831429673364 238.14490380885149534 6.1037569736202836879 
 112.33370426906667205 10.463810221115448229 6.1037569736202836879 
 127.78851748969175617 6.3227054994751226147 6.1037569736202836879 
 174.45027509367162111 242.28600853049181296 6.1037569736202836879 
 158.99546187304653699 246.42711325213218743 6.1037569736202836879 
 81.424077827816446984 18.746019664396126103 6.1037569736202836879 
 96.87889104844157373 14.604914942755787166 6.1037569736202836879 
 143.54064865242142446 250.56821797377253347 6.1037569736202836879 
 128.08583543179634034 254.70932269541285109 6.1037569736202836879 
 50.51445138656625744 27.028229107676789766 6.1037569736202836879 
 65.969264607191348659 22.88712438603646504 6.1037569736202836879 
 19.604824945316089213 35.310438550957456982 6.1037569736202836879 
 35.059638165941187538 31.169333829317114493 6.1037569736202836879 
 4.1500117246910193103 39.451543272597781709 6.1037569736202836879 
