 193.11526536056140912 5.9508428867564688858 6.1037569736202836879 
 208.57007858118649324 1.8097381651161439375 6.1037569736202836879 
 162.2056389193112409 14.233052330037132549 6.1037569736202836879 
 177.66045213993632501 10.091947608396793612 6.1037569736202836879 
 142.60972097704581074 2.9193438310523882606 6.1037569736202836879 
 131.29601247806104425 22.515261773317796212 6.1037569736202836879 
 146.75082569868615678 18.374157051677471486 6.1037569736202836879 
 127.15490775642072663 7.0604485526927129868 6.1037569736202836879 
 111.7000945357956283 11.201553274333052812 6.1037569736202836879 
 100.38638603681087602 30.797471216598459876 6.1037569736202836879 
 115.84119925743596013 26.656366494958135149 6.1037569736202836879 
  96.2452813151705584 15.342657995973377538 6.1037569736202836879 
 80.790468094545431654 19.483762717613714699 6.1037569736202836879 
 69.476759595560650951 39.079680659879123539 6.1037569736202836879 
 84.931572816185763486 34.938575938238798813 6.1037569736202836879 
 65.33565487392033333 23.624867439254053636 6.1037569736202836879 
 49.880841653295235005 27.765972160894378362 6.1037569736202836879 
 38.567133154310461407 47.361890103159801413 6.1037569736202836879 
 54.021946374935559732 43.220785381519462476 6.1037569736202836879 
 34.426028432670136681 31.907076882534717299 6.1037569736202836879 
 18.971215212045066778 36.048181604175042025 6.1037569736202836879 
 7.6575067130602922916 55.644099546440450865 6.1037569736202836879 
 23.112319933685391504 51.502994824800126139 6.1037569736202836879 
 3.5164019914199671213 40.189286325815380962 6.1037569736202836879 
 212.7111833028268677 17.264551385741242484 6.1037569736202836879 
 201.39747480384207279 36.860469328006665535 6.1037569736202836879 
 216.85228802446718532 32.719364606366340809 6.1037569736202836879 
 197.25637008220175517 21.40565610738156721 6.1037569736202836879 
 181.80155686157667105 25.546760829021891936 6.1037569736202836879 
 170.48784836259190456 45.142678771287329198 6.1037569736202836879 
 185.9426615832170171 41.001574049646990261 6.1037569736202836879 
 166.34674364095155852 29.687865550662230874 6.1037569736202836879 
 150.89193042032650283 33.828970272302569811 6.1037569736202836879 
 139.57822192134173633 53.424888214567992861 6.1037569736202836879 
 155.03303514196682045 49.283783492927668135 6.1037569736202836879 
 135.43711719970136187 37.970074993942894537 6.1037569736202836879 
 119.98230397907630618 42.111179715583233474 6.1037569736202836879 
 108.66859548009153968 61.707097657848656524 6.1037569736202836879 
 124.1234087007166238 57.565992936208331798 6.1037569736202836879 
 104.52749075845120785  46.2522844372235582 6.1037569736202836879 
 89.072677537826095318 50.393389158863897137 6.1037569736202836879 
 77.758969038841328825 69.989307101129313082 6.1037569736202836879 
 93.213782259466427149 65.848202379488995462 6.1037569736202836879 
 73.617864317200996993 54.534493880504221863 6.1037569736202836879 
 58.163051096575898669  58.6755986021445608 6.1037569736202836879 
 46.849342597591139281 78.271516544409990956 6.1037569736202836879 
 62.304155818216237606 74.130411822769659125 6.1037569736202836879 
 42.708237875950800344 62.816703323784899737 6.1037569736202836879 
 27.253424655325712678 66.957808045425224464 6.1037569736202836879 
 15.939716156340955067 86.553725987690640409 6.1037569736202836879 
 31.394529376966055167 82.412621266050322788 6.1037569736202836879 
 11.79861143470061613 71.098912767065542084 6.1037569736202836879 
 232.30710124509224102 28.578259884726001872 6.1037569736202836879 
 228.16599652345192339 13.123446664100901771 6.1037569736202836879 
 220.99339274610753137 48.174177826991424922 6.1037569736202836879 
 209.67968424712276487 67.770095769256855078 6.1037569736202836879 
 225.13449746774784899 63.628991047616523247 6.1037569736202836879 
 205.53857952548244725 52.315282548631763859 6.1037569736202836879 
 190.08376630485733472 56.456387270272088585 6.1037569736202836879 
 178.77005780587256822 76.052305212537518742 6.1037569736202836879 
 194.22487102649765234 71.91120049089718691 6.1037569736202836879 
 174.6289530842322506 60.597491991912427522 6.1037569736202836879 
 159.17413986360713807 64.738596713552752249 6.1037569736202836879 
 147.86043136462237158 84.334514655818182405 6.1037569736202836879 
 163.31524458524748411 80.193409934177850573 6.1037569736202836879 
 143.71932664298205395 68.87970143519308408 6.1037569736202836879 
 128.26451342235696984 73.020806156833415912 6.1037569736202836879 
 116.95080492337220335 92.616724099098831857 6.1037569736202836879 
 132.40561814399731588 88.475619377458514236 6.1037569736202836879 
 112.80970020173188573 77.161910878473733533 6.1037569736202836879 
 97.354886981106758981 81.303015600114093786 6.1037569736202836879 
 86.041178482121992488 100.89893354237950973 6.1037569736202836879 
 101.49599170274709081  96.7578288207391779 6.1037569736202836879 
 81.900073760481660656 85.444120321754411407 6.1037569736202836879 
 66.445260539856562332 89.585225043394743238 6.1037569736202836879 
 55.131552040871802944 109.18114298566017339 6.1037569736202836879 
 70.586365261496894163 105.04003826401984156 6.1037569736202836879 
 50.990447319231464007 93.72632976503507507 6.1037569736202836879 
 35.535634098606394105 97.867434486675406902 6.1037569736202836879 
 24.221925599621620506 117.46335242894083706 6.1037569736202836879 
 39.676738820246718831 113.32224770730050523 6.1037569736202836879 
 20.08082087798129578 102.00853920831573873 6.1037569736202836879 
 4.6260076573562258773 106.14964392995607056 6.1037569736202836879 
 240.5893106883729331 59.48788632597619852 6.1037569736202836879 
 8.7671123789965506035 121.60445715058116889 6.1037569736202836879 
 236.44820596673261548 44.033073105351100196 6.1037569736202836879 
 229.27560218938819503 79.08380426824160736 6.1037569736202836879 
 217.96189369040340011 98.679722210507023306 6.1037569736202836879 
 233.41670691102851265 94.538617488866705685 6.1037569736202836879 
 213.82078896876308249 83.224908989881939192 6.1037569736202836879 
 198.36597574813799838 87.366013711522271024 6.1037569736202836879 
 187.05226724915320347 106.96193165378768697 6.1037569736202836879 
  202.507080469778316 102.82082693214735514 6.1037569736202836879 
 182.91116252751288584 91.507118433162602855 6.1037569736202836879 
 167.45634930688780173 95.648223154802934687 6.1037569736202836879 
 156.14264080790306366 115.24414109706835063 6.1037569736202836879 
 171.59745402852814777 111.10303637542803301 6.1037569736202836879 
 152.0015360862626892 99.789327876443266518 6.1037569736202836879 
 136.5467228656376335 103.93043259808359835 6.1037569736202836879 
 125.23301436665286701 123.5263505403490143 6.1037569736202836879 
 140.68782758727795112 119.38524581870868246 6.1037569736202836879 
 121.09190964501253518 108.07153731972393018 6.1037569736202836879 
 105.63709642438742264 112.21264204136426201 6.1037569736202836879 
 94.323387925402656151 131.80855998362969217 6.1037569736202836879 
 109.77820114602775448 127.66745526198936034 6.1037569736202836879 
 90.18228320376232432 116.35374676300459384 6.1037569736202836879 
 74.727469983137225995 120.49485148464493989 6.1037569736202836879 
 63.413761484152452397 140.09076942691035583 6.1037569736202836879 
 78.868574704777557827 135.94966470527003821 6.1037569736202836879 
 59.272656762512127671 124.63595620628525751 6.1037569736202836879 
 43.817843541887057768 128.77706092792558934 6.1037569736202836879 
 32.504135042902284169 148.3729788701910195 6.1037569736202836879 
 47.958948263527382494 144.23187414855067345 6.1037569736202836879 
 28.363030321261959443 132.91816564956593538 6.1037569736202836879 
 12.908217100636889541  137.059270371206253 6.1037569736202836879 
 248.87152013165359676 90.397512767226359642 6.1037569736202836879 
 17.049321822277214267 152.51408359183133712 6.1037569736202836879 
 244.73041541001327914 74.942699546601275529 6.1037569736202836879 
 237.55781163266883027 109.99343070949180401 6.1037569736202836879 
 226.24410313368406378 129.58934865175726259 6.1037569736202836879 
 241.69891635430914789 125.44824393011691654 6.1037569736202836879 
 222.10299841204374616 114.13453543113213584 6.1037569736202836879 
 206.64818519141866204 118.27564015277248188 6.1037569736202836879 
 195.33447669243389555 137.87155809503789783 6.1037569736202836879 
 210.78928991305897966 133.73045337339758021 6.1037569736202836879 
 191.19337197079357793 122.4167448744127995 6.1037569736202836879 
 175.73855875016846539 126.55784959605314555 6.1037569736202836879 
 164.4248502511836989 146.15376753831858991 6.1037569736202836879 
 179.87966347180883986 142.01266281667821545 6.1037569736202836879 
 160.28374552954338128 130.69895431769347738 6.1037569736202836879 
 144.82893230891829717  134.840059039333795 6.1037569736202836879 
 133.51522380993353067 154.43597698159922516 6.1037569736202836879 
 148.97003703055864321 150.29487225995890753 6.1037569736202836879 
 129.37411908829321305 138.98116376097414104 6.1037569736202836879 
 113.91930586766808631 143.12226848261445866 6.1037569736202836879 
 102.60559736868331981 162.71818642487991724 6.1037569736202836879 
 118.06041058930841814 158.57708170323954278 6.1037569736202836879 
 98.464492647042987983 147.2633732042548047 6.1037569736202836879 
 83.009679426417889658 151.40447792589512233 6.1037569736202836879 
 71.695970927433123165 171.0003958681605809 6.1037569736202836879 
 87.15078414805822149 166.85929114652023486 6.1037569736202836879 
 67.554866205792791334 155.54558264753549679 6.1037569736202836879 
 52.100052985167721431 159.68668736917581441 6.1037569736202836879 
 40.786344486182947833 179.28260531144124457 6.1037569736202836879 
 56.241157706808046157 175.14150058980089852 6.1037569736202836879 
 36.645239764542623107 163.82779209081613203 6.1037569736202836879 
 21.190426543917553204 167.96889681245644965 6.1037569736202836879 
 25.33153126555787793 183.42371003308156219 6.1037569736202836879 
 253.01262485329394281 105.85232598785147218 6.1037569736202836879 
 245.84002107594952236 140.90305715074200066 6.1037569736202836879 
 234.52631257696475586 160.49897509300745924 6.1037569736202836879 
 249.9811257975898684 156.35787037136708477 6.1037569736202836879 
 230.38520785532440982 145.0441618723823467 6.1037569736202836879 
 214.93039463469935413 149.18526659402266432 6.1037569736202836879 
 203.61668613571458764 168.7811845362881229 6.1037569736202836879 
 219.07149935633967175 164.64007981464777686 6.1037569736202836879 
 199.47558141407424159 153.32637131566301036 6.1037569736202836879 
 184.02076819344915748 157.46747603730335641 6.1037569736202836879 
 172.70705969446439099 177.06339397956878656 6.1037569736202836879 
 188.1618729150894751 172.92228925792844052 6.1037569736202836879 
 168.56595497282404494 161.60858075894367403 6.1037569736202836879 
 153.11114175219896083 165.74968548058399165 6.1037569736202836879 
 141.79743325321422276 185.3456034228494218 6.1037569736202836879 
 157.25224647383927845 181.20449870120910418 6.1037569736202836879 
 137.6563285315738483 169.89079020222433769 6.1037569736202836879 
 122.20151531094876418 174.03189492386468373 6.1037569736202836879 
 110.88780681196398348 193.62781286613011389 6.1037569736202836879 
 126.3426200325890818 189.48670814448976785 6.1037569736202836879 
 106.74670209032366586 178.17299964550500135 6.1037569736202836879 
 91.291888869698567532 182.31410436714531897 6.1037569736202836879 
 79.978180370713786829 201.91002230941077755 6.1037569736202836879 
 95.432993591338885153 197.76891758777045993 6.1037569736202836879 
 75.837075649073469208 186.45520908878569344 6.1037569736202836879 
 60.382262428448385094 190.59631381042601106 6.1037569736202836879 
 49.068553929463625707 210.19223175269144122 6.1037569736202836879 
 64.523367150088716926 206.05112703105109517 6.1037569736202836879 
 44.92744920782328677 194.73741853206632868 6.1037569736202836879 
 29.472635987198216867 198.8785232537066463 6.1037569736202836879 
 33.613740708838555804 214.33333647433175884 6.1037569736202836879 
 254.1222305192301576 171.81268359199216889 6.1037569736202836879 
 242.80852202024541953 191.40860153425757062 6.1037569736202836879 
 238.66741729860507348 175.95378831363248651 6.1037569736202836879 
 223.21260407797998937 180.09489303527280413 6.1037569736202836879 
 211.89889557899522288 199.6908109775382627 6.1037569736202836879 
 227.35370879962030699 195.54970625589791666 6.1037569736202836879 
 207.75779085735490526 184.23599775691315017 6.1037569736202836879 
 192.30297763672979272 188.37710247855349621 6.1037569736202836879 
 180.98926913774502623 207.97302042081889795 6.1037569736202836879 
 196.44408235837013876 203.83191569917858033 6.1037569736202836879 
 176.84816441610470861 192.51820720019381383 6.1037569736202836879 
 161.39335119547959607 196.65931192183413145 6.1037569736202836879 
  150.079642696494858 216.25522986409956161 6.1037569736202836879 
 165.53445591711994211 212.11412514245924399 6.1037569736202836879 
 145.93853797485451196 200.80041664347444907 6.1037569736202836879 
 130.48372475422939942 204.94152136511482354 6.1037569736202836879 
 119.17001625524463293 224.53743930738022527 6.1037569736202836879 
 134.62482947586974547 220.39633458573990765 6.1037569736202836879 
 115.02891153360431531 209.08262608675514116 6.1037569736202836879 
 99.574098312979216985 213.2237308083954872 6.1037569736202836879 
 88.260389813994436281 232.81964875066091736 6.1037569736202836879 
 103.71520303461953461 228.67854402902059974 6.1037569736202836879 
 84.11928509235411866 217.36483553003583324 6.1037569736202836879 
 68.664471871729034547 221.50594025167615087 6.1037569736202836879 
 57.350763372744275159 241.1018581939415526 6.1037569736202836879 
 72.805576593369366378 236.96075347230123498 6.1037569736202836879 
 53.209658651103936222 225.64704497331646849 6.1037569736202836879 
 37.754845430478866319 229.78814969495678611 6.1037569736202836879 
 41.895950152119205256 245.24296291558189864 6.1037569736202836879 
 251.09073146352605477 222.31822797550776727 6.1037569736202836879 
 246.94962674188573715 206.86341475488268316 6.1037569736202836879 
 231.49481352126065303 211.00451947652300078 6.1037569736202836879 
 220.18110502227588654 230.60043741878845935 6.1037569736202836879 
 235.63591824290097065 226.45933269714811331 6.1037569736202836879 
 216.0400003006355405 215.14562419816334682 6.1037569736202836879 
 200.58518708001045638 219.28672891980369286 6.1037569736202836879 
 189.27147858102571831 238.8826468620690946 6.1037569736202836879 
 204.72629180165080243 234.74154214042877697 6.1037569736202836879 
 185.13037385938534385 223.42783364144401048 6.1037569736202836879 
 169.67556063876028816 227.5689383630843281 6.1037569736202836879 
 158.36185213977555009 247.16485630534975826 6.1037569736202836879 
 173.81666536040060578 243.02375158370944064 6.1037569736202836879 
 154.22074741813517562 231.71004308472464572 6.1037569736202836879 
 138.76593419751009151 235.85114780636502019 6.1037569736202836879 
 127.4522256985253108 255.44706574863042192 6.1037569736202836879 
 142.90703891915040913 251.3059610269901043 6.1037569736202836879 
 123.31112097688497897 239.99225252800533781 6.1037569736202836879 
 107.85630775625988065 244.13335724964568385 6.1037569736202836879 
 92.401494535634782324 248.27446197128600147 6.1037569736202836879 
 76.94668131500969821 252.41556669292634751 6.1037569736202836879 
 61.491868094384599885 256.55667141456666513 6.1037569736202836879 
