 162.01598928286639989 7.4560890924336638008 6.1037569736202836879 
 140.15958282231540011 1.5996826318826256053 6.1037569736202836879 
 134.3031763617643719 23.456089092433657584 6.1037569736202836879 
 148.15958282231540011 15.456089092433668242 6.1037569736202836879 
 126.3031763617643719  9.59968263188262938 6.1037569736202836879 
 112.4467699012133437 17.599682631882632933 6.1037569736202836879 
 106.59036344066232971 39.456089092433664689 6.1037569736202836879 
 120.44676990121337212 31.456089092433661136 6.1037569736202836879 
 98.590363440662329708 25.599682631882636485 6.1037569736202836879 
 84.733956980111315715 33.599682631882643591 6.1037569736202836879 
 78.877550519560330144 55.456089092433657584 6.1037569736202836879 
 92.733956980111315715 47.456089092433664689 6.1037569736202836879 
 70.877550519560315934 41.59968263188262938 6.1037569736202836879 
 57.02114405900928773 49.59968263188262938 6.1037569736202836879 
 51.164737598458273737 71.456089092433657584 6.1037569736202836879 
 65.021144059009301941 63.456089092433657584 6.1037569736202836879 
 43.164737598458273737 57.599682631882636485 6.1037569736202836879 
 29.308331137907245534 65.599682631882643591 6.1037569736202836879 
 23.451924677356220883 87.456089092433671794 6.1037569736202836879 
 37.308331137907259745 79.456089092433671794 6.1037569736202836879 
 15.45192467735621733 73.599682631882657802 6.1037569736202836879 
 1.5955182168052188807 81.59968263188262938 6.1037569736202836879 
 9.5955182168052370884 95.456089092433671794 6.1037569736202836879 
 183.87239574341742809 13.312495552984659142 6.1037569736202836879 
 178.01598928286642831 35.168902013535671358 6.1037569736202836879 
 191.87239574341742809 27.168902013535671358 6.1037569736202836879 
 170.01598928286639989 21.312495552984660918 6.1037569736202836879 
 156.15958282231540011 29.312495552984664471 6.1037569736202836879 
 150.30317636176440033 51.168902013535664253 6.1037569736202836879 
 164.15958282231540011 43.168902013535678464 6.1037569736202836879 
 142.3031763617643719 37.312495552984657365 6.1037569736202836879 
 128.44676990121337212 45.312495552984671576 6.1037569736202836879 
 122.59036344066232971 67.168902013535685569 6.1037569736202836879 
 136.4467699012133437 59.168902013535685569 6.1037569736202836879 
 114.59036344066232971 53.312495552984678682 6.1037569736202836879 
 100.73395698011131572 61.312495552984664471 6.1037569736202836879 
 94.877550519560301723 83.168902013535685569 6.1037569736202836879 
 108.73395698011131572 75.168902013535685569 6.1037569736202836879 
 86.877550519560315934 69.312495552984671576 6.1037569736202836879 
 73.02114405900928773 77.312495552984671576 6.1037569736202836879 
 67.164737598458273737 99.168902013535685569 6.1037569736202836879 
 81.021144059009301941 91.168902013535685569 6.1037569736202836879 
 59.164737598458280843 85.312495552984671576 6.1037569736202836879 
 45.308331137907252639 93.312495552984685787 6.1037569736202836879 
 39.451924677356231541 115.16890201353569978 6.1037569736202836879 
 53.308331137907238428 107.16890201353569978 6.1037569736202836879 
 31.451924677356224436 101.31249555298468579 6.1037569736202836879 
 17.595518216805224654 109.31249555298467158 6.1037569736202836879 
 11.739111756254201779 131.16890201353569978 6.1037569736202836879 
 25.595518216805213996 123.16890201353568557 6.1037569736202836879 
 3.7391117562541991148 117.31249555298468579 6.1037569736202836879 
 205.72880220396842788 19.168902013535682016 6.1037569736202836879 
 197.72880220396842788 5.3124955529846689117 6.1037569736202836879 
 199.87239574341742809 41.025308474086699562 6.1037569736202836879 
 194.01598928286642831 62.881714934637713554 6.1037569736202836879 
 207.87239574341742809 54.881714934637713554 6.1037569736202836879 
 186.01598928286642831 49.025308474086699562 6.1037569736202836879 
 172.15958282231537169 57.025308474086706667 6.1037569736202836879 
 166.30317636176440033 78.881714934637727765 6.1037569736202836879 
 180.15958282231540011 70.881714934637713554 6.1037569736202836879 
 158.30317636176440033 65.025308474086699562 6.1037569736202836879 
 144.4467699012133437 73.025308474086699562 6.1037569736202836879 
 138.59036344066234392 94.881714934637727765 6.1037569736202836879 
 152.4467699012133437 86.881714934637727765 6.1037569736202836879 
 130.59036344066234392 81.025308474086699562 6.1037569736202836879 
 116.73395698011132993 89.025308474086699562 6.1037569736202836879 
 110.87755051956033014 110.88171493463772777 6.1037569736202836879 
 124.73395698011132993 102.88171493463772777 6.1037569736202836879 
 102.87755051956033014 97.025308474086699562 6.1037569736202836879 
 89.021144059009301941 105.02530847408669956 6.1037569736202836879 
 83.164737598458273737 126.88171493463772777 6.1037569736202836879 
 97.021144059009301941 118.88171493463772777 6.1037569736202836879 
 75.164737598458273737 113.02530847408669956 6.1037569736202836879 
 61.308331137907259745 121.02530847408669956 6.1037569736202836879 
 55.451924677356238647 142.88171493463775619 6.1037569736202836879 
 69.308331137907259745 134.88171493463775619 6.1037569736202836879 
 47.451924677356231541 129.02530847408669956 6.1037569736202836879 
 33.595518216805231759 137.02530847408669956 6.1037569736202836879 
 27.739111756254210661 158.88171493463772777 6.1037569736202836879 
 41.595518216805238865 150.88171493463772777 6.1037569736202836879 
 19.739111756254207108 145.02530847408672798 6.1037569736202836879 
 5.8827052957032082148 153.02530847408669956 6.1037569736202836879 
 221.7288022039684563 46.88171493463772066 6.1037569736202836879 
 13.882705295703210879 166.88171493463772777 6.1037569736202836879 
 213.7288022039684563 33.025308474086692456 6.1037569736202836879 
 215.87239574341739967 68.738121395188727547 6.1037569736202836879 
 210.01598928286642831 90.59452785573974154 6.1037569736202836879 
 223.87239574341742809 82.59452785573974154 6.1037569736202836879 
 202.01598928286639989 76.738121395188727547 6.1037569736202836879 
 188.15958282231537169 84.738121395188727547 6.1037569736202836879 
 182.3031763617643719 106.59452785573974154 6.1037569736202836879 
 196.15958282231542853 98.59452785573974154 6.1037569736202836879 
 174.3031763617643719 92.738121395188741758 6.1037569736202836879 
 160.4467699012133437 100.73812139518874176 6.1037569736202836879 
 154.5903634406623155 122.59452785573975575 6.1037569736202836879 
 168.44676990121337212 114.59452785573975575 6.1037569736202836879 
 146.59036344066234392 108.73812139518874176 6.1037569736202836879 
 132.73395698011134414 116.73812139518874176 6.1037569736202836879 
 126.87755051956031593 138.59452785573972733 6.1037569736202836879 
 140.73395698011134414 130.59452785573975575 6.1037569736202836879 
 118.87755051956031593 124.73812139518874176 6.1037569736202836879 
 105.02114405900930194 132.73812139518872755 6.1037569736202836879 
 99.164737598458273737 154.59452785573972733 6.1037569736202836879 
 113.02114405900930194 146.59452785573972733 6.1037569736202836879 
 91.164737598458273737 140.73812139518872755 6.1037569736202836879 
 77.308331137907245534 148.73812139518875597 6.1037569736202836879 
 71.451924677356231541 170.59452785573975575 6.1037569736202836879 
 85.308331137907259745 162.59452785573978417 6.1037569736202836879 
 63.451924677356224436 156.73812139518875597 6.1037569736202836879 
 49.595518216805224654 164.73812139518872755 6.1037569736202836879 
 43.739111756254203556 186.59452785573975575 6.1037569736202836879 
 57.595518216805231759 178.59452785573975575 6.1037569736202836879 
 35.73911175625419645 172.73812139518875597 6.1037569736202836879 
 21.882705295703200221 180.73812139518875597 6.1037569736202836879 
 237.7288022039684563 74.594527855739727329 6.1037569736202836879 
 29.882705295703203774 194.59452785573975575 6.1037569736202836879 
 229.72880220396842788 60.738121395188734652 6.1037569736202836879 
 231.87239574341742809 96.450934316290769743 6.1037569736202836879 
 226.01598928286642831 118.30734077684179795 6.1037569736202836879 
 239.87239574341745652 110.30734077684179795 6.1037569736202836879 
 218.01598928286639989 104.45093431629076974 6.1037569736202836879 
 204.15958282231540011 112.45093431629076974 6.1037569736202836879 
 198.30317636176440033 134.30734077684181216 6.1037569736202836879 
 212.15958282231542853 126.30734077684179795 6.1037569736202836879 
 190.3031763617643719 120.45093431629075553 6.1037569736202836879 
 176.44676990121337212 128.45093431629078395 6.1037569736202836879 
 170.5903634406623155 150.30734077684181216 6.1037569736202836879 
 184.44676990121337212 142.30734077684181216 6.1037569736202836879 
 162.59036344066234392 136.45093431629075553 6.1037569736202836879 
 148.73395698011134414 144.45093431629078395 6.1037569736202836879 
 142.87755051956031593 166.30734077684178374 6.1037569736202836879 
 156.73395698011134414 158.30734077684178374 6.1037569736202836879 
 134.87755051956031593 152.45093431629078395 6.1037569736202836879 
 121.02114405900930194 160.45093431629078395 6.1037569736202836879 
 115.16473759845828795 182.30734077684178374 6.1037569736202836879 
 129.02114405900931615 174.30734077684178374 6.1037569736202836879 
 107.16473759845827374 168.45093431629078395 6.1037569736202836879 
 93.308331137907259745 176.45093431629078395 6.1037569736202836879 
 87.451924677356231541 198.30734077684181216 6.1037569736202836879 
 101.30833113790725974 190.30734077684181216 6.1037569736202836879 
 79.451924677356231541 184.45093431629078395 6.1037569736202836879 
 65.595518216805231759 192.45093431629078395 6.1037569736202836879 
 59.739111756254210661 214.30734077684181216 6.1037569736202836879 
 73.595518216805231759 206.30734077684181216 6.1037569736202836879 
 51.739111756254203556 200.45093431629078395 6.1037569736202836879 
 37.882705295703210879 208.45093431629078395 6.1037569736202836879 
 253.7288022039684563 102.30734077684178374 6.1037569736202836879 
 45.882705295703210879 222.30734077684181216 6.1037569736202836879 
 245.72880220396842788 88.450934316290769743 6.1037569736202836879 
 247.87239574341745652 124.16374723739279773 6.1037569736202836879 
 242.01598928286645673 146.02015369794381172 6.1037569736202836879 
 255.87239574341745652 138.02015369794384014 6.1037569736202836879 
 234.01598928286642831 132.16374723739281194 6.1037569736202836879 
 220.15958282231540011 140.16374723739281194 6.1037569736202836879 
 214.30317636176442875 162.02015369794384014 6.1037569736202836879 
 228.15958282231542853 154.02015369794384014 6.1037569736202836879 
 206.3031763617643719 148.16374723739281194 6.1037569736202836879 
 192.44676990121337212 156.16374723739281194 6.1037569736202836879 
 186.59036344066237234 178.02015369794384014 6.1037569736202836879 
 200.44676990121337212 170.02015369794386856 6.1037569736202836879 
 178.59036344066237234 164.16374723739281194 6.1037569736202836879 
 164.73395698011134414 172.16374723739281194 6.1037569736202836879 
 158.87755051956034436 194.02015369794384014 6.1037569736202836879 
 172.73395698011134414 186.02015369794384014 6.1037569736202836879 
 150.87755051956034436 180.16374723739284036 6.1037569736202836879 
 137.02114405900931615 188.16374723739281194 6.1037569736202836879 
 131.16473759845828795 210.02015369794384014 6.1037569736202836879 
 145.02114405900931615 202.02015369794384014 6.1037569736202836879 
 123.16473759845828795 196.16374723739284036 6.1037569736202836879 
 109.30833113790725974 204.16374723739284036 6.1037569736202836879 
 103.45192467735625996 226.02015369794386856 6.1037569736202836879 
 117.30833113790727396 218.02015369794384014 6.1037569736202836879 
 95.451924677356259963 212.16374723739284036 6.1037569736202836879 
 81.59551821680524597 220.16374723739281194 6.1037569736202836879 
 75.739111756254231977 242.02015369794386856 6.1037569736202836879 
 89.59551821680524597 234.02015369794384014 6.1037569736202836879 
 67.739111756254231977 228.16374723739284036 6.1037569736202836879 
 53.882705295703217985 236.16374723739281194 6.1037569736202836879 
 61.882705295703217985 250.02015369794384014 6.1037569736202836879 
 250.01598928286642831 159.87656015849483992 6.1037569736202836879 
 236.15958282231540011 167.87656015849483992 6.1037569736202836879 
 230.30317636176440033 189.73296661904583971 6.1037569736202836879 
 244.15958282231540011 181.73296661904583971 6.1037569736202836879 
 222.30317636176440033 175.87656015849483992 6.1037569736202836879 
 208.44676990121337212 183.87656015849483992 6.1037569736202836879 
 202.59036344066234392 205.73296661904586813 6.1037569736202836879 
 216.44676990121337212 197.73296661904586813 6.1037569736202836879 
 194.59036344066234392 191.87656015849483992 6.1037569736202836879 
 180.73395698011131572 199.87656015849483992 6.1037569736202836879 
 174.87755051956034436 221.73296661904586813 6.1037569736202836879 
 188.73395698011131572 213.73296661904586813 6.1037569736202836879 
 166.87755051956034436 207.87656015849486835 6.1037569736202836879 
 153.02114405900928773 215.87656015849483992 6.1037569736202836879 
 147.16473759845828795 237.73296661904586813 6.1037569736202836879 
 161.02114405900934457 229.73296661904583971 6.1037569736202836879 
 139.16473759845828795 223.87656015849486835 6.1037569736202836879 
 125.30833113790727396 231.87656015849486835 6.1037569736202836879 
 119.45192467735624575 253.73296661904589655 6.1037569736202836879 
 133.30833113790728817 245.73296661904586813 6.1037569736202836879 
 111.45192467735623154 239.87656015849486835 6.1037569736202836879 
 97.59551821680524597 247.87656015849483992 6.1037569736202836879 
 83.739111756254203556 255.87656015849486835 6.1037569736202836879 
 252.15958282231540011 195.58937307959686791 6.1037569736202836879 
 238.30317636176440033 203.58937307959686791 6.1037569736202836879 
 224.44676990121340054 211.58937307959686791 6.1037569736202836879 
 90.590363440662315497 11.743276171331610058 6.1037569736202836879 
 104.4467699012133437 3.7432761713316056174 6.1037569736202836879 
 210.59036344066234392 219.58937307959686791 6.1037569736202836879 
 196.73395698011134414 227.58937307959686791 6.1037569736202836879 
 62.877550519560308828 27.743276171331601176 6.1037569736202836879 
 76.733956980111301505 19.743276171331611835 6.1037569736202836879 
 182.87755051956034436 235.58937307959686791 6.1037569736202836879 
 169.02114405900931615 243.58937307959686791 6.1037569736202836879 
 35.164737598458266632 43.743276171331608282 6.1037569736202836879 
 49.021144059009280625 35.743276171331608282 6.1037569736202836879 
 155.16473759845828795 251.58937307959689633 6.1037569736202836879 
 7.4519246773562137776 59.743276171331615387 6.1037569736202836879 
 21.308331137907241981 51.743276171331615387 6.1037569736202836879 
