 68.991139069655787353 19.915837735681616749 6.1037569736202836879 
 51.193180098523086485 28.115389946740258154 6.1037569736202836879 
 52.991139069655794458 47.628650656783655393 6.1037569736202836879 
 35.19318009852307938 55.828202867842279034 6.1037569736202836879 
 36.991139069655801563 75.341463577885676273 6.1037569736202836879 
 19.193180098523082933 83.54101578894432123 6.1037569736202836879 
 20.991139069655790905 103.05427649898773268 6.1037569736202836879 
 3.1931800985230762713 111.25382871004637764 6.1037569736202836879 
 4.9911390696557837998 130.7670894200898033 6.1037569736202836879 
 104.58705701192121751 3.5167333135643343844 6.1037569736202836879 
 86.789098040788502431 11.716285524622975345 6.1037569736202836879 
 88.587057011921203298 31.229546234666372584 6.1037569736202836879 
 70.789098040788502431 39.42909844572500333 6.1037569736202836879 
 72.587057011921217509 58.94235915576841478 6.1037569736202836879 
 54.789098040788495325 67.141911366827045526 6.1037569736202836879 
 56.587057011921217509 86.655172076870442766 6.1037569736202836879 
 38.789098040788509536 94.854724287929087723 6.1037569736202836879 
 40.587057011921210403 114.36798499797248496 6.1037569736202836879 
 22.789098040788498878 122.56753720903112992 6.1037569736202836879 
 24.587057011921206851 142.08079791907454137 6.1037569736202836879 
 6.7890980407885201942 150.28035013013317212 6.1037569736202836879 
 8.5870570119212281668 169.79361084017656935 6.1037569736202836879 
 124.18297495418663345 14.830441812549093328 6.1037569736202836879 
 106.38501598305391838 23.029994023607748943 6.1037569736202836879 
 108.18297495418664766 42.543254733651131971 6.1037569736202836879 
 90.385015983053932587 50.742806944709776928 6.1037569736202836879 
 92.182974954186647665 70.256067654753167062 6.1037569736202836879 
 74.385015983053932587 78.455619865811797808 6.1037569736202836879 
 76.182974954186647665 97.968880575855195048 6.1037569736202836879 
 58.385015983053939692   106.16843278691384 6.1037569736202836879 
 60.182974954186647665 125.68169349695723724 6.1037569736202836879 
 42.385015983053932587 133.8812457080158822 6.1037569736202836879 
 44.182974954186640559 153.39450641805930786 6.1037569736202836879 
 26.385015983053943245 161.59405862911791019 6.1037569736202836879 
 28.182974954186651217 181.10731933916130743 6.1037569736202836879 
 10.38501598305395035 189.30687155021993817 6.1037569736202836879 
 12.182974954186658323 208.82013226026333541 6.1037569736202836879 
 141.98093392531939116 6.6308896014904519234 6.1037569736202836879 
 143.7788928964520494 26.144150311533852715 6.1037569736202836879 
 125.98093392531936274 34.34370252259250833 6.1037569736202836879 
 127.77889289645207782 53.856963232635891359 6.1037569736202836879 
 109.98093392531936274 62.05651544369452921 6.1037569736202836879 
 111.77889289645207782 81.569776153737933555 6.1037569736202836879 
 93.980933925319376954 89.769328364796578512 6.1037569736202836879 
 95.778892896452092032 109.28258907483996154 6.1037569736202836879 
 77.980933925319376954 117.48214128589859229 6.1037569736202836879 
 79.778892896452092032 136.99540199594198953 6.1037569736202836879 
 61.980933925319369848 145.19495420700064869 6.1037569736202836879 
 63.778892896452077821 164.70821491704404593 6.1037569736202836879 
 45.980933925319376954 172.90776712810267668 6.1037569736202836879 
 47.778892896452084926 192.42102783814607392 6.1037569736202836879 
 29.980933925319387612 200.62058004920470466 6.1037569736202836879 
 31.778892896452095584 220.1338407592481019 6.1037569736202836879 
 161.57685186758476448 17.944598100475211311 6.1037569736202836879 
 163.37481083871747956 37.45785881051860855 6.1037569736202836879 
 145.57685186758476448 45.657411021577267718 6.1037569736202836879 
 147.37481083871750798 65.170671731620643641 6.1037569736202836879 
 129.5768518675847929 73.370223942679288598 6.1037569736202836879 
 131.37481083871750798 92.883484652722685837 6.1037569736202836879 
 113.5768518675847929 101.08303686378131658 6.1037569736202836879 
 115.37481083871750798 120.59629757382471382 6.1037569736202836879 
 97.576851867584792899 128.79584978488335878 6.1037569736202836879 
 99.374810838717507977 148.30911049492678444 6.1037569736202836879 
 81.576851867584792899 156.50866270598541519 6.1037569736202836879 
 83.374810838717507977 176.02192341602881243 6.1037569736202836879 
 65.57685186758480711 184.22147562708741475 6.1037569736202836879 
 67.374810838717507977 203.73473633713084041 6.1037569736202836879 
 49.57685186758480711 211.93428854818947116 6.1037569736202836879 
 51.374810838717515082 231.4475492582328684 6.1037569736202836879 
 181.17276980985022306 29.258306599459970698 6.1037569736202836879 
 182.97072878098290971 48.771567309503367937 6.1037569736202836879 
 165.17276980985022306 56.971119520562027105 6.1037569736202836879 
 166.97072878098293813 76.484380230605410134 6.1037569736202836879 
 149.17276980985022306 84.68393244166404088 6.1037569736202836879 
 150.97072878098290971 104.19719315170745233 6.1037569736202836879 
 133.17276980985019463 112.39674536276606887 6.1037569736202836879 
 134.97072878098293813 131.9100060728094661 6.1037569736202836879 
 117.17276980985022306 140.10955828386812527 6.1037569736202836879 
 118.97072878098293813 159.62281899391152251 6.1037569736202836879 
 101.17276980985022306 167.82237120497018168 6.1037569736202836879 
 102.97072878098292392 187.33563191501357892 6.1037569736202836879 
 85.172769809850223055 195.53518412607218124 6.1037569736202836879 
 86.970728780982938133 215.0484448361156069 6.1037569736202836879 
 69.172769809850237266 223.24799704717420923 6.1037569736202836879 
 70.970728780982938133 242.76125775721760647 6.1037569736202836879 
 200.76868775211565321 40.572015098444730086 6.1037569736202836879 
 202.56664672324839671 60.085275808488141536 6.1037569736202836879 
 184.76868775211565321 68.284828019546779387 6.1037569736202836879 
 186.56664672324836829 87.798088729590176627 6.1037569736202836879 
 168.76868775211562479 95.997640940648807373 6.1037569736202836879 
 170.56664672324836829 115.51090165069221882 6.1037569736202836879 
 152.76868775211565321 123.71045386175084957 6.1037569736202836879 
 154.56664672324839671 143.2237145717942326 6.1037569736202836879 
 136.76868775211565321 151.42326678285289177 6.1037569736202836879 
 138.56664672324839671  170.936527492896289 6.1037569736202836879 
  120.768687752115639 179.13607970395494817 6.1037569736202836879 
 122.5666467232483825 198.64934041399834541 6.1037569736202836879 
 104.76868775211566742 206.84889262505694774 6.1037569736202836879 
 106.5666467232483825 226.3621533351003734 6.1037569736202836879 
 88.768687752115667422 234.56170554615897572 6.1037569736202836879 
 90.566646723248396711 254.07496625620240138 6.1037569736202836879 
 220.36460569438108337 51.885723597429489473 6.1037569736202836879 
 222.16256466551377002 71.398984307472900923 6.1037569736202836879 
 204.36460569438105495 79.59853651853154588 6.1037569736202836879 
 206.16256466551379845 99.111797228574943119 6.1037569736202836879 
 188.36460569438105495 107.31134943963355965 6.1037569736202836879 
 190.16256466551379845 126.82461014967698532 6.1037569736202836879 
 172.36460569438108337 135.02416236073560185 6.1037569736202836879 
 174.16256466551377002 154.53742307077899909 6.1037569736202836879 
 156.36460569438108337 162.73697528183762984 6.1037569736202836879 
 158.16256466551377002 182.2502359918810555 6.1037569736202836879 
 140.36460569438105495 190.44978820293968624 6.1037569736202836879 
 142.16256466551379845 209.96304891298308348 6.1037569736202836879 
 124.36460569438108337 218.16260112404171423 6.1037569736202836879 
 126.16256466551379845 237.67586183408511147 6.1037569736202836879 
 108.36460569438109758 245.87541404514374221 6.1037569736202836879 
 239.9605236366464851 63.199432096414241755 6.1037569736202836879 
 241.7584826077792286 82.712692806457638994 6.1037569736202836879 
 223.9605236366464851 90.912245017516298162 6.1037569736202836879 
 225.7584826077792286 110.4255057275596954 6.1037569736202836879 
 207.9605236366464851 118.62505793861832615 6.1037569736202836879 
 209.75848260777920018 138.1383186486617376 6.1037569736202836879 
 191.9605236366464851 146.33787085972033992 6.1037569736202836879 
 193.7584826077792286 165.85113156976373716 6.1037569736202836879 
 175.9605236366464851 174.05068378082239633 6.1037569736202836879 
 177.7584826077792286 193.56394449086579357 6.1037569736202836879 
 159.9605236366464851 201.76349670192445274 6.1037569736202836879 
 161.7584826077792286 221.27675741196784998 6.1037569736202836879 
 143.96052363664651352 229.47630962302648072 6.1037569736202836879 
 145.75848260777925702 248.98957033306987796 6.1037569736202836879 
 243.55644157891191526 102.22595351650105044 6.1037569736202836879 
 245.35440055004463034 121.73921422654444768 6.1037569736202836879 
 227.55644157891188684 129.93876643760307843 6.1037569736202836879 
 229.35440055004463034 149.45202714764650409 6.1037569736202836879 
 211.55644157891188684 157.65157935870513484 6.1037569736202836879 
 213.35440055004463034 177.16484006874853208 6.1037569736202836879 
 195.55644157891191526 185.36439227980716282 6.1037569736202836879 
 197.35440055004463034 204.87765298985056006 6.1037569736202836879 
 179.55644157891191526 213.07720520090919081 6.1037569736202836879 
 181.35440055004460191 232.59046591095264489 6.1037569736202836879 
 163.55644157891191526 240.79001812201121879 6.1037569736202836879 
 247.15235952117731699 141.25247493658784492 6.1037569736202836879 
 248.95031849231006049 160.76573564663124216 6.1037569736202836879 
 231.15235952117731699 168.96528785768987291 6.1037569736202836879 
 232.95031849231006049 188.47854856773327015 6.1037569736202836879 
 215.15235952117734541 196.67810077879192932 6.1037569736202836879 
 216.95031849231003207 216.19136148883532655 6.1037569736202836879 
 199.15235952117731699 224.3909136998939573 6.1037569736202836879 
 200.95031849231003207 243.90417440993738296 6.1037569736202836879 
 183.15235952117734541 252.10372662099598529 6.1037569736202836879 
