 98.853892986117017472 8.3570623401044876744 6.1037569736202836879 
 79.540184487132250979 11.67077083908925772 6.1037569736202836879 
 76.226475988147498697 30.98447933807402066 6.1037569736202836879 
 56.912767489162732204 34.298187837058776495 6.1037569736202836879 
 53.599058990177979922 53.611896336043535882 6.1037569736202836879 
 34.285350491193213429 56.92560483502829527 6.1037569736202836879 
 30.971641992208446936 76.239313334013061763 6.1037569736202836879 
 11.657933493223683996 79.553021832997842466 6.1037569736202836879 
 8.3442249942389139505 98.866730331982594748 6.1037569736202836879 
 137.48130998408655046 1.7296453421349928803 6.1037569736202836879 
 118.16760148510176975 5.0433538411197478268 6.1037569736202836879 
 114.85389298611701747 24.35706234010449478 6.1037569736202836879 
 95.540184487132250979 27.670770839089264825 6.1037569736202836879 
 92.226475988147498697 46.984479338074024213 6.1037569736202836879 
 72.912767489162746415  50.2981878370587836 6.1037569736202836879 
 69.599058990177979922 69.611896336043542988 6.1037569736202836879 
 50.285350491193220535 72.92560483502829527 6.1037569736202836879 
 46.971641992208454042 92.239313334013075973 6.1037569736202836879 
 27.657933493223691102 95.553021832997842466 6.1037569736202836879 
 24.344224994238921056 114.86673033198260896 6.1037569736202836879 
 5.0305164952541749912 118.18043883096734703 6.1037569736202836879 
 1.7168079962694198226 137.49414732995211352 6.1037569736202836879 
 153.48130998408655046 17.729645342134986663 6.1037569736202836879 
 134.16760148510175554 21.043353841119724734 6.1037569736202836879 
 130.85389298611701747 40.357062340104505438 6.1037569736202836879 
 111.54018448713225098 43.67077083908925772 6.1037569736202836879 
 108.2264759881474987 62.984479338074017107 6.1037569736202836879 
 88.912767489162732204 66.298187837058776495 6.1037569736202836879 
 85.599058990177994133 85.611896336043542988 6.1037569736202836879 
 66.285350491193213429 88.925604835028309481 6.1037569736202836879 
 62.971641992208461147 108.23931333401306176 6.1037569736202836879 
 43.657933493223687549 111.55302183299782826 6.1037569736202836879 
 40.344224994238928161 130.86673033198260896 6.1037569736202836879 
 21.030516495254182985 134.18043883096734703 6.1037569736202836879 
 17.716807996269412939 153.49414732995211352 6.1037569736202836879 
 172.79501848307128853 14.415936843150216617 6.1037569736202836879 
 169.48130998408655046 33.729645342134979558 6.1037569736202836879 
 150.16760148510178396 37.04335384111973184 6.1037569736202836879 
 146.85389298611701747 56.357062340104498332 6.1037569736202836879 
 127.54018448713225098 59.670770839089250615 6.1037569736202836879 
 124.22647598814748449 78.984479338074024213 6.1037569736202836879 
 104.91276748916274641 82.298187837058762284 6.1037569736202836879 
 101.59905899017797992 101.61189633604352878 6.1037569736202836879 
 82.28535049119322764 104.92560483502829527 6.1037569736202836879 
 78.971641992208461147 124.23931333401306176 6.1037569736202836879 
 59.657933493223708865 127.55302183299782826 6.1037569736202836879 
 56.344224994238935267 146.86673033198260896 6.1037569736202836879 
 37.03051649525419009 150.18043883096734703 6.1037569736202836879 
 33.716807996269416492 169.49414732995211352 6.1037569736202836879 
 14.403099497284671315 172.80785582893685159 6.1037569736202836879 
 192.10872698205605502 11.102228344165446572 6.1037569736202836879 
 188.79501848307128853 30.415936843150209512 6.1037569736202836879 
 185.48130998408652204 49.729645342134986663 6.1037569736202836879 
 166.16760148510178396 53.043353841119738945 6.1037569736202836879 
 162.85389298611701747 72.357062340104491227 6.1037569736202836879 
 143.54018448713225098 75.67077083908925772 6.1037569736202836879 
 140.22647598814748449 94.984479338074024213 6.1037569736202836879 
 120.91276748916274641 98.298187837058776495 6.1037569736202836879 
 117.59905899017799413 117.61189633604352878 6.1037569736202836879 
 98.28535049119322764 120.92560483502829527 6.1037569736202836879 
 94.971641992208461147 140.23931333401307597 6.1037569736202836879 
 75.657933493223694654 143.55302183299784247 6.1037569736202836879 
 72.344224994238928161 162.86673033198258054 6.1037569736202836879 
 53.030516495254182985 166.18043883096731861 6.1037569736202836879 
 49.716807996269423597 185.49414732995211352 6.1037569736202836879 
 30.403099497284678421 188.80785582893688002 6.1037569736202836879 
 208.10872698205608344 27.102228344165453677 6.1037569736202836879 
 204.79501848307131695 46.415936843150198854 6.1037569736202836879 
 201.48130998408655046 65.729645342134972452 6.1037569736202836879 
 182.16760148510175554 69.043353841119724734 6.1037569736202836879 
 178.85389298611701747 88.357062340104491227 6.1037569736202836879 
 159.5401844871322794 91.670770839089243509 6.1037569736202836879 
 156.22647598814751291   110.98447933807401 6.1037569736202836879 
 136.91276748916271799 114.29818783705876228 6.1037569736202836879 
 133.59905899017797992 133.61189633604354299 6.1037569736202836879 
 114.28535049119322764 136.92560483502830948 6.1037569736202836879 
 110.97164199220846115 156.23931333401304755 6.1037569736202836879 
 91.657933493223694654 159.55302183299781404 6.1037569736202836879 
 88.344224994238928161 178.86673033198258054 6.1037569736202836879 
 69.030516495254175879 182.18043883096734703 6.1037569736202836879 
 65.716807996269423597 201.49414732995211352 6.1037569736202836879 
 46.403099497284671315 204.80785582893685159 6.1037569736202836879 
 224.10872698205605502 43.102228344165446572 6.1037569736202836879 
 220.79501848307131695 62.415936843150205959 6.1037569736202836879 
 217.48130998408657888 81.729645342134986663 6.1037569736202836879 
 198.16760148510175554 85.043353841119724734 6.1037569736202836879 
 194.85389298611701747 104.35706234010450544 6.1037569736202836879 
 175.5401844871322794 107.67077083908925772 6.1037569736202836879 
 172.22647598814751291 126.98447933807403842 6.1037569736202836879 
 152.91276748916274641 130.29818783705877649 6.1037569736202836879 
 149.59905899017797992 149.61189633604354299 6.1037569736202836879 
 130.28535049119324185 152.92560483502830948 6.1037569736202836879 
 126.97164199220847536 172.23931333401307597 6.1037569736202836879 
 107.65793349322369465 175.55302183299781404 6.1037569736202836879 
 104.34422499423894237 194.86673033198260896 6.1037569736202836879 
 85.03051649525419009 198.18043883096734703 6.1037569736202836879 
 81.716807996269437808 217.49414732995211352 6.1037569736202836879 
 62.403099497284678421 220.80785582893685159 6.1037569736202836879 
 240.10872698205608344 59.102228344165467888 6.1037569736202836879 
 236.79501848307131695 78.415936843150205959 6.1037569736202836879 
 233.48130998408655046 97.729645342134986663 6.1037569736202836879 
 214.16760148510178396 101.04335384111973895 6.1037569736202836879 
 210.85389298611704589 120.35706234010449123 6.1037569736202836879 
 191.5401844871322794 123.67077083908924351 6.1037569736202836879 
 188.22647598814751291 142.98447933807403842 6.1037569736202836879 
 168.91276748916274641 146.29818783705877649 6.1037569736202836879 
 165.59905899017800834 165.61189633604354299 6.1037569736202836879 
 146.28535049119321343 168.92560483502830948 6.1037569736202836879 
 142.97164199220847536 188.23931333401304755 6.1037569736202836879 
 123.65793349322370887 191.55302183299784247 6.1037569736202836879 
 120.34422499423894237 210.86673033198260896 6.1037569736202836879 
 101.03051649525419009 214.18043883096734703 6.1037569736202836879 
 97.716807996269437808 233.49414732995211352 6.1037569736202836879 
 78.403099497284685526 236.80785582893682317 6.1037569736202836879 
 256.10872698205605502 75.102228344165453677 6.1037569736202836879 
 252.79501848307128853 94.415936843150191748 6.1037569736202836879 
 249.48130998408655046 113.72964534213498666 6.1037569736202836879 
 230.16760148510178396 117.04335384111972473 6.1037569736202836879 
 226.85389298611704589 136.35706234010447702 6.1037569736202836879 
 207.54018448713225098 139.67077083908924351 6.1037569736202836879 
 204.22647598814748449 158.98447933807403842 6.1037569736202836879 
 184.91276748916274641 162.29818783705877649 6.1037569736202836879 
 181.59905899017800834 181.61189633604351457 6.1037569736202836879 
 162.28535049119324185 184.92560483502828106 6.1037569736202836879 
 158.97164199220847536 204.23931333401307597 6.1037569736202836879 
 139.65793349322370887 207.55302183299781404 6.1037569736202836879 
 136.34422499423894237 226.86673033198260896 6.1037569736202836879 
 117.03051649525419009 230.18043883096731861 6.1037569736202836879 
 113.7168079962694236 249.49414732995211352 6.1037569736202836879 
 94.403099497284685526 252.80785582893685159 6.1037569736202836879 
 246.16760148510178396 133.04335384111971052 6.1037569736202836879 
 242.85389298611704589 152.35706234010450544 6.1037569736202836879 
 223.5401844871322794 155.67077083908924351 6.1037569736202836879 
 220.22647598814751291   174.98447933807401 6.1037569736202836879 
 200.91276748916274641 178.29818783705877649 6.1037569736202836879 
 197.59905899017800834 197.61189633604354299 6.1037569736202836879 
 178.28535049119321343 200.92560483502830948 6.1037569736202836879 
 174.97164199220847536 220.23931333401307597 6.1037569736202836879 
 155.65793349322368044 223.55302183299781404 6.1037569736202836879 
 152.34422499423894237 242.86673033198258054 6.1037569736202836879 
 133.03051649525417588 246.18043883096734703 6.1037569736202836879 
 239.54018448713225098 171.67077083908924351 6.1037569736202836879 
 236.22647598814751291 190.98447933807398158 6.1037569736202836879 
 216.91276748916277484 194.29818783705874807 6.1037569736202836879 
 213.59905899017797992 213.61189633604354299 6.1037569736202836879 
 194.28535049119321343 216.92560483502828106 6.1037569736202836879 
 190.97164199220847536 236.23931333401304755 6.1037569736202836879 
 171.65793349322370887 239.55302183299781404 6.1037569736202836879 
