 199.88007215237121272 15.886405145473441181 6.1037569736202836879 
 181.49705570147062872 9.0993066368382571341 6.1037569736202836879 
 168.97044571112101607 24.16861458875410662 6.1037569736202836879 
 150.58742926022043207 17.381516080118920797 6.1037569736202836879 
 138.06081926987084785 32.450824032034773836 6.1037569736202836879 
 119.67780281897024963 25.663725523399584461 6.1037569736202836879 
 107.15119282862066541 40.733033475315430394 6.1037569736202836879 
 88.768176377720038772 33.945934966680248124 6.1037569736202836879 
 76.241566387370454549 49.015242918596094057 6.1037569736202836879 
 57.858549936469835018 42.228144409960925998 6.1037569736202836879 
 45.33193994612024369 57.29745236187675772 6.1037569736202836879 
 26.948923495219698765 50.51035385324157545 6.1037569736202836879 
 14.422313504870107437 65.579661805157414278 6.1037569736202836879 
 218.26308860327179673 22.673503654108611016 6.1037569736202836879 
 205.73647861292224093 37.742811606024460502 6.1037569736202836879 
 187.3534621620216285 30.955713097389274679 6.1037569736202836879 
 174.82685217167204428 46.025021049305124166 6.1037569736202836879 
 156.44383572077143185 39.23792254066993479 6.1037569736202836879 
 143.91722573042184763 54.307230492585787829 6.1037569736202836879 
 125.53420927952124941 47.520131983950605559 6.1037569736202836879 
 113.0075992891716794 62.589439935866451492 6.1037569736202836879 
 94.624582838271052765 55.802341427231269222 6.1037569736202836879 
 82.097972847921468542 70.871649379147115155 6.1037569736202836879 
 63.714956397020856116 64.084550870511947096 6.1037569736202836879 
 51.188346406671264788 79.153858822427778819 6.1037569736202836879 
 32.805329955770709205 72.366760313792596548 6.1037569736202836879 
 20.278719965421114324 87.436068265708442482 6.1037569736202836879 
 1.8957035145205134441 80.648969757073260212 6.1037569736202836879 
 224.11949506382282493 44.529910114659628562 6.1037569736202836879 
 211.59288507347324071 59.599218066575460284 6.1037569736202836879 
 193.20986862257262828 52.812119557940292225 6.1037569736202836879 
 180.68325863222307248 67.881427509856123947 6.1037569736202836879 
 162.30024218132243163 61.094329001220955888 6.1037569736202836879 
 149.77363219097287583 76.163636953136787611 6.1037569736202836879 
 131.39061574007226341 69.376538444501605341 6.1037569736202836879 
 118.86400574972269339 84.445846396417451274 6.1037569736202836879 
 100.48098929882208097 77.658747887782283215 6.1037569736202836879 
 87.954379308472468324 92.728055839698129148 6.1037569736202836879 
 69.571362857571870109 85.940957331062946878 6.1037569736202836879 
 57.04475286722227878 101.01026528297879281 6.1037569736202836879 
 38.661736416321716092 94.22316677434359633 6.1037569736202836879 
 26.135126425972138975 109.29247472625944226 6.1037569736202836879 
 7.7521099750715229959 102.50537621762425999 6.1037569736202836879 
 229.97590152437385314 66.386316575210656765 6.1037569736202836879 
 217.44929153402426891 81.455624527126488488 6.1037569736202836879 
 199.06627508312368491 74.668526018491320428 6.1037569736202836879 
 186.53966509277407226 89.737833970407152151 6.1037569736202836879 
 168.15664864187348826 82.950735461771969881 6.1037569736202836879 
 155.63003865152387561 98.020043413687815814 6.1037569736202836879 
 137.24702220062329161 91.232944905052647755 6.1037569736202836879 
 124.7204122102737216 106.30225285696847948 6.1037569736202836879 
 106.33739575937309496 99.515154348333311418 6.1037569736202836879 
 93.810785769023510738 114.58446230024914314 6.1037569736202836879 
 75.427769318122898312 107.79736379161397508 6.1037569736202836879 
 62.901159327773299879 122.86667174352982101 6.1037569736202836879 
 44.518142876872744296 116.07957323489462453 6.1037569736202836879 
 31.991532886523163626 131.14888118681048468 6.1037569736202836879 
 13.60851643562254587 124.36178267817530241 6.1037569736202836879 
 1.0819064452729678649 139.43109063009111992 6.1037569736202836879 
 235.83230798492485292 88.242723035761670758 6.1037569736202836879 
 223.30569799457529712 103.31203098767750248 6.1037569736202836879 
 204.92268154367468469 96.524932479042334421 6.1037569736202836879 
 192.39607155332510047 111.59424043095816614 6.1037569736202836879 
 174.01305510242448804 104.80714192232299808 6.1037569736202836879 
 161.48644511207490382 119.87644987423882981 6.1037569736202836879 
 143.10342866117431981 113.08935136560366175 6.1037569736202836879 
 130.57681867082473559 128.15865931751949347 6.1037569736202836879 
 112.19380221992410895 121.37156080888432541 6.1037569736202836879 
 99.667192229574524731 136.44086876080015713 6.1037569736202836879 
 81.284175778673898094 129.65377025216500328 6.1037569736202836879 
 68.757565788324328082 144.72307820408084922 6.1037569736202836879 
 50.374549337423765394 137.93597969544563853 6.1037569736202836879 
 37.847939347074174066 153.00528764736148446 6.1037569736202836879 
 19.464922896173568745 146.21818913872633061 6.1037569736202836879 
 6.9383129058239765286 161.28749709064217654 6.1037569736202836879 
 241.68871444547588112 110.09912949631268475 6.1037569736202836879 
 229.16210445512626848 125.16843744822850226 6.1037569736202836879 
 210.77908800422568447 118.38133893959334841 6.1037569736202836879 
 198.25247801387610025 133.45064689150916593 6.1037569736202836879 
 179.86946156297548782 126.66354838287401208 6.1037569736202836879 
 167.34285157262593202 141.73285633478985801 6.1037569736202836879 
 148.9598351217253196 134.94575782615467574 6.1037569736202836879 
 136.43322513137576379 150.01506577807049325 6.1037569736202836879 
 118.05020868047512295 143.2279672694353394 6.1037569736202836879 
 105.52359869012552451 158.29727522135118534 6.1037569736202836879 
 87.140582239224926298 151.51017671271600307 6.1037569736202836879 
 74.613972248875327864  166.579484664631849 6.1037569736202836879 
 56.230955797974772281 159.79238615599666673 6.1037569736202836879 
 43.704345807625180953 174.86169410791251266 6.1037569736202836879 
 25.321329356724579185 168.07459559927733039 6.1037569736202836879 
 12.79471936637498608 183.1439035511931479 6.1037569736202836879 
 247.54512090602690932 131.95553595686368453 6.1037569736202836879 
 235.0185109156773251 147.02484390877953047 6.1037569736202836879 
 216.6354944647767411 140.23774540014437662 6.1037569736202836879 
 204.10888447442712845 155.30705335206022255 6.1037569736202836879 
 185.72586802352654445 148.51995484342501186 6.1037569736202836879 
 173.1992580331769318 163.58926279534088621 6.1037569736202836879 
 154.8162415822763478 156.80216428670570394 6.1037569736202836879 
 142.28963159192676358 171.87147223862154988 6.1037569736202836879 
 123.90661514102615115 165.08437372998633919 6.1037569736202836879 
 111.38000515067655272 180.15368168190221354 6.1037569736202836879 
 92.996988699775954501 173.36658317326703127 6.1037569736202836879 
 80.470378709426356068 188.43589112518290563 6.1037569736202836879 
 62.087362258525800485 181.64879261654766651 6.1037569736202836879 
 49.560752268176202051 196.71810056846354087 6.1037569736202836879 
 31.177735817275603836 189.9310020598283586 6.1037569736202836879 
 18.651125826926008955 205.00031001174420453 6.1037569736202836879 
 253.40152736657790911 153.81194241741471274 6.1037569736202836879 
 240.87491737622835331 168.88125036933058709 6.1037569736202836879 
 222.49190092532771246 162.0941518606953764 6.1037569736202836879 
 209.96529093497815666 177.16345981261122233 6.1037569736202836879 
 191.58227448407754423 170.37636130397604006 6.1037569736202836879 
 179.05566449372796001  185.445669255891886 6.1037569736202836879 
 160.67264804282734758 178.65857074725670373 6.1037569736202836879 
 148.14603805247776336 193.72787869917254966 6.1037569736202836879 
 129.76302160157715093 186.94078019053739581 6.1037569736202836879 
 117.23641161122758092 202.01008814245324174 6.1037569736202836879 
 98.853395160326954283 195.22298963381803105 6.1037569736202836879 
 86.326785169977384271 210.29229758573387699 6.1037569736202836879 
 67.943768719076828688 203.50519907709869472 6.1037569736202836879 
 55.417158728727230255 218.57450702901454065 6.1037569736202836879 
 37.034142277826610723 211.78740852037935838 6.1037569736202836879 
 24.507532287477033606 226.85671647229520431 6.1037569736202836879 
 246.73132383677938151 190.73765682988158687 6.1037569736202836879 
 228.34830738587874066 183.95055832124637618 6.1037569736202836879 
 215.82169739552918486 199.01986627316225054 6.1037569736202836879 
 197.43868094462854401 192.23276776452703984 6.1037569736202836879 
 184.91207095427898821 207.30207571644294262 6.1037569736202836879 
 166.52905450337834736 200.51497720780773193 6.1037569736202836879 
 154.00244451302881998 215.58428515972357786 6.1037569736202836879 
 135.61942806212815071 208.79718665108836717 6.1037569736202836879 
 123.0928180717785807 223.86649460300424153 6.1037569736202836879 
 104.70980162087796828 217.07939609436905926 6.1037569736202836879 
 92.183191630528384053 232.14870404628490519 6.1037569736202836879 
 73.80017517962782847 225.3616055376496945 6.1037569736202836879 
 61.273565189278251353 240.43091348956556885 6.1037569736202836879 
 42.890548738377638927 233.64381498093038658 6.1037569736202836879 
 30.363938748028058257 248.71312293284623252 6.1037569736202836879 
 252.58773029733038129 212.59406329043258665 6.1037569736202836879 
 234.20471384642976886 205.80696478179743281 6.1037569736202836879 
 221.67810385608018464 220.87627273371327874 6.1037569736202836879 
 203.29508740517960064 214.08917422507806805 6.1037569736202836879 
 190.76847741482998799 229.15848217699391398 6.1037569736202836879 
 172.38546096392940399 222.37138366835873171 6.1037569736202836879 
 159.85885097357981977 237.44069162027460607 6.1037569736202836879 
 141.47583452267920734 230.65359311163939537 6.1037569736202836879 
 128.94922453232959469 245.72290106355526973 6.1037569736202836879 
 110.56620808142899648 238.93580255492008746 6.1037569736202836879 
 98.039598091079398046 254.00511050683593339 6.1037569736202836879 
 79.656581640178842463 247.2180119982007227 6.1037569736202836879 
 48.746955198928645814 255.50022144148138636 6.1037569736202836879 
 240.06112030698076865 227.66337124234840417 6.1037569736202836879 
 163.11403925057001629 2.3122081282030890748 6.1037569736202836879 
 209.15149386573060042 235.94558068562909625 6.1037569736202836879 
 132.20441280931981964 10.594417571483752738 6.1037569736202836879 
 178.24186742448040377 244.22779012890975991 6.1037569736202836879 
 101.29478636806963721 18.876627014764416401 6.1037569736202836879 
 147.33224098323020712 252.50999957219042358 6.1037569736202836879 
 70.385159926819426346 27.158836458045080064 6.1037569736202836879 
 39.475533485569236802 35.441045901325743728 6.1037569736202836879 
 8.5659070443190827859 43.723255344606407391 6.1037569736202836879 
