 12.544342183731160389 4.0143741282193579067 6.5418256559375294046 
 30.830056469445445089 4.0143741282193579067 6.5418256559375294046 
 30.830056469445445089 22.300088413933643494 6.5418256559375294046 
 12.544342183731160389 22.300088413933643494 6.5418256559375294046 
 12.544342183731160389 40.585802699647928193 6.5418256559375294046 
 30.830056469445445089 40.585802699647928193 6.5418256559375294046 
 30.830056469445445089 58.871516985362212893 6.5418256559375294046 
 12.544342183731160389 58.871516985362212893 6.5418256559375294046 
 12.544342183731160389 77.157231271076497592 6.5418256559375294046 
 30.830056469445445089 77.157231271076497592 6.5418256559375294046 
 30.830056469445445089 95.442945556790789396 6.5418256559375294046 
 12.544342183731160389 95.442945556790789396 6.5418256559375294046 
 12.544342183731160389 113.72865984250506699 6.5418256559375294046 
 30.830056469445445089 113.72865984250506699 6.5418256559375294046 
 30.830056469445445089 132.01437412821934458 6.5418256559375294046 
 12.544342183731160389 132.01437412821934458 6.5418256559375294046 
 12.544342183731160389 150.3000884139336506 6.5418256559375294046 
 30.830056469445445089 150.3000884139336506 6.5418256559375294046 
 30.830056469445445089 168.58580269964792819 6.5418256559375294046 
 12.544342183731160389 168.58580269964792819 6.5418256559375294046 
 12.544342183731160389 186.87151698536220579 6.5418256559375294046 
 30.830056469445445089 186.87151698536220579 6.5418256559375294046 
 30.830056469445445089 205.1572312710765118 6.5418256559375294046 
 12.544342183731160389 205.1572312710765118 6.5418256559375294046 
 12.544342183731160389 223.4429455567907894 6.5418256559375294046 
 30.830056469445445089 223.4429455567907894 6.5418256559375294046 
 30.830056469445445089 241.72865984250506699 6.5418256559375294046 
 12.544342183731160389 241.72865984250506699 6.5418256559375294046 
 49.115770755159729788 4.0143741282193579067 6.5418256559375294046 
 67.401485040874021593 4.0143741282193579067 6.5418256559375294046 
 67.401485040874021593 22.300088413933643494 6.5418256559375294046 
 49.115770755159729788 22.300088413933643494 6.5418256559375294046 
 49.115770755159729788 40.585802699647928193 6.5418256559375294046 
 67.401485040874021593 40.585802699647928193 6.5418256559375294046 
 67.401485040874021593 58.871516985362212893 6.5418256559375294046 
 49.115770755159729788 58.871516985362212893 6.5418256559375294046 
 49.115770755159729788 77.157231271076497592 6.5418256559375294046 
 67.401485040874021593 77.157231271076497592 6.5418256559375294046 
 67.401485040874021593 95.442945556790789396 6.5418256559375294046 
 49.115770755159729788 95.442945556790789396 6.5418256559375294046 
 49.115770755159729788 113.72865984250506699 6.5418256559375294046 
 67.401485040874021593 113.72865984250506699 6.5418256559375294046 
 67.401485040874021593 132.01437412821934458 6.5418256559375294046 
 49.115770755159729788 132.01437412821934458 6.5418256559375294046 
 49.115770755159729788 150.3000884139336506 6.5418256559375294046 
 67.401485040874021593 150.3000884139336506 6.5418256559375294046 
 67.401485040874021593 168.58580269964792819 6.5418256559375294046 
 49.115770755159729788 168.58580269964792819 6.5418256559375294046 
 49.115770755159729788 186.87151698536220579 6.5418256559375294046 
 67.401485040874021593 186.87151698536220579 6.5418256559375294046 
 67.401485040874021593 205.1572312710765118 6.5418256559375294046 
 49.115770755159729788 205.1572312710765118 6.5418256559375294046 
 49.115770755159729788 223.4429455567907894 6.5418256559375294046 
 67.401485040874021593 223.4429455567907894 6.5418256559375294046 
 67.401485040874021593 241.72865984250506699 6.5418256559375294046 
 49.115770755159729788 241.72865984250506699 6.5418256559375294046 
 85.687199326588299186 4.0143741282193579067 6.5418256559375294046 
 103.97291361230259099 4.0143741282193579067 6.5418256559375294046 
 103.97291361230259099 22.300088413933643494 6.5418256559375294046 
 85.687199326588299186 22.300088413933643494 6.5418256559375294046 
 85.687199326588299186 40.585802699647928193 6.5418256559375294046 
 103.97291361230259099 40.585802699647928193 6.5418256559375294046 
 103.97291361230259099 58.871516985362212893 6.5418256559375294046 
 85.687199326588299186 58.871516985362212893 6.5418256559375294046 
 85.687199326588299186 77.157231271076497592 6.5418256559375294046 
 103.97291361230259099 77.157231271076497592 6.5418256559375294046 
 103.97291361230259099 95.442945556790789396 6.5418256559375294046 
 85.687199326588299186 95.442945556790789396 6.5418256559375294046 
 85.687199326588299186 113.72865984250506699 6.5418256559375294046 
 103.97291361230259099 113.72865984250506699 6.5418256559375294046 
 103.97291361230259099 132.01437412821934458 6.5418256559375294046 
 85.687199326588299186 132.01437412821934458 6.5418256559375294046 
 85.687199326588299186 150.3000884139336506 6.5418256559375294046 
 103.97291361230259099 150.3000884139336506 6.5418256559375294046 
 103.97291361230259099 168.58580269964792819 6.5418256559375294046 
 85.687199326588299186 168.58580269964792819 6.5418256559375294046 
 85.687199326588299186 186.87151698536220579 6.5418256559375294046 
 103.97291361230259099 186.87151698536220579 6.5418256559375294046 
 103.97291361230259099 205.1572312710765118 6.5418256559375294046 
 85.687199326588299186 205.1572312710765118 6.5418256559375294046 
 85.687199326588299186 223.4429455567907894 6.5418256559375294046 
 103.97291361230259099 223.4429455567907894 6.5418256559375294046 
 103.97291361230259099 241.72865984250506699 6.5418256559375294046 
 85.687199326588299186 241.72865984250506699 6.5418256559375294046 
 122.25862789801686858 4.0143741282193579067 6.5418256559375294046 
 140.54434218373114618 4.0143741282193579067 6.5418256559375294046 
 140.54434218373114618 22.300088413933643494 6.5418256559375294046 
 122.25862789801686858 22.300088413933643494 6.5418256559375294046 
 122.25862789801686858 40.585802699647928193 6.5418256559375294046 
 140.54434218373114618 40.585802699647928193 6.5418256559375294046 
 140.54434218373114618 58.871516985362212893 6.5418256559375294046 
 122.25862789801686858 58.871516985362212893 6.5418256559375294046 
 122.25862789801686858 77.157231271076497592 6.5418256559375294046 
 140.54434218373114618 77.157231271076497592 6.5418256559375294046 
 140.54434218373114618 95.442945556790789396 6.5418256559375294046 
 122.25862789801686858 95.442945556790789396 6.5418256559375294046 
 122.25862789801686858 113.72865984250506699 6.5418256559375294046 
 140.54434218373114618 113.72865984250506699 6.5418256559375294046 
 140.54434218373114618 132.01437412821934458 6.5418256559375294046 
 122.25862789801686858 132.01437412821934458 6.5418256559375294046 
 122.25862789801686858 150.3000884139336506 6.5418256559375294046 
 140.54434218373114618 150.3000884139336506 6.5418256559375294046 
 140.54434218373114618 168.58580269964792819 6.5418256559375294046 
 122.25862789801686858 168.58580269964792819 6.5418256559375294046 
 122.25862789801686858 186.87151698536220579 6.5418256559375294046 
 140.54434218373114618 186.87151698536220579 6.5418256559375294046 
 140.54434218373114618 205.1572312710765118 6.5418256559375294046 
 122.25862789801686858 205.1572312710765118 6.5418256559375294046 
 122.25862789801686858 223.4429455567907894 6.5418256559375294046 
 140.54434218373114618 223.4429455567907894 6.5418256559375294046 
 140.54434218373114618 241.72865984250506699 6.5418256559375294046 
 122.25862789801686858 241.72865984250506699 6.5418256559375294046 
 158.83005646944545219 4.0143741282193579067 6.5418256559375294046 
 177.11577075515972979 4.0143741282193579067 6.5418256559375294046 
 177.11577075515972979 22.300088413933643494 6.5418256559375294046 
 158.83005646944545219 22.300088413933643494 6.5418256559375294046 
 158.83005646944545219 40.585802699647928193 6.5418256559375294046 
 177.11577075515972979 40.585802699647928193 6.5418256559375294046 
 177.11577075515972979 58.871516985362212893 6.5418256559375294046 
 158.83005646944545219 58.871516985362212893 6.5418256559375294046 
 158.83005646944545219 77.157231271076497592 6.5418256559375294046 
 177.11577075515972979 77.157231271076497592 6.5418256559375294046 
 177.11577075515972979 95.442945556790789396 6.5418256559375294046 
 158.83005646944545219 95.442945556790789396 6.5418256559375294046 
 158.83005646944545219 113.72865984250506699 6.5418256559375294046 
 177.11577075515972979 113.72865984250506699 6.5418256559375294046 
 177.11577075515972979 132.01437412821934458 6.5418256559375294046 
 158.83005646944545219 132.01437412821934458 6.5418256559375294046 
 158.83005646944545219 150.3000884139336506 6.5418256559375294046 
 177.11577075515972979 150.3000884139336506 6.5418256559375294046 
 177.11577075515972979 168.58580269964792819 6.5418256559375294046 
 158.83005646944545219 168.58580269964792819 6.5418256559375294046 
 158.83005646944545219 186.87151698536220579 6.5418256559375294046 
 177.11577075515972979 186.87151698536220579 6.5418256559375294046 
 177.11577075515972979 205.1572312710765118 6.5418256559375294046 
 158.83005646944545219 205.1572312710765118 6.5418256559375294046 
 158.83005646944545219 223.4429455567907894 6.5418256559375294046 
 177.11577075515972979 223.4429455567907894 6.5418256559375294046 
 177.11577075515972979 241.72865984250506699 6.5418256559375294046 
 158.83005646944545219 241.72865984250506699 6.5418256559375294046 
 195.40148504087400738 4.0143741282193579067 6.5418256559375294046 
 213.6871993265883134 4.0143741282193579067 6.5418256559375294046 
 213.6871993265883134 22.300088413933643494 6.5418256559375294046 
 195.40148504087400738 22.300088413933643494 6.5418256559375294046 
 195.40148504087400738 40.585802699647928193 6.5418256559375294046 
 213.6871993265883134 40.585802699647928193 6.5418256559375294046 
 213.6871993265883134 58.871516985362212893 6.5418256559375294046 
 195.40148504087400738 58.871516985362212893 6.5418256559375294046 
 195.40148504087400738 77.157231271076497592 6.5418256559375294046 
 213.6871993265883134 77.157231271076497592 6.5418256559375294046 
 213.6871993265883134 95.442945556790789396 6.5418256559375294046 
 195.40148504087400738 95.442945556790789396 6.5418256559375294046 
 195.40148504087400738 113.72865984250506699 6.5418256559375294046 
 213.6871993265883134 113.72865984250506699 6.5418256559375294046 
 213.6871993265883134 132.01437412821934458 6.5418256559375294046 
 195.40148504087400738 132.01437412821934458 6.5418256559375294046 
 195.40148504087400738 150.3000884139336506 6.5418256559375294046 
 213.6871993265883134 150.3000884139336506 6.5418256559375294046 
 213.6871993265883134 168.58580269964792819 6.5418256559375294046 
 195.40148504087400738 168.58580269964792819 6.5418256559375294046 
 195.40148504087400738 186.87151698536220579 6.5418256559375294046 
 213.6871993265883134 186.87151698536220579 6.5418256559375294046 
 213.6871993265883134 205.1572312710765118 6.5418256559375294046 
 195.40148504087400738 205.1572312710765118 6.5418256559375294046 
 195.40148504087400738 223.4429455567907894 6.5418256559375294046 
 213.6871993265883134 223.4429455567907894 6.5418256559375294046 
 213.6871993265883134 241.72865984250506699 6.5418256559375294046 
 195.40148504087400738 241.72865984250506699 6.5418256559375294046 
 231.97291361230259099 4.0143741282193579067 6.5418256559375294046 
 250.25862789801686858 4.0143741282193579067 6.5418256559375294046 
 250.25862789801686858 22.300088413933643494 6.5418256559375294046 
 231.97291361230259099 22.300088413933643494 6.5418256559375294046 
 231.97291361230259099 40.585802699647928193 6.5418256559375294046 
 250.25862789801686858 40.585802699647928193 6.5418256559375294046 
 250.25862789801686858 58.871516985362212893 6.5418256559375294046 
 231.97291361230259099 58.871516985362212893 6.5418256559375294046 
 231.97291361230259099 77.157231271076497592 6.5418256559375294046 
 250.25862789801686858 77.157231271076497592 6.5418256559375294046 
 250.25862789801686858 95.442945556790789396 6.5418256559375294046 
 231.97291361230259099 95.442945556790789396 6.5418256559375294046 
 231.97291361230259099 113.72865984250506699 6.5418256559375294046 
 250.25862789801686858 113.72865984250506699 6.5418256559375294046 
 250.25862789801686858 132.01437412821934458 6.5418256559375294046 
 231.97291361230259099 132.01437412821934458 6.5418256559375294046 
 231.97291361230259099 150.3000884139336506 6.5418256559375294046 
 250.25862789801686858 150.3000884139336506 6.5418256559375294046 
 250.25862789801686858 168.58580269964792819 6.5418256559375294046 
 231.97291361230259099 168.58580269964792819 6.5418256559375294046 
 231.97291361230259099 186.87151698536220579 6.5418256559375294046 
 250.25862789801686858 186.87151698536220579 6.5418256559375294046 
 250.25862789801686858 205.1572312710765118 6.5418256559375294046 
 231.97291361230259099 205.1572312710765118 6.5418256559375294046 
 231.97291361230259099 223.4429455567907894 6.5418256559375294046 
 250.25862789801686858 223.4429455567907894 6.5418256559375294046 
 250.25862789801686858 241.72865984250506699 6.5418256559375294046 
 231.97291361230259099 241.72865984250506699 6.5418256559375294046 
