 66.616671788637034979 1.4461651596764528716 6.5418256559375294046 
 82.452564886409618339 10.589022302533580344 6.5418256559375294046 
 73.309707743552465331 26.424915400306183244 6.5418256559375294046 
 57.473814645779874866 17.282058257449040894 6.5418256559375294046 
 48.33095750292275028 33.117951355221627807 6.5418256559375294046 
 64.166850600695340745 42.260808498078773709 6.5418256559375294046 
 55.023993457838194843 58.096701595851378386 6.5418256559375294046 
 39.188100360065604377 48.953844452994218273 6.5418256559375294046 
 30.04524321720846558 64.789737550766830054 6.5418256559375294046 
 45.881136314981056046 73.932594693623968851 6.5418256559375294046 
 36.738279172123910143 89.768487791396552211 6.5418256559375294046 
 20.902386074351323231 80.625630648539413414 6.5418256559375294046 
 11.759528931494179105 96.461523746312010985 6.5418256559375294046 
 27.595422029266767794 105.60438088916913557 6.5418256559375294046 
 18.452564886409625444 121.44027398694174735 6.5418256559375294046 
 2.616671788637035867 112.29741684408459435 6.5418256559375294046 
 9.3097077435524813183 137.27616708471433071 6.5418256559375294046 
 123.26720822481193807 13.038843490475278131 6.5418256559375294046 
 107.4313151270393405 3.8959863476181348929 6.5418256559375294046 
 98.28845798418221591 19.731879445390738681 6.5418256559375294046 
 114.12435108195479927 28.87473658824786682 6.5418256559375294046 
 104.98149393909766047 44.710629686020467943 6.5418256559375294046 
 89.145600841325048691 35.567772543163329146 6.5418256559375294046 
 80.002743698467924105 51.403665640935912506 6.5418256559375294046 
 95.838636796240521676 60.546522783793058409 6.5418256559375294046 
 86.695779653383382879 76.382415881565648874 6.5418256559375294046 
 70.859886555610785308 67.239558738708510077 6.5418256559375294046 
 61.717029412753639406 83.075451836481107648 6.5418256559375294046 
 77.552922510526229871 92.218308979338246445 6.5418256559375294046 
 68.410065367669091074 108.05420207711084402 6.5418256559375294046 
 52.574172269896500609 98.911344934253691008 6.5418256559375294046 
 43.431315127039354707 114.74723803202630279 6.5418256559375294046 
 59.267208224811952277 123.89009517488342738 6.5418256559375294046 
 50.12435108195481348 139.72598827265602495 6.5418256559375294046 
 34.288457984182208804 130.58313112979888615 6.5418256559375294046 
 25.145600841325070007 146.41902422757146951 6.5418256559375294046 
 40.981493939097674684 155.56188137042860831 6.5418256559375294046 
 31.838636796240528781 171.39777446820122009 6.5418256559375294046 
 16.002743698467941869 162.25491732534405287 6.5418256559375294046 
 6.8598865556107835317 178.09081042311666465 6.5418256559375294046 
 22.695779653383386432 187.23366756597380345 6.5418256559375294046 
 13.552922510526244082 203.06956066374638681 6.5418256559375294046 
 148.24595846544167443 6.3458075355598326794 6.5418256559375294046 
 164.08185156321425779 15.488664678416975917 6.5418256559375294046 
 154.93899442035714742 31.324557776189564606 6.5418256559375294046 
 139.10310132258453564 22.181700633332422257 6.5418256559375294046 
 129.96024417972739684 38.017593731105009169 6.5418256559375294046 
 145.79613727750000862 47.160450873962155072 6.5418256559375294046 
 136.6532801346428414 62.996343971734745537 6.5418256559375294046 
 120.81738703687025804 53.853486828877613846 6.5418256559375294046 
 111.67452989401311925 69.689379926650204311 6.5418256559375294046 
 127.51042299178570261 78.832237069507328897 6.5418256559375294046 
 118.36756584892856381 94.668130167279926468 6.5418256559375294046 
 102.53167275115598045 85.525273024422787671 6.5418256559375294046 
 93.388815608298827442 101.36116612219537103 6.5418256559375294046 
 109.22470870607143922 110.50402326505253825 6.5418256559375294046 
 100.08185156321427201 126.33991636282512161 6.5418256559375294046 
 84.245958465441688645 117.19705921996798281 6.5418256559375294046 
 75.103101322584549848 133.03295231774058038 6.5418256559375294046 
 90.938994420357147419 142.17580946059771918 6.5418256559375294046 
 81.796137277500008622 158.01170255837030254 6.5418256559375294046 
 65.960244179727411051 148.86884541551316374 6.5418256559375294046 
 56.817387036870258044 164.7047385132857471 6.5418256559375294046 
 72.653280134642869825 173.8475956561428859 6.5418256559375294046 
 63.510422991785723923 189.68348875391549768 6.5418256559375294046 
 47.674529894013119247 180.54063161105838731 6.5418256559375294046 
 38.531672751155987555 196.37652470883097067 6.5418256559375294046 
 54.367565848928578021 205.51938185168808104 6.5418256559375294046 
 45.224708706071439224 221.35527494946069282 6.5418256559375294046 
 29.388815608298830995 212.21241780660355403 6.5418256559375294046 
 179.91774466098684115 24.63152182127411649 6.5418256559375294046 
 195.75363775875948136 33.774378964131244629 6.5418256559375294046 
 186.61078061590231414 49.610272061903835095 6.5418256559375294046 
 170.77488751812973078 40.467414919046703403 6.5418256559375294046 
 161.63203037527259198 56.303308016819293869 6.5418256559375294046 
 177.46792347304517534 65.446165159676439771 6.5418256559375294046 
 168.32506633018803655 81.282058257449023131 6.5418256559375294046 
 152.48917323241542476 72.139201114591898545 6.5418256559375294046 
 143.34631608955831439 87.975094212364481905 6.5418256559375294046 
 159.18220918733089775 97.117951355221606491 6.5418256559375294046 
 150.03935204447375895 112.95384445299421827 6.5418256559375294046 
 134.20345894670117559 103.81098731013707948 6.5418256559375294046 
 125.06060180384402258 119.64688040790966284 6.5418256559375294046 
 140.89649490161662015 128.78973755076680163 6.5418256559375294046 
 131.75363775875948136 144.62563064853941341 6.5418256559375294046 
 115.91774466098688379 135.48277350568227462 6.5418256559375294046 
 106.77488751812974499 151.31866660345485798 6.5418256559375294046 
 122.61078061590232835 160.46152374631199677 6.5418256559375294046 
 113.46792347304518955 176.29741684408458013 6.5418256559375294046 
 97.632030375272591982 167.15455970122746976 6.5418256559375294046 
 88.489173232415453185 182.99045279900005312 6.5418256559375294046 
 104.32506633018803655 192.13330994185716349 6.5418256559375294046 
 95.182209187330911959 207.9692030396298037 6.5418256559375294046 
 79.346316089558314388 198.82634589677263648 6.5418256559375294046 
 70.203458946701161381 214.66223899454521984 6.5418256559375294046 
 86.039352044473758951 223.80509613740238706 6.5418256559375294046 
 76.896494901616634365 239.64098923517497042 6.5418256559375294046 
 61.060601803844022584 230.4981320923178032 6.5418256559375294046 
 211.58953085653209314 42.917236106988404742 6.5418256559375294046 
 227.4254239543046765 52.060093249845543539 6.5418256559375294046 
 218.28256681144750928 67.895986347618134005 6.5418256559375294046 
 202.44667371367492592 58.753129204760995208 6.5418256559375294046 
 193.3038165708177587 74.589022302533592779 6.5418256559375294046 
 209.13970966859037048 83.731879445390717365 6.5418256559375294046 
 199.99685252573323169 99.567772543163329146 6.5418256559375294046 
 184.16095942796064833 90.42491540030619035 6.5418256559375294046 
 175.01810228510350953 106.26080849807877371 6.5418256559375294046 
 190.85399538287609289 115.40366564093591251 6.5418256559375294046 
 181.71113824001895409 131.23955873870849587 6.5418256559375294046 
 165.87524514224637073 122.09670159585135707 6.5418256559375294046 
 156.73238799938923194 137.93259469362396885 6.5418256559375294046 
 172.5682810971618153 147.07545183648110765 6.5418256559375294046 
 163.42542395430464808 162.91134493425369101 6.5418256559375294046 
 147.58953085653206472 153.76848779139652379 6.5418256559375294046 
 138.44667371367492592 169.60438088916916399 6.5418256559375294046 
 154.2825668114475377 178.74723803202627437 6.5418256559375294046 
 145.13970966859037048 194.58313112979885773 6.5418256559375294046 
 129.30381657081778712 185.44027398694174735 6.5418256559375294046 
 120.16095942796066254 201.27616708471433071 6.5418256559375294046 
 135.99685252573326011 210.41902422757146951 6.5418256559375294046 
 126.8539953828761071 226.25491732534408129 6.5418256559375294046 
 111.01810228510352374 217.11206018248694249 6.5418256559375294046 
 101.87524514224637073 232.94795328025952585 6.5418256559375294046 
 117.7111382400189683 242.09081042311666465 6.5418256559375294046 
 92.732387999389231936 248.78384637803213764 6.5418256559375294046 
 243.26131705207725986 61.202950392702689442 6.5418256559375294046 
 249.95435300699270442 86.181700633332425809 6.5418256559375294046 
 234.11845990922009264 77.038843490475272802 6.5418256559375294046 
 224.97560276636298227 92.874736588247870372 6.5418256559375294046 
 240.81149586413556563 102.01759373110500917 6.5418256559375294046 
 231.66863872127839841 117.85348682887759253 6.5418256559375294046 
 215.83274562350581505 108.71062968602046794 6.5418256559375294046 
 206.68988848064870467 124.5465227837930513 6.5418256559375294046 
 222.52578157842128803 133.6893799266501901 6.5418256559375294046 
 213.38292443556412081 149.52527302442277346 6.5418256559375294046 
 197.54703133779153745 140.38241588156563466 6.5418256559375294046 
 188.40417419493439866 156.21830897933824644 6.5418256559375294046 
 204.24006729270698202 165.36116612219538524 6.5418256559375294046 
 195.09721014984987164 181.1970592199679686 6.5418256559375294046 
 179.26131705207728828 172.05420207711085823 6.5418256559375294046 
 170.11845990922012106 187.89009517488344159 6.5418256559375294046 
 185.95435300699270442 197.03295231774058038 6.5418256559375294046 
 176.81149586413556563 212.86884541551316374 6.5418256559375294046 
 160.97560276636298227 203.72598827265602495 6.5418256559375294046 
 151.83274562350584347 219.56188137042860831 6.5418256559375294046 
 167.66863872127842683 228.7047385132857471 6.5418256559375294046 
 158.52578157842128803 244.54063161105835889 6.5418256559375294046 
 142.68988848064870467 235.39777446820119167 6.5418256559375294046 
 133.54703133779153745 251.23366756597380345 6.5418256559375294046 
 256.64738896190817741 111.16045087396214797 6.5418256559375294046 
 247.50453181905103861 126.99634397173475975 6.5418256559375294046 
 238.36167467619387139 142.83223706950735732 6.5418256559375294046 
 254.19756777396645475 151.97509421236446769 6.5418256559375294046 
 245.05471063110934438 167.81098731013707948 6.5418256559375294046 
 229.21881753333673259 158.66813016727994068 6.5418256559375294046 
 220.07596039047962222 174.50402326505252404 6.5418256559375294046 
 235.91185348825220558 183.64688040790969126 6.5418256559375294046 
 226.76899634539503836 199.48277350568227462 6.5418256559375294046 
  210.933103247622455 190.3399163628251074 6.5418256559375294046 
 201.79024610476528778 206.17580946059769076 6.5418256559375294046 
 217.62613920253789956 215.31866660345485798 6.5418256559375294046 
 208.48328205968076077 231.15455970122744134 6.5418256559375294046 
 192.64738896190817741 222.01170255837030254 6.5418256559375294046 
 183.50453181905103861 237.84759565614291432 6.5418256559375294046 
 199.34042491682362197 246.9904527990000247 6.5418256559375294046 
 174.36167467619387139 253.68348875391549768 6.5418256559375294046 
