 81.88753946483977586 6.911633428263345813 6.5418256559375294046 
 64.224895784125379805  2.17894231781725356 6.5418256559375294046 
 59.492204673679282223 19.841585998531645174 6.5418256559375294046 
 77.154848354393678278 24.574277108977735651 6.5418256559375294046 
 72.422157243947580696 42.236920789692128153 6.5418256559375294046 
 54.759513563233191746 37.504229679246030571 6.5418256559375294046 
 50.026822452787087059 55.166873359960440837 6.5418256559375294046 
 67.689466133501483114 59.899564470406531314 6.5418256559375294046 
 62.956775023055392637 77.562208151120913158 6.5418256559375294046 
 45.294131342340996582 72.829517040674829786 6.5418256559375294046 
 40.561440231894906105 90.492160721389211631 6.5418256559375294046 
 58.224083912609295055 95.224851831835309213 6.5418256559375294046 
 53.491392802163204578 112.88749551254970527 6.5418256559375294046 
 35.828749121448815629 108.1548044021036219 6.5418256559375294046 
 31.096058011002721599 125.81744808281800374 6.5418256559375294046 
 48.758701691717106996 130.55013919326410132 6.5418256559375294046 
 44.02601058127101652 148.21278287397848317 6.5418256559375294046 
 26.36336690055662757 143.48009176353241401 6.5418256559375294046 
 21.630675790110537093 161.14273544424676743 6.5418256559375294046 
 39.293319470824926043 165.87542655469289343 6.5418256559375294046 
 34.560628360378835566 183.53807023540727528 6.5418256559375294046 
 16.897984679664446617 178.80537912496117769 6.5418256559375294046 
 12.165293569218352587 196.46802280567555954 6.5418256559375294046 
 29.827937249932727326 201.20071391612165712 6.5418256559375294046 
 25.095246139486633297 218.86335759683606739 6.5418256559375294046 
 7.4326024587722603343 214.1306664863899698 6.5418256559375294046 
 117.21282682626855376 16.377015649155545418 6.5418256559375294046 
 99.550183145554157704 11.644324538709437178 6.5418256559375294046 
 94.817492035108045911 29.306968219423826127 6.5418256559375294046 
 112.48013571582245618 34.039659329869934368 6.5418256559375294046 
 107.7474446053763586 51.702303010584323317 6.5418256559375294046 
 90.084800924661976751 46.96961190013821863 6.5418256559375294046 
 85.352109814215864958 64.632255580852614685 6.5418256559375294046 
 103.01475349493027522 69.364946691298712267 6.5418256559375294046 
 98.282062384484177642 87.027590372013122533 6.5418256559375294046 
 80.619418703769781587 82.29489926156701074 6.5418256559375294046 
 75.886727593323684005 99.957542942281406795 6.5418256559375294046 
 93.549371274038094271 104.69023405272749017 6.5418256559375294046 
 88.816680163591996688 122.35287773344190043 6.5418256559375294046 
 71.154036482877586423 117.62018662299580285 6.5418256559375294046 
 66.421345372431503051 135.2828303037101989 6.5418256559375294046 
 84.083989053145899106 140.01552141415629649 6.5418256559375294046 
 79.351297942699815735 157.67816509487067833 6.5418256559375294046 
 61.688654261985405469 152.94547398442458075 6.5418256559375294046 
 56.955963151539314993 170.60811766513899101 6.5418256559375294046 
 74.618606832253703942 175.3408087755850886 6.5418256559375294046 
 69.885915721807620571 193.00345245629947044 6.5418256559375294046 
 52.223272041093224516 188.27076134585337286 6.5418256559375294046 
 47.490580930647134039 205.93340502656772628 6.5418256559375294046 
 65.153224611361522989 210.66609613701385229 6.5418256559375294046 
 60.420533500915432512 228.32873981772823413 6.5418256559375294046 
 42.757889820201043563 223.59604870728213655 6.5418256559375294046 
 139.60816161742903319 3.4470630788872473893 6.5418256559375294046 
 157.27080529814341503 8.1797541893333391982 6.5418256559375294046 
 152.53811418769731745 25.842397870047729924 6.5418256559375294046 
 134.8754705069829356 21.109706759601635895 6.5418256559375294046 
 130.14277939653683802 38.772350440316024844 6.5418256559375294046 
 147.80542307725124829 43.505041550762115321 6.5418256559375294046 
 143.07273196680515071 61.167685231476511376 6.5418256559375294046 
 125.41008828609075465 56.434994121030413794 6.5418256559375294046 
 120.67739717564465707 74.097637801744809849 6.5418256559375294046 
 138.34004085635905312 78.83032891219089322 6.5418256559375294046 
 133.60734974591295554 96.492972592905303486 6.5418256559375294046 
 115.9447060651985737 91.760281482459205904 6.5418256559375294046 
 111.21201495475247611 109.42292516317360196 6.5418256559375294046 
 128.87465863546685796 114.15561627361969954 6.5418256559375294046 
 124.14196752502077459 131.81825995433408139 6.5418256559375294046 
 106.47932384430636432 127.08556884388799801 6.5418256559375294046 
 101.74663273386028095 144.74821252460236565 6.5418256559375294046 
 119.40927641457469122 149.48090363504846323 6.5418256559375294046 
 114.67658530412859363 167.1435473157628735 6.5418256559375294046 
 97.013941623414183368 162.41085620531677591 6.5418256559375294046 
 92.281250512968099997 180.07349988603118618 6.5418256559375294046 
 109.94389419368249605 184.80619099647725534 6.5418256559375294046 
 105.21120308323641268 202.46883467719166561 6.5418256559375294046 
 87.548559402522002415 197.7361435667455396 6.5418256559375294046 
 82.815868292075904833 215.39878724745994987 6.5418256559375294046 
 100.47851197279030089 220.13147835790604745 6.5418256559375294046 
 95.745820862344203306 237.79412203862042929 6.5418256559375294046 
 78.083177181629821462 233.06143092817433171 6.5418256559375294046 
 174.9334489788578253 12.912445299779431451 6.5418256559375294046 
 192.59609265957223556 17.645136410225521928 6.5418256559375294046 
 187.86340154912613798 35.30778009093991443 6.5418256559375294046 
 170.20075786841172771 30.575088980493820401 6.5418256559375294046 
 165.46806675796563013 48.237732661208212903 6.5418256559375294046 
 183.13071043868001198 52.97042377165430338 6.5418256559375294046 
 178.39801932823394282 70.633067452368692329 6.5418256559375294046 
 160.73537564751956097 65.900376341922594747 6.5418256559375294046 
 156.00268453707346339 83.563020022636990802 6.5418256559375294046 
 173.66532821778784523 88.295711133083088384 6.5418256559375294046 
 168.93263710734174765 105.95835481379748444 6.5418256559375294046 
 151.26999342662736581 101.22566370335140107 6.5418256559375294046 
 146.53730231618126822 118.88830738406578291 6.5418256559375294046 
 164.19994599689565007 123.62099849451188049 6.5418256559375294046 
 159.46725488644955249 141.28364217522627655 6.5418256559375294046 
 141.80461120573517064 136.55095106478017897 6.5418256559375294046 
 137.07192009528907306 154.21359474549456081 6.5418256559375294046 
 154.7345637760034549 158.94628585594065839 6.5418256559375294046 
 150.00187266555738574 176.60892953665504024 6.5418256559375294046 
 132.33922898484297548 171.87623842620894266 6.5418256559375294046 
 127.60653787439689211 189.53888210692335292 6.5418256559375294046 
 145.26918155511128816 194.2715732173694505 6.5418256559375294046 
 140.53649044466519058 211.93421689808386077 6.5418256559375294046 
 122.87384676395079453 207.20152578763776319 6.5418256559375294046 
 118.14115565350469694 224.86416946835214503 6.5418256559375294046 
  135.803799334219093 229.59686057879824261 6.5418256559375294046 
 131.07110822377299542 247.25950425951259604 6.5418256559375294046 
 113.40846454305859936 242.52681314906652688 6.5418256559375294046 
 210.25873634028661741 22.377827520671615957 6.5418256559375294046 
 227.92138002100097083 27.110518631117706434 6.5418256559375294046 
 223.18868891055487325 44.773162311832095384 6.5418256559375294046 
 205.52604522984051982 40.040471201386004907 6.5418256559375294046 
 200.79335411939442224 57.703114882100393856 6.5418256559375294046 
 218.45599780010880409 62.435805992546484333 6.5418256559375294046 
 213.7233066896627065 80.098449673260873283 6.5418256559375294046 
 196.06066300894832466 75.365758562814789911 6.5418256559375294046 
 191.32797189850222708 93.028402243529171756 6.5418256559375294046 
 208.99061557921660892 97.761093353975283549 6.5418256559375294046 
 204.25792446877051134 115.42373703468966539 6.5418256559375294046 
 186.59528078805615792 110.69104592424358202 6.5418256559375294046 
 181.86258967761003191 128.35368960495796387 6.5418256559375294046 
 199.52523335832441376 133.08638071540406145 6.5418256559375294046 
 194.7925422478783446 150.74902439611844329 6.5418256559375294046 
 177.12989856716393433 146.01633328567234571 6.5418256559375294046 
 172.39720745671783675 163.67897696638675598 6.5418256559375294046 
 190.05985113743224701 168.41166807683285356 6.5418256559375294046 
 185.32716002698614943 186.0743117575472354 6.5418256559375294046 
 167.66451634627173917 181.34162064710113782 6.5418256559375294046 
 162.93182523582564158 199.00426432781554809 6.5418256559375294046 
 180.59446891654005185 203.73695543826164567 6.5418256559375294046 
 175.86177780609395427 221.39959911897602751 6.5418256559375294046 
 158.19913412537957242 216.66690800852995835 6.5418256559375294046 
 153.46644301493347484 234.32955168924431177 6.5418256559375294046 
 171.12908669564788511 239.06224279969040936 6.5418256559375294046 
 166.39639558520178753 256.7248864804047912 6.5418256559375294046 
 148.73375190448737726 251.99219536995869362 6.5418256559375294046 
 245.58402370171538109 31.843209741563800463 6.5418256559375294046 
 240.85133259126928351 49.50585342227818586 6.5418256559375294046 
 236.11864148082318593 67.16849710299257481 6.5418256559375294046 
 253.7812851615375962 71.901188213438672392 6.5418256559375294046 
 249.04859405109152704 89.563831894153068447 6.5418256559375294046 
 231.38595037037711677 84.831140783706970865 6.5418256559375294046 
 226.65325925993101919 102.49378446442136692 6.5418256559375294046 
 244.31590294064542945 107.2264755748674645 6.5418256559375294046 
 239.58321183019933187 124.88911925558186056 6.5418256559375294046 
 221.92056814948492161 120.15642814513576297 6.5418256559375294046 
 217.18787703903882402 137.81907182585015903 6.5418256559375294046 
 234.85052071975323429 142.55176293629625661 6.5418256559375294046 
 230.11782960930713671 160.21440661701063846 6.5418256559375294046 
 212.45518592859272644 155.48171550656454087 6.5418256559375294046 
 207.72249481814665728 173.14435918727895114 6.5418256559375294046 
 225.38513849886106755 177.87705029772504872 6.5418256559375294046 
 220.65244738841496996 195.53969397843940214 6.5418256559375294046 
 202.9898037077005597 190.80700286799333298 6.5418256559375294046 
 198.25711259725446212 208.46964654870771483 6.5418256559375294046 
 215.91975627796887238 213.20233765915381241 6.5418256559375294046 
 211.1870651675227748 230.86498133986822268 6.5418256559375294046 
 193.52442148680836453 226.13229022942212509 6.5418256559375294046 
 188.79173037636223853 243.79493391013650694 6.5418256559375294046 
 206.4543740570766488 248.52762502058260452 6.5418256559375294046 
 41.829560992964900379 15.108894888085551145 6.5418256559375294046 
 37.096869882518802797 32.771538568799940094 6.5418256559375294046 
 32.364178772072698109 50.434182249514343255 6.5418256559375294046 
 27.631487661626607633 68.096825930228732204 6.5418256559375294046 
 252.51316440046761613 147.28445404674235419 6.5418256559375294046 
 22.898796551180513603 85.759469610943128259 6.5418256559375294046 
 18.166105440734423127 103.42211329165753853 6.5418256559375294046 
 247.78047329002151855 164.94709772745673604 6.5418256559375294046 
 243.04778217957542097 182.60974140817111788 6.5418256559375294046 
 13.433414330288330873 121.08475697237190616 6.5418256559375294046 
 8.7007232198422386205 138.74740065308631642 6.5418256559375294046 
 238.31509106912932339 200.27238508888549973 6.5418256559375294046 
 233.58239995868325423 217.93502876959990999 6.5418256559375294046 
 3.9680321093961468115 156.41004433380069827 6.5418256559375294046 
 228.84970884823715664 235.59767245031432026 6.5418256559375294046 
 224.11701773779105906 253.2603161310287021 6.5418256559375294046 
