 103.01967835532964557 24.540981743278376115 5.952292390469932748 
 77.159773214793034413 24.540981743278376115 5.952292390469932748 
 77.159773214793034413 50.400886883814976613 5.952292390469932748 
 51.299868074256451678 50.400886883814976613 5.952292390469932748 
 51.299868074256437467 76.26079202435158777 5.952292390469932748 
 25.439962933719847626 76.26079202435158777 5.952292390469932748 
 25.439962933719833416 102.12069716488818472 5.952292390469932748 
 154.73948863640282525 24.540981743278361904 5.952292390469932748 
 128.87958349586625673 24.540981743278376115 5.952292390469932748 
 128.87958349586625673 50.400886883814962403 5.952292390469932748 
 103.01967835532965978 50.400886883814976613 5.952292390469932748 
 103.01967835532963136 76.260792024351573559 5.952292390469932748 
 77.159773214793034413 76.26079202435158777 5.952292390469932748 
 77.159773214793034413 102.12069716488817051 5.952292390469932748 
 51.299868074256451678 102.12069716488818472 5.952292390469932748 
 51.299868074256437467 127.98060230542476745 5.952292390469932748 
 25.439962933719847626 127.98060230542478166 5.952292390469932748 
 25.439962933719833416 153.84050744596137861 5.952292390469932748 
 180.5993937769394222 24.540981743278376115 5.952292390469932748 
 180.5993937769394222 50.400886883814962403 5.952292390469932748 
 154.73948863640282525 50.400886883814962403 5.952292390469932748 
 154.73948863640282525 76.260792024351559348 5.952292390469932748 
 128.87958349586625673 76.260792024351573559 5.952292390469932748 
 128.87958349586625673 102.12069716488817051 5.952292390469932748 
 103.01967835532964557 102.12069716488817051 5.952292390469932748 
 103.01967835532964557 127.98060230542476745 5.952292390469932748 
 77.159773214793034413 127.98060230542476745 5.952292390469932748 
 77.159773214793034413 153.84050744596137861 5.952292390469932748 
 51.299868074256437467 153.84050744596137861 5.952292390469932748 
 51.299868074256451678 179.70041258649797555 5.952292390469932748 
 25.439962933719861837 179.70041258649794713 5.952292390469932748 
 25.439962933719890259 205.56031772703454408 5.952292390469932748 
 206.45929891747599072 50.400886883814976613 5.952292390469932748 
 206.45929891747601914 76.260792024351559348 5.952292390469932748 
 180.5993937769394222 76.260792024351573559 5.952292390469932748 
 180.59939377693945062 102.12069716488815629 5.952292390469932748 
 154.73948863640282525 102.12069716488817051 5.952292390469932748 
 154.73948863640282525 127.98060230542475324 5.952292390469932748 
 128.87958349586625673 127.98060230542475324 5.952292390469932748 
 128.87958349586625673 153.84050744596137861 5.952292390469932748 
 103.01967835532964557 153.84050744596137861 5.952292390469932748 
 103.01967835532964557 179.70041258649794713 5.952292390469932748 
 77.159773214793034413 179.70041258649794713 5.952292390469932748 
 77.159773214793048624 205.5603177270345725 5.952292390469932748 
 51.299868074256465889 205.56031772703454408 5.952292390469932748 
 51.29986807425649431 231.42022286757114102 5.952292390469932748 
 232.31920405801261609 76.26079202435158777 5.952292390469932748 
 232.31920405801261609 102.12069716488817051 5.952292390469932748 
 206.45929891747601914 102.12069716488817051 5.952292390469932748 
 206.45929891747604756 127.98060230542475324 5.952292390469932748 
 180.59939377693945062 127.98060230542475324 5.952292390469932748 
 180.59939377693945062 153.84050744596137861 5.952292390469932748 
 154.73948863640282525 153.84050744596137861 5.952292390469932748 
 154.73948863640285367 179.70041258649794713 5.952292390469932748 
 128.87958349586625673 179.70041258649794713 5.952292390469932748 
 128.87958349586625673 205.5603177270345725 5.952292390469932748 
 103.01967835532964557 205.5603177270345725 5.952292390469932748 
 103.01967835532965978 231.42022286757116945 5.952292390469932748 
 77.159773214793062834 231.42022286757116945 5.952292390469932748 
 232.31920405801261609 127.98060230542475324 5.952292390469932748 
 232.31920405801264451 153.84050744596135019 5.952292390469932748 
 206.45929891747604756 153.84050744596135019 5.952292390469932748 
 206.45929891747604756 179.70041258649794713 5.952292390469932748 
 180.59939377693945062 179.70041258649794713 5.952292390469932748 
 180.59939377693945062 205.56031772703454408 5.952292390469932748 
 154.73948863640285367 205.56031772703454408 5.952292390469932748 
 154.73948863640285367 231.42022286757116945 5.952292390469932748 
 128.87958349586625673 231.42022286757116945 5.952292390469932748 
 232.31920405801261609 179.70041258649791871 5.952292390469932748 
 232.31920405801261609 205.56031772703454408 5.952292390469932748 
 206.45929891747601914 205.56031772703454408 5.952292390469932748 
 206.45929891747599072 231.42022286757114102 5.952292390469932748 
 180.59939377693945062 231.42022286757114102 5.952292390469932748 
