 14.535117013329061919 72.594153232450580049 5.952292390469932748 
 26.312963894353998739 54.30843894673629535 5.952292390469932748 
 14.535117013329061919 109.16558180387916366 5.952292390469932748 
 26.312963894353998739 90.879867518164871854 5.952292390469932748 
 14.535117013329061919 145.73701037530770463 5.952292390469932748 
 26.312963894353998739 127.45129608959345546 5.952292390469932748 
 14.535117013329061919 182.30843894673628824 5.952292390469932748 
 26.312963894353998739 164.02272466102201065 5.952292390469932748 
 14.535117013329061919 218.87986751816487185 5.952292390469932748 
 26.312963894353998739 200.59415323245059426 5.952292390469932748 
 14.535117013329061919 255.45129608959345546 5.952292390469932748 
 26.312963894353998739 237.16558180387914945 5.952292390469932748 
 14.535117013329061919 36.022724661022031967 5.952292390469932748 
 26.312963894353998739 17.737010375307715293 5.952292390469932748 
 38.090810775378947994 72.594153232450580049 5.952292390469932748 
 49.868657656403890144 54.30843894673629535 5.952292390469932748 
 38.090810775378947994 109.16558180387916366 5.952292390469932748 
 49.868657656403890144 90.879867518164871854 5.952292390469932748 
 38.090810775378947994 145.73701037530770463 5.952292390469932748 
 49.868657656403890144 127.45129608959345546 5.952292390469932748 
 38.090810775378947994 182.30843894673628824 5.952292390469932748 
 49.868657656403890144 164.02272466102201065 5.952292390469932748 
 38.090810775378947994 218.87986751816487185 5.952292390469932748 
 49.868657656403890144 200.59415323245059426 5.952292390469932748 
 38.090810775378947994 255.45129608959345546 5.952292390469932748 
 49.868657656403890144 237.16558180387914945 5.952292390469932748 
 38.090810775378947994 36.022724661022031967 5.952292390469932748 
 49.868657656403890144 17.737010375307715293 5.952292390469932748 
 61.646504537428825188 72.594153232450580049 5.952292390469932748 
 73.424351418453767337 54.30843894673629535 5.952292390469932748 
 61.646504537428825188 109.16558180387916366 5.952292390469932748 
 73.424351418453767337 90.879867518164871854 5.952292390469932748 
 61.646504537428825188 145.73701037530770463 5.952292390469932748 
 73.424351418453767337 127.45129608959345546 5.952292390469932748 
 61.646504537428825188 182.30843894673628824 5.952292390469932748 
 73.424351418453767337 164.02272466102201065 5.952292390469932748 
 61.646504537428825188 218.87986751816487185 5.952292390469932748 
 73.424351418453767337 200.59415323245059426 5.952292390469932748 
 61.646504537428825188 255.45129608959345546 5.952292390469932748 
 73.424351418453767337 237.16558180387914945 5.952292390469932748 
 61.646504537428825188 36.022724661022031967 5.952292390469932748 
 73.424351418453767337 17.737010375307715293 5.952292390469932748 
 85.202198299478695276 72.594153232450580049 5.952292390469932748 
 96.980045180503637425 54.30843894673629535 5.952292390469932748 
 85.202198299478695276 109.16558180387916366 5.952292390469932748 
 96.980045180503637425 90.879867518164871854 5.952292390469932748 
 85.202198299478695276 145.73701037530770463 5.952292390469932748 
 96.980045180503637425 127.45129608959345546 5.952292390469932748 
 85.202198299478695276 182.30843894673628824 5.952292390469932748 
 96.980045180503637425 164.02272466102201065 5.952292390469932748 
 85.202198299478695276 218.87986751816487185 5.952292390469932748 
 96.980045180503637425 200.59415323245059426 5.952292390469932748 
 85.202198299478695276 255.45129608959345546 5.952292390469932748 
 96.980045180503637425 237.16558180387914945 5.952292390469932748 
 85.202198299478695276 36.022724661022031967 5.952292390469932748 
 96.980045180503637425 17.737010375307715293 5.952292390469932748 
 108.75789206152857957 72.594153232450580049 5.952292390469932748 
 120.53573894255350751 54.30843894673629535 5.952292390469932748 
 108.75789206152857957 109.16558180387916366 5.952292390469932748 
 120.53573894255350751 90.879867518164871854 5.952292390469932748 
 108.75789206152857957 145.73701037530770463 5.952292390469932748 
 120.53573894255350751 127.45129608959345546 5.952292390469932748 
 108.75789206152857957 182.30843894673628824 5.952292390469932748 
 120.53573894255350751 164.02272466102201065 5.952292390469932748 
 108.75789206152857957 218.87986751816487185 5.952292390469932748 
 120.53573894255350751 200.59415323245059426 5.952292390469932748 
 108.75789206152857957 255.45129608959345546 5.952292390469932748 
 120.53573894255350751 237.16558180387914945 5.952292390469932748 
 108.75789206152857957 36.022724661022031967 5.952292390469932748 
 120.53573894255350751 17.737010375307715293 5.952292390469932748 
 132.31358582357844966 72.594153232450580049 5.952292390469932748 
 144.09143270460336339 54.30843894673629535 5.952292390469932748 
 132.31358582357844966 109.16558180387916366 5.952292390469932748 
 144.09143270460336339 90.879867518164871854 5.952292390469932748 
 132.31358582357844966 145.73701037530770463 5.952292390469932748 
 144.09143270460336339 127.45129608959345546 5.952292390469932748 
 132.31358582357844966 182.30843894673628824 5.952292390469932748 
 144.09143270460336339 164.02272466102201065 5.952292390469932748 
 132.31358582357844966 218.87986751816487185 5.952292390469932748 
 144.09143270460336339 200.59415323245059426 5.952292390469932748 
 132.31358582357844966 255.45129608959345546 5.952292390469932748 
 144.09143270460336339 237.16558180387914945 5.952292390469932748 
 132.31358582357844966 36.022724661022031967 5.952292390469932748 
 144.09143270460336339 17.737010375307715293 5.952292390469932748 
 155.86927958562833396 72.594153232450580049 5.952292390469932748 
 167.64712646665327611 54.30843894673629535 5.952292390469932748 
 155.86927958562833396 109.16558180387916366 5.952292390469932748 
 167.64712646665327611 90.879867518164871854 5.952292390469932748 
 155.86927958562833396 145.73701037530770463 5.952292390469932748 
 167.64712646665327611 127.45129608959345546 5.952292390469932748 
 155.86927958562833396 182.30843894673628824 5.952292390469932748 
 167.64712646665327611 164.02272466102201065 5.952292390469932748 
 155.86927958562833396 218.87986751816487185 5.952292390469932748 
 167.64712646665327611 200.59415323245059426 5.952292390469932748 
 155.86927958562833396 255.45129608959345546 5.952292390469932748 
 167.64712646665327611 237.16558180387914945 5.952292390469932748 
 155.86927958562833396 36.022724661022031967 5.952292390469932748 
 167.64712646665327611 17.737010375307715293 5.952292390469932748 
 179.42497334767821826 72.594153232450580049 5.952292390469932748 
 191.20282022870318883 54.30843894673629535 5.952292390469932748 
 179.42497334767821826 109.16558180387916366 5.952292390469932748 
 191.20282022870318883 90.879867518164871854 5.952292390469932748 
 179.42497334767821826 145.73701037530770463 5.952292390469932748 
 191.20282022870318883 127.45129608959345546 5.952292390469932748 
 179.42497334767821826 182.30843894673628824 5.952292390469932748 
 191.20282022870318883 164.02272466102201065 5.952292390469932748 
 179.42497334767821826 218.87986751816487185 5.952292390469932748 
 191.20282022870318883 200.59415323245059426 5.952292390469932748 
 179.42497334767821826 255.45129608959345546 5.952292390469932748 
 191.20282022870318883 237.16558180387914945 5.952292390469932748 
 179.42497334767821826 36.022724661022031967 5.952292390469932748 
 191.20282022870318883 17.737010375307715293 5.952292390469932748 
 202.98066710972807414 72.594153232450580049 5.952292390469932748 
 214.75851399075301629 54.30843894673629535 5.952292390469932748 
 202.98066710972807414 109.16558180387916366 5.952292390469932748 
 214.75851399075301629 90.879867518164871854 5.952292390469932748 
 202.98066710972807414 145.73701037530770463 5.952292390469932748 
 214.75851399075301629 127.45129608959345546 5.952292390469932748 
 202.98066710972807414 182.30843894673628824 5.952292390469932748 
 214.75851399075301629 164.02272466102201065 5.952292390469932748 
 202.98066710972807414 218.87986751816487185 5.952292390469932748 
 214.75851399075301629 200.59415323245059426 5.952292390469932748 
 202.98066710972807414 255.45129608959345546 5.952292390469932748 
 214.75851399075301629 237.16558180387914945 5.952292390469932748 
 202.98066710972807414 36.022724661022031967 5.952292390469932748 
 214.75851399075301629 17.737010375307715293 5.952292390469932748 
 226.53636087177798686 72.594153232450580049 5.952292390469932748 
 238.31420775280292901 54.30843894673629535 5.952292390469932748 
 226.53636087177798686 109.16558180387916366 5.952292390469932748 
 238.31420775280292901 90.879867518164871854 5.952292390469932748 
 226.53636087177798686 145.73701037530770463 5.952292390469932748 
 238.31420775280292901 127.45129608959345546 5.952292390469932748 
 226.53636087177798686 182.30843894673628824 5.952292390469932748 
 238.31420775280292901 164.02272466102201065 5.952292390469932748 
 226.53636087177798686 218.87986751816487185 5.952292390469932748 
 238.31420775280292901 200.59415323245059426 5.952292390469932748 
 226.53636087177798686 255.45129608959345546 5.952292390469932748 
 238.31420775280292901 237.16558180387914945 5.952292390469932748 
 226.53636087177798686 36.022724661022031967 5.952292390469932748 
 238.31420775280292901 17.737010375307715293 5.952292390469932748 
