 78.328933915805095012 22.814354716640664833 5.952292390469932748 
 97.671705659513150977 12.867385059380543666 5.952292390469932748 
 60.043219630090817418 54.486140912185852869 5.952292390469932748 
 79.385991373798887594 44.539171254925719268 5.952292390469932748 
 41.757505344376539824 86.157927107731026695 5.952292390469932748 
 61.100277088084588684 76.21095745047092862 5.952292390469932748 
 23.471791058662251572 117.82971330327623605 5.952292390469932748 
 42.814562802370318195 107.88274364601610955 5.952292390469932748 
 5.1860767729479606558 149.50149949882143119 5.952292390469932748 
 24.528848516656026391 139.55452984156130469 5.952292390469932748 
 6.2431342309417372505 171.22631603710649983 5.952292390469932748 
 98.728763117506929348 34.592201597665614088 5.952292390469932748 
 118.07153486121499952 24.645231940405480486 5.952292390469932748 
 80.443048831792637543 66.263987793210787913 5.952292390469932748 
 99.785820575500707719 56.317018135950661417 5.952292390469932748 
 62.157334546078367055 97.935773988755968844 5.952292390469932748 
 81.500106289786415914 87.988804331495842348 5.952292390469932748 
 43.871620260364082355 129.60756018430114977 5.952292390469932748 
 63.214392004072145426 119.66059052704103749 5.952292390469932748 
 25.585905974649804762 161.27934637984634492 5.952292390469932748 
 44.928677718357853621 151.33237672258621842 5.952292390469932748 
 7.3001916889355138451 192.95113257539154006 5.952292390469932748 
 26.64296343264357958 183.00416291813141356 5.952292390469932748 
 117.01447740322119273 2.920415402120452697 5.952292390469932748 
 119.12859231920877789 46.370048478690556237 5.952292390469932748 
 138.47136406291681965 36.42307882143041553 5.952292390469932748 
 100.84287803349448609 78.041834674235730063 5.952292390469932748 
 120.18564977720254205 68.094865016975589356 5.952292390469932748 
 82.557163747780208496 109.7136208697809252 5.952292390469932748 
 101.89993549148825025 99.766651212520784497 5.952292390469932748 
 64.271449462065930902 141.38540706532612035 5.952292390469932748 
 83.614221205773972656 131.43843740806596543 5.952292390469932748 
 45.985735176351646203 173.05719326087131549 5.952292390469932748 
 65.328506920059680851 163.11022360361116057 5.952292390469932748 
 27.700020890637357951 204.72897945641648221 5.952292390469932748 
 47.042792634345396152 194.78200979915635571 5.952292390469932748 
 137.41430660492304128 14.698262283145389517 5.952292390469932748 
 156.75707834863109724 4.7512926258852274941 5.952292390469932748 
 139.52842152091059802 58.147895359715491281 5.952292390469932748 
 158.87119326461865398 48.20092570245535768 5.952292390469932748 
 121.24270723519632043 89.819681555260672212 5.952292390469932748 
 140.58547897890437639 79.872711898000531505 5.952292390469932748 
 102.95699294948204283 121.49146775080583893 5.952292390469932748 
 122.2997646931900988 111.54449809354572665 5.952292390469932748 
 84.671278663767751027 153.16325394635103407 5.952292390469932748 
 104.01405040747580699 143.21628428909090758 5.952292390469932748 
 66.385564378053459222 184.83504014189622922 5.952292390469932748 
 85.728336121761529398 174.88807048463610272 5.952292390469932748 
 48.099850092339174523 216.50682633744142436 5.952292390469932748 
 67.442621836047237593 206.55985668018129786 5.952292390469932748 
 157.81413580662487561 26.476109164170328114 5.952292390469932748 
   177.15690755033296 16.529139506910162538 5.952292390469932748 
 159.92825072261243236 69.92574224074041922 5.952292390469932748 
 179.2710224663204599 59.978772583480292724 5.952292390469932748 
 141.64253643689815476 101.59752843628560015 5.952292390469932748 
 160.98530818060621073 91.650558779025473655 5.952292390469932748 
 123.35682215118386296 133.2693146318308095 5.952292390469932748 
 142.69959389489193313 123.3223449745706688 5.952292390469932748 
 105.07110786546958536 164.94110082737597622 5.952292390469932748 
 124.41387960917762712 154.99413117011584973 5.952292390469932748 
 86.785393579755293558 196.61288702292117136 5.952292390469932748 
 106.12816532346334952 186.66591736566104487 5.952292390469932748 
 68.499679294041001754 228.28467321846636651 5.952292390469932748 
 87.842451037749057718 218.33770356120624001 5.952292390469932748 
 178.21396500832670995 38.253956045195266711 5.952292390469932748 
 197.55673675203476591 28.306986387935101135 5.952292390469932748 
 180.32807992431423827 81.703589121765361369 5.952292390469932748 
 199.67085166802229423 71.756619464505220662 5.952292390469932748 
 162.04236563859996068 113.3753753173105423 5.952292390469932748 
 181.38513738230801664 103.42840566005038738 5.952292390469932748 
 143.7566513528857115 145.04716151285572323 5.952292390469932748 
 163.09942309659373905 135.10019185559559673 5.952292390469932748 
 125.47093706717140549 176.71894770840091837 5.952292390469932748 
 144.81370881087946145 166.77197805114076345 5.952292390469932748 
 107.18522278145711368 208.39073390394611351 5.952292390469932748 
 126.52799452516515544 198.4437642466859586 5.952292390469932748 
 88.899508495742836089 240.06252009949128023 5.952292390469932748 
 108.24228023945086363 230.11555044223115374 5.952292390469932748 
 198.61379421002851586 50.031802926220187544 5.952292390469932748 
 217.95656595373657183 40.084833268960025521 5.952292390469932748 
 200.72790912601607261 93.481436002790289308 5.952292390469932748 
 220.07068086972415699 83.534466345530162812 5.952292390469932748 
 182.44219484030179501 125.15322219833548445 5.952292390469932748 
 201.7849665840098794 115.20625254107534374 5.952292390469932748 
 164.15648055458751742 156.82500839388063696 5.952292390469932748 
 183.49925229829557338 146.87803873662053888 5.952292390469932748 
 145.8707662688732114 188.4967945894258321 5.952292390469932748 
 165.21353801258129579 178.5498249321657056 5.952292390469932748 
 127.58505198315893381 220.16858078497102724 5.952292390469932748 
 146.92782372686698977 210.22161112771090075 5.952292390469932748 
  109.299337697444642 251.84036698051622238 5.952292390469932748 
 128.6421094411527406 241.89339732325609589 5.952292390469932748 
 219.0136234117303502 61.809649807245122588 5.952292390469932748 
 238.35639515543843459 51.862680149984974776 5.952292390469932748 
 221.12773832771793536 105.25928288381524567 5.952292390469932748 
 240.47051007142599133 95.312313226555119172 5.952292390469932748 
 202.84202404200365777 136.93106907936044081 5.952292390469932748 
 222.18479578571171373 126.9840994221003001 5.952292390469932748 
 184.55630975628935175 168.60285527490560753 5.952292390469932748 
 203.89908149999743614 158.65588561764550946 5.952292390469932748 
 166.27059547057510258 200.27464147045077425 5.952292390469932748 
 185.61336721428313012 190.32767181319067618 5.952292390469932748 
 147.98488118486079657 231.94642766599596939 5.952292390469932748 
 167.32765292856888095 221.9994580087358429 5.952292390469932748 
 149.04193864285457494 253.67124420428103804 5.952292390469932748 
 239.41345261343218453 73.587496688270078948 5.952292390469932748 
 241.52756752941971286 117.0371297648401594 5.952292390469932748 
 223.24185324370543526 148.70891596038535454 5.952292390469932748 
 242.58462498741351965 138.76194630312522804 5.952292390469932748 
 204.95613895799118609 180.38070215593052126 5.952292390469932748 
 224.29891070169921363 170.43373249867042318 5.952292390469932748 
 186.67042467227688007 212.05248835147574482 5.952292390469932748 
 206.01319641598493604 202.10551869421561832 5.952292390469932748 
 168.38471038656260248 243.72427454702093996 5.952292390469932748 
 187.72748213027065844 233.77730488976081347 5.952292390469932748 
 77.271876457811373484 1.0895381783556206123 5.952292390469932748 
 243.64168244540729802 160.48676284141029669 5.952292390469932748 
 58.98616217209708168 32.761324373900798435 5.952292390469932748 
 225.35596815969302043 192.15854903695546341 5.952292390469932748 
 40.700447886382789875 64.433110569446000682 5.952292390469932748 
 207.07025387397871441 223.83033523250068697 5.952292390469932748 
 22.414733600668515834 96.104896764991181612 5.952292390469932748 
 188.78453958826443682 255.50212142804588211 5.952292390469932748 
 4.1290193149542258055 127.77668296053637675 5.952292390469932748 
