 52.098706559242195624 18.929271850258437837 5.952292390469932748 
 68.207924150148429021 4.3149592526546367566 5.952292390469932748 
 42.63332433835000046 54.254559211687222842 5.952292390469932748 
 58.742541929256226751 39.640246614083416432 5.952292390469932748 
 33.167942117457819506 89.579846573116000741 5.952292390469932748 
 49.277159708364038693 74.965533975512201437 5.952292390469932748 
 23.702559896565624342 124.90513393454480706 5.952292390469932748 
 39.811777487471857739 110.29082133694097934 5.952292390469932748 
 14.237177675673430954 160.23042129597359917 5.952292390469932748 
 30.346395266579659022 145.61610869836979987 5.952292390469932748 
 4.771795454781250001 195.5557086574024197 5.952292390469932748 
 20.881013045687478069 180.94139605979859198 5.952292390469932748 
 11.415630824795298892 216.26668342122732724 5.952292390469932748 
 74.851759520162474359 25.025934016479592259 5.952292390469932748 
 90.96097711106868644 10.411621418875791178 5.952292390469932748 
 65.386377299270279195 60.351221377908373711 5.952292390469932748 
 81.495594890176505487 45.736908780304574407 5.952292390469932748 
 55.920995078378098242 95.67650873933715161 5.952292390469932748 
 72.030212669284324534 81.062196141733352306 5.952292390469932748 
 46.455612857485903078 131.00179610076597214 5.952292390469932748 
 62.564830448392136475 116.38748350316215863 5.952292390469932748 
 36.990230636593722124 166.32708346219476425 5.952292390469932748 
 53.099448227499941311 151.71277086459093653 5.952292390469932748 
 27.52484841570152696 201.65237082362355636 5.952292390469932748 
 43.634066006607760357 187.03805822601972864 5.952292390469932748 
 34.168683785715579404 222.36334558744849232 5.952292390469932748 
  97.6048124810827602 31.122596182700746681 5.952292390469932748 
 113.71403007198898649 16.508283585096933166 5.952292390469932748 
 88.139430260190565036 66.44788354412952458 5.952292390469932748 
 104.24864785109680554 51.833570946525711065 5.952292390469932748 
 78.674048039298369872 101.77317090555831669 5.952292390469932748 
 94.783265630204610375 87.158858307954517386 5.952292390469932748 
 69.208665818406188919 137.0984582669871088 5.952292390469932748 
 85.317883409312429421 122.48414566938329529 5.952292390469932748 
 59.74328359751400086 172.42374562841590091 5.952292390469932748 
 75.852501188420234257 157.80943303081210161 5.952292390469932748 
 50.277901376621819907 207.74903298984472144 5.952292390469932748 
 66.387118967528039093 193.13472039224086529 5.952292390469932748 
 56.92173674663585814 228.46000775366962898 5.952292390469932748 
 120.35786544200304604 37.219258348921911761 5.952292390469932748 
 136.46708303290927233 22.604945751318098246 5.952292390469932748 
 110.89248322111085088 72.544545710350675449 5.952292390469932748 
 127.00170081201707717 57.930233112746883251 5.952292390469932748 
 101.42710100021866992 107.86983307177946756 5.952292390469932748 
 117.53631859112489622 93.255520474175668255 5.952292390469932748 
 91.96171877932647476 143.19512043320827388 5.952292390469932748 
 108.07093637023270105 128.58080783560444615 5.952292390469932748 
 82.496336558434279596 178.52040779463706599 5.952292390469932748 
 98.605554149340520098 163.90609519703326669 5.952292390469932748 
 73.030954337542098642 213.8456951560658581 5.952292390469932748 
 89.140171928448324934 199.23138255846203037 5.952292390469932748 
 129.82324766289522699 1.893970987493144964 5.952292390469932748 
 79.674789707556143981 234.55666991989082248 5.952292390469932748 
 143.11091840292331767 43.315920515143055525 5.952292390469932748 
 159.22013599382952975 28.701607917539238457 5.952292390469932748 
 133.64553618203112251 78.641207876571840529 5.952292390469932748 
 149.75475377293736301 64.026895278968027014 5.952292390469932748 
 124.18015396113894155 113.96649523800061843 5.952292390469932748 
 140.28937155204516785 99.352182640396819124 5.952292390469932748 
 114.71477174024674639 149.29178259942943896 5.952292390469932748 
 130.82398933115297268 134.67747000182561123 5.952292390469932748 
 105.24938951935455123 184.61706996085820265 5.952292390469932748 
 121.35860711026080594 170.00275736325440334 5.952292390469932748 
 95.784007298462384483 219.94235732228702318 5.952292390469932748 
 111.89322488936861077 205.32804472468316703 5.952292390469932748 
 152.57630062381548441 7.9906331537142989418 5.952292390469932748 
 102.42784266847642982 240.65333208611195914 5.952292390469932748 
 165.86397136384357509 49.412582681364206394 5.952292390469932748 
 181.97318895474984402 34.798270083760392879 5.952292390469932748 
 156.39858914295137993 84.737870042792991399 5.952292390469932748 
 172.50780673385764885 70.123557445189192094 5.952292390469932748 
 146.93320692205918476 120.0631574042217693 5.952292390469932748 
 163.04242451296545369 105.44884480661796999 5.952292390469932748 
 137.4678247011669896 155.38844476565057562 5.952292390469932748 
 153.57704229207328694 140.77413216804674789 5.952292390469932748 
 128.00244248027482286 190.71373212707936773 5.952292390469932748 
 144.11166007118109178 176.09941952947556842 5.952292390469932748 
 118.5370602593826419 226.03901948850818826 5.952292390469932748 
 134.64627785028889662 211.42470689090433211 5.952292390469932748 
 175.32935358473574183 14.087295319935439153 5.952292390469932748 
 125.18089562939670145 246.7499942523330958 5.952292390469932748 
 188.61702432476388935 55.509244847585378579 5.952292390469932748 
 204.72624191567012986 40.894932249981557959 5.952292390469932748 
 179.15164210387172261 90.834532209014142268 5.952292390469932748 
 195.26085969477796311 76.220219611410342964 5.952292390469932748 
 169.68625988297952745 126.15981957044292017 5.952292390469932748 
 185.79547747388576795 111.54550697283912086 5.952292390469932748 
 160.22087766208733228 161.4851069318717407 5.952292390469932748 
 176.33009525299357279 146.87079433426791297 5.952292390469932748 
 150.75549544119513712 196.81039429330053281 5.952292390469932748 
 166.86471303210137762 182.1960816956967335 5.952292390469932748 
 141.29011322030294195 232.13568165472932492 5.952292390469932748 
 157.39933081120918246 217.52136905712549719 5.952292390469932748 
 198.08240654565608452 20.183957486156607786 5.952292390469932748 
 147.93394859031701571 252.8466564185542893 5.952292390469932748 
 211.37007728568417519 61.605907013806515238 5.952292390469932748 
 227.4792948765904157 46.991594416202715934 5.952292390469932748 
 201.90469506479198003 96.931194375235293137 5.952292390469932748 
 218.01391265569822053 82.316881777631493833 5.952292390469932748 
 192.43931284389978487 132.25648173666408525 5.952292390469932748 
 208.54853043480602537 117.64216913906028594 5.952292390469932748 
 182.9739306230075897 167.58176909809287736 5.952292390469932748 
 199.08314821391385863 152.96745650048904963 5.952292390469932748 
 173.50854840211542296 202.90705645952166947 5.952292390469932748 
 189.61776599302166346 188.29274386191787016 5.952292390469932748 
 164.0431661812232278   238.23234382095049 5.952292390469932748 
 180.1523837721294683 223.61803122334666227 5.952292390469932748 
 220.83545950657634194 26.280619652377762208 5.952292390469932748 
 234.12313024660443261 67.702569180027666107 5.952292390469932748 
 250.23234783751067312 53.088256582423866803 5.952292390469932748 
 224.65774802571223745 103.02785654145645822 5.952292390469932748 
 240.76696561661847795 88.413543943852644702 5.952292390469932748 
 215.19236580482004229 138.35314390288522191 5.952292390469932748 
 231.30158339572631121 123.73883130528143681 5.952292390469932748 
 205.72698358392784712 173.67843126431404244 5.952292390469932748 
 221.83620117483411605 159.06411866671021471 5.952292390469932748 
 196.26160136303568038 209.00371862574283455 5.952292390469932748 
 212.37081895394192088 194.38940602813903524 5.952292390469932748 
 186.79621914214348521 244.32900598717162666 5.952292390469932748 
 202.90543673304975414 229.71469338956779893 5.952292390469932748 
 243.58851246749662778 32.37728181859891663 5.952292390469932748 
 256.87618320752471845 73.799231346248816976 5.952292390469932748 
 247.41080098663252329 109.12451870767760909 5.952292390469932748 
 35.989488968335976438 33.543584447862265563 5.952292390469932748 
 237.94541876574032813 144.44980606910638699 5.952292390469932748 
 26.524106747443799037 68.868871809291050567 5.952292390469932748 
 228.48003654484813296 179.77509343053520752 5.952292390469932748 
 17.058724526551603873 104.19415917071984268 5.952292390469932748 
 219.0146543239559378 215.10038079196397121 5.952292390469932748 
 7.5933423056594095968 139.51944653214863479 5.952292390469932748 
 209.54927210306374263 250.42566815339279174 5.952292390469932748 
