 77.975780182399319074 14.620372889781926062 5.952292390469932748 
 97.318551926107375039 4.6734032325218066717 5.952292390469932748 
 59.690065896685027269 46.292159085327114099 5.952292390469932748 
 79.032837640393097445 36.345189428066994708 5.952292390469932748 
 41.404351610970749675 77.963945280872295029 5.952292390469932748 
 60.747123354678798535 68.016975623612182744 5.952292390469932748 
 23.118637325256461423 109.63573147641749017 5.952292390469932748 
 42.461409068964528046 99.688761819157349464 5.952292390469932748 
 4.8329230395421838296 141.30751767196269952 5.952292390469932748 
 24.175694783250236242 131.36054801470254461 5.952292390469932748 
 5.8899804975359613124 163.03233421024773975 5.952292390469932748 
 98.375609384101124988 26.398219770806864659 5.952292390469932748 
 117.71838112780919516 16.451250113546727505 5.952292390469932748 
 80.089895098386847394 58.070005966352070459 5.952292390469932748 
 99.432666842094903359 48.123036309091936857 5.952292390469932748 
 61.804180812672576906 89.741792161897237179 5.952292390469932748 
 81.146952556380611554 79.794822504637124894 5.952292390469932748 
 43.518466526958292206 121.41357835744241811 5.952292390469932748 
 62.861238270666355277 111.46660870018230582 5.952292390469932748 
 25.232752241244000402 153.08536455298761325 5.952292390469932748 
 44.575523984952063472 143.13839489572748676 5.952292390469932748 
 6.9470379555297094853 184.75715074853280839 5.952292390469932748 
 26.28980969923777522 174.8101810912726819 5.952292390469932748 
 8.0040954135234869682 206.48196728681787704 5.952292390469932748 
 118.77543858580297353 38.176066651831803256 5.952292390469932748 
 138.11821032951104371 28.229096994571680312 5.952292390469932748 
 100.48972430008868173 69.847852847376998398 5.952292390469932748 
 119.83249604379675191 59.900883190116871901 5.952292390469932748 
 82.204010014374418347 101.51963904292216512 5.952292390469932748 
 101.5467817580824601 91.572669385662067043 5.952292390469932748 
 63.918295728660133648 133.19142523846738868 5.952292390469932748 
 83.261067472368196718 123.24445558120723376 5.952292390469932748 
 45.632581442945841843 164.8632114340125554 5.952292390469932748 
 64.975353186653904913 154.91624177675245733 5.952292390469932748 
 27.346867157231553591 196.53499762955775054 5.952292390469932748 
 46.689638900939620214 186.58802797229762405 5.952292390469932748 
 137.06115287151726534 6.5042804562866098905 5.952292390469932748 
 28.403924615225328409 218.25981416784281919 5.952292390469932748 
 139.17526778750482208  49.9539135328567383 5.952292390469932748 
 158.51803953121284962 40.006943875596618909 5.952292390469932748 
 120.88955350179053028 81.625699728401940547 5.952292390469932748 
 140.23232524549857203 71.678730071141814051 5.952292390469932748 
 102.60383921607625268 113.29748592394710727 5.952292390469932748 
 121.94661095978429444 103.35051626668699498 5.952292390469932748 
 84.318124930361960878 144.96927211949230241 5.952292390469932748 
 103.66089667407001684 135.02230246223217591 5.952292390469932748 
 66.032410644647669073 176.64105831503749755 5.952292390469932748 
 85.375182388355725038 166.69408865777737105 5.952292390469932748 
 47.746696358933384374 208.31284451058272111 5.952292390469932748 
 67.089468102641447445 198.3658748533225662 5.952292390469932748 
 157.46098207321909968 18.282127337311546711 5.952292390469932748 
 48.80375381692715564 230.03766104886778976 5.952292390469932748 
  159.575096989206628 61.731760413881673344 5.952292390469932748 
 178.91786873291468396 51.784790756621539742 5.952292390469932748 
 141.2893827034923504 93.403546609426868486 5.952292390469932748 
 160.63215444720040637 83.456576952166741989 5.952292390469932748 
 123.00366841777808702 125.07533280497204942 5.952292390469932748 
 142.34644016148612877 115.12836314771193713 5.952292390469932748 
 104.71795413206379521 156.74711900051724456 5.952292390469932748 
 124.06072587577183697 146.80014934325708964 5.952292390469932748 
 86.432239846349503409 188.4189051960624397 5.952292390469932748 
 105.77501159005755937 178.47193553880228478 5.952292390469932748 
 68.146525560635211605 220.09069139160763484 5.952292390469932748 
 87.48929730434328178 210.14372173434747992 5.952292390469932748 
 177.86081127492093401 30.059974218336485308 5.952292390469932748 
 69.203583018628989976 241.81550792989267507 5.952292390469932748 
 179.97492619090846233 73.509607294906629704 5.952292390469932748 
 199.3176979346165183 63.562637637646481892 5.952292390469932748 
 161.68921190519418474 105.18139349045182485 5.952292390469932748 
 181.03198364890221228 95.234423833191684139 5.952292390469932748 
 143.40349761947993557 136.85317968599699157 5.952292390469932748 
 162.74626936318793469 126.90621002873687928 5.952292390469932748 
 125.11778333376562955 168.52496588154218671 5.952292390469932748 
 144.46055507747368551 158.57799622428206021 5.952292390469932748 
 106.83206904805133775 200.19675207708735343 5.952292390469932748 
 126.1748407917593795 190.24978241982725535 5.952292390469932748 
 88.546354762337060151 231.86853827263254857 5.952292390469932748 
 107.88912650604508769 221.92156861537242207 5.952292390469932748 
 198.26064047662276835 41.837821099361420352 5.952292390469932748 
 89.603412220330810101 253.59335481091761721 5.952292390469932748 
 200.37475539261029667 85.287454175931557643 5.952292390469932748 
 219.71752713631838105 75.340484518671431147 5.952292390469932748 
 182.08904110689601907 116.95924037147675278 5.952292390469932748 
 201.43181285060407504 107.0122707142166405 5.952292390469932748 
 163.80332682118174148 148.63102656702193372 5.952292390469932748 
 183.14609856488979744 138.68405690976180722 5.952292390469932748 
 145.51761253546743546 180.30281276256712886 5.952292390469932748 
 164.86038427917551985 170.35584310530700236 5.952292390469932748 
 127.23189824975315787  211.974598958112324 5.952292390469932748 
 146.57466999346121383 202.0276293008521975 5.952292390469932748 
 108.94618396403886607 243.64638515365751914 5.952292390469932748 
 128.28895570774693624 233.69941549639739264 5.952292390469932748 
 218.66046967832457426 53.615667980386362501 5.952292390469932748 
  220.774584594312131 97.065301056956485581 5.952292390469932748 
 240.11735633802018697 87.118331399696373296 5.952292390469932748 
 202.48887030859785341 128.73708725250168072 5.952292390469932748 
 221.83164205230590937 118.79011759524156844 5.952292390469932748 
 184.20315602288357582 160.40887344804684744 5.952292390469932748 
 203.54592776659163178 150.46190379078677779 5.952292390469932748 
 165.9174417371692698 192.08065964359204258 5.952292390469932748 
 185.26021348087735419 182.13368998633191609 5.952292390469932748 
 147.63172745145499221 223.75244583913726615 5.952292390469932748 
 166.97449919516304817 213.80547618187711123 5.952292390469932748 
 129.34601316574071461 255.42423203468246129 5.952292390469932748 
 148.68878490944877058 245.47726237742230637 5.952292390469932748 
 239.0602988800264086 65.39351486141129044 5.952292390469932748 
 241.17441379601393692 108.84314793798142773 5.952292390469932748 
 222.88869951029965932 140.51493413352662287 5.952292390469932748 
 242.23147125400774371 130.56796447626649638 5.952292390469932748 
 204.60298522458541015 172.18672032907178959 5.952292390469932748 
 223.94575696829343769 162.23975067181169152 5.952292390469932748 
 186.31727093887110414 203.85850652461698473 5.952292390469932748 
 205.6600426825791601 193.91153686735685824 5.952292390469932748 
 168.03155665315682654 235.53029272016217988 5.952292390469932748 
 187.37432839686488251 225.5833230629020818 5.952292390469932748 
 243.28852871200149366 152.29278101455156502 5.952292390469932748 
 58.63300843869127732 24.567342547042073875 5.952292390469932748 
 225.00281442628721607 183.96456721009673174 5.952292390469932748 
 40.347294152976985515 56.239128742587269016 5.952292390469932748 
 206.71710014057293847 215.63635340564192688 5.952292390469932748 
 22.061579867262711474 87.910914938132421526 5.952292390469932748 
 188.43138585485866088 247.30813960118712203 5.952292390469932748 
 3.7758655815484218898 119.58270113367761667 5.952292390469932748 
