 65.602165216438777406 21.743787782006165799 6.1272029030964185736 
 91.599676398630123231 12.145381021932076138 6.1272029030964185736 
 87.458571676989791399 27.600194242557176239 6.1272029030964185736 
 69.743269938079109238 6.2889745613810665859 6.1272029030964185736 
 57.319955773158106638 52.653414223256334026 6.1272029030964185736 
 83.317466955349459568 43.055007463182256799 6.1272029030964185736 
 79.176362233709127736 58.509820683807355124 6.1272029030964185736 
 61.461060494798445575 37.198601002631235701 6.1272029030964185736 
 49.037746329877442975 83.563040664506530675 6.1272029030964185736 
 75.035257512068795904 73.964633904432460554 6.1272029030964185736 
 70.894152790428478284 89.419447125057544667 6.1272029030964185736 
 53.178851051517774806 68.108227443881446561 6.1272029030964185736 
 40.755536886596772206 114.47266710575672732 6.1272029030964185736 
 66.75304806878811803 104.87426034568264299 6.1272029030964185736 
 62.611943347147793304 120.32907356630774132 6.1272029030964185736 
 44.896641608237111143 99.017853885131614788 6.1272029030964185736 
 32.473327443316122753 145.38229354700689555 6.1272029030964185736 
 58.470838625507454367 135.78388678693283964 6.1272029030964185736 
 54.329733903867136746 151.23870000755789533 6.1272029030964185736 
 36.614432164956440374 129.92748032638181144 6.1272029030964185736 
 24.191118000035455537 176.2919199882570922 6.1272029030964185736 
 50.188629182226804915 166.69351322818297945 6.1272029030964185736 
 46.047524460586473083 182.14832644880809198 6.1272029030964185736 
 28.332222721675790922 160.83710676763197966 6.1272029030964185736 
 15.908908556754788322 207.20154642950728885 6.1272029030964185736 
 41.906419738946134146 197.60313966943320452 6.1272029030964185736 
 37.765315017305802314 213.05795289005828863 6.1272029030964185736 
 20.050013278395123706 191.74673320888217631 6.1272029030964185736 
 33.624210295665470483 228.51276611068340117 6.1272029030964185736 
 11.76780383511445649 222.65635965013237296 6.1272029030964185736 
 109.3149781375408196 33.456600703108200889 6.1272029030964185736 
 135.31248931973217964 23.858193943034109452 6.1272029030964185736 
 131.1713845980918336 39.313007163659207777 6.1272029030964185736 
 113.45608285918115143 18.001787482483099012 6.1272029030964185736 
 101.03276869426015594 64.366227144358390433 6.1272029030964185736 
 127.03027987645150176 54.76782038428429189 6.1272029030964185736 
 122.88917515481116993 70.222633604909404426 6.1272029030964185736 
 105.17387341590048777 48.911413923733285003 6.1272029030964185736 
 92.750559250979492276 95.27585358560855866 6.1272029030964185736 
 118.7480704331708381 85.67744682553450275 6.1272029030964185736 
 114.60696571153050627 101.13226004615957265 6.1272029030964185736 
 96.891663972619824108 79.821040364983474547 6.1272029030964185736 
 84.468349807698814402 126.18548002685876952 6.1272029030964185736 
 110.46586098989018865 116.58707326678467098 6.1272029030964185736 
 106.32475626824982839 132.04188648740978351 6.1272029030964185736 
 88.609454529339160445 110.7306668062336712 6.1272029030964185736 
 76.18614036441816495 157.09510646810892354 6.1272029030964185736 
 102.18365154660951077 147.49669970803486763 6.1272029030964185736 
 98.042546824969178942 162.95151292865995174 6.1272029030964185736 
 80.327245086058496781 141.64029324748386784 6.1272029030964185736 
 67.903930921137501286 188.00473290935912019 6.1272029030964185736 
 93.901442103328847111 178.40632614928503585 6.1272029030964185736 
 89.760337381688515279 193.86113936991014839 6.1272029030964185736 
 72.045035642777833118 172.54991968873403607 6.1272029030964185736 
 59.621721477856830518 218.91435935060931683 6.1272029030964185736 
 85.619232660048183448 209.3159525905352325 6.1272029030964185736 
 81.478127938407851616 224.77076581116034504 6.1272029030964185736 
 63.762826199497169455 203.45954612998423272 6.1272029030964185736 
 117.59718758082148327 2.5469742618580006877 6.1272029030964185736 
 77.337023216767533995 240.22557903178540073 6.1272029030964185736 
 139.45359404137249726 8.4033807224090111276 6.1272029030964185736 
 55.480616756216512897 234.36917257123440095 6.1272029030964185736 
 153.02779105864289022 45.169413624210228875 6.1272029030964185736 
 179.02530224083420762 35.571006864136158754 6.1272029030964185736 
   174.88419751919389 51.025820084761257078 6.1272029030964185736 
 157.16889578028320784 29.714600403585134103 6.1272029030964185736 
 144.74558161536219814 76.079040065460418418 6.1272029030964185736 
 170.74309279755354396 66.480633305386334087 6.1272029030964185736 
 166.60198807591319792  81.9354465260114182 6.1272029030964185736 
 148.88668633700254418 60.624226844835312988 6.1272029030964185736 
 136.46337217208153447 106.98866650671060086 6.1272029030964185736 
 162.4608833542728803 97.390259746636530735 6.1272029030964185736 
 158.31977863263256268 112.84507296726162906 6.1272029030964185736 
 140.60447689372185209 91.533853286085516743 6.1272029030964185736 
 128.18116272880087081 137.89829294796081172 6.1272029030964185736 
 154.17867391099221663 128.29988618788672738 6.1272029030964185736 
 150.03756918935189901 143.7546994085118115 6.1272029030964185736 
 132.32226745044118843 122.44347972733569918 6.1272029030964185736 
 119.89895328552020715 168.80791938921097994 6.1272029030964185736 
 145.89646446771155297 159.20951262913692403 6.1272029030964185736 
 141.75535974607123535 174.66432584976197973 6.1272029030964185736 
 124.04005800716052477 153.35310616858586741 6.1272029030964185736 
 111.61674384223954348 199.71754583046117659 6.1272029030964185736 
 137.61425502443091773 190.11913907038709226 6.1272029030964185736 
 133.47315030279057169 205.57395229101217637 6.1272029030964185736 
 115.75784856387987531 184.26273260983609248 6.1272029030964185736 
 103.33453439895887982 230.62717227171137324 6.1272029030964185736 
 129.33204558115022564 221.02876551163728891 6.1272029030964185736 
 125.19094085950989381 236.48357873226237302 6.1272029030964185736 
 107.47563912059921165 215.17235905108628913 6.1272029030964185736 
 161.31000050192352546 14.259787182960034002 6.1272029030964185736 
 121.04983613786957619 251.93839195288745714 6.1272029030964185736 
 183.16640696247452524 20.116193643511056877 6.1272029030964185736 
 99.193429677318562199 246.08198549233642893 6.1272029030964185736 
 196.74060397974488978 56.882226545312263966 6.1272029030964185736 
 222.73811516193623561 47.283819785238186739 6.1272029030964185736 
 218.59701044029591799 62.738633005863292169 6.1272029030964185736 
 200.88170870138523583 41.427413324687165641 6.1272029030964185736 
 188.4583945364641977 87.791852986562446404 6.1272029030964185736 
 214.45590571865557195 78.193446226488376283 6.1272029030964185736 
 210.3148009970152259 93.648259447113474607 6.1272029030964185736 
 192.59949925810454374 72.337039765937348079 6.1272029030964185736 
 180.17618509318353404 118.70147942781262884 6.1272029030964185736 
 206.17369627537490828 109.10307266773857293 6.1272029030964185736 
 202.03259155373459066 124.55788588836365705 6.1272029030964185736 
 184.31728981482388008 103.24666620718754473 6.1272029030964185736 
 171.89397564990287037 149.6111058690628397 6.1272029030964185736 
 197.89148683209424462 140.01269910898872695 6.1272029030964185736 
  193.750382110453927 155.46751232961386791 6.1272029030964185736 
 176.03508037154321642 134.15629264843772717 6.1272029030964185736 
 163.61176620662223513 180.52073231031300793 6.1272029030964185736 
 189.60927738881358096 170.92232555023898044 6.1272029030964185736 
 185.46817266717326333 186.37713877086400771 6.1272029030964185736 
 167.75287092826255275 165.06591908968792382 6.1272029030964185736 
 155.32955676334154305 211.43035875156320458 6.1272029030964185736 
 181.32706794553294571 201.83195199148912025 6.1272029030964185736 
 177.18596322389259967 217.28676521211420436 6.1272029030964185736 
 159.47066148498188909 195.97554553093809204 6.1272029030964185736 
 147.0473473200609078 242.33998519281340123 6.1272029030964185736 
 173.04485850225225363 232.7415784327393169 6.1272029030964185736 
 168.90375378061190759 248.19639165336440101 6.1272029030964185736 
 151.18845204170122543 226.88517197218828869 6.1272029030964185736 
 205.02281342302555345 25.972600104062067317 6.1272029030964185736 
 226.87921988357655323 31.829006564613091967 6.1272029030964185736 
 240.45341690084694619 68.595039466414306162 6.1272029030964185736 
 43.745758755887734992 15.887381321455126937 6.1272029030964185736 
 244.59452162248726381 53.140226245789200732 6.1272029030964185736 
 232.17120745756628253  99.5046659076644886 6.1272029030964185736 
 39.604654034247396055 31.342194542080225261 6.1272029030964185736 
 35.463549312607064223 46.797007762705327139 6.1272029030964185736 
 236.31231217920662857 84.049852687039376065 6.1272029030964185736 
 223.88899801428559044 130.41429234891467104 6.1272029030964185736 
 31.322444590966732392 62.251820983330425463 6.1272029030964185736 
 27.181339869326397007 77.706634203955502471 6.1272029030964185736 
 228.03010273592593649 114.95947912828958692 6.1272029030964185736 
 215.60678857100492678 161.32391879016486769 6.1272029030964185736 
 23.040235147686065176 93.161447424580600796 6.1272029030964185736 
 18.899130426045729791 108.61626064520571333 6.1272029030964185736 
 219.74789329264527282 145.86910556953978357 6.1272029030964185736 
 207.32457912772426312 192.23354523141503591 6.1272029030964185736 
 14.75802570440539796 124.07107386583081166 6.1272029030964185736 
 10.616920982765078563 139.52588708645586735 6.1272029030964185736 
 211.46568384936458074 176.77873201078998022 6.1272029030964185736 
 199.04236968444362788 223.14317167266520414 6.1272029030964185736 
 6.4758162611247458429 154.98070030708097988 6.1272029030964185736 
 2.3347115394844122349  170.435513527706064 6.1272029030964185736 
 203.1834744060839455 207.68835845204012003 6.1272029030964185736 
 190.76016024116293579 254.05279811391540079 6.1272029030964185736 
 194.90126496280328183 238.59798489329031668 6.1272029030964185736 
 248.73562634412760985 37.685413025164102407 6.1272029030964185736 
