 131.02937300439950263 5.8370867435875073426 6.1272029030964185736 
 95.433455062134072477 22.236191165704809691 6.1272029030964185736 
 123.02937300439950263 19.69349320413853377 6.1272029030964185736 
 115.02937300439950263 33.549899664689561973 6.1272029030964185736 
 103.43345506213407248 8.3797847051537690533 6.1272029030964185736 
 79.433455062134086688 49.949004086806830571 6.1272029030964185736 
 107.02937300439951684 47.406306125240575966 6.1272029030964185736 
 99.029373004399516844 61.262712585791582853 6.1272029030964185736 
 87.433455062134086688 36.092597626255823684 6.1272029030964185736 
 63.433455062134079583 77.661817007908894084 6.1272029030964185736 
 91.029373004399516844 75.119119046342618162 6.1272029030964185736 
 83.029373004399502634 88.975525506893632155 6.1272029030964185736 
 71.433455062134100899 63.805410547357858775 6.1272029030964185736 
 47.433455062134100899 105.37462992901090786 6.1272029030964185736 
 75.029373004399516844 102.83193196744463194 6.1272029030964185736 
 67.029373004399516844 116.68833842799566014 6.1272029030964185736 
 55.433455062134100899 91.518223468459879655 6.1272029030964185736 
 31.433455062134093794 133.08744285011295005 6.1272029030964185736 
 59.029373004399516844 130.54474488854668834 6.1272029030964185736 
 51.029373004399509739 144.40115134909768813 6.1272029030964185736 
 39.433455062134100899 119.23103638956193606 6.1272029030964185736 
 15.433455062134090241 160.80025577121500646 6.1272029030964185736 
 43.029373004399509739 158.25755780964874475 6.1272029030964185736 
 35.029373004399509739 172.11396427019974453 6.1272029030964185736 
 23.433455062134093794 146.94384931066394984 6.1272029030964185736 
 27.029373004399534608 185.97037073075077274 6.1272029030964185736 
 19.029373004399531055 199.82677719130177252 6.1272029030964185736 
 7.4334550621341017873 174.65666223176600624 6.1272029030964185736 
 150.62529094666493279 17.150795242572272059 6.1272029030964185736 
 178.22120888893036295 14.608097281006012125 6.1272029030964185736 
 170.22120888893036295 28.464503741557024341 6.1272029030964185736 
 158.62529094666493279 3.294388782021261175 6.1272029030964185736 
 134.62529094666493279 44.863608163674328466 6.1272029030964185736 
 162.22120888893036295 42.320910202108052545 6.1272029030964185736 
 154.22120888893036295 56.177316662659080748 6.1272029030964185736 
 142.62529094666493279 31.007201703123300263 6.1272029030964185736 
  118.625290946664947 72.576421084776356452 6.1272029030964185736 
 146.22120888893039137 70.033723123210094741 6.1272029030964185736 
 138.22120888893039137 83.890129583761094523 6.1272029030964185736 
  126.625290946664947 58.720014624225335353 6.1272029030964185736 
  102.625290946664947 100.28923400587839865 6.1272029030964185736 
 130.22120888893036295 97.746536044312136937 6.1272029030964185736 
 122.22120888893037716 111.60294250486315093 6.1272029030964185736 
  110.625290946664947 86.432827545327370444 6.1272029030964185736 
   86.625290946664947 128.00204692698042663 6.1272029030964185736 
 114.22120888893039137 125.45934896541415071 6.1272029030964185736 
 106.22120888893037716 139.3157554259651647 6.1272029030964185736 
   94.625290946664947 114.14564046642939843 6.1272029030964185736 
   70.625290946664947 155.71485984808248304 6.1272029030964185736 
 98.221208888930377157 153.17216188651622133 6.1272029030964185736 
 90.221208888930377157 167.02856834706722111 6.1272029030964185736 
   78.625290946664947 141.85845338753142642 6.1272029030964185736 
 54.625290946664954106 183.42767276918453945 6.1272029030964185736 
 82.221208888930377157 180.88497480761824932 6.1272029030964185736 
 74.221208888930377157 194.7413812681692491 6.1272029030964185736 
 62.625290946664954106 169.57126630863348282 6.1272029030964185736 
 38.625290946664961211 211.14048569028656743 6.1272029030964185736 
 66.221208888930391367 208.5977877287202773 6.1272029030964185736 
 58.221208888930384262 222.45419418927127708 6.1272029030964185736 
 46.625290946664968317 197.28407922973553923 6.1272029030964185736 
 189.81712683119582152 39.778212240541790834 6.1272029030964185736 
 217.41304477346125168 37.235514278975543334 6.1272029030964185736 
 209.41304477346125168 51.091920739526557327 6.1272029030964185736 
 197.8171268311957931 25.921805779990776841 6.1272029030964185736 
 173.8171268311957931 67.491025161643847241 6.1272029030964185736 
 201.41304477346125168 64.94832720007758553 6.1272029030964185736 
 193.41304477346125168 78.804733660628613734 6.1272029030964185736 
 181.8171268311957931 53.634618701092819038 6.1272029030964185736 
 157.8171268311957931 95.203838082745875226 6.1272029030964185736 
 185.41304477346125168 92.661140121179613516 6.1272029030964185736 
 177.41304477346125168 106.51754658173062751 6.1272029030964185736 
 165.8171268311957931 81.347431622194861234 6.1272029030964185736 
 141.8171268311957931 122.91665100384791742 6.1272029030964185736 
 169.41304477346125168 120.37395304228165571 6.1272029030964185736 
 161.41304477346125168 134.23035950283269813 6.1272029030964185736 
 149.8171268311957931 109.06024454329688922 6.1272029030964185736 
 125.81712683119582152 150.62946392494995962 6.1272029030964185736 
 153.41304477346122326 148.08676596338369791 6.1272029030964185736 
 145.41304477346122326 161.94317242393469769 6.1272029030964185736 
 133.81712683119582152 136.77305746439893142 6.1272029030964185736 
 109.81712683119580731 178.34227684605201603 6.1272029030964185736 
 137.41304477346125168 175.79957888448572589 6.1272029030964185736 
 129.41304477346125168 189.6559853450367541 6.1272029030964185736 
 117.81712683119580731 164.4858703855009594 6.1272029030964185736 
 93.817126831195807313 206.05508976715404401 6.1272029030964185736 
 121.41304477346125168 203.5123918055877823 6.1272029030964185736 
 113.41304477346125168 217.3687982661388105 6.1272029030964185736 
 101.81712683119580731 192.19868330660301581 6.1272029030964185736 
 77.817126831195821524  233.767902688256072 6.1272029030964185736 
 105.41304477346125168 231.22520472668983871 6.1272029030964185736 
 97.41304477346125168 245.08161118724083849 6.1272029030964185736 
 85.817126831195835734 219.91149622770504379 6.1272029030964185736 
 229.00896271572668184 62.405629238511309609 6.1272029030964185736 
 256.60488065799211199 59.862931276945062109 6.1272029030964185736 
 248.60488065799208357 73.719337737496061891 6.1272029030964185736 
 237.00896271572665341 48.549222777960295616 6.1272029030964185736 
 213.00896271572668184 90.118442159613366016 6.1272029030964185736 
 240.60488065799208357 87.575744198047104305 6.1272029030964185736 
 232.60488065799208357 101.43215065859810409 6.1272029030964185736 
 221.00896271572668184 76.262035699062337812 6.1272029030964185736 
 197.00896271572665341 117.83125508071537979 6.1272029030964185736 
 224.60488065799208357 115.28855711914911808 6.1272029030964185736 
 216.60488065799208357 129.14496357970014628 6.1272029030964185736 
 205.00896271572665341 103.9748486201643658 6.1272029030964185736 
 181.00896271572665341 145.5440680018174362 6.1272029030964185736 
 208.60488065799208357 143.00137004025117449 6.1272029030964185736 
 200.60488065799208357 156.85777650080217427 6.1272029030964185736 
 189.00896271572665341 131.68766154126640799 6.1272029030964185736 
 165.00896271572665341 173.25688092291946418 6.1272029030964185736 
 192.60488065799211199 170.71418296135320247 6.1272029030964185736 
 184.60488065799211199 184.57058942190420225 6.1272029030964185736 
 173.00896271572665341 159.40047446236840756 6.1272029030964185736 
 149.00896271572665341 200.96969384402152059 6.1272029030964185736 
 176.60488065799208357 198.42699588245523046 6.1272029030964185736 
 168.60488065799208357 212.28340234300628708 6.1272029030964185736 
 157.00896271572665341 187.11328738347049239 6.1272029030964185736 
 133.00896271572665341 228.68250676512354858 6.1272029030964185736 
 160.60488065799208357 226.13980880355731529 6.1272029030964185736 
 152.60488065799208357 239.99621526410831507 6.1272029030964185736 
 141.00896271572665341 214.82610030457252037 6.1272029030964185736 
 117.00896271572666762 256.39531968622554814 6.1272029030964185736 
 144.60488065799211199 253.85262172465934327 6.1272029030964185736 
 125.00896271572666762 242.53891322567454836 6.1272029030964185736 
 252.20079860025751373 112.74585915758288479 6.1272029030964185736 
 75.837537119868656532 10.922482666720028988 6.1272029030964185736 
 236.2007986002574853 140.45867207868491278 6.1272029030964185736 
 67.837537119868656532 24.77888912727104298 6.1272029030964185736 
 59.837537119868649427 38.635295587822071184 6.1272029030964185736 
 244.20079860025751373 126.60226561813389878 6.1272029030964185736 
 220.2007986002574853 168.17148499978696918 6.1272029030964185736 
 51.837537119868649427 52.491702048373092282 6.1272029030964185736 
 43.837537119868642321 66.348108508924127591 6.1272029030964185736 
 228.2007986002574853 154.3150785392359694 6.1272029030964185736 
 204.20079860025754215 195.88429792088899717 6.1272029030964185736 
 35.837537119868670743 80.204514969475113162 6.1272029030964185736 
 27.83753711986866719 94.060921430026141365 6.1272029030964185736 
 212.20079860025754215 182.02789146033796897 6.1272029030964185736 
 188.20079860025754215 223.59711084199102515 6.1272029030964185736 
 19.83753711986866719 107.91732789057715536 6.1272029030964185736 
 11.837537119868663638 121.77373435112819777 6.1272029030964185736 
 196.20079860025754215 209.74070438143999695 6.1272029030964185736 
 172.20079860025754215 251.30992376309310998 6.1272029030964185736 
 3.8375371198686600849 135.63014081167921177 6.1272029030964185736 
 180.20079860025754215 237.45351730254205336 6.1272029030964185736 
