 139.50912248872285204 5.4712384351516982761 6.1272029030964185736 
 128.19541398973808555 16.784946934136463881 6.1272029030964185736 
 89.567996991768595194 23.412363932105989761 6.1272029030964185736 
 116.88170549075334748 28.098655433121216163 6.1272029030964185736 
 105.56799699176858098 39.412363932105996867 6.1272029030964185736 
 100.88170549075334748 12.098655433121239255 6.1272029030964185736 
 66.940579993799062208 46.039780930075522747 6.1272029030964185736 
 94.25428849278381449 50.726072431090749149 6.1272029030964185736 
 82.940579993799047998 62.039780930075508536 6.1272029030964185736 
 78.25428849278381449 34.726072431090756254 6.1272029030964185736 
 44.313162995829543434 68.667197928045041522 6.1272029030964185736 
 71.626871494814309926 73.353489429060260818 6.1272029030964185736 
 60.313162995829550539 84.667197928045027311 6.1272029030964185736 
 55.626871494814309926 57.353489429060275029 6.1272029030964185736 
   21.685745997860014 91.294614926014574507 6.1272029030964185736 
 48.999454496844784046 95.980906427029793804 6.1272029030964185736 
 37.685745997860017553 107.29461492601454609 6.1272029030964185736 
 32.999454496844791151 79.980906427029808015 6.1272029030964185736 
 26.372037498875268824 118.60832342499932679 6.1272029030964185736 
 15.058328999890489897 129.92203192398406486 6.1272029030964185736 
 10.372037498875263495 102.60832342499931258 6.1272029030964185736 
 3.7446205009057678126 141.23574042296883135 6.1272029030964185736 
 166.82283098770764695 10.157529936166952211 6.1272029030964185736 
 194.1365394866923566 14.843821437182192824 6.1272029030964185736 
 182.82283098770761853 26.157529936166945106 6.1272029030964185736 
 144.19541398973811397 32.784946934136470986 6.1272029030964185736 
 171.50912248872285204 37.471238435151697388 6.1272029030964185736 
 160.19541398973811397 48.784946934136478092 6.1272029030964185736 
 155.50912248872285204 21.471238435151704493 6.1272029030964185736 
 121.5679969917686094 55.412363932106003972 6.1272029030964185736 
 148.88170549075334748 60.098655433121223268 6.1272029030964185736 
 137.56799699176858098 71.412363932105989761 6.1272029030964185736 
 132.88170549075334748 44.098655433121223268 6.1272029030964185736 
 98.940579993799076419 78.039780930075522747 6.1272029030964185736 
 126.2542884927838287 82.726072431090756254 6.1272029030964185736 
 114.94057999379906221 94.039780930075522747 6.1272029030964185736 
 110.2542884927838287 66.726072431090756254 6.1272029030964185736 
 76.313162995829571855 100.66719792804502731 6.1272029030964185736 
 103.62687149481430993 105.35348942906027503 6.1272029030964185736 
 92.313162995829543434 116.66719792804502731 6.1272029030964185736 
 87.626871494814324137 89.353489429060275029 6.1272029030964185736 
 53.685745997860024659 123.29461492601454609 6.1272029030964185736 
 80.999454496844791151 127.9809064270297938 6.1272029030964185736 
 69.685745997860024659 139.2946149260145603 6.1272029030964185736 
 64.999454496844805362 111.9809064270297938 6.1272029030964185736 
 31.058328999890509436 145.92203192398409328 6.1272029030964185736 
 58.372037498875265271 150.60832342499932679 6.1272029030964185736 
 47.058328999890498778 161.92203192398409328 6.1272029030964185736 
 42.372037498875272377 134.60832342499932679 6.1272029030964185736 
 8.4309120019210084251 168.54944892195362627 6.1272029030964185736 
 35.744620500905760707 173.23574042296883135 6.1272029030964185736 
 24.430912001920997767 184.54944892195359785 6.1272029030964185736 
 19.744620500905774918 157.23574042296883135 6.1272029030964185736 
 198.82283098770764695 42.157529936166966422 6.1272029030964185736 
 226.13653948669241345 46.843821437182207035 6.1272029030964185736 
 214.82283098770764695 58.157529936166966422 6.1272029030964185736 
 210.13653948669238503 30.843821437182199929 6.1272029030964185736 
 176.19541398973811397 64.784946934136470986 6.1272029030964185736 
 203.50912248872288046 69.471238435151718704 6.1272029030964185736 
 192.19541398973811397 80.784946934136470986 6.1272029030964185736 
 187.50912248872288046 53.471238435151711599 6.1272029030964185736 
 153.56799699176858098 87.412363932106003972 6.1272029030964185736 
 180.8817054907533759 92.098655433121237479 6.1272029030964185736 
 169.56799699176858098 103.41236393210600397 6.1272029030964185736 
 164.8817054907533759 76.098655433121237479 6.1272029030964185736 
 130.94057999379907642 110.03978093007552275 6.1272029030964185736 
 158.25428849278384291 114.72607243109077046 6.1272029030964185736 
 146.94057999379907642 126.03978093007553696 6.1272029030964185736 
 142.25428849278384291 98.726072431090756254 6.1272029030964185736 
 108.31316299582957186 132.66719792804502731 6.1272029030964185736 
 135.62687149481433835 137.35348942906028924 6.1272029030964185736 
 124.31316299582957186 148.66719792804502731 6.1272029030964185736 
 119.62687149481432414 121.35348942906027503 6.1272029030964185736 
 85.685745997860038869 155.2946149260145603 6.1272029030964185736 
 112.99945449684480536 159.98090642702982223 6.1272029030964185736 
 101.68574599786003887 171.2946149260145603 6.1272029030964185736 
 96.999454496844805362 143.98090642702982223 6.1272029030964185736 
 63.058328999890505884 177.92203192398409328 6.1272029030964185736 
 90.372037498875272377 182.60832342499935521 6.1272029030964185736 
 79.058328999890520095 193.92203192398409328 6.1272029030964185736 
 74.372037498875272377 166.60832342499935521 6.1272029030964185736 
 40.43091200192100132 200.54944892195362627 6.1272029030964185736 
 67.744620500905782023 205.23574042296885978 6.1272029030964185736 
 56.430912001921022636 216.54944892195362627 6.1272029030964185736 
 51.744620500905782023 189.23574042296883135 6.1272029030964185736 
 230.82283098770759011 74.157529936166952211 6.1272029030964185736 
 246.82283098770761853 90.157529936166952211 6.1272029030964185736 
 242.13653948669238503 62.843821437182178613 6.1272029030964185736 
 208.19541398973811397 96.784946934136456775 6.1272029030964185736 
 235.50912248872288046 101.47123843515170449 6.1272029030964185736 
 224.19541398973811397 112.78494693413647099 6.1272029030964185736 
 219.50912248872288046 85.471238435151690283 6.1272029030964185736 
 185.5679969917686094 119.41236393210598976 6.1272029030964185736 
 212.8817054907533759 124.09865543312123748 6.1272029030964185736 
 201.5679969917686094 135.41236393210598976 6.1272029030964185736 
 196.8817054907533759 108.09865543312122327 6.1272029030964185736 
 162.94057999379907642 142.03978093007552275 6.1272029030964185736 
 190.25428849278381449 146.72607243109075625 6.1272029030964185736 
 178.94057999379907642 158.03978093007552275 6.1272029030964185736 
 174.25428849278381449 130.72607243109075625 6.1272029030964185736 
 140.31316299582957186 164.66719792804499889 6.1272029030964185736 
 167.62687149481430993 169.35348942906026082 6.1272029030964185736 
 156.31316299582957186 180.66719792804502731 6.1272029030964185736 
 151.62687149481430993 153.35348942906026082 6.1272029030964185736 
 117.68574599786003887 187.2946149260145603 6.1272029030964185736 
 144.99945449684480536 191.9809064270297938 6.1272029030964185736 
 133.68574599786003887 203.29461492601458872 6.1272029030964185736 
 128.99945449684480536 175.9809064270297938 6.1272029030964185736 
 95.058328999890505884 209.92203192398406486 6.1272029030964185736 
 122.37203749887528659 214.60832342499929837 6.1272029030964185736 
 111.05832899989050588 225.92203192398409328 6.1272029030964185736 
 106.37203749887528659 198.60832342499932679 6.1272029030964185736 
 72.43091200192100132 232.54944892195356942 6.1272029030964185736 
 99.744620500905782023 237.23574042296883135 6.1272029030964185736 
 88.43091200192100132 248.54944892195356942 6.1272029030964185736 
 83.744620500905782023 221.23574042296883135 6.1272029030964185736 
 240.19541398973811397 128.7849469341364852 6.1272029030964185736 
 256.19541398973808555 144.78494693413645678 6.1272029030964185736 
 251.50912248872288046 117.47123843515170449 6.1272029030964185736 
 217.5679969917686094 151.41236393210601818 6.1272029030964185736 
 244.88170549075340432 156.09865543312125169 6.1272029030964185736 
 233.5679969917686094 167.41236393210598976 6.1272029030964185736 
 228.8817054907533759 140.09865543312125169 6.1272029030964185736 
 194.94057999379910484 174.03978093007552275 6.1272029030964185736 
 222.25428849278384291 178.72607243109075625 6.1272029030964185736 
 210.94057999379910484 190.03978093007552275 6.1272029030964185736 
 206.25428849278381449 162.72607243109075625 6.1272029030964185736 
 172.31316299582957186 196.66719792804502731 6.1272029030964185736 
 199.62687149481433835 201.35348942906028924 6.1272029030964185736 
 188.31316299582957186 212.66719792804502731 6.1272029030964185736 
 183.62687149481433835 185.35348942906028924 6.1272029030964185736 
 149.68574599786003887 219.29461492601458872 6.1272029030964185736 
 176.99945449684483378 223.98090642702982223 6.1272029030964185736 
 165.68574599786003887 235.29461492601458872 6.1272029030964185736 
 160.99945449684483378 207.9809064270297938 6.1272029030964185736 
 127.05832899989053431 241.92203192398409328 6.1272029030964185736 
 154.3720374988753008 246.60832342499929837 6.1272029030964185736 
 138.3720374988753008 230.60832342499932679 6.1272029030964185736 
 115.74462050090579623 253.23574042296885978 6.1272029030964185736 
