 71.504388381446801759 186.61719407576714502 8.2973440936305404847 
 108.2704212832480124 173.04299705849678048 8.2973440936305404847 
 102.4140148226969842 194.89940351904778026 8.2973440936305404847 
 89.887404832347399974 179.83009556713193433 8.2973440936305404847 
 84.030998371796385982 201.68650202768299096 8.2973440936305404847 
 96.557608362145955994 216.75580997959880847 8.2973440936305404847 
 126.65343773414861062 166.25589854986162663 8.2973440936305404847 
 120.79703127359759662 188.11230501041262642 8.2973440936305404847 
 139.18004772449819484 181.32520650177744415 8.2973440936305404847 
 133.32364126394719506 203.18161296232847235 8.2973440936305404847 
 114.94062481304658263 209.96871147096365462 8.2973440936305404847 
 127.46723480339616685 225.03801942287944371 8.2973440936305404847 
 109.08421835249555443 231.8251179315146544 8.2973440936305404847 
 151.70665771484780748 196.39451445369326166 8.2973440936305404847 
 145.85025125429677928 218.25092091424431828 8.2973440936305404847 
 164.23326770519739171 211.46382240560910759 8.2973440936305404847 
 46.451168400747647524 156.47857817193542473 8.2973440936305404847 
 83.217201302548843955 142.90438115466508862 8.2973440936305404847 
 77.360794841997844173 164.7607876152160884 8.2973440936305404847 
 64.83418485164824574 149.69147966330024246 8.2973440936305404847 
 58.977778391097224642 171.54788612385127067 8.2973440936305404847 
 119.98323420435004039 129.33018413739472408 8.2973440936305404847 
 114.12682774379901218 151.18659059794575228 8.2973440936305404847 
 101.60021775344944217 136.11728264602990635 8.2973440936305404847 
 95.743811292898428178 157.97368910658093455 8.2973440936305404847 
 138.3662506552506386 122.54308562875955602 8.2973440936305404847 
 132.50984419469963882 144.39949208931057001 8.2973440936305404847 
 150.89286064560025125 137.61239358067538774 8.2973440936305404847 
 145.03645418504922304 159.46880004122644436 8.2973440936305404847 
 163.41947063594983547 152.68170153259123367 8.2973440936305404847 
 157.56306417539880727 174.53810799314226188 8.2973440936305404847 
 175.94608062629944811 167.75100948450705118 8.2973440936305404847 
 170.08967416574839149 189.60741594505807939 8.2973440936305404847 
 188.47269061664897549 182.82031743642292554 8.2973440936305404847 
 182.61628415609794729 204.67672389697392532 8.2973440936305404847 
 200.99930060699858814 197.88962538833874305 8.2973440936305404847 
 58.163981321849661299 112.76576525083341096 8.2973440936305404847 
 52.307574861298654412 134.62217171138439653 8.2973440936305404847 
 39.780964870949091505 119.55286375946857902 8.2973440936305404847 
 33.924558410398063302 141.40927022001960722 8.2973440936305404847 
 94.930014223650871941 99.191568233563074841 8.2973440936305404847 
 89.073607763099857948 121.04797469411407462 8.2973440936305404847 
 76.546997772750259514 105.9786667421982429 8.2973440936305404847 
 70.690591312199259733 127.83507320274924268 8.2973440936305404847 
 131.69604712545208258 85.61737121629269609 8.2973440936305404847 
 125.83964066490105438 107.47377767684371008 8.2973440936305404847 
 113.31303067455147016 92.404469724927892571 8.2973440936305404847 
 107.45662421400044195 114.26087618547890656 8.2973440936305404847 
 144.22265711580163838 100.68667916820854202 8.2973440936305404847 
 162.60567356670227923 93.899580659573359753 8.2973440936305404847 
 156.74926710615125103 115.75598712012437375 8.2973440936305404847 
 175.13228355705183503 108.9688886114892199 8.2973440936305404847 
 169.27587709650083525 130.82529507204023389 8.2973440936305404847 
 187.65889354740144768 124.03819656340506583 8.2973440936305404847 
 181.80248708685041947 145.89460302395607982 8.2973440936305404847 
 200.18550353775100348 139.10750451532089755 8.2973440936305404847 
 194.3290970772000037 160.96391097587189734 8.2973440936305404847 
 212.71211352810061612 154.17681246723674349 8.2973440936305404847 
 206.85570706754958792 176.03321892778774327 8.2973440936305404847 
 225.23872351845017192  169.246120419152561 8.2973440936305404847 
 219.38231705789914372 191.1025268797035892 8.2973440936305404847 
 64.020387782400689503 90.909358790282396967 8.2973440936305404847 
 45.637371331500098393 97.696457298917579237 8.2973440936305404847 
 100.78642068420190014 77.335161773012032427 8.2973440936305404847 
 82.403404233301287718 84.122260281647228908 8.2973440936305404847 
 119.16943713510249836 70.548063264376864367 8.2973440936305404847 
 137.55245358600308236 63.760964755741674992 8.2973440936305404847 
 150.07906357635269501 78.830272707657528031 8.2973440936305404847 
 168.46208002725327901 72.043174199022345761 8.2973440936305404847 
 180.98869001760289166 87.112482150938191694 8.2973440936305404847 
 193.51530000795247588 102.18179010285403763 8.2973440936305404847 
 206.04190999830203168 117.25109805476988356 8.2973440936305404847 
 218.5685199886516159 132.32040600668571528 8.2973440936305404847 
 231.09512997900120013 147.38971395860156122 8.2973440936305404847 
 155.93547003690369479 56.973866247106492722 8.2973440936305404847 
