 46.090507794897987992 177.08418628137090423 8.2973440936305404847 
 82.856540696699198634 163.50998926410056811 8.2973440936305404847 
 77.000134236148184641 185.36639572465156789 8.2973440936305404847 
 64.473524245798600418 170.29708777273572196 8.2973440936305404847 
 58.61711778524757932 192.15349423328675016 8.2973440936305404847 
 71.143727775597170648 207.22280218520256767 8.2973440936305404847 
 119.62257359850039506 149.93579224683020357 8.2973440936305404847 
 113.76616713794938107 171.79219870738123177 8.2973440936305404847 
 101.23955714759981106 156.72289075546538584 8.2973440936305404847 
 95.383150687048797067 178.5792972160163572 8.2973440936305404847 
 107.90976067739836708 193.64860516793220313 8.2973440936305404847 
 89.526744226497754653 200.43570367656741382 8.2973440936305404847 
 102.05335421684733888 215.50501162848325976 8.2973440936305404847 
 83.670337765946754871 222.29211013711844203 8.2973440936305404847 
 96.196947756296324883 237.36141808903431638 8.2973440936305404847 
 138.00559004940100749 143.1486937381950213 8.2973440936305404847 
 132.14918358885000771 165.00510019874602108 8.2973440936305404847 
 150.53220003975059171 158.21800169011086723 8.2973440936305404847 
 144.67579357919959193 180.07440815066186701 8.2973440936305404847 
 126.29277712829897951 186.86150665929704928 8.2973440936305404847 
 138.81938711864856373 201.93081461121289522 8.2973440936305404847 
 120.4363706677479513 208.71791311984807749 8.2973440936305404847 
 132.96298065809753552  223.787221071763895 8.2973440936305404847 
 114.57996420719693731 230.57431958039910569 8.2973440936305404847 
 127.10657419754652153 245.64362753231495162 8.2973440936305404847 
 108.72355774664590911 252.43072604095013389 8.2973440936305404847 
 163.05881003010017594 173.28730964202674159 8.2973440936305404847 
 157.20240356954917615 195.14371610257771295 8.2973440936305404847 
 175.58542002044978858 188.3566175939425591 8.2973440936305404847 
 169.72901355989876038 210.21302405449355888 8.2973440936305404847 
 151.34599710899814795 217.00012256312876957 8.2973440936305404847 
 163.8726070993477606 232.06943051504458708 8.2973440936305404847 
 145.48959064844714817 238.85652902367974093 8.2973440936305404847 
 188.11203001079931596 203.42592554585837661 8.2973440936305404847 
 182.25562355024831618 225.28233200640940481 8.2973440936305404847 
 200.6386400011489286 218.49523349777422254 8.2973440936305404847 
 57.803320716000030188 133.37137336026884782 8.2973440936305404847 
 51.946914255449023301 155.22777982081987602 8.2973440936305404847 
 39.420304265099446184 140.15847186890403009 8.2973440936305404847 
 33.563897804548425086 162.01487832945505829 8.2973440936305404847 
 94.56935361780124083 119.79717634299849749 8.2973440936305404847 
 88.712947157250226837 141.6535828035495399 8.2973440936305404847 
 76.186337166900642615 126.58427485163367976 8.2973440936305404847 
 70.329930706349614411 148.44068131218469375 8.2973440936305404847 
 131.33538651960245147 106.22297932572814716 8.2973440936305404847 
 125.47898005905142327 128.07938578627914694 8.2973440936305404847 
 112.95237006870183905 113.01007783436331522 8.2973440936305404847 
 107.09596360815081084 134.86648429491435763 8.2973440936305404847 
 143.86199650995200727 121.29228727764399309 8.2973440936305404847 
 162.24501296085264812 114.50518876900881082 8.2973440936305404847 
 156.38860650030161992 136.3615952295598106 8.2973440936305404847 
 174.77162295120223234 129.57449672092465676 8.2973440936305404847 
 168.91521649065120414 151.43090318147568496 8.2973440936305404847 
 187.29823294155181657 144.64380467284050269 8.2973440936305404847 
 181.44182648100078836 166.50021113339153089 8.2973440936305404847 
 199.82484293190137237 159.71311262475634862 8.2973440936305404847 
 193.96843647135037259 181.5695190853073484 8.2973440936305404847 
 212.35145292225098501 174.78242057667219456 8.2973440936305404847 
 206.49504646169998523 196.63882703722316592 8.2973440936305404847 
 224.87806291260056923 189.85172852858804049 8.2973440936305404847 
 219.02165645204951261 211.70813498913901185 8.2973440936305404847 
 69.516133637102072385 89.658560439166834044 8.2973440936305404847 
 63.659727176551044181 111.51496689971783383 8.2973440936305404847 
 51.133117186201481275 96.445658947802002103 8.2973440936305404847 
 45.276710725650453071 118.3020654083530161 8.2973440936305404847 
 106.28216653890328303 76.084363421896469504 8.2973440936305404847 
 100.42576007835225482 97.940769882447483496 8.2973440936305404847 
  87.8991500880026706 82.871461930531651774 8.2973440936305404847 
 82.042743627451656607 104.72786839108266577 8.2973440936305404847 
 118.80877652925286725 91.153671373812301226 8.2973440936305404847 
 137.19179298015345125 84.366572865177133167 8.2973440936305404847 
 149.71840297050303548 99.43588081709296489 8.2973440936305404847 
 168.1014194214036479 92.648782308457782619 8.2973440936305404847 
 180.62802941175326055 107.71809026037362855 8.2973440936305404847 
 199.01104586265387297 100.93099175173846049 8.2973440936305404847 
 193.15463940210284477 122.78739821228947449 8.2973440936305404847 
 211.53765585300342877 116.00029970365430643 8.2973440936305404847 
 205.68124939245237215 137.85670616420532042 8.2973440936305404847 
 224.06426584335304142 131.06960765557016657 8.2973440936305404847 
 218.20785938280198479 152.92601411612116635 8.2973440936305404847 
 236.5908758337025688 146.1389156074860125 8.2973440936305404847 
 230.73446937315154059 167.99532206803698386 8.2973440936305404847 
 75.372540097653086377 67.80215397861580584 8.2973440936305404847 
 56.989523646752488162 74.589252487250988111 8.2973440936305404847 
 93.755556548553698804 61.015055469980630676 8.2973440936305404847 
 112.13857299945429702 54.227956961345448406 8.2973440936305404847 
 124.66518298980386703 69.297264913261287234 8.2973440936305404847 
 143.04819944070445104 62.510166404626112069 8.2973440936305404847 
 155.57480943105406368 77.579474356541965108 8.2973440936305404847 
 173.95782588195464768 70.792375847906782838 8.2973440936305404847 
 186.48443587230426033 85.861683799822628771 8.2973440936305404847 
 204.86745232320484433 79.074585291187446501 8.2973440936305404847 
 217.39406231355442856 94.143893243103292434 8.2973440936305404847 
 229.9206723039040412 109.21320119501912416 8.2973440936305404847 
  242.447282294253597 124.28250914693497009 8.2973440936305404847 
 130.52158945035489523 47.440858452710266135 8.2973440936305404847 
 148.90460590125550766 40.653759944075069654 8.2973440936305404847 
 161.43121589160509188 55.723067895990929799 8.2973440936305404847 
 179.81423234250570431 48.935969387355733318 8.2973440936305404847 
 192.34084233285528853 64.005277339271600567 8.2973440936305404847 
 167.28762235215609167 33.866661435439915806 8.2973440936305404847 
