 53.171594280504045571 167.51897270181817134 8.2973440936305404847 
 92.198115700590818733 163.92305475955271277 8.2973440936305404847 
 80.884407201606066451 183.51897270181814292 8.2973440936305404847 
 72.684854990547449916 165.72101373068542784 8.2973440936305404847 
 61.371146491562669212 185.31693167295088642 8.2973440936305404847 
 69.570698702621314169 203.1148906440836015 8.2973440936305404847 
 111.71137641063421597 162.12509578841999769 8.2973440936305404847 
 100.39766791164946369 181.72101373068542784 8.2973440936305404847 
 119.91092862169288935 179.92305475955274119 8.2973440936305404847 
 108.59722012270812286 199.51897270181817134 8.2973440936305404847 
 89.083959412664711408  201.316931672950858 8.2973440936305404847 
 97.283511623723384787 219.1148906440836015 8.2973440936305404847 
 77.770250913679959126 220.91284961521628816 8.2973440936305404847 
 128.11048083275153431 197.72101373068542784 8.2973440936305404847 
 116.79677233376678203 217.31693167295088642 8.2973440936305404847 
 136.31003304381016505 215.51897270181817134 8.2973440936305404847 
 36.772489858386762762 131.92305475955271277 8.2973440936305404847 
 75.79901127847355724 128.32713681728728261 8.2973440936305404847 
 64.485302779488819169 147.92305475955271277 8.2973440936305404847 
 56.285750568430160001 130.12509578841999769 8.2973440936305404847 
 44.972042069445400614 149.72101373068542784 8.2973440936305404847 
 114.82553269856035172 124.73121887502185245 8.2973440936305404847 
 103.51182419957558523 144.32713681728728261 8.2973440936305404847 
 95.31227198851695448 126.52917784615458174 8.2973440936305404847 
 83.998563489532202198 146.12509578841999769 8.2973440936305404847 
 134.33879340860374896 122.93325990388913738 8.2973440936305404847 
 123.02508490961898246 142.52917784615459595 8.2973440936305404847 
 142.53834561966240813 140.73121887502185245 8.2973440936305404847 
 131.22463712067764163 160.32713681728731103 8.2973440936305404847 
 150.73789783072106729 158.52917784615459595 8.2973440936305404847 
 139.4241893317363008 178.12509578842002611 8.2973440936305404847 
 158.93745004177969804 176.32713681728728261 8.2973440936305404847 
 147.62374154279495997 195.92305475955271277 8.2973440936305404847 
 167.13700225283832879 194.12509578841999769 8.2973440936305404847 
 155.82329375385359072 213.72101373068542784 8.2973440936305404847 
 175.33655446389698795 211.92305475955271277 8.2973440936305404847 
 59.399906856356267326 92.731218875021880876 8.2973440936305404847 
 48.08619835737152215 112.32713681728728261 8.2973440936305404847 
 39.886646146312877192 94.529177846154595954 8.2973440936305404847 
 28.572937647328121358 114.1250957884200119 8.2973440936305404847 
 98.426428276443076015 89.13530093275645072 8.2973440936305404847 
 87.112719777458309522 108.73121887502189509 8.2973440936305404847 
 78.913167566399678776 90.933259903889151587 8.2973440936305404847 
 67.599459067414912283 110.52917784615456753 8.2973440936305404847 
 137.4529496965298847 85.539382990491006353 8.2973440936305404847 
  126.139241197545104 105.1353009327564223 8.2973440936305404847 
 117.93968898648645904 87.337341961623735642 8.2973440936305404847 
 106.62598048750170676 106.93325990388915159 8.2973440936305404847 
 145.65250190758851545 103.33734196162370722 8.2973440936305404847 
 165.16576261763194111 101.53938299049102056 8.2973440936305404847 
 153.8520541186471462 121.13530093275645072 8.2973440936305404847 
 173.36531482869057186 119.33734196162374985 8.2973440936305404847 
 162.05160632970580536 138.9332599038891658 8.2973440936305404847 
 181.5648670397492026 137.13530093275647914 8.2973440936305404847 
 170.25115854076446453 156.73121887502188088 8.2973440936305404847 
 189.76441925080783335 154.93325990388913738 8.2973440936305404847 
 178.45071075182309528 174.52917784615456753 8.2973440936305404847 
 197.96397146186649252 172.73121887502185245 8.2973440936305404847 
 186.65026296288172603 192.32713681728728261 8.2973440936305404847 
 206.16352367292512326 190.52917784615456753 8.2973440936305404847 
 194.84981517394035677 210.12509578841999769 8.2973440936305404847 
 70.713615355341019608 73.13530093275645072 8.2973440936305404847 
 51.20035464529763658 74.933259903889180009 8.2973440936305404847 
 109.74013677542784251 69.539382990491020564 8.2973440936305404847 
 90.226876065384416847 71.337341961623735642 8.2973440936305404847 
 129.25339748547122554 67.741424019358305486 8.2973440936305404847 
 148.76665819551462278 65.943465048225590408 8.2973440936305404847 
 156.96621040657328194 83.741424019358291275 8.2973440936305404847 
 176.4794711166167076 81.943465048225604619 8.2973440936305404847 
 184.67902332767533835 99.741424019358319697 8.2973440936305404847 
 192.87857553873399752 117.53938299049103478 8.2973440936305404847 
 201.07812774979257142 135.33734196162373564 8.2973440936305404847 
 209.27767996085123059 153.13530093275645072 8.2973440936305404847 
 217.47723217190986134 170.9332599038891658 8.2973440936305404847 
 168.27991890555802001 64.145506077092861119 8.2973440936305404847 
