 65.906522178472442874 84.707015864491722823 8.2973440936305404847 
 88.533939176441961649 116.70701586449170861 8.2973440936305404847 
 65.906522178472442874 116.70701586449170861 8.2973440936305404847 
 77.220230677457223578 100.70701586449170861 8.2973440936305404847 
 54.592813679487669276 100.70701586449170861 8.2973440936305404847 
  43.2791051805029241 116.70701586449170861 8.2973440936305404847 
 99.84764767542669972 132.70701586449172282 8.2973440936305404847 
 77.220230677457223578 132.70701586449172282 8.2973440936305404847 
 88.533939176441961649 148.70701586449172282 8.2973440936305404847 
 65.906522178472442874 148.70701586449172282 8.2973440936305404847 
 54.592813679487669276 132.70701586449172282 8.2973440936305404847 
  43.2791051805029241 148.70701586449172282 8.2973440936305404847 
 31.965396681518154054 132.70701586449172282 8.2973440936305404847 
 77.220230677457223578 164.70701586449172282 8.2973440936305404847 
 54.592813679487669276 164.70701586449172282 8.2973440936305404847 
 65.906522178472442874 180.70701586449172282 8.2973440936305404847 
 88.533939176441990071 52.707015864491701507 8.2973440936305404847 
 111.16135617441150885 84.707015864491722823 8.2973440936305404847 
 88.533939176441990071 84.707015864491722823 8.2973440936305404847 
 99.847647675426728142 68.707015864491708612 8.2973440936305404847 
 77.220230677457223578 68.707015864491708612 8.2973440936305404847 
 133.78877317238101341 116.70701586449170861 8.2973440936305404847 
 111.16135617441148042 116.70701586449170861 8.2973440936305404847 
 122.47506467339624692 100.70701586449170861 8.2973440936305404847 
 99.847647675426728142 100.70701586449170861 8.2973440936305404847 
 145.1024816713657799 132.70701586449172282 8.2973440936305404847 
 122.47506467339624692 132.70701586449172282 8.2973440936305404847 
 133.78877317238101341 148.70701586449172282 8.2973440936305404847 
 111.16135617441148042 148.70701586449172282 8.2973440936305404847 
 122.47506467339624692 164.70701586449172282 8.2973440936305404847 
 99.847647675426728142 164.70701586449172282 8.2973440936305404847 
 111.16135617441150885 180.70701586449172282 8.2973440936305404847 
 88.533939176441990071 180.70701586449172282 8.2973440936305404847 
 99.847647675426728142 196.70701586449172282 8.2973440936305404847 
 77.220230677457223578 196.70701586449172282 8.2973440936305404847 
 88.533939176441990071 212.70701586449172282 8.2973440936305404847 
 133.78877317238098499 52.707015864491701507 8.2973440936305404847 
 111.16135617441150885 52.707015864491701507 8.2973440936305404847 
 122.47506467339624692 36.707015864491708612 8.2973440936305404847 
 99.847647675426728142 36.707015864491708612 8.2973440936305404847 
 156.41619017035051797 84.707015864491722823 8.2973440936305404847 
 133.78877317238098499 84.707015864491722823 8.2973440936305404847 
 145.1024816713657799 68.707015864491708612 8.2973440936305404847 
 122.47506467339624692 68.707015864491708612 8.2973440936305404847 
 179.04360716832005096 116.70701586449170861 8.2973440936305404847 
 156.4161901703505464 116.70701586449170861 8.2973440936305404847 
 167.72989866933528447 100.70701586449170861 8.2973440936305404847 
 145.1024816713657799 100.70701586449170861 8.2973440936305404847 
 167.72989866933528447 132.70701586449172282 8.2973440936305404847 
 179.04360716832005096 148.70701586449172282 8.2973440936305404847 
 156.4161901703505464 148.70701586449172282 8.2973440936305404847 
 167.72989866933528447 164.70701586449172282 8.2973440936305404847 
 145.1024816713657799 164.70701586449172282 8.2973440936305404847 
 156.41619017035051797 180.70701586449172282 8.2973440936305404847 
 133.78877317238098499 180.70701586449172282 8.2973440936305404847 
 145.1024816713657799 196.70701586449172282 8.2973440936305404847 
 122.47506467339624692 196.70701586449172282 8.2973440936305404847 
 133.78877317238098499 212.70701586449172282 8.2973440936305404847 
 111.16135617441150885 212.70701586449172282 8.2973440936305404847 
 122.47506467339624692 228.7070158644916944 8.2973440936305404847 
 99.847647675426728142 228.7070158644916944 8.2973440936305404847 
 156.41619017035051797 52.707015864491701507 8.2973440936305404847 
 145.1024816713657799 36.707015864491708612 8.2973440936305404847 
 179.04360716832005096 84.707015864491722823 8.2973440936305404847 
 167.72989866933528447 68.707015864491708612 8.2973440936305404847 
 190.35731566730481745 100.70701586449170861 8.2973440936305404847 
 201.67102416628958395 116.70701586449170861 8.2973440936305404847 
 190.35731566730481745 132.70701586449172282 8.2973440936305404847 
 201.67102416628958395 148.70701586449172282 8.2973440936305404847 
 190.35731566730481745 164.70701586449172282 8.2973440936305404847 
 179.04360716832005096 180.70701586449172282 8.2973440936305404847 
 167.72989866933528447 196.70701586449172282 8.2973440936305404847 
 156.41619017035051797 212.70701586449172282 8.2973440936305404847 
 145.1024816713657799 228.7070158644916944 8.2973440936305404847 
 212.98473266527435044 132.70701586449172282 8.2973440936305404847 
