 160.99245969325451711 18.424193810066018528 8.6195320883354789032 
 147.23885648567187445 34.358447251311240223 8.6195320883354789032 
 112.15213327808922372 13.342652968592705776 8.6195320883354789032 
 84.644320654055675845 45.212495190395891598 8.6195320883354789032 
 98.397710528304969557 29.277872244978372152 8.6195320883354789032 
 70.890930779806353712 61.147118135813428808 8.6195320883354789032 
 57.704906198828538777 78.057290624010718716 8.6195320883354789032 
 43.951302991245910334 93.991544065255965279 8.6195320883354789032 
 8.8645797836632489464 72.975749782537434385 8.6195320883354789032 
 174.17848427423234625 1.5140213218687073038 8.6195320883354789032 
 182.32579302658785991 55.374611038202040447 8.6195320883354789032 
 168.57218981900521726 71.308864479447279905 8.6195320883354789032 
 133.48546661142256653 50.293070196728763221 8.6195320883354789032 
 105.97765398738900444 82.162912418531945491 8.6195320883354789032 
 119.73104386163831236 66.228289473114415387 8.6195320883354789032 
 92.224264113139696519 98.097535363949475595 8.6195320883354789032 
 79.038239532161881584 115.0077078521467655 8.6195320883354789032 
 65.284636324579253142 130.94196129339201207 8.6195320883354789032 
 30.197913116996588201 109.92616701067348117 8.6195320883354789032 
 2.6901004929630358831 141.79600923247664923 8.6195320883354789032 
 16.443490367212341141 125.86138628705913334 8.6195320883354789032 
 195.51181760756566064 38.464438550004743433 8.6195320883354789032 
 203.65912635992120272 92.32502826633809434 8.6195320883354789032 
 189.90552315233856007 108.25928170758332669 8.6195320883354789032 
 154.81879994475590934 87.243487424864795798 8.6195320883354789032 
 127.31098732072233304 119.11332964666799228 8.6195320883354789032 
 141.06437719497168359 103.17870670125046217 8.6195320883354789032 
 113.55759744647302512 135.04795259208552238 8.6195320883354789032 
 100.37157286549522439 151.9581250802828265 8.6195320883354789032 
 86.617969657912581738 167.89237852152803043 8.6195320883354789032 
 51.531246450329931008 146.87658423880952796 8.6195320883354789032 
 24.023433826296376026 178.74642646061272444 8.6195320883354789032 
 37.776823700545683948 162.81180351519518013 8.6195320883354789032 
 216.84515094089900344 75.414855778140790221 8.6195320883354789032 
 224.99245969325454553 129.27544549447412692 8.6195320883354789032 
 211.23885648567190287 145.20969893571938769 8.6195320883354789032 
 176.15213327808925214 124.19390465300084259 8.6195320883354789032 
 148.64432065405569006 156.06374687480402486 8.6195320883354789032 
 162.39771052830499798 140.12912392938653738 8.6195320883354789032 
 134.89093077980635371 171.99836982022154075 8.6195320883354789032 
 121.7049061988285672 188.90854230841884487 8.6195320883354789032 
 107.95130299124592455 204.84279574966410564 8.6195320883354789032 
 72.864579783663259605 183.82700146694557475 8.6195320883354789032 
 45.356767159629718833 215.69684368874874281 8.6195320883354789032 
 59.110157033879033861 199.76222074333125533 8.6195320883354789032 
 238.17848427423234625 112.36527300627680859 8.6195320883354789032 
 246.32579302658788833 166.22586272261020213 8.6195320883354789032 
 232.57218981900521726 182.16011616385540606 8.6195320883354789032 
 197.48546661142259495 161.14432188113690358 8.6195320883354789032 
 169.97765398738903286 193.01416410294010007 8.6195320883354789032 
 183.73104386163831236 177.07954115752252733 8.6195320883354789032 
 156.22426411313972494 208.94878704835761596 8.6195320883354789032 
 143.0382395321618958 225.85895953655489166 8.6195320883354789032 
 129.28463632457925314 241.79321297780015243 8.6195320883354789032 
 94.197913116996602412 220.77741869508162154 8.6195320883354789032 
 66.690100492963054535 252.64726091688481802 8.6195320883354789032 
 80.443490367212348247 236.7126379714672737 8.6195320883354789032 
 218.81879994475593776 198.09473910927292195 8.6195320883354789032 
 191.31098732072237567 229.96458133107617527 8.6195320883354789032 
 205.06437719497165517 214.02995838565857412 8.6195320883354789032 
 177.55759744647306775 245.89920427649366275 8.6195320883354789032 
 36.371572865495231497 41.10687339587470035 8.6195320883354789032 
 22.617969657912567527 57.04112683711989007 8.6195320883354789032 
