 191.67199322676049178 56.401797017818942948 8.6195320883354789032 
 171.79389673480017109 63.324463684485614579 8.6195320883354789032 
 151.91580024283982198 27.580890351152270057 8.6195320883354789032 
 112.15841459698292226 41.427077017818938032 8.6195320883354789032 
 132.03651108894325716 34.503983684485596939 8.6195320883354789032 
 92.28031810502257315 48.350170351152279125 8.6195320883354789032 
 72.405799598871084299 56.401797017818942948 8.6195320883354789032 
 52.527703106910770714 63.324463684485621684 8.6195320883354789032 
 32.649606614950435812 27.580890351152270057 8.6195320883354789032 
 231.42460822487234395 41.427077017818938032 8.6195320883354789032 
 12.770317461053840802 34.503983684485596939 8.6195320883354789032 
 211.54651173291196642 48.350170351152279125 8.6195320883354789032 
 191.6719932267605202 99.068463684485607246 8.6195320883354789032 
 171.79389673480019951 105.99113035115227888 8.6195320883354789032 
 151.91580024283982198 70.247557017818934355 8.6195320883354789032 
 112.15841459698292226 84.09374368448560233 8.6195320883354789032 
 132.03651108894325716 77.170650351152261237 8.6195320883354789032 
 92.280318105022587361 91.016837017818943423 8.6195320883354789032 
 72.40579959887109851 99.068463684485607246 8.6195320883354789032 
 52.527703106910770714 105.99113035115227888 8.6195320883354789032 
 32.649606614950435812 70.247557017818948566 8.6195320883354789032 
 231.42460822487234395 84.09374368448560233 8.6195320883354789032 
 12.770317461053840802 77.170650351152261237 8.6195320883354789032 
 211.54651173291196642 91.016837017818943423 8.6195320883354789032 
 191.6719932267605202 141.73513035115226444 8.6195320883354789032 
 171.79389673480019951 148.65779701781895028 8.6195320883354789032 
 151.91580024283987882 112.91422368448560576 8.6195320883354789032 
 112.15841459698292226 126.76041035115227373 8.6195320883354789032 
 132.03651108894325716 119.83731701781894685 8.6195320883354789032 
 92.280318105022587361 133.68350368448560062 8.6195320883354789032 
 72.40579959887109851 141.73513035115226444 8.6195320883354789032 
 52.527703106910770714 148.65779701781895028 8.6195320883354789032 
 32.649606614950435812 112.91422368448560576 8.6195320883354789032 
 231.42460822487234395 126.76041035115227373 8.6195320883354789032 
 12.770317461053840802 119.83731701781894685 8.6195320883354789032 
 211.54651173291196642 133.68350368448560062 8.6195320883354789032 
 191.6719932267605202 184.40179701781895005 8.6195320883354789032 
 171.79389673480019951 191.32446368448563589 8.6195320883354789032 
 151.91580024283987882 155.58089035115224874 8.6195320883354789032 
 112.15841459698292226 169.42707701781893093 8.6195320883354789032 
 132.03651108894325716 162.50398368448563247 8.6195320883354789032 
 92.280318105022587361 176.35017035115225781 8.6195320883354789032 
 72.40579959887109851 184.40179701781895005 8.6195320883354789032 
 52.527703106910770714 191.32446368448563589 8.6195320883354789032 
 32.649606614950435812 155.58089035115224874 8.6195320883354789032 
 231.42460822487234395 169.42707701781893093 8.6195320883354789032 
 12.770317461053840802 162.50398368448563247 8.6195320883354789032 
 211.54651173291196642 176.35017035115225781 8.6195320883354789032 
 191.6719932267605202 227.06846368448563567 8.6195320883354789032 
 171.79389673480019951 233.99113035115223624 8.6195320883354789032 
 151.91580024283987882 198.24755701781893436 8.6195320883354789032 
 112.15841459698292226 212.09374368448561654 8.6195320883354789032 
 132.03651108894325716 205.17065035115226124 8.6195320883354789032 
 92.280318105022601571 219.01683701781894342 8.6195320883354789032 
 72.405799598871112721 227.06846368448563567 8.6195320883354789032 
 52.527703106910770714 233.99113035115223624 8.6195320883354789032 
 32.649606614950435812 198.24755701781893436 8.6195320883354789032 
 231.42460822487234395 212.09374368448561654 8.6195320883354789032 
 12.770317461053840802 205.17065035115226124 8.6195320883354789032 
 211.54651173291196642 219.01683701781894342 8.6195320883354789032 
 191.67199322676049178 13.735130351152307071 8.6195320883354789032 
 171.79389673480017109 20.657797017818928964 8.6195320883354789032 
 151.91580024283987882 240.91422368448561997 8.6195320883354789032 
 112.15841459698293647 254.76041035115230216 8.6195320883354789032 
 132.03651108894325716 247.83731701781891843 8.6195320883354789032 
 92.28031810502257315 5.6835036844856139382 8.6195320883354789032 
 72.405799598871084299 13.735130351152307071 8.6195320883354789032 
 52.527703106910770714 20.657797017818928964 8.6195320883354789032 
 32.649606614950435812 240.91422368448561997 8.6195320883354789032 
 231.42460822487234395 254.76041035115230216 8.6195320883354789032 
 12.770317461053840802 247.83731701781891843 8.6195320883354789032 
 211.54651173291196642 5.6835036844856139382 8.6195320883354789032 
