 62.598898830737070398 6.9706445944850869978 8.2973440936305404847 
 64.396857801869771265 26.483905304528484237 8.2973440936305404847 
 46.598898830737063292 34.683457515587143405 8.2973440936305404847 
 48.396857801869771265 54.196718225630540644 8.2973440936305404847 
 30.598898830737070398 62.396270436689164285 8.2973440936305404847 
 32.396857801869792581 81.909531146732547313 8.2973440936305404847 
 14.598898830737077503 90.10908335779119227 8.2973440936305404847 
 16.396857801869785476 109.62234406783460372 8.2973440936305404847 
 99.992775744135201421 10.084800882411204981 8.2973440936305404847 
 82.194816773002486343 18.284353093469860596 8.2973440936305404847 
 83.992775744135201421 37.797613803513243624 8.2973440936305404847 
 66.194816773002486343 45.997166014571888581 8.2973440936305404847 
 67.99277574413518721 65.510426724615300031 8.2973440936305404847 
 50.194816773002493449 73.709978935673944989 8.2973440936305404847 
 51.992775744135215632 93.223239645717313806 8.2973440936305404847 
 34.194816773002500554 101.42279185677595876 8.2973440936305404847 
 35.992775744135208527 120.93605256681937021 8.2973440936305404847 
 18.194816773002493449 129.13560477787800096 8.2973440936305404847 
 19.992775744135197868 148.64886548792142662 8.2973440936305404847 
 2.1948167730025138766 156.84841769898005737 8.2973440936305404847 
 3.9927757441352214052 176.36167840902345461 8.2973440936305404847 
 117.7907347152679165 1.8852486713525782314 8.2973440936305404847 
 119.58869368640063158 21.398509381395978579 8.2973440936305404847 
 101.7907347152679165 29.598061592454619984 8.2973440936305404847 
 103.58869368640063158 49.111322302498003012 8.2973440936305404847 
 85.790734715267916499 57.310874513556655074 8.2973440936305404847 
 87.588693686400631577 76.824135223600052313 8.2973440936305404847 
 69.79073471526793071 85.023687434658697271 8.2973440936305404847 
 71.588693686400631577 104.53694814470206609 8.2973440936305404847 
 53.790734715267937815 112.73650035576072526 8.2973440936305404847 
 55.588693686400645788 132.24976106580410828 8.2973440936305404847 
 37.79073471526793071 140.44931327686276745 8.2973440936305404847 
 39.588693686400638683 159.96257398690616469 8.2973440936305404847 
 21.790734715267934263 168.16212619796479544 8.2973440936305404847 
 23.588693686400642235 187.67538690800819268 8.2973440936305404847 
 5.7907347152679573554 195.87493911906682342 8.2973440936305404847 
 137.38665265753334666 13.198957170337337175 8.2973440936305404847 
 139.18461162866606173 32.712217880380734414 8.2973440936305404847 
 121.38665265753333244 40.911770091439379371 8.2973440936305404847 
 123.18461162866606173 60.425030801482762399 8.2973440936305404847 
 105.38665265753334666 68.624583012541421567 8.2973440936305404847 
 107.18461162866606173 88.137843722584818806 8.2973440936305404847 
 89.386652657533346655 96.337395933643463763 8.2973440936305404847 
 91.184611628666075944 115.85065664368683258 8.2973440936305404847 
 73.386652657533360866 124.05020885474547754 8.2973440936305404847 
 75.184611628666061733 143.56346956478887478 8.2973440936305404847 
 57.386652657533353761 151.76302177584753395 8.2973440936305404847 
 59.184611628666075944 171.27628248589093118 8.2973440936305404847 
 41.386652657533360866 179.47583469694953351 8.2973440936305404847 
 43.184611628666068839 198.98909540699295917 8.2973440936305404847 
 25.38665265753337863 207.18864761805156149 8.2973440936305404847 
 155.18461162866606173 4.9994049592786815595 8.2973440936305404847 
 156.98257059979877681 24.512665669322096562 8.2973440936305404847 
 158.78052957093146347 44.025926379365493801 8.2973440936305404847 
 140.98257059979874839 52.225478590424138758 8.2973440936305404847 
 142.78052957093149189 71.738739300467514681 8.2973440936305404847 
 124.98257059979877681 79.938291511526173849 8.2973440936305404847 
 126.78052957093149189 99.451552221569571088 8.2973440936305404847 
 108.98257059979877681 107.65110443262820183 8.2973440936305404847 
 110.78052957093149189 127.16436514267158486 8.2973440936305404847 
 92.982570599798791022 135.36391735373021561 8.2973440936305404847 
  94.7805295709315061 154.87717806377364127 8.2973440936305404847 
 76.982570599798791022 163.07673027483227202 8.2973440936305404847 
 78.780529570931491889 182.58999098487566926 8.2973440936305404847 
 60.982570599798798128    190.7895431959343 8.2973440936305404847 
  62.7805295709315061 210.30280390597769724 8.2973440936305404847 
 44.982570599798805233 218.50235611703632799 8.2973440936305404847 
 174.78052957093149189 16.313113458263440947 8.2973440936305404847 
 176.57848854206417855 35.82637416830685595 8.2973440936305404847 
 178.37644751319689362 55.339634878350238978 8.2973440936305404847 
 160.57848854206417855 63.53918708940889104 8.2973440936305404847 
 162.37644751319692205 83.052447799452281174 8.2973440936305404847 
 144.57848854206420697 91.252000010510926131 8.2973440936305404847 
 146.37644751319692205 110.76526072055433758 8.2973440936305404847 
 128.57848854206417855 118.96481293161295412 8.2973440936305404847 
 130.37644751319692205 138.47807364165635136 8.2973440936305404847 
 112.57848854206420697 146.67762585271501052 8.2973440936305404847 
 114.37644751319692205 166.19088656275840776 8.2973440936305404847 
 96.578488542064206968 174.39043877381706693 8.2973440936305404847 
 98.376447513196922046 193.90369948386046417 8.2973440936305404847 
 80.578488542064206968 202.10325169491906649 8.2973440936305404847 
 82.376447513196907835 221.61651240496249216 8.2973440936305404847 
 64.578488542064221178 229.81606461602109448 8.2973440936305404847 
 194.37644751319692205 27.626821957248182571 8.2973440936305404847 
 196.17440648432963712 47.140082667291629548 8.2973440936305404847 
 197.9723654554623522 66.653343377335019682 8.2973440936305404847 
 180.17440648432963712 74.852895588393664639 8.2973440936305404847 
 181.97236545546238062 94.366156298437061878 8.2973440936305404847 
 164.17440648432966555 102.56570850949569262 8.2973440936305404847 
 165.9723654554623522 122.07896921953910407 8.2973440936305404847 
 148.17440648432963712 130.27852143059772061 8.2973440936305404847 
 149.97236545546238062 149.79178214064111785 8.2973440936305404847 
 132.17440648432966555 157.99133435169977702 8.2973440936305404847 
 133.97236545546238062 177.50459506174317426 8.2973440936305404847 
 116.17440648432965133 185.70414727280183342 8.2973440936305404847 
 117.97236545546236641 205.21740798284523066 8.2973440936305404847 
 100.17440648432965133 213.41696019390386141 8.2973440936305404847 
 101.97236545546238062 232.93022090394725865 8.2973440936305404847 
 84.174406484329679756 241.12977311500588939 8.2973440936305404847 
 213.9723654554623522 38.94053045623297038 8.2973440936305404847 
 215.77032442659506728 58.453791166276388935 8.2973440936305404847 
 217.56828339772781078 77.967051876319786174 8.2973440936305404847 
 199.77032442659506728 86.166604087378416921 8.2973440936305404847 
 201.56828339772778236 105.67986479742181416 8.2973440936305404847 
 183.77032442659506728 113.87941700848044491 8.2973440936305404847 
 185.56828339772778236 133.39267771852385636 8.2973440936305404847 
 167.77032442659506728 141.5922299295824871 8.2973440936305404847 
 169.56828339772781078 161.10549063962588434 8.2973440936305404847 
 151.77032442659506728 169.30504285068451509 8.2973440936305404847 
 153.56828339772781078 188.81830356072791233 8.2973440936305404847 
 135.7703244265950957 197.01785577178657149 8.2973440936305404847 
 137.56828339772778236 216.53111648182999716 8.2973440936305404847 
 119.77032442659508149 224.73066869288859948 8.2973440936305404847 
 121.56828339772781078 244.24392940293202514 8.2973440936305404847 
 103.7703244265950957 252.44348161399062747 8.2973440936305404847 
 233.56828339772781078 50.254238955217729767 8.2973440936305404847 
 235.36624236886049744 69.767499665261141217 8.2973440936305404847 
 237.16420133999321251 89.280760375304524246 8.2973440936305404847 
 219.36624236886046901 97.480312586363169203 8.2973440936305404847 
 221.16420133999321251 116.99357329640656644 8.2973440936305404847 
 203.36624236886049744 125.1931255074652114 8.2973440936305404847 
 205.16420133999321251 144.70638621750862285 8.2973440936305404847 
 187.36624236886049744 152.9059384285672536 8.2973440936305404847 
 189.16420133999324094 172.41919913861062241 8.2973440936305404847 
 171.36624236886049744 180.61875134966928158 8.2973440936305404847 
 173.16420133999321251 200.13201205971267882 8.2973440936305404847 
 155.36624236886049744 208.33156427077130957 8.2973440936305404847 
 157.16420133999321251 227.84482498081473523 8.2973440936305404847 
 139.36624236886049744 236.04437719187333755 8.2973440936305404847 
 141.16420133999324094 255.55763790191676321 8.2973440936305404847 
 253.16420133999324094 61.567947454202474944 8.2973440936305404847 
 254.96216031112589917 81.08120816424590771 8.2973440936305404847 
 256.76011928225864267 100.59446887428930495 8.2973440936305404847 
 238.96216031112589917 108.79402108534792148 8.2973440936305404847 
 240.76011928225864267 128.30728179539133293 8.2973440936305404847 
 222.96216031112592759 136.50683400644996368 8.2973440936305404847 
 224.76011928225864267 156.02009471649338934 8.2973440936305404847 
 206.96216031112592759 164.21964692755202009 8.2973440936305404847 
 208.76011928225864267 183.73290763759538891 8.2973440936305404847 
 190.96216031112589917 191.93245984865404807 8.2973440936305404847 
 192.76011928225864267 211.44572055869747373 8.2973440936305404847 
 174.96216031112589917 219.64527276975607606 8.2973440936305404847 
 176.76011928225864267 239.15853347979950172 8.2973440936305404847 
 158.96216031112592759 247.35808569085810404 8.2973440936305404847 
 242.55807825339135775 147.82054250543473017 8.2973440936305404847 
 244.3560372245240444 167.33380321547812741 8.2973440936305404847 
 226.55807825339132933 175.53335542653675816 8.2973440936305404847 
 228.35603722452407283 195.0466161365801554 8.2973440936305404847 
 210.55807825339132933 203.24616834763878614 8.2973440936305404847 
 212.35603722452407283 222.75942905768221181 8.2973440936305404847 
 194.55807825339132933 230.95898126874084255 8.2973440936305404847 
 196.35603722452407283 250.47224197878426821 8.2973440936305404847 
