 252.77065631961255576 15.385973929943558502 8.2973440936305404847 
 236.77065631961255576 26.699682428928316114 8.2973440936305404847 
 220.77065631961252734 15.385973929943572713 8.2973440936305404847 
 204.77065631961255576 26.699682428928316114 8.2973440936305404847 
 188.77065631961255576 15.385973929943572713 8.2973440936305404847 
 172.77065631961255576 26.699682428928316114 8.2973440936305404847 
 156.77065631961252734 15.385973929943572713 8.2973440936305404847 
 140.77065631961255576 26.699682428928316114 8.2973440936305404847 
 124.77065631961255576 15.385973929943572713 8.2973440936305404847 
 108.77065631961254155 26.699682428928316114 8.2973440936305404847 
 92.770656319612541552 15.385973929943572713 8.2973440936305404847 
 76.770656319612527341 26.699682428928316114 8.2973440936305404847 
 60.770656319612555762 15.385973929943572713 8.2973440936305404847 
 44.770656319612548657 26.699682428928316114 8.2973440936305404847 
 28.770656319612569973 15.385973929943572713 8.2973440936305404847 
 12.770656319612561092 26.699682428928316114 8.2973440936305404847 
 252.77065631961255576 38.013390927913071948 8.2973440936305404847 
 236.77065631961255576 49.327099426897845547 8.2973440936305404847 
 220.77065631961252734 38.013390927913093265 8.2973440936305404847 
 204.77065631961255576 49.327099426897845547 8.2973440936305404847 
 188.77065631961255576 38.013390927913093265 8.2973440936305404847 
 172.77065631961255576 49.327099426897845547 8.2973440936305404847 
 156.77065631961252734 38.013390927913093265 8.2973440936305404847 
 140.77065631961255576 49.327099426897845547 8.2973440936305404847 
 124.77065631961255576 38.013390927913093265 8.2973440936305404847 
 108.77065631961254155 49.327099426897845547 8.2973440936305404847 
 92.770656319612541552 38.013390927913093265 8.2973440936305404847 
 76.770656319612527341 49.327099426897845547 8.2973440936305404847 
 60.770656319612555762 38.013390927913093265 8.2973440936305404847 
 44.770656319612548657 49.327099426897845547 8.2973440936305404847 
 28.770656319612569973 38.013390927913093265 8.2973440936305404847 
 12.770656319612561092 49.327099426897845547 8.2973440936305404847 
 252.77065631961255576 60.640807925882590723 8.2973440936305404847 
 236.77065631961255576 71.954516424867350111 8.2973440936305404847 
 220.77065631961252734 60.640807925882604934 8.2973440936305404847 
 204.77065631961255576 71.954516424867350111 8.2973440936305404847 
 188.77065631961255576 60.640807925882604934 8.2973440936305404847 
 172.77065631961255576 71.954516424867364321 8.2973440936305404847 
 156.77065631961252734 60.640807925882604934 8.2973440936305404847 
 140.77065631961255576 71.954516424867364321 8.2973440936305404847 
 124.77065631961255576 60.640807925882604934 8.2973440936305404847 
 108.77065631961254155 71.954516424867364321 8.2973440936305404847 
 92.770656319612541552 60.640807925882604934 8.2973440936305404847 
 76.770656319612527341 71.954516424867364321 8.2973440936305404847 
 60.770656319612555762 60.640807925882604934 8.2973440936305404847 
 44.770656319612548657 71.954516424867378532 8.2973440936305404847 
 28.770656319612569973 60.640807925882604934 8.2973440936305404847 
 12.770656319612561092 71.954516424867378532 8.2973440936305404847 
 252.77065631961255576 83.268224923852130814 8.2973440936305404847 
 236.77065631961255576 94.581933422836897307 8.2973440936305404847 
 220.77065631961252734 83.268224923852130814 8.2973440936305404847 
 204.77065631961255576 94.581933422836897307 8.2973440936305404847 
 188.77065631961255576 83.268224923852130814 8.2973440936305404847 
 172.77065631961255576 94.581933422836897307 8.2973440936305404847 
 156.77065631961252734 83.268224923852130814 8.2973440936305404847 
 140.77065631961255576 94.581933422836897307 8.2973440936305404847 
 124.77065631961255576 83.268224923852130814 8.2973440936305404847 
 108.77065631961254155 94.581933422836897307 8.2973440936305404847 
 92.770656319612541552 83.268224923852130814 8.2973440936305404847 
 76.770656319612527341 94.581933422836897307 8.2973440936305404847 
 60.770656319612555762 83.268224923852130814 8.2973440936305404847 
 44.770656319612548657 94.581933422836897307 8.2973440936305404847 
 28.770656319612569973 83.268224923852130814 8.2973440936305404847 
 12.770656319612561092 94.581933422836897307 8.2973440936305404847 
 252.77065631961255576 105.89564192182163538 8.2973440936305404847 
 236.77065631961255576 117.20935042080641608 8.2973440936305404847 
 220.77065631961252734 105.89564192182163538 8.2973440936305404847 
 204.77065631961255576 117.20935042080641608 8.2973440936305404847 
 188.77065631961255576 105.89564192182163538 8.2973440936305404847 
 172.77065631961255576 117.20935042080641608 8.2973440936305404847 
 156.77065631961255576 105.89564192182163538 8.2973440936305404847 
 140.77065631961255576 117.20935042080641608 8.2973440936305404847 
 124.77065631961255576 105.89564192182163538 8.2973440936305404847 
 108.77065631961254155 117.20935042080641608 8.2973440936305404847 
 92.770656319612541552 105.89564192182163538 8.2973440936305404847 
 76.770656319612527341 117.20935042080641608 8.2973440936305404847 
 60.770656319612555762 105.89564192182163538 8.2973440936305404847 
 44.770656319612548657 117.20935042080641608 8.2973440936305404847 
 28.770656319612569973 105.89564192182163538 8.2973440936305404847 
 12.770656319612561092 117.20935042080641608 8.2973440936305404847 
 252.77065631961255576 128.52305891979113994 8.2973440936305404847 
 236.77065631961255576 139.83676741877593486 8.2973440936305404847 
 220.77065631961252734 128.52305891979113994 8.2973440936305404847 
 204.77065631961255576 139.83676741877593486 8.2973440936305404847 
 188.77065631961255576 128.52305891979113994 8.2973440936305404847 
 172.77065631961255576 139.83676741877593486 8.2973440936305404847 
 156.77065631961255576 128.52305891979113994 8.2973440936305404847 
 140.77065631961255576 139.83676741877593486 8.2973440936305404847 
 124.77065631961255576 128.52305891979113994 8.2973440936305404847 
 108.77065631961254155 139.83676741877593486 8.2973440936305404847 
 92.770656319612541552 128.52305891979113994 8.2973440936305404847 
 76.770656319612527341 139.83676741877593486 8.2973440936305404847 
 60.770656319612555762 128.52305891979113994 8.2973440936305404847 
 44.770656319612548657 139.83676741877593486 8.2973440936305404847 
 28.770656319612569973 128.52305891979113994 8.2973440936305404847 
 12.770656319612561092 139.83676741877593486 8.2973440936305404847 
 252.77065631961255576 151.15047591776070135 8.2973440936305404847 
 236.77065631961255576 162.46418441674546784 8.2973440936305404847 
 220.77065631961252734 151.15047591776070135 8.2973440936305404847 
 204.77065631961255576 162.46418441674546784 8.2973440936305404847 
 188.77065631961255576 151.15047591776070135 8.2973440936305404847 
 172.77065631961255576 162.46418441674546784 8.2973440936305404847 
 156.77065631961255576 151.15047591776070135 8.2973440936305404847 
 140.77065631961255576 162.46418441674546784 8.2973440936305404847 
 124.77065631961255576 151.15047591776070135 8.2973440936305404847 
 108.77065631961254155 162.46418441674546784 8.2973440936305404847 
 92.770656319612541552 151.15047591776070135 8.2973440936305404847 
 76.770656319612527341 162.46418441674546784 8.2973440936305404847 
 60.770656319612555762 151.15047591776070135 8.2973440936305404847 
 44.770656319612548657 162.46418441674546784 8.2973440936305404847 
 28.770656319612569973 151.15047591776070135 8.2973440936305404847 
 12.770656319612561092 162.46418441674546784 8.2973440936305404847 
 252.77065631961255576 173.77789291573023434 8.2973440936305404847 
 236.77065631961255576 185.09160141471500083 8.2973440936305404847 
 220.77065631961252734 173.77789291573023434 8.2973440936305404847 
 204.77065631961255576 185.09160141471500083 8.2973440936305404847 
 188.77065631961255576 173.77789291573023434 8.2973440936305404847 
 172.77065631961255576 185.09160141471500083 8.2973440936305404847 
 156.77065631961255576 173.77789291573023434 8.2973440936305404847 
 140.77065631961255576 185.09160141471500083 8.2973440936305404847 
 124.77065631961255576 173.77789291573023434 8.2973440936305404847 
 108.77065631961254155 185.09160141471500083 8.2973440936305404847 
 92.770656319612541552 173.77789291573023434 8.2973440936305404847 
 76.770656319612527341 185.09160141471500083 8.2973440936305404847 
 60.770656319612555762 173.77789291573023434 8.2973440936305404847 
 44.770656319612548657 185.09160141471500083 8.2973440936305404847 
 28.770656319612569973 173.77789291573023434 8.2973440936305404847 
 12.770656319612561092 185.09160141471500083 8.2973440936305404847 
 252.77065631961255576 196.40530991369971048 8.2973440936305404847 
 236.77065631961255576 207.71901841268450539 8.2973440936305404847 
 220.77065631961252734 196.4053099136997389 8.2973440936305404847 
 204.77065631961255576 207.71901841268450539 8.2973440936305404847 
 188.77065631961255576 196.4053099136997389 8.2973440936305404847 
 172.77065631961255576 207.71901841268450539 8.2973440936305404847 
 156.77065631961255576 196.4053099136997389 8.2973440936305404847 
 140.77065631961255576 207.71901841268450539 8.2973440936305404847 
 124.77065631961255576 196.4053099136997389 8.2973440936305404847 
 108.77065631961254155 207.71901841268450539 8.2973440936305404847 
 92.770656319612541552 196.4053099136997389 8.2973440936305404847 
 76.770656319612527341 207.71901841268450539 8.2973440936305404847 
 60.770656319612555762 196.4053099136997389 8.2973440936305404847 
 44.770656319612548657 207.71901841268450539 8.2973440936305404847 
 28.770656319612569973 196.4053099136997389 8.2973440936305404847 
 12.770656319612561092 207.71901841268450539 8.2973440936305404847 
 252.77065631961255576 219.03272691166924346 8.2973440936305404847 
 236.77065631961255576 230.34643541065403838 8.2973440936305404847 
 220.77065631961252734 219.03272691166924346 8.2973440936305404847 
 204.77065631961255576 230.34643541065403838 8.2973440936305404847 
 188.77065631961255576 219.03272691166924346 8.2973440936305404847 
 172.77065631961255576 230.34643541065403838 8.2973440936305404847 
 156.77065631961255576 219.03272691166924346 8.2973440936305404847 
 140.77065631961255576 230.34643541065403838 8.2973440936305404847 
 124.77065631961255576 219.03272691166924346 8.2973440936305404847 
 108.77065631961254155 230.34643541065403838 8.2973440936305404847 
 92.770656319612541552 219.03272691166924346 8.2973440936305404847 
 76.770656319612527341 230.34643541065403838 8.2973440936305404847 
 60.770656319612555762 219.03272691166924346 8.2973440936305404847 
 44.770656319612548657 230.34643541065403838 8.2973440936305404847 
 28.770656319612569973 219.03272691166924346 8.2973440936305404847 
 12.770656319612561092 230.34643541065403838 8.2973440936305404847 
 252.77065631961255576 241.66014390963874803 8.2973440936305404847 
 236.77065631961255576 252.97385240862354294 8.2973440936305404847 
 220.77065631961252734 241.66014390963877645 8.2973440936305404847 
 204.77065631961258418 252.97385240862354294 8.2973440936305404847 
 188.77065631961255576 241.66014390963877645 8.2973440936305404847 
 172.77065631961255576 252.97385240862354294 8.2973440936305404847 
 156.77065631961255576 241.66014390963877645 8.2973440936305404847 
 140.77065631961255576 252.97385240862354294 8.2973440936305404847 
 124.77065631961255576 241.66014390963877645 8.2973440936305404847 
 108.77065631961254155 252.97385240862354294 8.2973440936305404847 
 92.770656319612541552 241.66014390963877645 8.2973440936305404847 
 76.770656319612527341 252.97385240862354294 8.2973440936305404847 
 60.770656319612555762 241.66014390963877645 8.2973440936305404847 
 44.770656319612562868 252.97385240862354294 8.2973440936305404847 
 28.770656319612569973 241.66014390963877645 8.2973440936305404847 
 12.770656319612577079 252.97385240862354294 8.2973440936305404847 
