 86.616829780711455555 55.500286389710112189 8.4660716048886861529 
 67.673210396954090129 71.247290393532097141 8.4660716048886861529 
 89.942838396549532831 98.037350751187545939 8.4660716048886861529 
 69.336420769049411206 92.515877789000427356 8.4660716048886861529 
 66.010412153211362352 49.978813427523007817 8.4660716048886861529 
 88.279628024454211754 76.768763355719201513 8.4660716048886861529 
 71.000411962035641977 113.78155112123219794 8.4660716048886861529 
 52.056792578278290762 129.52855512505416868 8.4660716048886861529 
 74.326420577873719253 156.3186154827096459 8.4660716048886861529 
 53.720002950373590522 150.79714252052252732 8.4660716048886861529 
 50.393994334535548774 108.26007815904507936 8.4660716048886861529 
 72.663210205778412387 135.05002808724128727 8.4660716048886861529 
 55.38399414335984261 172.06281585275422685 8.4660716048886861529 
 36.440374759602470078 187.80981985657624023 8.4660716048886861529 
 58.710002759197912781 214.59988021423168902 8.4660716048886861529 
 38.103585131697776944 209.07840725204457044 8.4660716048886861529 
 34.777576515859735196 166.54134289056713669 8.4660716048886861529 
 57.046792387102598809 193.33129281876335881 8.4660716048886861529 
 83.289628215629903707 12.966025662010032704 8.4660716048886861529 
 105.5592562152253322 39.756086019665488607 8.4660716048886861529 
 84.952838587725210573 34.234613057478384235 8.4660716048886861529 
 103.89604584313002533 18.487498624197137076 8.4660716048886861529 
 127.82966503571172723 66.543232314084335144 8.4660716048886861529 
 108.88604565195434759 82.290236317906305885 8.4660716048886861529 
 131.15567365154976187 109.08029667556175468 8.4660716048886861529 
 110.54925602404965446 103.55882371337466452 8.4660716048886861529 
 107.2232474082116056 61.021759351897216561 8.4660716048886861529 
 129.49246327945448343 87.811709280093424468 8.4660716048886861529 
 112.21324721703591365 124.82449704560640669 8.4660716048886861529 
 93.269627833278548223 140.57150104942837743 8.4660716048886861529 
 115.53925583287394829 167.36156140708385465 8.4660716048886861529 
 94.932838205373855089 161.84008844489673606 8.4660716048886861529 
 91.606829589535763603 119.30302408341930231 8.4660716048886861529 
 113.87604546077866985 146.09297401161549601 8.4660716048886861529 
 96.596829398360100072 183.10576177712846402 8.4660716048886861529 
 77.653210014602734645 198.85276578095047739 8.4660716048886861529 
 99.922838014198148926 225.64282613860586935 8.4660716048886861529 
 79.316420386698041511 220.12135317641877919 8.4660716048886861529 
 75.990411770859964236 177.58428881494134544 8.4660716048886861529 
 98.259627642102856271 204.37423874313759597 8.4660716048886861529 
 143.4460828543875266 8.2619675825622600485 8.4660716048886861529 
 124.50246347063016117 24.008971586384241448 8.4660716048886861529 
 146.77209147022557545 50.79903194403969735 8.4660716048886861529 
 126.16567384272546803 45.277558981852592979 8.4660716048886861529 
 122.83966522688740497 2.7404946203751547884 8.4660716048886861529 
  145.108881098130297 29.530444548571363583 8.4660716048886861529 
 169.04250029071195627 77.586178238458543888 8.4660716048886861529 
 150.09888090695460505 93.33318224228052884 8.4660716048886861529 
 172.36850890655003354 120.12324259993597764 8.4660716048886861529 
 151.76209127904991192 114.60176963774887327 8.4660716048886861529 
 148.43608266321180622 72.064705276271425305 8.4660716048886861529 
 170.7052985344547551 98.854655204467633212 8.4660716048886861529 
 153.42608247203614269 135.86744296998062964 8.4660716048886861529 
 134.48246308827876305 151.61444697380261459 8.4660716048886861529 
 156.75209108787421997 178.40450733145806339 8.4660716048886861529 
 136.14567346037406992 172.88303436927097323 8.4660716048886861529 
 132.81966484453602106 130.34597000779351106 8.4660716048886861529 
 155.0888807157789131 157.13591993598970475 8.4660716048886861529 
 137.80966465336035753 194.14870770150267276 8.4660716048886861529 
 118.86604526960296369 209.89571170532468614 8.4660716048886861529 
 141.13567326919840639 236.68577206298013493 8.4660716048886861529 
 120.52925564169827055 231.16429910079298793 8.4660716048886861529 
 117.20324702586020749 188.62723473931555418 8.4660716048886861529 
 139.47246289710309952 215.4171846675117763 8.4660716048886861529 
 184.65891810938776985 19.304913506936468792 8.4660716048886861529 
 165.71529872563041863 35.051917510758471508 8.4660716048886861529 
 187.98492672522584712 61.841977868413927411 8.4660716048886861529 
 167.37850909772569707 56.320504906226815933 8.4660716048886861529 
 164.0525004818876198 13.78344054474936442 8.4660716048886861529 
 186.32171635313051183 40.57339047294557588 8.4660716048886861529 
 210.25533554571219952 88.629124162832781053 8.4660716048886861529 
 191.3117161619548483 104.37612816665476601 8.4660716048886861529 
 213.58134416155027679 131.16618852431020059 8.4660716048886861529 
 192.97492653405015517 125.64471556212309622 8.4660716048886861529 
 189.64891791821210631 83.10765120064566247 8.4660716048886861529 
 211.91813378945499835 109.89760112884187038 8.4660716048886861529 
 194.63891772703641436 146.91038889435486681 8.4660716048886861529 
 175.69529834327903473 162.65739289817682334 8.4660716048886861529 
 197.96492634287446322 189.44745325583227213 8.4660716048886861529 
 177.35850871537434159 183.92598029364518197 8.4660716048886861529 
 174.03250009953629274 141.38891593216774822 8.4660716048886861529 
 196.30171597077918477 168.17886586036394192 8.4660716048886861529 
 179.02249990836060078 205.19165362587690993 8.4660716048886861529 
 160.07888052460324957 220.93865762969889488 8.4660716048886861529 
 182.34850852419862122 247.72871798735434368 8.4660716048886861529 
 161.74209089669855643 242.20724502516725352 8.4660716048886861529 
 158.41608228086045074 199.67018066368979134 8.4660716048886861529 
 180.68529815210334277 226.46013059188601346 8.4660716048886861529 
 225.87175336438804152  30.3478594313106953 8.4660716048886861529 
 206.92813398063066188 46.094863435132694462 8.4660716048886861529 
 229.19776198022606195 72.884923792788129049 8.4660716048886861529 
 208.59134435272599717 67.363450830601038888 8.4660716048886861529 
 205.26533573688789147 24.826386469123590928 8.4660716048886861529 
 227.53455160813078351 51.616336397319798834 8.4660716048886861529 
 251.46817080071241435 99.672070087206975586 8.4660716048886861529 
 232.52455141695509155 115.41907409102897475 8.4660716048886861529 
 254.79417941655052005 142.20913444868440934 8.4660716048886861529 
 234.18776178905039842 136.68766148649729075 8.4660716048886861529 
 230.86175317321234957 94.150597125019885425 8.4660716048886861529 
 253.13096904445518476 120.94054705321607912 8.4660716048886861529 
 235.85175298203665761 157.95333481872907555 8.4660716048886861529 
 216.90813359827927798 173.70033882255103208 8.4660716048886861529 
 239.17776159787470647 200.4903991802065093 8.4660716048886861529 
 218.57134397037461326 194.96892621801939072 8.4660716048886861529 
 215.24533535453650757 152.43186185654195697 8.4660716048886861529 
 237.5145512257793996 179.22181178473815066 8.4660716048886861529 
 220.23533516336081561 216.23459955025109025 8.4660716048886861529 
 201.2917157796034644 231.98160355407313205 8.4660716048886861529 
 202.95492615169877126 253.25019094954146226 8.4660716048886861529 
 199.62891753586072241 210.71312658806400009 8.4660716048886861529 
 221.89813340710358602 237.50307651626022221 8.4660716048886861529 
 248.14096923563090513 57.137809359506903206 8.4660716048886861529 
  249.804179607726212 78.406396754975261842 8.4660716048886861529 
 246.47817099188813472 35.869332393497799671 8.4660716048886861529 
 45.403994525711212304 44.457340465335889235 8.4660716048886861529 
 26.460375141953843325 60.204344469157874187 8.4660716048886861529 
 48.730003141549225631 86.994404826813308773 8.4660716048886861529 
 28.123585514049146639 81.472931864626204401 8.4660716048886861529 
 24.797576898211072916 38.935867503148784863 8.4660716048886861529 
 47.066792769453968504 65.725817431344992769 8.4660716048886861529 
 29.787576707035409385 102.73860519685797499 8.4660716048886861529 
 10.843957323278040406 118.48560920067995994 8.4660716048886861529 
 33.113585322873426264 145.27566955833540874 8.4660716048886861529 
 12.507167695373345495 139.75419659614829015 8.4660716048886861529 
 9.181159079535271772 97.217132234670870616 8.4660716048886861529 
 31.450374950778165584 124.00708216286706431 8.4660716048886861529 
 14.17115888835959403 161.01986992838001811 8.4660716048886861529 
 17.497167504197609134 203.55693428985745186 8.4660716048886861529 
 15.833957132102348453 182.28834689438915007 8.4660716048886861529 
 42.076792960629660456 1.923079737635807307 8.4660716048886861529 
 64.346420960225046315 28.713140095291262099 8.4660716048886861529 
 43.740003332724967322 23.191667133104157728 8.4660716048886861529 
 62.683210588129782082 7.444552699822927444 8.4660716048886861529 
