 36.923260357682885058 28.345425770051523529 8.0914456986209888356 
 55.208974643397176862 46.63114005576581178 8.0914456986209888356 
 36.923260357682885058 64.916854341480103585 8.0914456986209888356 
 55.208974643397176862 83.202568627194381179 8.0914456986209888356 
 36.923260357682885058 101.48828291290867298 8.0914456986209888356 
 55.208974643397176862 119.77399719862296479 8.0914456986209888356 
 36.923260357682885058 138.05971148433724238 8.0914456986209888356 
 55.208974643397176862 156.34542577005151998 8.0914456986209888356 
 36.923260357682885058 174.63114005576582599 8.0914456986209888356 
 55.208974643397176862 192.91685434148010359 8.0914456986209888356 
 36.923260357682885058 211.20256862719438118 8.0914456986209888356 
 55.208974643397176862 229.48828291290868719 8.0914456986209888356 
 36.923260357682885058 247.77399719862293637 8.0914456986209888356 
 55.208974643397176862 10.059711484337261922 8.0914456986209888356 
 73.494688929111447351 28.345425770051523529 8.0914456986209888356 
 91.780403214825739155 46.63114005576581178 8.0914456986209888356 
 73.494688929111447351 64.916854341480103585 8.0914456986209888356 
 91.780403214825739155 83.202568627194381179 8.0914456986209888356 
 73.494688929111447351 101.48828291290867298 8.0914456986209888356 
 91.780403214825739155 119.77399719862296479 8.0914456986209888356 
 73.494688929111447351 138.05971148433724238 8.0914456986209888356 
 91.780403214825739155 156.34542577005151998 8.0914456986209888356 
 73.494688929111447351 174.63114005576582599 8.0914456986209888356 
 91.780403214825739155 192.91685434148010359 8.0914456986209888356 
 73.494688929111447351 211.20256862719438118 8.0914456986209888356 
 91.780403214825739155 229.48828291290868719 8.0914456986209888356 
 73.494688929111447351 247.77399719862293637 8.0914456986209888356 
 91.780403214825739155 10.059711484337261922 8.0914456986209888356 
 110.06611750054003096 28.345425770051523529 8.0914456986209888356 
 128.35183178625430855 46.63114005576581178 8.0914456986209888356 
 110.06611750054003096 64.916854341480103585 8.0914456986209888356 
 128.35183178625430855 83.202568627194381179 8.0914456986209888356 
 110.06611750054003096 101.48828291290867298 8.0914456986209888356 
 128.35183178625430855 119.77399719862296479 8.0914456986209888356 
 110.06611750054003096 138.05971148433724238 8.0914456986209888356 
 128.35183178625430855 156.34542577005151998 8.0914456986209888356 
 110.06611750054003096 174.63114005576582599 8.0914456986209888356 
 128.35183178625430855 192.91685434148010359 8.0914456986209888356 
 110.06611750054003096 211.20256862719438118 8.0914456986209888356 
 128.35183178625430855 229.48828291290868719 8.0914456986209888356 
 110.06611750054003096 247.77399719862293637 8.0914456986209888356 
 128.35183178625430855 10.059711484337261922 8.0914456986209888356 
 146.63754607196861457 28.345425770051523529 8.0914456986209888356 
 164.92326035768286374 46.63114005576581178 8.0914456986209888356 
 146.63754607196861457 64.916854341480103585 8.0914456986209888356 
 164.92326035768286374 83.202568627194381179 8.0914456986209888356 
 146.63754607196861457 101.48828291290867298 8.0914456986209888356 
 164.92326035768286374 119.77399719862296479 8.0914456986209888356 
 146.63754607196861457 138.05971148433724238 8.0914456986209888356 
 164.92326035768286374 156.34542577005151998 8.0914456986209888356 
 146.63754607196861457 174.63114005576582599 8.0914456986209888356 
 164.92326035768286374 192.91685434148010359 8.0914456986209888356 
 146.63754607196861457 211.20256862719438118 8.0914456986209888356 
 164.92326035768286374 229.48828291290868719 8.0914456986209888356 
 146.63754607196861457 247.77399719862293637 8.0914456986209888356 
 164.92326035768286374 10.059711484337261922 8.0914456986209888356 
 183.20897464339719818 28.345425770051523529 8.0914456986209888356 
 201.49468892911144735 46.63114005576581178 8.0914456986209888356 
 183.20897464339719818 64.916854341480103585 8.0914456986209888356 
 201.49468892911144735 83.202568627194381179 8.0914456986209888356 
 183.20897464339719818 101.48828291290867298 8.0914456986209888356 
 201.49468892911144735 119.77399719862296479 8.0914456986209888356 
 183.20897464339719818 138.05971148433724238 8.0914456986209888356 
 201.49468892911144735 156.34542577005151998 8.0914456986209888356 
 183.20897464339719818 174.63114005576582599 8.0914456986209888356 
 201.49468892911144735 192.91685434148010359 8.0914456986209888356 
 183.20897464339719818 211.20256862719438118 8.0914456986209888356 
 201.49468892911144735 229.48828291290868719 8.0914456986209888356 
 183.20897464339719818 247.77399719862293637 8.0914456986209888356 
 201.49468892911144735 10.059711484337261922 8.0914456986209888356 
 219.78040321482578179 28.345425770051523529 8.0914456986209888356 
 238.06611750054003096 46.63114005576581178 8.0914456986209888356 
 219.78040321482578179 64.916854341480103585 8.0914456986209888356 
 238.06611750054003096 83.202568627194381179 8.0914456986209888356 
 219.78040321482578179 101.48828291290867298 8.0914456986209888356 
 238.06611750054003096 119.77399719862296479 8.0914456986209888356 
 219.78040321482578179 138.05971148433724238 8.0914456986209888356 
 238.06611750054003096 156.34542577005151998 8.0914456986209888356 
 219.78040321482578179 174.63114005576582599 8.0914456986209888356 
 238.06611750054003096 192.91685434148010359 8.0914456986209888356 
 219.78040321482578179 211.20256862719438118 8.0914456986209888356 
 238.06611750054003096 229.48828291290868719 8.0914456986209888356 
 219.78040321482578179 247.77399719862293637 8.0914456986209888356 
 238.06611750054003096 10.059711484337261922 8.0914456986209888356 
 256.35183178625425171 28.345425770051523529 8.0914456986209888356 
 18.637546071968607464 46.63114005576581178 8.0914456986209888356 
 256.35183178625425171 64.916854341480103585 8.0914456986209888356 
 18.637546071968607464 83.202568627194381179 8.0914456986209888356 
 256.35183178625425171 101.48828291290867298 8.0914456986209888356 
 18.637546071968607464 119.77399719862296479 8.0914456986209888356 
 256.35183178625425171 138.05971148433724238 8.0914456986209888356 
 18.637546071968607464 156.34542577005151998 8.0914456986209888356 
 256.35183178625425171 174.63114005576582599 8.0914456986209888356 
 18.637546071968607464 192.91685434148010359 8.0914456986209888356 
 256.35183178625425171 211.20256862719438118 8.0914456986209888356 
 18.637546071968607464 229.48828291290868719 8.0914456986209888356 
 256.35183178625425171 247.77399719862293637 8.0914456986209888356 
 18.637546071968607464 10.059711484337261922 8.0914456986209888356 
