 69.444819362351225323 3.0111342582512290456 8.0914456986209888356 
 76.137855317266684096 27.989884498880968522 8.0914456986209888356 
 51.159105076636947729 34.68292045379642019 8.0914456986209888356 
 57.852141031552399397 59.661670694426163664 8.0914456986209888356 
 32.873390790922670135 66.354706649341608227 8.0914456986209888356 
 39.566426745838121803 91.333456889971330384 8.0914456986209888356 
 14.587676505208383659 98.026492844886803368 8.0914456986209888356 
 21.280712460123833552 123.00524308551652553 8.0914456986209888356 
 2.9949981744095586222 154.67702928106172067 8.0914456986209888356 
 126.09535579852615683 14.603812589050068738 8.0914456986209888356 
 101.11660555789642046 21.296848543965520406 8.0914456986209888356 
 107.80964151281187924 46.275598784595246116 8.0914456986209888356 
 82.83089127218212866 52.968634739510711995 8.0914456986209888356 
 89.523927227097587433 77.947384980140441257 8.0914456986209888356 
 64.545176986467851066 84.64042093505588582 8.0914456986209888356 
 71.238212941383295629 109.61917117568562219 8.0914456986209888356 
 46.259462700753559261 116.31220713060108096 8.0914456986209888356 
 52.95249865566902514 141.29095737123083154 8.0914456986209888356 
 27.97374841503928522 147.9839933261462761 8.0914456986209888356 
 34.666784369954733336 172.96274356677599826 8.0914456986209888356 
 9.6880341293249951917 179.65577952169144282 8.0914456986209888356 
 16.381070084240459295 204.6345297623211934 8.0914456986209888356 
 151.07410603915590741 7.9107766341346170691 8.0914456986209888356 
 157.76714199407132355 32.88952687476435699 8.0914456986209888356 
 132.7883917534416014 39.582562829679808658 8.0914456986209888356 
 139.48142770835707438 64.56131307030953792 8.0914456986209888356 
 114.50267746772733801 71.254349025224982483 8.0914456986209888356 
 121.19571342264278258 96.233099265854718851 8.0914456986209888356 
 96.216963182013060418 102.92613522077017763 8.0914456986209888356 
 102.90999913692849077 127.90488546139991399 8.0914456986209888356 
 77.931248896298768614 134.59792141631535856 8.0914456986209888356 
 84.624284851214213177 159.57667165694510913 8.0914456986209888356 
 59.645534610584476809 166.2697076118605537 8.0914456986209888356 
 66.338570565499921372 191.24845785249030428 8.0914456986209888356 
 41.359820324870199215 197.94149380740574884 8.0914456986209888356 
 48.052856279785650884  222.920244048035471 8.0914456986209888356 
 182.74589223470107413 26.196490919848894663 8.0914456986209888356 
 189.43892818961651869 51.175241160478634583 8.0914456986209888356 
 164.46017794898679654 57.868277115394086252 8.0914456986209888356 
 171.15321390390226952 82.847027356023829725 8.0914456986209888356 
 146.17446366327251894 89.540063310939260077 8.0914456986209888356 
 152.86749961818796351 114.51881355156901066 8.0914456986209888356 
 127.88874937755822714 121.21184950648445522 8.0914456986209888356 
 134.58178533247368591 146.19059974711422001 8.0914456986209888356 
 109.60303509184394954 152.88363570202963615 8.0914456986209888356 
 116.29607104675939411 177.86238594265938673 8.0914456986209888356 
 91.317320806129671951 184.55542189757483129 8.0914456986209888356 
 98.010356761045102303 209.53417213820458187 8.0914456986209888356 
 73.031606520415380146 216.22720809311999801 8.0914456986209888356 
 79.72464247533083892 241.20595833374974859 8.0914456986209888356 
 214.41767843024626927 44.482205205563182915 8.0914456986209888356 
 221.11071438516171384 69.460955446192926388 8.0914456986209888356 
 196.13196414453199168 76.153991401108370951 8.0914456986209888356 
 202.82500009944746466 101.13274164173809311 8.0914456986209888356 
 177.84624985881768566 107.82577759665355188 8.0914456986209888356 
 184.53928581373315865 132.80452783728330246 8.0914456986209888356 
 159.56053557310340807 139.49756379219874702 8.0914456986209888356 
 166.25357152801888105 164.47631403282846918 8.0914456986209888356 
 141.2748212873891589 171.16934998774394217 8.0914456986209888356 
 147.96785724230457504 196.14810022837366432 8.0914456986209888356 
 122.98910700167485288 202.84113618328913731 8.0914456986209888356 
 129.68214295659029744 227.81988642391885946 8.0914456986209888356 
 104.70339271596057529 234.51292237883430403 8.0914456986209888356 
 246.08946462579146441 62.767919491277460509 8.0914456986209888356 
 252.78250058070690898 87.746669731907218193 8.0914456986209888356 
 227.80375034007718682 94.439705686822648545 8.0914456986209888356 
 234.49678629499263138 119.41845592745238491 8.0914456986209888356 
 209.5180360543628808 126.11149188236784369 8.0914456986209888356 
 216.21107200927832537 151.09024212299760848 8.0914456986209888356 
 191.23232176864860321 157.78327807791302462 8.0914456986209888356 
 197.9253577235640762 182.76202831854274677 8.0914456986209888356 
 172.94660748293432562 189.45506427345821976 8.0914456986209888356 
 179.63964343784977018 214.43381451408794192 8.0914456986209888356 
 154.66089319722004802 221.1268504690034149 8.0914456986209888356 
 161.35392915213549259 246.10560070963313706 8.0914456986209888356 
 136.37517891150577043 252.79863666454858162 8.0914456986209888356 
 241.18982224990804752 144.39720616808213549 8.0914456986209888356 
 247.88285820482352051 169.37595640871185765 8.0914456986209888356 
 222.90410796419379835 176.06899236362730221 8.0914456986209888356 
 229.59714391910924292 201.04774260425705279 8.0914456986209888356 
 204.61839367847949234 207.74077855917252577 8.0914456986209888356 
 211.3114296333949369 232.71952879980224793 8.0914456986209888356 
 186.33267939276521474 239.41256475471769249 8.0914456986209888356 
