 165.65816310034634284 3.3059571205366213853 8.0914456986209888356 
 133.9863769048011477 21.591671406250910081 8.0914456986209888356 
 109.00762666417141133 14.898635451335460189 8.0914456986209888356 
 102.31459070925596677 39.877385691965201886 8.0914456986209888356 
 77.335840468626230404 33.184349737049750217 8.0914456986209888356 
 70.642804513710800052 58.163099977679493691 8.0914456986209888356 
 45.664054273081042368 51.470064022764042022 8.0914456986209888356 
 38.97101831816560491 76.448814263393785495 8.0914456986209888356 
 13.992268077535854331 69.755778308478340932 8.0914456986209888356 
 7.2992321226204168738 94.734528549108063089 8.0914456986209888356 
  190.636913340976065 9.9989930754520575107 8.0914456986209888356 
 183.94387738606059202 34.977743316081813418 8.0914456986209888356 
 158.96512714543086986 28.28470736116636175 8.0914456986209888356 
 152.27209119051545372 53.263457601796091012 8.0914456986209888356 
 127.29334094988571735 46.570421646880653554 8.0914456986209888356 
 120.60030499497025858 71.549171887510397028 8.0914456986209888356 
 95.621554754340522209 64.856135932594924043 8.0914456986209888356 
 88.928518799425077646 89.834886173224660411 8.0914456986209888356 
 63.949768558795334172 83.141850218309230058 8.0914456986209888356 
 57.256732603879882504 108.12060045893896643 8.0914456986209888356 
 32.277982363250146136 101.42756450402352186 8.0914456986209888356 
 25.584946408334690915 126.40631474465325823 8.0914456986209888356 
 208.92262762669037102 41.670779270997250876 8.0914456986209888356 
 202.22959167177492645 66.649529511626994349 8.0914456986209888356 
 177.25084143114517587 59.956493556711535575 8.0914456986209888356 
 170.55780547622973131 84.935243797341271943 8.0914456986209888356 
 145.57905523560000915 78.24220784242582738 8.0914456986209888356 
 138.88601928068453617 103.22095808305556375 8.0914456986209888356 
 113.90726904005481401 96.527922128140119185 8.0914456986209888356 
 107.21423308513936945 121.50667236876985555 8.0914456986209888356 
 82.235482844509618872 114.81363641385441099 8.0914456986209888356 
 75.542446889594188519 139.79238665448417578 8.0914456986209888356 
 50.563696648964430835 133.09935069956870279 8.0914456986209888356 
 43.870660694048979167 158.07810094019845337 8.0914456986209888356 
 18.891910453419271221 151.38506498528298039 8.0914456986209888356 
 12.198874498503819552 176.36381522591270254 8.0914456986209888356 
 227.20834191240464861 73.342565466542424701 8.0914456986209888356 
 220.51530595748917563 98.321315707172161069 8.0914456986209888356 
 195.53655571685945347 91.628279752256730717 8.0914456986209888356 
 188.84351976194400891 116.60702999288645287 8.0914456986209888356 
 163.86476952131425833 109.91399403797100831 8.0914456986209888356 
 157.17173356639884219 134.89274427860075889 8.0914456986209888356 
 132.19298332576909161 128.1997083236852859 8.0914456986209888356 
 125.49994737085366125 153.17845856431503648 8.0914456986209888356 
 100.52119713022391068 146.48542260939959192 8.0914456986209888356 
 93.828161175308466113 171.46417285002931408 8.0914456986209888356 
 68.849410934678729745 164.77113689511389794 8.0914456986209888356 
 62.156374979763270971 189.74988713574362009 8.0914456986209888356 
 37.177624739133563025 183.05685118082817553 8.0914456986209888356 
 30.484588784218107804 208.03560142145789769 8.0914456986209888356 
 245.4940561981189262 105.01435166208760563 8.0914456986209888356 
 238.80102024320351006 129.99310190271737042 8.0914456986209888356 
 213.82227000257375948 123.30006594780191165 8.0914456986209888356 
 207.12923404765831492 148.27881618843164802 8.0914456986209888356 
 182.15048380702859276 141.58578023351617503 8.0914456986209888356 
 175.45744785211311978 166.56453047414592561 8.0914456986209888356 
 150.47869761148339762 159.87149451923048105 8.0914456986209888356 
 143.78566165656795306 184.85024475986023162 8.0914456986209888356 
 118.80691141593820248 178.15720880494478706 8.0914456986209888356 
 112.11387546102277213 203.13595904557450922 8.0914456986209888356 
 87.135125220393007339 196.44292309065906466 8.0914456986209888356 
 80.442089265477576987 221.42167333128881523 8.0914456986209888356 
 55.463339024847847725 214.72863737637334225 8.0914456986209888356 
 48.770303069932410267 239.70738761700309283 8.0914456986209888356 
 232.10798428828803708  154.971852143347121 8.0914456986209888356 
 225.41494833337259251 179.95060238397684316 8.0914456986209888356 
 200.43619809274287036 173.25756642906139859 8.0914456986209888356 
 193.74316213782739737 198.23631666969112075 8.0914456986209888356 
 168.76441189719767522 191.54328071477567619 8.0914456986209888356 
 162.07137594228225908 216.52203095540542677 8.0914456986209888356 
 137.09262570165248007 209.8289950004899822 8.0914456986209888356 
 130.39958974673706393 234.80774524111970436 8.0914456986209888356 
 105.42083950610729914 228.1147092862042598 8.0914456986209888356 
 98.727803551191868792 253.09345952683401038 8.0914456986209888356 
 73.749053310562132424 246.40042357191856581 8.0914456986209888356 
 250.39369857400231467 186.64363833889228772 8.0914456986209888356 
 218.72191237845717637 204.92935262460653689 8.0914456986209888356 
 84.028876423541689178 8.2055994964200387187 8.0914456986209888356 
 187.05012618291198123 223.21506691032084291 8.0914456986209888356 
 52.357090227996508247 26.491313782134326971 8.0914456986209888356 
 155.37833998736678609 241.5007811960351205 8.0914456986209888356 
 20.685304032451316658 44.777028067848618775 8.0914456986209888356 
