 217.30858625298449738 5.8375446347557078397 8.0914456986209888356 
 204.37863368271621312 28.23287942591620947 8.0914456986209888356 
 181.98329889155570527 15.302926855647902116 8.0914456986209888356 
 169.05334632128739258 37.698261646808404635 8.0914456986209888356 
 146.65801153012691316 24.768309076540081293 8.0914456986209888356 
 133.72805895985860047 47.163643867700585588 8.0914456986209888356 
 111.33272416869813526 34.23369129743228001 8.0914456986209888356 
 98.402771598429836786 56.629026088592766541 8.0914456986209888356 
 76.007436807269357359 43.699073518324460963 8.0914456986209888356 
 63.077484237001044676 66.094408309484961705 8.0914456986209888356 
 40.682149445840558144 53.164455739216656127 8.0914456986209888356 
 27.752196875572263224 75.559790530377142659 8.0914456986209888356 
 5.3568620844118015611 62.62983796010882287 8.0914456986209888356 
 226.77396847387666412 41.162831996184500838 8.0914456986209888356 
 213.84401590360840828 63.558166787344994475 8.0914456986209888356 
 191.44868111244790043 50.628214217076696002 8.0914456986209888356 
 178.51872854217958775 73.023549008237182534 8.0914456986209888356 
 156.12339375101910832 60.093596437968876955 8.0914456986209888356 
 143.19344118075079564 82.488931229129363487 8.0914456986209888356 
 120.79810638959031621 69.558978658861079225 8.0914456986209888356 
 107.86815381932203195 91.95431345002154444 8.0914456986209888356 
 85.472819028161552524 79.024360879753260178 8.0914456986209888356 
 72.54286645789323984 101.4196956709137396 8.0914456986209888356 
 50.147531666732753308 88.489743100645441132 8.0914456986209888356 
 37.217579096464440624 110.88507789180592056 8.0914456986209888356 
 14.822244305303982514 97.955125321537636296 8.0914456986209888356 
 1.8922917350356884825 120.35046011269810151 8.0914456986209888356 
 236.23935069476885928 76.488119357613300053 8.0914456986209888356 
 223.30939812450060344 98.88345414877377948 8.0914456986209888356 
 200.91406333334006717 85.953501578505481007 8.0914456986209888356 
 187.98411076307178291 108.34883636966597464 8.0914456986209888356 
 165.58877597191127506 95.418883799397676171 8.0914456986209888356 
 152.65882340164296238 117.81421859055816981 8.0914456986209888356 
 130.26348861048248295 104.88426602028985712 8.0914456986209888356 
 117.3335360402142129 127.27960081145035076 8.0914456986209888356 
 94.938201249053733477 114.34964824118205229 8.0914456986209888356 
 82.008248678785435004 136.74498303234253171 8.0914456986209888356 
 59.612913887624934262 123.81503046207423324 8.0914456986209888356 
 46.682961317356635789 146.21036525323472688 8.0914456986209888356 
 24.287626526196177679 133.2804126829664142 8.0914456986209888356 
 11.357673955927882758 155.67574747412692204 8.0914456986209888356 
 245.70473291566102603 111.81340671904204953 8.0914456986209888356 
 232.77478034539277019 134.20874151020257159 8.0914456986209888356 
 210.37944555423226234 121.27878893993424469 8.0914456986209888356 
 197.44949298396397808 143.67412373109476675 8.0914456986209888356 
 175.05415819280347023 130.74417116082645407 8.0914456986209888356 
 162.12420562253515754 153.1395059519869335 8.0914456986209888356 
 139.72887083137467812 140.20955338171862081 8.0914456986209888356 
 126.79891826110639386 162.60488817287910024 8.0914456986209888356 
 104.40358346994591443 149.67493560261081598 8.0914456986209888356 
 91.473630899677615957 172.07027039377126698 8.0914456986209888356 
 69.07829610851712232 159.14031782350301114 8.0914456986209888356 
 56.148343538248816742 181.53565261466346215 8.0914456986209888356 
 33.753008747088358632 168.60570004439520631 8.0914456986209888356 
 20.823056176820063712 191.00103483555565731 8.0914456986209888356 
 255.17011513655322119 147.13869408047085585 8.0914456986209888356 
 242.24016256628496535 169.53402887163133528 8.0914456986209888356 
 219.8448277751244575 156.60407630136302259 8.0914456986209888356 
 206.91487520485614482 178.99941109252353044 8.0914456986209888356 
 184.51954041369563697 166.06945852225521776 8.0914456986209888356 
 171.58958784342735271 188.46479331341569718 8.0914456986209888356 
 149.19425305226687328 175.53484074314741292 8.0914456986209888356 
 136.26430048199861744 197.93017553430789235 8.0914456986209888356 
 113.86896569083810959 185.00022296403960809 8.0914456986209888356 
 100.93901312056979691 207.39555775520008751 8.0914456986209888356 
 78.543678329409303274 194.46560518493177483 8.0914456986209888356 
 65.613725759141019012 216.86093997609228268 8.0914456986209888356 
 43.218390967980553796 203.93098740582396999 8.0914456986209888356 
 30.288438397712258876 226.32632219698444942 8.0914456986209888356 
 251.70554478717713209 204.85931623306012739 8.0914456986209888356 
 229.31020999601665267 191.92936366279184313 8.0914456986209888356 
 216.38025742574833998 214.32469845395232255 8.0914456986209888356 
 193.98492263458783214 201.39474588368403829 8.0914456986209888356 
 181.05497006431954787 223.79008067484451772 8.0914456986209888356 
 158.65963527315906845 210.86012810457623345 8.0914456986209888356 
 145.72968270289078419 233.25546289573671288 8.0914456986209888356 
 123.33434791173030476 220.3255103254684002 8.0914456986209888356 
 110.40439534146199207 242.72084511662890804 8.0914456986209888356 
 88.009060550301498438 229.79089254636059536 8.0914456986209888356 
 75.079107980033199965 252.18622733752107479 8.0914456986209888356 
 52.68377318887273475 239.2562747672527621 8.0914456986209888356 
 238.77559221690881941 227.25465102422060681 8.0914456986209888356 
 159.58796410039522584 2.3729742853796222946 8.0914456986209888356 
 203.4503048554800273 236.72003324511280198 8.0914456986209888356 
 124.26267673896643373 11.838356506271816571 8.0914456986209888356 
 168.12501749405123519 246.18541546600499714 8.0914456986209888356 
 88.937389377537655832  21.3037387271639993 8.0914456986209888356 
 132.7997301326224715 255.65079768689716389 8.0914456986209888356 
 53.612102016108877933 30.769120948056194464 8.0914456986209888356 
 18.28681465468006806 40.234503168948371865 8.0914456986209888356 
