 229.80138746945931416 23.798385009103647292 8.0914456986209888356 
 211.51567318374503657 42.084099294817939096 8.0914456986209888356 
 193.22995889803075897 23.798385009103647292 8.0914456986209888356 
 174.94424461231645296 42.084099294817939096 8.0914456986209888356 
 156.65853032660214694 23.798385009103647292 8.0914456986209888356 
 138.37281604088786935 42.084099294817939096 8.0914456986209888356 
 120.08710175517360597 23.798385009103647292 8.0914456986209888356 
 101.80138746945931416 42.084099294817939096 8.0914456986209888356 
 83.515673183745036567 23.798385009103647292 8.0914456986209888356 
 65.229958898030744763 42.084099294817939096 8.0914456986209888356 
 46.944244612316452958 23.798385009103647292 8.0914456986209888356 
 28.658530326602161153 42.084099294817939096 8.0914456986209888356 
 10.372816040887899547 23.798385009103661503 8.0914456986209888356 
 248.08710175517362018 42.084099294817924886 8.0914456986209888356 
 229.80138746945931416 60.369813580532209585 8.0914456986209888356 
 211.51567318374503657 78.655527866246487179 8.0914456986209888356 
 193.22995889803075897 60.369813580532209585 8.0914456986209888356 
 174.94424461231645296 78.655527866246501389 8.0914456986209888356 
 156.65853032660214694 60.369813580532209585 8.0914456986209888356 
 138.37281604088786935 78.655527866246501389 8.0914456986209888356 
 120.08710175517360597 60.369813580532209585 8.0914456986209888356 
 101.80138746945931416 78.655527866246501389 8.0914456986209888356 
 83.515673183745036567 60.369813580532209585 8.0914456986209888356 
 65.229958898030744763  78.6555278662465156 8.0914456986209888356 
 46.944244612316452958 60.369813580532209585 8.0914456986209888356 
 28.658530326602161153  78.6555278662465156 8.0914456986209888356 
 10.372816040887899547 60.369813580532223796 8.0914456986209888356 
 248.08710175517362018 78.655527866246487179 8.0914456986209888356 
 229.80138746945931416 96.941242151960778983 8.0914456986209888356 
 211.51567318374503657  115.226956437675085 8.0914456986209888356 
 193.22995889803075897 96.941242151960778983 8.0914456986209888356 
 174.94424461231645296  115.226956437675085 8.0914456986209888356 
 156.65853032660214694 96.941242151960793194 8.0914456986209888356 
 138.37281604088786935  115.226956437675085 8.0914456986209888356 
 120.08710175517360597 96.941242151960793194 8.0914456986209888356 
 101.80138746945931416  115.226956437675085 8.0914456986209888356 
 83.515673183745036567 96.941242151960793194 8.0914456986209888356 
 65.229958898030744763  115.226956437675085 8.0914456986209888356 
 46.944244612316452958 96.941242151960807405 8.0914456986209888356 
 28.658530326602161153  115.226956437675085 8.0914456986209888356 
 10.372816040887899547 96.941242151960807405 8.0914456986209888356 
 248.08710175517362018 115.22695643767507079 8.0914456986209888356 
 229.80138746945931416 133.51267072338936259 8.0914456986209888356 
 211.51567318374503657 151.79838500910364019 8.0914456986209888356 
 193.22995889803075897 133.51267072338936259 8.0914456986209888356 
 174.94424461231645296 151.79838500910364019 8.0914456986209888356 
 156.65853032660217536 133.51267072338936259 8.0914456986209888356 
 138.37281604088789777 151.79838500910364019 8.0914456986209888356 
 120.08710175517360597 133.51267072338936259 8.0914456986209888356 
 101.80138746945931416 151.79838500910364019 8.0914456986209888356 
 83.515673183745036567 133.51267072338936259 8.0914456986209888356 
 65.229958898030744763 151.79838500910364019 8.0914456986209888356 
 46.944244612316452958 133.51267072338936259 8.0914456986209888356 
 28.658530326602161153 151.79838500910364019 8.0914456986209888356 
 10.372816040887899547 133.51267072338936259 8.0914456986209888356 
 248.08710175517362018 151.79838500910364019 8.0914456986209888356 
 229.80138746945931416 170.0840992948179462 8.0914456986209888356 
 211.51567318374503657 188.3698135805322238 8.0914456986209888356 
 193.22995889803075897 170.0840992948179462 8.0914456986209888356 
 174.94424461231648138 188.3698135805322238 8.0914456986209888356 
 156.65853032660217536 170.0840992948179462 8.0914456986209888356 
 138.37281604088789777 188.3698135805322238 8.0914456986209888356 
 120.08710175517360597 170.0840992948179462 8.0914456986209888356 
 101.80138746945931416 188.3698135805322238 8.0914456986209888356 
 83.515673183745036567 170.0840992948179462 8.0914456986209888356 
 65.229958898030744763 188.3698135805322238 8.0914456986209888356 
 46.944244612316452958 170.0840992948179462 8.0914456986209888356 
 28.658530326602161153 188.3698135805322238 8.0914456986209888356 
 10.372816040887899547 170.0840992948179462 8.0914456986209888356 
 248.08710175517362018 188.3698135805322238 8.0914456986209888356 
 229.80138746945931416 206.65552786624652981 8.0914456986209888356 
 211.51567318374503657 224.9412421519608074 8.0914456986209888356 
 193.22995889803075897 206.65552786624652981 8.0914456986209888356 
 174.94424461231648138 224.9412421519608074 8.0914456986209888356 
 156.65853032660217536 206.65552786624652981 8.0914456986209888356 
 138.37281604088789777 224.9412421519608074 8.0914456986209888356 
 120.08710175517360597 206.65552786624652981 8.0914456986209888356 
 101.80138746945931416 224.9412421519608074 8.0914456986209888356 
 83.515673183745036567 206.65552786624652981 8.0914456986209888356 
 65.229958898030744763 224.9412421519608074 8.0914456986209888356 
 46.944244612316452958 206.65552786624652981 8.0914456986209888356 
 28.658530326602161153 224.9412421519608074 8.0914456986209888356 
 10.372816040887899547 206.65552786624655823 8.0914456986209888356 
 248.08710175517362018 224.9412421519608074 8.0914456986209888356 
 229.80138746945931416 243.22695643767505658 8.0914456986209888356 
 211.51567318374503657  5.51267072338932973 8.0914456986209888356 
 193.22995889803075897 243.22695643767505658 8.0914456986209888356 
 174.94424461231645296  5.51267072338932973 8.0914456986209888356 
 156.65853032660217536 243.22695643767505658 8.0914456986209888356 
 138.37281604088786935  5.51267072338932973 8.0914456986209888356 
 120.08710175517360597 243.22695643767505658 8.0914456986209888356 
 101.80138746945931416  5.51267072338932973 8.0914456986209888356 
 83.515673183745036567 243.22695643767505658 8.0914456986209888356 
 65.229958898030730552  5.51267072338932973 8.0914456986209888356 
 46.944244612316452958 243.22695643767505658 8.0914456986209888356 
 28.658530326602146943  5.51267072338932973 8.0914456986209888356 
 10.372816040887899547 243.22695643767505658 8.0914456986209888356 
 248.08710175517362018 5.5126707233893155191 8.0914456986209888356 
