 79.60319811599492823 25.959743988949707472 8.0914456986209888356 
 98.945969859702998406 16.012774331689584528 8.0914456986209888356 
 61.317483830280636425 57.631530184494899061 8.0914456986209888356 
 80.660255573988706601 47.684560527234765459 8.0914456986209888356 
 43.031769544566365937 89.303316380040072886 8.0914456986209888356 
 62.374541288274414796 79.356346722779960601 8.0914456986209888356 
 24.746055258852074132 120.97510257558526803 8.0914456986209888356 
 44.088827002560137203 111.02813291832512732 8.0914456986209888356 
 6.4603409731377974268 152.64688877113047738 8.0914456986209888356 
 25.803112716845848951 142.69991911387032246 8.0914456986209888356 
 7.5173984311315740214 174.37170530941554603 8.0914456986209888356 
 100.00302731769674836 37.737590869974646068 8.0914456986209888356 
 119.34579906140480432 27.790621212714523125 8.0914456986209888356 
 81.717313031982484972 69.409377065519819894 8.0914456986209888356 
 101.06008477569054094 59.462407408259700503 8.0914456986209888356 
 63.431598746268193167 101.08116326106501504 8.0914456986209888356 
 82.774370489976249132 91.134193603804888539 8.0914456986209888356 
 45.145884460553901363 132.75294945661019597 8.0914456986209888356 
 64.488656204261971538 122.80597979935006947 8.0914456986209888356 
 26.860170174839613111 164.42473565215539111 8.0914456986209888356 
 46.202941918547679734 154.47776599489526461 8.0914456986209888356 
 8.5744558891253230826 196.09652184770058625 8.0914456986209888356 
 27.917227632833387929 186.14955219044045975 8.0914456986209888356 
 118.28874160341104016 6.0658046744294384922 8.0914456986209888356 
 120.40285651939858269 49.515437750999581112 8.0914456986209888356 
 139.74562826310662444 39.568468093739461722 8.0914456986209888356 
 102.11714223368429089 81.187223946544762043 8.0914456986209888356 
 121.45991397739236106 71.240254289284635547 8.0914456986209888356 
 83.831427947970027503 112.85901014208992876 8.0914456986209888356 
 103.17419969167806926 102.91204048482983069 8.0914456986209888356 
 65.545713662255735699 144.53079633763513812 8.0914456986209888356 
 84.888485405963777453 134.58382668037501162 8.0914456986209888356 
 47.259999376541458105 176.20258253318030484 8.0914456986209888356 
 66.602771120249499859 166.25561287592020676 8.0914456986209888356 
  28.9742850908271663 207.87436872872549998 8.0914456986209888356 
 48.31705683453521516 197.9273990714654019 8.0914456986209888356 
 138.6885708051128745 17.843651555454375313 8.0914456986209888356 
 158.03134254882090204 7.8966818981942843436 8.0914456986209888356 
 140.80268572110040282 61.293284632024516156 8.0914456986209888356 
 160.14545746480845878 51.346314974764396766 8.0914456986209888356 
 122.51697143538613943 92.965070827569689982 8.0914456986209888356 
 141.85974317909420961 83.018101170309577697 8.0914456986209888356 
 104.23125714967184763 124.63685702311488512 8.0914456986209888356 
 123.57402889337990359 114.68988736585477284 8.0914456986209888356 
 85.945542863957570034 156.30864321866008027 8.0914456986209888356 
  105.288314607665626 146.36167356139995377 8.0914456986209888356 
 67.65982857824327823 187.98042941420527541 8.0914456986209888356 
 87.002600321951334195 178.03345975694514891 8.0914456986209888356 
 49.374114292528993531 219.65221560975047055 8.0914456986209888356 
 68.71688603623704239 209.70524595249034405 8.0914456986209888356 
 159.08840000681470883 29.62149843647932812 8.0914456986209888356 
 178.4311717505227648 19.67452877921922294 8.0914456986209888356 
 161.20251492280223715  73.0711315130494512 8.0914456986209888356 
 180.54528666651029312 63.124161855789324704 8.0914456986209888356 
 142.91680063708795956 104.74291770859464634 8.0914456986209888356 
 162.2595723807959871 94.795948051334505635 8.0914456986209888356 
 124.63108635137369617 136.41470390413979885 8.0914456986209888356 
 143.97385809508173793 126.46773424687968657 8.0914456986209888356 
 106.34537206565940437 168.08649009968502241 8.0914456986209888356 
 125.68814380936744612 158.1395204424248675 8.0914456986209888356 
 88.059657779945112566 199.75827629523021756 8.0914456986209888356 
 107.40242952365315432 189.81130663797006264 8.0914456986209888356 
 69.773943494230820761 231.4300624907754127 8.0914456986209888356 
 89.116715237938862515 221.48309283351525778 8.0914456986209888356 
 179.48822920851654317 41.399345317504263164 8.0914456986209888356 
 198.83100095222457071 31.452375660244143774 8.0914456986209888356 
 181.60234412450409991 84.84897839407439335 8.0914456986209888356 
 200.94511586821212745 74.902008736814252643 8.0914456986209888356 
 163.31662983878979389 116.52076458961957428 8.0914456986209888356 
 182.65940158249784986 106.57379493235943357 8.0914456986209888356 
 145.0309155530755163 148.19255078516476942 8.0914456986209888356 
 164.37368729678354384 138.24558112790464293 8.0914456986209888356 
 126.7452012673612245 179.86433698070996456 8.0914456986209888356 
 146.08797301106929467 169.91736732344980965 8.0914456986209888356 
 108.4594869816469469 211.53612317625513128 8.0914456986209888356 
 127.80225872535497444 201.58915351899500479 8.0914456986209888356 
 90.173772695932655097 243.20790937180032643 8.0914456986209888356 
 109.51654443964069685 233.26093971454019993 8.0914456986209888356 
 199.88805841021834908 53.177192198529191103 8.0914456986209888356 
 219.23083015392637662 43.230222541269078818 8.0914456986209888356 
 202.00217332620590582 96.626825275099335499 8.0914456986209888356 
 221.34494506991396179 86.679855617839209003 8.0914456986209888356 
 183.71645904049159981 128.29861147064451643 8.0914456986209888356 
 203.05923078419968419 118.35164181338438993 8.0914456986209888356 
 165.43074475477732221 159.97039766618968315 8.0914456986209888356 
 184.7735164984854066 150.02342800892958508 8.0914456986209888356 
 147.14503046906307304 191.64218386173487829 8.0914456986209888356 
 166.48780221277112901 181.6952142044747518 8.0914456986209888356 
 128.85931618334876703 223.31397005728007343 8.0914456986209888356 
 148.20208792705685141 213.36700040001994694 8.0914456986209888356 
 110.57360189763447522 254.98575625282526858 8.0914456986209888356 
 129.9163736413425454 245.03878659556514208 8.0914456986209888356 
 220.28788761192018342 64.955039079554126147 8.0914456986209888356 
 239.6306593556282678 55.008069422294035178 8.0914456986209888356 
 222.40200252790771174 108.40467215612424923 8.0914456986209888356 
 241.74477427161579612 98.457702498864151153 8.0914456986209888356 
 204.11628824219346257 140.07645835166945858 8.0914456986209888356 
 223.45905998590149011 130.12948869440933208 8.0914456986209888356 
 185.83057395647915655 171.7482445472146253 8.0914456986209888356 
 205.17334570018724094 161.80127488995452723 8.0914456986209888356 
 167.54485967076487896 203.42003074275982044 8.0914456986209888356 
 186.88763141447293492 193.47306108549969395 8.0914456986209888356 
 149.25914538505057294 235.09181693830501558 8.0914456986209888356 
 168.60191712875865733 225.14484728104488909 8.0914456986209888356 
 150.31620284304435131 256.81663347659008423 8.0914456986209888356 
 240.68771681362201775 76.732885960579068296 8.0914456986209888356 
 242.8018317296095745 120.18251903714920559 8.0914456986209888356 
 224.51611744389526848 151.85430523269440073 8.0914456986209888356 
 243.85888918760332444 141.90733557543427423 8.0914456986209888356 
 206.23040315818101931 183.52609142823956745 8.0914456986209888356 
 225.57317490188904685 173.57912177097946937 8.0914456986209888356 
 187.94468887246668487 215.19787762378476259 8.0914456986209888356 
 207.28746061617479768 205.25090796652463609 8.0914456986209888356 
 169.6589745867524357 246.86966381932995773 8.0914456986209888356 
 189.00174633046046324 236.92269416206983124 8.0914456986209888356 
 78.546140658001149859 4.234927450664648596 8.0914456986209888356 
 244.91594664559707439 163.63215211371931446 8.0914456986209888356 
 60.260426372286879371 35.90671364620982331 8.0914456986209888356 
 226.63023235988282522 195.30393830926448118 8.0914456986209888356 
 41.974712086572587566 67.578499841755018451 8.0914456986209888356 
 208.34451807416854763 226.97572450480970474 8.0914456986209888356 
 23.688997800858309972 99.250286037300213593 8.0914456986209888356 
 5.4032835151440208321 130.92207223284540873 8.0914456986209888356 
