 196.12712714300533889 21.054926708252857281 8.0914456986209888356 
 214.41284142871961649 32.832773589277792325 8.0914456986209888356 
 159.55569857157675528 21.054926708252857281 8.0914456986209888356 
 177.84141285729103288 32.832773589277792325 8.0914456986209888356 
 122.9842700001482001 21.054926708252857281 8.0914456986209888356 
 141.26998428586244927 32.832773589277792325 8.0914456986209888356 
 86.412841428719616488 21.054926708252857281 8.0914456986209888356 
 104.69855571443390829 32.832773589277792325 8.0914456986209888356 
 49.841412857291039984 21.054926708252857281 8.0914456986209888356 
 68.127127143005324683 32.832773589277792325 8.0914456986209888356 
 13.269984285862458151 21.054926708252871492 8.0914456986209888356 
 31.555698571576748179 32.832773589277792325 8.0914456986209888356 
 232.69855571443386566 21.054926708252857281 8.0914456986209888356 
 250.9842700001482001 32.832773589277778115 8.0914456986209888356 
 196.12712714300533889 44.61062047030274158 8.0914456986209888356 
 214.41284142871961649 56.388467351327669519 8.0914456986209888356 
 159.55569857157675528 44.61062047030274158 8.0914456986209888356 
 177.84141285729103288 56.388467351327669519 8.0914456986209888356 
 122.9842700001482001 44.61062047030274158 8.0914456986209888356 
 141.26998428586244927 56.388467351327669519 8.0914456986209888356 
 86.412841428719616488 44.61062047030274158 8.0914456986209888356 
 104.69855571443390829 56.388467351327669519 8.0914456986209888356 
 49.841412857291039984 44.61062047030274158 8.0914456986209888356 
 68.127127143005324683 56.388467351327669519 8.0914456986209888356 
 13.269984285862458151 44.610620470302755791 8.0914456986209888356 
 31.555698571576748179 56.388467351327669519 8.0914456986209888356 
 232.69855571443386566 44.61062047030274158 8.0914456986209888356 
 250.9842700001482001 56.388467351327655308 8.0914456986209888356 
 196.12712714300533889 68.166314232352604563 8.0914456986209888356 
 214.41284142871961649 79.944161113377546712 8.0914456986209888356 
 159.55569857157675528 68.166314232352618774 8.0914456986209888356 
 177.84141285729103288 79.944161113377560923 8.0914456986209888356 
 122.9842700001482001 68.166314232352618774 8.0914456986209888356 
 141.26998428586244927 79.944161113377560923 8.0914456986209888356 
 86.412841428719616488 68.166314232352618774 8.0914456986209888356 
 104.69855571443390829 79.944161113377560923 8.0914456986209888356 
 49.841412857291039984 68.166314232352618774 8.0914456986209888356 
 68.127127143005324683 79.944161113377575134 8.0914456986209888356 
 13.269984285862458151 68.166314232352618774 8.0914456986209888356 
 31.555698571576748179 79.944161113377575134 8.0914456986209888356 
 232.69855571443386566 68.166314232352604563 8.0914456986209888356 
 250.9842700001482001 79.944161113377546712 8.0914456986209888356 
 196.12712714300533889 91.722007994402488862 8.0914456986209888356 
 214.41284142871961649 103.49985487542743101 8.0914456986209888356 
 159.55569857157675528 91.722007994402488862 8.0914456986209888356 
 177.84141285729103288 103.49985487542743101 8.0914456986209888356 
 122.9842700001482001 91.722007994402488862 8.0914456986209888356 
 141.26998428586244927 103.49985487542743101 8.0914456986209888356 
 86.412841428719616488 91.722007994402488862 8.0914456986209888356 
 104.69855571443390829 103.49985487542743101 8.0914456986209888356 
 49.841412857291039984 91.722007994402488862 8.0914456986209888356 
 68.127127143005324683 103.49985487542743101 8.0914456986209888356 
 13.269984285862458151 91.722007994402488862 8.0914456986209888356 
 31.555698571576748179 103.49985487542744522 8.0914456986209888356 
 232.69855571443386566 91.722007994402488862 8.0914456986209888356 
 250.9842700001482001 103.4998548754274168 8.0914456986209888356 
 196.12712714300533889 115.27770175645237316 8.0914456986209888356 
 214.41284142871961649 127.0555486374773011 8.0914456986209888356 
 159.55569857157675528 115.27770175645237316 8.0914456986209888356 
 177.84141285729103288 127.0555486374773011 8.0914456986209888356 
 122.9842700001482001 115.27770175645237316 8.0914456986209888356 
 141.26998428586244927 127.0555486374773011 8.0914456986209888356 
 86.412841428719616488 115.27770175645237316 8.0914456986209888356 
 104.69855571443390829 127.0555486374773011 8.0914456986209888356 
 49.841412857291039984 115.27770175645237316 8.0914456986209888356 
 68.127127143005324683 127.0555486374773011 8.0914456986209888356 
 13.269984285862458151 115.27770175645237316 8.0914456986209888356 
 31.555698571576748179 127.0555486374773011 8.0914456986209888356 
 232.69855571443386566 115.27770175645237316 8.0914456986209888356 
 250.9842700001482001 127.05554863747728689 8.0914456986209888356 
 196.12712714300533889 138.83339551850224325 8.0914456986209888356 
 214.41284142871961649 150.61124239952715698 8.0914456986209888356 
 159.55569857157675528 138.83339551850224325 8.0914456986209888356 
 177.84141285729103288 150.61124239952715698 8.0914456986209888356 
 122.9842700001482001 138.83339551850224325 8.0914456986209888356 
 141.26998428586244927 150.6112423995271854 8.0914456986209888356 
 86.412841428719616488 138.83339551850227167 8.0914456986209888356 
 104.69855571443390829 150.6112423995271854 8.0914456986209888356 
 49.841412857291039984 138.83339551850227167 8.0914456986209888356 
 68.127127143005324683 150.6112423995271854 8.0914456986209888356 
 13.269984285862458151 138.83339551850227167 8.0914456986209888356 
 31.555698571576748179 150.6112423995271854 8.0914456986209888356 
 232.69855571443386566 138.83339551850224325 8.0914456986209888356 
 250.9842700001482001 150.61124239952715698 8.0914456986209888356 
 196.12712714300533889 162.38908928055212755 8.0914456986209888356 
 214.41284142871961649 174.1669361615770697 8.0914456986209888356 
 159.55569857157675528 162.38908928055215597 8.0914456986209888356 
 177.84141285729103288 174.16693616157709812 8.0914456986209888356 
 122.9842700001482001 162.38908928055215597 8.0914456986209888356 
 141.26998428586244927 174.16693616157709812 8.0914456986209888356 
 86.412841428719616488 162.38908928055215597 8.0914456986209888356 
 104.69855571443390829 174.16693616157709812 8.0914456986209888356 
 49.841412857291039984 162.38908928055215597 8.0914456986209888356 
 68.127127143005324683 174.16693616157709812 8.0914456986209888356 
 13.269984285862458151 162.38908928055215597 8.0914456986209888356 
 31.555698571576748179 174.16693616157709812 8.0914456986209888356 
 232.69855571443386566 162.38908928055212755 8.0914456986209888356 
 250.9842700001482001 174.1669361615770697 8.0914456986209888356 
 196.12712714300533889 185.94478304260198342 8.0914456986209888356 
 214.41284142871961649  197.722629923626954 8.0914456986209888356 
 159.55569857157675528 185.94478304260198342 8.0914456986209888356 
 177.84141285729103288  197.722629923626954 8.0914456986209888356 
 122.9842700001482001 185.94478304260198342 8.0914456986209888356 
 141.26998428586244927  197.722629923626954 8.0914456986209888356 
 86.412841428719616488 185.94478304260198342 8.0914456986209888356 
 104.69855571443390829  197.722629923626954 8.0914456986209888356 
 49.841412857291039984 185.94478304260201185 8.0914456986209888356 
 68.127127143005324683  197.722629923626954 8.0914456986209888356 
 13.269984285862458151 185.94478304260201185 8.0914456986209888356 
 31.555698571576748179  197.722629923626954 8.0914456986209888356 
 232.69855571443386566 185.94478304260198342 8.0914456986209888356 
 250.9842700001482001  197.722629923626954 8.0914456986209888356 
 196.12712714300533889 209.50047680465189615 8.0914456986209888356 
 214.41284142871961649 221.27832368567683829 8.0914456986209888356 
 159.55569857157675528 209.50047680465189615 8.0914456986209888356 
 177.84141285729103288 221.27832368567683829 8.0914456986209888356 
 122.9842700001482001 209.50047680465189615 8.0914456986209888356 
 141.26998428586244927 221.27832368567683829 8.0914456986209888356 
 86.412841428719616488 209.50047680465189615 8.0914456986209888356 
 104.69855571443390829 221.27832368567683829 8.0914456986209888356 
 49.841412857291039984 209.50047680465189615 8.0914456986209888356 
 68.127127143005324683 221.27832368567683829 8.0914456986209888356 
 13.269984285862458151 209.50047680465189615 8.0914456986209888356 
 31.555698571576748179 221.27832368567683829 8.0914456986209888356 
 232.69855571443386566 209.50047680465189615 8.0914456986209888356 
 250.9842700001482001 221.27832368567680987 8.0914456986209888356 
 196.12712714300533889 233.05617056670175202 8.0914456986209888356 
 214.41284142871961649 244.83401744772669417 8.0914456986209888356 
 159.55569857157675528 233.05617056670175202 8.0914456986209888356 
 177.84141285729103288 244.83401744772669417 8.0914456986209888356 
 122.9842700001482001 233.05617056670175202 8.0914456986209888356 
 141.26998428586244927 244.83401744772669417 8.0914456986209888356 
 86.412841428719616488 233.05617056670175202 8.0914456986209888356 
 104.69855571443390829 244.83401744772669417 8.0914456986209888356 
 49.841412857291039984 233.05617056670175202 8.0914456986209888356 
 68.127127143005324683 244.83401744772669417 8.0914456986209888356 
 13.269984285862458151 233.05617056670178044 8.0914456986209888356 
 31.55569857157676239 244.83401744772669417 8.0914456986209888356 
 232.69855571443386566 233.05617056670175202 8.0914456986209888356 
 250.9842700001482001 244.83401744772669417 8.0914456986209888356 
