 13.132777603004150535 20.81272038293122506 8.329216093990197578 
 29.132777603004154088 36.812720382931232166 8.329216093990197578 
 13.132777603004150535 52.812720382931232166 8.329216093990197578 
 29.132777603004154088 68.812720382931232166 8.329216093990197578 
 13.132777603004150535 84.812720382931232166 8.329216093990197578 
 29.132777603004154088 100.81272038293123217 8.329216093990197578 
 13.132777603004150535 116.81272038293124638 8.329216093990197578 
 29.132777603004154088 132.81272038293124638 8.329216093990197578 
 13.132777603004150535 148.81272038293121796 8.329216093990197578 
 29.132777603004154088 164.81272038293121796 8.329216093990197578 
 13.132777603004150535 180.81272038293124638 8.329216093990197578 
 29.132777603004154088 196.81272038293124638 8.329216093990197578 
 13.132777603004150535 212.81272038293124638 8.329216093990197578 
 29.132777603004154088 228.81272038293124638 8.329216093990197578 
 13.132777603004150535 244.81272038293121796 8.329216093990197578 
 29.132777603004154088 4.8127203829312321659 8.329216093990197578 
 45.13277760300415764 20.81272038293122506 8.329216093990197578 
 61.132777603004150535 36.812720382931232166 8.329216093990197578 
 45.13277760300415764 52.812720382931232166 8.329216093990197578 
 61.132777603004150535 68.812720382931232166 8.329216093990197578 
 45.13277760300415764 84.812720382931232166 8.329216093990197578 
 61.132777603004150535 100.81272038293123217 8.329216093990197578 
 45.13277760300415764 116.81272038293124638 8.329216093990197578 
 61.132777603004150535 132.81272038293124638 8.329216093990197578 
 45.13277760300415764 148.81272038293121796 8.329216093990197578 
 61.132777603004150535 164.81272038293121796 8.329216093990197578 
 45.13277760300415764 180.81272038293124638 8.329216093990197578 
 61.132777603004150535 196.81272038293124638 8.329216093990197578 
 45.13277760300415764 212.81272038293124638 8.329216093990197578 
 61.132777603004150535 228.81272038293124638 8.329216093990197578 
 45.13277760300415764 244.81272038293121796 8.329216093990197578 
 61.132777603004150535 4.8127203829312321659 8.329216093990197578 
 77.13277760300415764 20.81272038293122506 8.329216093990197578 
 93.13277760300414343 36.812720382931232166 8.329216093990197578 
 77.13277760300415764 52.812720382931232166 8.329216093990197578 
 93.13277760300414343 68.812720382931232166 8.329216093990197578 
 77.13277760300415764 84.812720382931232166 8.329216093990197578 
 93.13277760300414343 100.81272038293123217 8.329216093990197578 
 77.13277760300415764 116.81272038293124638 8.329216093990197578 
 93.13277760300414343 132.81272038293124638 8.329216093990197578 
 77.13277760300415764 148.81272038293121796 8.329216093990197578 
 93.13277760300414343 164.81272038293121796 8.329216093990197578 
 77.13277760300415764 180.81272038293124638 8.329216093990197578 
 93.13277760300414343 196.81272038293124638 8.329216093990197578 
 77.13277760300415764 212.81272038293124638 8.329216093990197578 
 93.13277760300414343 228.81272038293124638 8.329216093990197578 
 77.13277760300415764 244.81272038293121796 8.329216093990197578 
 93.13277760300414343 4.8127203829312321659 8.329216093990197578 
 109.13277760300415764 20.81272038293122506 8.329216093990197578 
 125.13277760300415764 36.812720382931232166 8.329216093990197578 
 109.13277760300415764 52.812720382931232166 8.329216093990197578 
 125.13277760300415764 68.812720382931232166 8.329216093990197578 
 109.13277760300415764 84.812720382931232166 8.329216093990197578 
 125.13277760300415764 100.81272038293123217 8.329216093990197578 
 109.13277760300415764 116.81272038293124638 8.329216093990197578 
 125.13277760300415764 132.81272038293124638 8.329216093990197578 
 109.13277760300415764 148.81272038293121796 8.329216093990197578 
 125.13277760300415764 164.81272038293121796 8.329216093990197578 
 109.13277760300415764 180.81272038293124638 8.329216093990197578 
 125.13277760300415764 196.81272038293124638 8.329216093990197578 
 109.13277760300415764 212.81272038293124638 8.329216093990197578 
 125.13277760300415764 228.81272038293124638 8.329216093990197578 
 109.13277760300415764 244.81272038293121796 8.329216093990197578 
 125.13277760300415764 4.8127203829312321659 8.329216093990197578 
 141.13277760300414343 20.81272038293122506 8.329216093990197578 
 157.13277760300414343 36.812720382931232166 8.329216093990197578 
 141.13277760300414343 52.812720382931232166 8.329216093990197578 
 157.13277760300414343 68.812720382931232166 8.329216093990197578 
 141.13277760300414343 84.812720382931232166 8.329216093990197578 
 157.13277760300414343 100.81272038293123217 8.329216093990197578 
 141.13277760300414343 116.81272038293124638 8.329216093990197578 
 157.13277760300414343 132.81272038293124638 8.329216093990197578 
 141.13277760300414343 148.81272038293121796 8.329216093990197578 
 157.13277760300414343 164.81272038293121796 8.329216093990197578 
 141.13277760300414343 180.81272038293124638 8.329216093990197578 
 157.13277760300414343 196.81272038293124638 8.329216093990197578 
 141.13277760300414343 212.81272038293124638 8.329216093990197578 
 157.13277760300414343 228.81272038293124638 8.329216093990197578 
 141.13277760300414343 244.81272038293121796 8.329216093990197578 
 157.13277760300414343 4.8127203829312321659 8.329216093990197578 
 173.13277760300417185 20.81272038293122506 8.329216093990197578 
 189.13277760300417185 36.812720382931232166 8.329216093990197578 
 173.13277760300417185 52.812720382931232166 8.329216093990197578 
 189.13277760300417185 68.812720382931232166 8.329216093990197578 
 173.13277760300417185 84.812720382931232166 8.329216093990197578 
 189.13277760300417185 100.81272038293123217 8.329216093990197578 
 173.13277760300417185 116.81272038293124638 8.329216093990197578 
 189.13277760300417185 132.81272038293124638 8.329216093990197578 
 173.13277760300417185 148.81272038293121796 8.329216093990197578 
 189.13277760300417185 164.81272038293121796 8.329216093990197578 
 173.13277760300417185 180.81272038293124638 8.329216093990197578 
 189.13277760300417185 196.81272038293124638 8.329216093990197578 
 173.13277760300417185 212.81272038293124638 8.329216093990197578 
 189.13277760300417185 228.81272038293124638 8.329216093990197578 
 173.13277760300417185 244.81272038293121796 8.329216093990197578 
 189.13277760300417185 4.8127203829312321659 8.329216093990197578 
 205.13277760300417185 20.81272038293122506 8.329216093990197578 
 221.13277760300417185 36.812720382931232166 8.329216093990197578 
 205.13277760300417185 52.812720382931232166 8.329216093990197578 
 221.13277760300417185 68.812720382931232166 8.329216093990197578 
 205.13277760300417185 84.812720382931232166 8.329216093990197578 
 221.13277760300417185 100.81272038293123217 8.329216093990197578 
 205.13277760300417185 116.81272038293124638 8.329216093990197578 
 221.13277760300417185 132.81272038293124638 8.329216093990197578 
 205.13277760300417185 148.81272038293121796 8.329216093990197578 
 221.13277760300417185 164.81272038293121796 8.329216093990197578 
 205.13277760300417185 180.81272038293124638 8.329216093990197578 
 221.13277760300417185 196.81272038293124638 8.329216093990197578 
 205.13277760300417185 212.81272038293124638 8.329216093990197578 
 221.13277760300417185 228.81272038293124638 8.329216093990197578 
 205.13277760300417185 244.81272038293121796 8.329216093990197578 
 221.13277760300417185 4.8127203829312321659 8.329216093990197578 
 237.13277760300414343 20.81272038293122506 8.329216093990197578 
 253.13277760300417185 36.812720382931232166 8.329216093990197578 
 237.13277760300414343 52.812720382931232166 8.329216093990197578 
 253.13277760300417185 68.812720382931232166 8.329216093990197578 
 237.13277760300414343 84.812720382931232166 8.329216093990197578 
 253.13277760300417185 100.81272038293123217 8.329216093990197578 
 237.13277760300414343 116.81272038293124638 8.329216093990197578 
 253.13277760300417185 132.81272038293124638 8.329216093990197578 
 237.13277760300414343 148.81272038293121796 8.329216093990197578 
 253.13277760300417185 164.81272038293121796 8.329216093990197578 
 237.13277760300414343 180.81272038293124638 8.329216093990197578 
 253.13277760300417185 196.81272038293124638 8.329216093990197578 
 237.13277760300414343 212.81272038293124638 8.329216093990197578 
 253.13277760300417185 228.81272038293124638 8.329216093990197578 
 237.13277760300414343 244.81272038293121796 8.329216093990197578 
 253.13277760300417185 4.8127203829312321659 8.329216093990197578 
