 84.628884633644759106 18.993934463050397454 8.329216093990197578 
 62.00146763567522612 18.993934463050397454 8.329216093990197578 
 62.001467635675240331 41.621351461019912676 8.329216093990197578 
 39.37405063770571445 41.621351461019912676 8.329216093990197578 
 39.37405063770571445 64.248768458989445662 8.329216093990197578 
 16.746633639736195676 64.248768458989445662 8.329216093990197578 
 16.746633639736195676 86.876185456958978648 8.329216093990197578 
 129.88371862958379666 18.993934463050397454 8.329216093990197578 
 107.25630163161429209 18.993934463050397454 8.329216093990197578 
 107.25630163161429209 41.621351461019898466 8.329216093990197578 
 84.628884633644759106 41.621351461019926887 8.329216093990197578 
 84.628884633644759106 64.248768458989445662 8.329216093990197578 
 62.001467635675240331 64.248768458989445662 8.329216093990197578 
 62.001467635675240331 86.876185456958950226 8.329216093990197578 
 39.374050637705728661 86.876185456958978648 8.329216093990197578 
 39.37405063770571445 109.50360245492848321 8.329216093990197578 
 16.746633639736195676 109.50360245492851163 8.329216093990197578 
 16.746633639736181465 132.1310194528980162 8.329216093990197578 
 175.13855262552283421 18.993934463050379691 8.329216093990197578 
 152.51113562755332964 18.993934463050397454 8.329216093990197578 
 152.51113562755332964 41.621351461019898466 8.329216093990197578 
 129.88371862958379666 41.621351461019912676 8.329216093990197578 
 129.88371862958379666 64.24876845898941724 8.329216093990197578 
 107.25630163161429209 64.248768458989445662 8.329216093990197578 
 107.25630163161427788 86.876185456958950226 8.329216093990197578 
 84.628884633644773317 86.876185456958950226 8.329216093990197578 
 84.628884633644759106 109.50360245492848321 8.329216093990197578 
 62.001467635675240331 109.50360245492848321 8.329216093990197578 
 62.001467635675240331 132.1310194528980162 8.329216093990197578 
 39.37405063770571445 132.1310194528980162 8.329216093990197578 
 39.37405063770571445 154.75843645086754918 8.329216093990197578 
 16.746633639736209886 154.75843645086752076 8.329216093990197578 
 16.746633639736209886 177.38585344883705375 8.329216093990197578 
 197.76596962349236719 18.993934463050379691 8.329216093990197578 
 197.76596962349236719 41.621351461019912676 8.329216093990197578 
 175.13855262552283421 41.621351461019912676 8.329216093990197578 
 175.13855262552286263 64.248768458989431451 8.329216093990197578 
 152.51113562755332964 64.248768458989431451 8.329216093990197578 
 152.51113562755332964 86.876185456958950226 8.329216093990197578 
 129.88371862958379666 86.876185456958950226 8.329216093990197578 
 129.88371862958379666 109.50360245492848321 8.329216093990197578 
 107.25630163161429209 109.50360245492848321 8.329216093990197578 
 107.25630163161429209 132.1310194528980162 8.329216093990197578 
 84.628884633644759106 132.1310194528980162 8.329216093990197578 
 84.628884633644759106 154.75843645086752076 8.329216093990197578 
 62.001467635675240331 154.75843645086754918 8.329216093990197578 
 62.001467635675240331 177.38585344883708217 8.329216093990197578 
 39.374050637705742872 177.38585344883705375 8.329216093990197578 
 39.374050637705742872 200.01327044680655831 8.329216093990197578 
 220.39338662146190018 41.621351461019898466 8.329216093990197578 
 220.39338662146190018 64.24876845898941724 8.329216093990197578 
 197.76596962349236719 64.248768458989431451 8.329216093990197578 
 197.76596962349236719 86.876185456958950226 8.329216093990197578 
 175.13855262552286263 86.876185456958950226 8.329216093990197578 
 175.13855262552286263  109.503602454928469 8.329216093990197578 
 152.51113562755332964  109.503602454928469 8.329216093990197578 
 152.51113562755332964 132.1310194528980162 8.329216093990197578 
 129.88371862958379666 132.13101945289798778 8.329216093990197578 
 129.88371862958379666 154.75843645086752076 8.329216093990197578 
 107.25630163161429209 154.75843645086752076 8.329216093990197578 
 107.25630163161429209 177.38585344883705375 8.329216093990197578 
 84.628884633644759106 177.38585344883705375 8.329216093990197578 
 84.628884633644759106 200.01327044680655831 8.329216093990197578 
 62.001467635675254542 200.01327044680655831 8.329216093990197578 
 62.001467635675254542 222.64068744477606288 8.329216093990197578 
 243.02080361943140474 64.24876845898941724 8.329216093990197578 
 243.02080361943140474 86.876185456958950226 8.329216093990197578 
 220.39338662146190018 86.876185456958950226 8.329216093990197578 
 220.3933866214619286 109.50360245492848321 8.329216093990197578 
 197.76596962349236719 109.50360245492848321 8.329216093990197578 
 197.76596962349236719 132.1310194528980162 8.329216093990197578 
 175.13855262552286263 132.1310194528980162 8.329216093990197578 
 175.13855262552286263 154.75843645086752076 8.329216093990197578 
 152.51113562755335806 154.75843645086752076 8.329216093990197578 
 152.51113562755335806 177.38585344883705375 8.329216093990197578 
 129.88371862958382508 177.38585344883705375 8.329216093990197578 
 129.88371862958382508 200.01327044680655831 8.329216093990197578 
 107.25630163161429209 200.01327044680655831 8.329216093990197578 
 107.25630163161429209 222.6406874447760913 8.329216093990197578 
 84.628884633644787527 222.64068744477606288 8.329216093990197578 
 84.628884633644787527 245.26810444274562428 8.329216093990197578 
 243.02080361943140474 109.50360245492848321 8.329216093990197578 
 243.02080361943140474 132.1310194528980162 8.329216093990197578 
 220.3933866214619286 132.1310194528980162 8.329216093990197578 
 220.3933866214619286 154.75843645086752076 8.329216093990197578 
 197.76596962349239561 154.75843645086752076 8.329216093990197578 
 197.76596962349239561 177.38585344883705375 8.329216093990197578 
 175.13855262552286263 177.38585344883705375 8.329216093990197578 
 175.13855262552286263 200.01327044680655831 8.329216093990197578 
 152.51113562755335806 200.01327044680655831 8.329216093990197578 
 152.51113562755335806 222.64068744477606288 8.329216093990197578 
 129.88371862958382508 222.64068744477606288 8.329216093990197578 
 129.88371862958382508 245.26810444274562428 8.329216093990197578 
 107.25630163161432051 245.26810444274559586 8.329216093990197578 
 243.02080361943140474 154.75843645086752076 8.329216093990197578 
 243.02080361943140474 177.38585344883702533 8.329216093990197578 
 220.39338662146190018 177.38585344883702533 8.329216093990197578 
 220.3933866214619286 200.01327044680652989 8.329216093990197578 
 197.76596962349236719 200.01327044680652989 8.329216093990197578 
 197.76596962349236719 222.64068744477606288 8.329216093990197578 
 175.13855262552286263 222.64068744477606288 8.329216093990197578 
 175.13855262552286263 245.26810444274556744 8.329216093990197578 
 152.51113562755332964 245.26810444274556744 8.329216093990197578 
