 108.53152430650514759 17.002354662857182888 8.329216093990197578 
 85.904107308535628817 17.002354662857182888 8.329216093990197578 
 85.904107308535628817 39.629771660826712321 8.329216093990197578 
 63.276690310566095832 39.629771660826712321 8.329216093990197578 
 63.276690310566117148 62.257188658796231095 8.329216093990197578 
 40.649273312596584162 62.257188658796231095 8.329216093990197578 
 40.649273312596598373 84.884605656765742765 8.329216093990197578 
 18.021856314627079598 84.884605656765742765 8.329216093990197578 
 18.021856314627079598 107.51202265473527575 8.329216093990197578 
 153.78635830244419935 17.002354662857182888 8.329216093990197578 
 131.15894130447466637 17.002354662857182888 8.329216093990197578 
 131.15894130447466637 39.62977166082669811 8.329216093990197578 
 108.53152430650513338 39.62977166082669811 8.329216093990197578 
 108.53152430650514759 62.257188658796216885 8.329216093990197578 
 85.904107308535628817 62.257188658796216885 8.329216093990197578 
 85.904107308535628817 84.884605656765742765 8.329216093990197578 
 63.276690310566095832 84.884605656765756976 8.329216093990197578 
 63.276690310566117148 107.51202265473526154 8.329216093990197578 
 40.649273312596584162 107.51202265473526154 8.329216093990197578 
 40.649273312596584162 130.13943965270479453 8.329216093990197578 
 18.021856314627065387 130.13943965270479453 8.329216093990197578 
 18.021856314627065387 152.76685665067432751 8.329216093990197578 
 176.41377530041370392 17.002354662857182888 8.329216093990197578 
 176.41377530041370392 39.629771660826683899 8.329216093990197578 
 153.78635830244419935 39.62977166082669811 8.329216093990197578 
 153.78635830244419935 62.257188658796216885 8.329216093990197578 
 131.15894130447466637 62.257188658796216885 8.329216093990197578 
 131.15894130447466637 84.884605656765728554 8.329216093990197578 
 108.53152430650514759 84.884605656765728554 8.329216093990197578 
 108.53152430650514759 107.51202265473526154 8.329216093990197578 
 85.904107308535614607 107.51202265473526154 8.329216093990197578 
 85.904107308535628817 130.1394396527047661 8.329216093990197578 
 63.276690310566117148 130.1394396527047661 8.329216093990197578 
 63.276690310566117148 152.76685665067429909 8.329216093990197578 
 40.649273312596584162 152.76685665067429909 8.329216093990197578 
 40.649273312596584162 175.39427364864383208 8.329216093990197578 
 18.021856314627079598 175.39427364864383208 8.329216093990197578 
 18.021856314627079598 198.02169064661333664 8.329216093990197578 
 199.04119229838320848 39.62977166082669811 8.329216093990197578 
 199.0411922983832369 62.257188658796216885 8.329216093990197578 
 176.41377530041370392 62.257188658796216885 8.329216093990197578 
 176.41377530041373234 84.884605656765742765 8.329216093990197578 
 153.78635830244419935 84.884605656765728554 8.329216093990197578 
 153.78635830244419935 107.51202265473526154 8.329216093990197578 
 131.15894130447466637 107.51202265473526154 8.329216093990197578 
 131.15894130447466637 130.13943965270479453 8.329216093990197578 
 108.53152430650514759 130.13943965270479453 8.329216093990197578 
 108.5315243065051618 152.76685665067429909 8.329216093990197578 
 85.904107308535643028 152.76685665067429909 8.329216093990197578 
 85.904107308535643028 175.39427364864383208 8.329216093990197578 
 63.276690310566117148 175.39427364864383208 8.329216093990197578 
 63.276690310566117148 198.02169064661336506 8.329216093990197578 
 40.649273312596612584 198.02169064661333664 8.329216093990197578 
 40.649273312596612584 220.64910764458286963 8.329216093990197578 
 221.66860929635276989 62.257188658796216885 8.329216093990197578 
 221.66860929635274147 84.884605656765714343 8.329216093990197578 
 199.0411922983832369 84.884605656765728554 8.329216093990197578 
 199.04119229838320848 107.51202265473523312 8.329216093990197578 
 176.41377530041370392 107.51202265473526154 8.329216093990197578 
 176.41377530041370392 130.13943965270473768 8.329216093990197578 
 153.78635830244419935 130.1394396527047661 8.329216093990197578 
 153.78635830244417093 152.76685665067429909 8.329216093990197578 
 131.15894130447466637 152.76685665067429909 8.329216093990197578 
 131.15894130447466637 175.39427364864380365 8.329216093990197578 
 108.5315243065051618 175.39427364864383208 8.329216093990197578 
 108.53152430650513338 198.02169064661333664 8.329216093990197578 
 85.904107308535628817 198.02169064661333664 8.329216093990197578 
 85.904107308535614607 220.64910764458286963 8.329216093990197578 
 63.27669031056614557 220.6491076445828412 8.329216093990197578 
 63.276690310566117148 243.27652464255237419 8.329216093990197578 
 244.29602629432227445 84.884605656765728554 8.329216093990197578 
 244.29602629432227445 107.51202265473523312 8.329216093990197578 
 221.66860929635276989 107.51202265473523312 8.329216093990197578 
 221.66860929635276989 130.1394396527047661 8.329216093990197578 
 199.04119229838320848 130.1394396527047661 8.329216093990197578 
 199.0411922983832369 152.76685665067427067 8.329216093990197578 
 176.41377530041370392 152.76685665067427067 8.329216093990197578 
 176.41377530041370392 175.39427364864383208 8.329216093990197578 
 153.78635830244417093 175.39427364864383208 8.329216093990197578 
 153.78635830244419935 198.02169064661333664 8.329216093990197578 
 131.15894130447466637 198.02169064661333664 8.329216093990197578 
 131.15894130447466637 220.6491076445828412 8.329216093990197578 
 108.53152430650514759 220.6491076445828412 8.329216093990197578 
 108.53152430650514759 243.27652464255240261 8.329216093990197578 
 85.904107308535643028 243.27652464255234577 8.329216093990197578 
 244.29602629432227445 130.1394396527047661 8.329216093990197578 
 244.29602629432227445 152.76685665067429909 8.329216093990197578 
 221.66860929635276989 152.76685665067429909 8.329216093990197578 
 221.66860929635276989 175.39427364864380365 8.329216093990197578 
 199.0411922983832369 175.39427364864383208 8.329216093990197578 
 199.04119229838326532 198.02169064661333664 8.329216093990197578 
 176.41377530041370392 198.02169064661333664 8.329216093990197578 
 176.41377530041373234 220.6491076445828412 8.329216093990197578 
 153.78635830244419935 220.6491076445828412 8.329216093990197578 
 153.78635830244419935 243.27652464255240261 8.329216093990197578 
 131.15894130447466637 243.27652464255240261 8.329216093990197578 
 244.29602629432227445 175.39427364864380365 8.329216093990197578 
 63.276690310566081621 17.002354662857150913 8.329216093990197578 
 221.66860929635274147 198.02169064661333664 8.329216093990197578 
 40.649273312596569951 39.629771660826683899 8.329216093990197578 
 199.04119229838320848 220.6491076445828412 8.329216093990197578 
 18.021856314627051177 62.257188658796202674 8.329216093990197578 
 176.41377530041370392 243.27652464255237419 8.329216093990197578 
