 228.06731455197731862 24.956083409158772213 8.329216093990197578 
 212.06731455197731862 40.956083409158779318 8.329216093990197578 
 196.06731455197734704 24.956083409158772213 8.329216093990197578 
 180.06731455197734704 40.956083409158779318 8.329216093990197578 
 164.06731455197734704 24.956083409158772213 8.329216093990197578 
 148.06731455197731862 40.956083409158779318 8.329216093990197578 
 132.06731455197734704 24.956083409158772213 8.329216093990197578 
 116.06731455197731862 40.956083409158779318 8.329216093990197578 
 100.06731455197734704 24.956083409158772213 8.329216093990197578 
 84.067314551977361248 40.956083409158779318 8.329216093990197578 
 68.067314551977361248 24.956083409158772213 8.329216093990197578 
 52.067314551977354142 40.956083409158779318 8.329216093990197578 
 36.067314551977347037 24.956083409158772213 8.329216093990197578 
 20.067314551977343484 40.956083409158779318 8.329216093990197578 
 4.0673145519773381551 24.956083409158789976 8.329216093990197578 
 244.06731455197731862 40.956083409158779318 8.329216093990197578 
 228.06731455197731862 56.956083409158772213 8.329216093990197578 
 212.06731455197731862 72.956083409158779318 8.329216093990197578 
 196.06731455197734704 56.956083409158772213 8.329216093990197578 
 180.06731455197734704 72.956083409158779318 8.329216093990197578 
 164.06731455197734704 56.956083409158772213 8.329216093990197578 
 148.06731455197731862 72.956083409158779318 8.329216093990197578 
 132.06731455197734704 56.956083409158772213 8.329216093990197578 
 116.06731455197731862 72.956083409158779318 8.329216093990197578 
 100.06731455197734704 56.956083409158772213 8.329216093990197578 
 84.067314551977361248 72.956083409158779318 8.329216093990197578 
 68.067314551977361248 56.956083409158772213 8.329216093990197578 
 52.067314551977354142 72.956083409158779318 8.329216093990197578 
 36.067314551977347037 56.956083409158772213 8.329216093990197578 
 20.067314551977343484 72.956083409158779318 8.329216093990197578 
 4.0673145519773381551 56.956083409158786424 8.329216093990197578 
 244.06731455197731862 72.956083409158779318 8.329216093990197578 
 228.06731455197731862 88.956083409158779318 8.329216093990197578 
 212.06731455197731862 104.95608340915876511 8.329216093990197578 
 196.06731455197734704 88.956083409158779318 8.329216093990197578 
 180.06731455197734704 104.95608340915876511 8.329216093990197578 
 164.06731455197734704 88.956083409158779318 8.329216093990197578 
 148.06731455197734704 104.95608340915876511 8.329216093990197578 
 132.06731455197734704 88.956083409158779318 8.329216093990197578 
 116.06731455197731862 104.95608340915876511 8.329216093990197578 
 100.06731455197734704 88.956083409158779318 8.329216093990197578 
 84.067314551977361248 104.95608340915876511 8.329216093990197578 
 68.067314551977361248 88.956083409158779318 8.329216093990197578 
 52.067314551977354142 104.95608340915876511 8.329216093990197578 
 36.067314551977347037 88.956083409158779318 8.329216093990197578 
 20.067314551977343484 104.95608340915879353 8.329216093990197578 
 4.0673145519773381551 88.956083409158779318 8.329216093990197578 
 244.06731455197731862 104.9560834091587509 8.329216093990197578 
 228.06731455197731862 120.95608340915877932 8.329216093990197578 
 212.06731455197731862 136.95608340915876511 8.329216093990197578 
 196.06731455197734704 120.95608340915877932 8.329216093990197578 
 180.06731455197734704 136.95608340915876511 8.329216093990197578 
 164.06731455197734704 120.95608340915877932 8.329216093990197578 
 148.06731455197734704 136.95608340915876511 8.329216093990197578 
 132.06731455197734704 120.95608340915877932 8.329216093990197578 
 116.06731455197731862 136.95608340915876511 8.329216093990197578 
 100.06731455197734704 120.95608340915877932 8.329216093990197578 
 84.067314551977361248 136.95608340915876511 8.329216093990197578 
 68.067314551977361248 120.95608340915877932 8.329216093990197578 
 52.067314551977354142 136.95608340915876511 8.329216093990197578 
 36.067314551977347037 120.95608340915877932 8.329216093990197578 
 20.067314551977343484 136.95608340915876511 8.329216093990197578 
 4.0673145519773381551 120.95608340915879353 8.329216093990197578 
 244.06731455197731862 136.95608340915876511 8.329216093990197578 
 228.06731455197731862 152.95608340915876511 8.329216093990197578 
 212.06731455197731862 168.95608340915876511 8.329216093990197578 
 196.06731455197734704 152.95608340915876511 8.329216093990197578 
 180.06731455197734704 168.95608340915876511 8.329216093990197578 
 164.06731455197734704 152.95608340915876511 8.329216093990197578 
 148.06731455197734704 168.95608340915876511 8.329216093990197578 
 132.06731455197734704 152.95608340915876511 8.329216093990197578 
 116.06731455197731862 168.95608340915876511 8.329216093990197578 
 100.06731455197734704 152.95608340915876511 8.329216093990197578 
 84.067314551977361248 168.95608340915876511 8.329216093990197578 
 68.067314551977361248 152.95608340915876511 8.329216093990197578 
 52.067314551977354142 168.95608340915876511 8.329216093990197578 
 36.067314551977347037 152.95608340915876511 8.329216093990197578 
 20.067314551977343484 168.95608340915876511 8.329216093990197578 
 4.0673145519773381551 152.95608340915876511 8.329216093990197578 
 244.06731455197731862 168.95608340915876511 8.329216093990197578 
 228.06731455197731862 184.95608340915879353 8.329216093990197578 
 212.06731455197731862 200.95608340915879353 8.329216093990197578 
 196.06731455197734704 184.95608340915879353 8.329216093990197578 
 180.06731455197734704 200.95608340915879353 8.329216093990197578 
 164.06731455197734704 184.95608340915879353 8.329216093990197578 
 148.06731455197734704 200.95608340915879353 8.329216093990197578 
 132.06731455197734704 184.95608340915879353 8.329216093990197578 
 116.06731455197731862 200.95608340915879353 8.329216093990197578 
 100.06731455197734704 184.95608340915879353 8.329216093990197578 
 84.067314551977361248 200.95608340915879353 8.329216093990197578 
 68.067314551977361248 184.95608340915879353 8.329216093990197578 
 52.067314551977354142 200.95608340915879353 8.329216093990197578 
 36.067314551977347037 184.95608340915879353 8.329216093990197578 
 20.067314551977343484 200.95608340915879353 8.329216093990197578 
 4.0673145519773381551 184.95608340915879353 8.329216093990197578 
 244.06731455197731862 200.95608340915879353 8.329216093990197578 
 228.06731455197731862 216.95608340915879353 8.329216093990197578 
 212.06731455197731862 232.95608340915879353 8.329216093990197578 
 196.06731455197734704 216.95608340915879353 8.329216093990197578 
 180.06731455197734704 232.95608340915879353 8.329216093990197578 
 164.06731455197734704 216.95608340915879353 8.329216093990197578 
 148.06731455197734704 232.95608340915879353 8.329216093990197578 
 132.06731455197734704 216.95608340915879353 8.329216093990197578 
 116.06731455197731862 232.95608340915879353 8.329216093990197578 
 100.06731455197734704 216.95608340915879353 8.329216093990197578 
 84.067314551977361248 232.95608340915879353 8.329216093990197578 
 68.067314551977361248 216.95608340915879353 8.329216093990197578 
 52.067314551977354142 232.95608340915879353 8.329216093990197578 
 36.067314551977347037 216.95608340915879353 8.329216093990197578 
 20.067314551977343484 232.95608340915879353 8.329216093990197578 
 4.0673145519773381551 216.95608340915879353 8.329216093990197578 
 244.06731455197731862 232.95608340915879353 8.329216093990197578 
 228.06731455197734704 248.95608340915873669 8.329216093990197578 
 212.06731455197731862 8.9560834091587544492 8.329216093990197578 
 196.06731455197737546 248.95608340915873669 8.329216093990197578 
 180.06731455197734704 8.9560834091587544492 8.329216093990197578 
 164.06731455197734704 248.95608340915873669 8.329216093990197578 
 148.06731455197731862 8.9560834091587544492 8.329216093990197578 
 132.06731455197734704 248.95608340915873669 8.329216093990197578 
 116.06731455197731862 8.9560834091587544492 8.329216093990197578 
 100.06731455197734704 248.95608340915873669 8.329216093990197578 
 84.067314551977361248 8.9560834091587544492 8.329216093990197578 
 68.067314551977361248 248.95608340915873669 8.329216093990197578 
 52.067314551977339931 8.9560834091587544492 8.329216093990197578 
 36.067314551977361248 248.95608340915873669 8.329216093990197578 
 20.067314551977329273 8.9560834091587544492 8.329216093990197578 
 4.067314551977352366 248.95608340915873669 8.329216093990197578 
 244.06731455197731862 8.9560834091587544492 8.329216093990197578 
