 250.16444120678613672 18.861378017410444841 8.329216093990197578 
 234.16444120678613672 34.861378017410466157 8.329216093990197578 
 218.16444120678616514 18.861378017410462604 8.329216093990197578 
 202.16444120678616514 34.861378017410466157 8.329216093990197578 
 186.16444120678616514 18.861378017410462604 8.329216093990197578 
 170.16444120678613672 34.861378017410466157 8.329216093990197578 
 154.16444120678613672 18.861378017410462604 8.329216093990197578 
 138.16444120678613672 34.861378017410466157 8.329216093990197578 
 122.16444120678616514 18.861378017410462604 8.329216093990197578 
 106.16444120678617935 34.861378017410466157 8.329216093990197578 
 90.16444120678617935 18.861378017410462604 8.329216093990197578 
 74.16444120678617935 34.861378017410466157 8.329216093990197578 
 58.164441206786165139 18.861378017410462604 8.329216093990197578 
 42.164441206786165139 34.861378017410466157 8.329216093990197578 
 26.164441206786186456 18.861378017410462604 8.329216093990197578 
 10.16444120678617935 34.861378017410466157 8.329216093990197578 
 250.16444120678613672 50.861378017410459051 8.329216093990197578 
 234.16444120678613672 66.861378017410459051 8.329216093990197578 
 218.16444120678616514 50.861378017410473262 8.329216093990197578 
 202.16444120678616514 66.861378017410459051 8.329216093990197578 
 186.16444120678616514 50.861378017410473262 8.329216093990197578 
 170.16444120678613672 66.861378017410459051 8.329216093990197578 
 154.16444120678613672 50.861378017410473262 8.329216093990197578 
 138.16444120678613672 66.861378017410459051 8.329216093990197578 
 122.16444120678616514 50.861378017410473262 8.329216093990197578 
 106.16444120678617935 66.861378017410459051 8.329216093990197578 
 90.16444120678617935 50.861378017410473262 8.329216093990197578 
 74.16444120678617935 66.861378017410459051 8.329216093990197578 
 58.164441206786165139 50.861378017410473262 8.329216093990197578 
 42.164441206786165139 66.861378017410459051 8.329216093990197578 
 26.164441206786186456 50.861378017410473262 8.329216093990197578 
 10.16444120678617935 66.861378017410459051 8.329216093990197578 
 250.16444120678613672 82.861378017410473262 8.329216093990197578 
 234.16444120678613672 98.861378017410444841 8.329216093990197578 
 218.16444120678616514 82.861378017410473262 8.329216093990197578 
 202.16444120678616514 98.861378017410459051 8.329216093990197578 
 186.16444120678619356 82.861378017410473262 8.329216093990197578 
 170.16444120678616514 98.861378017410459051 8.329216093990197578 
 154.16444120678613672 82.861378017410473262 8.329216093990197578 
 138.16444120678613672 98.861378017410459051 8.329216093990197578 
 122.16444120678616514 82.861378017410473262 8.329216093990197578 
 106.16444120678617935 98.861378017410459051 8.329216093990197578 
 90.16444120678617935 82.861378017410473262 8.329216093990197578 
 74.16444120678617935 98.861378017410459051 8.329216093990197578 
 58.164441206786165139 82.861378017410473262 8.329216093990197578 
 42.164441206786165139 98.861378017410459051 8.329216093990197578 
 26.164441206786186456 82.861378017410473262 8.329216093990197578 
 10.16444120678617935 98.861378017410473262 8.329216093990197578 
 250.16444120678613672 114.86137801741044484 8.329216093990197578 
 234.16444120678613672 130.86137801741045905 8.329216093990197578 
 218.16444120678616514 114.86137801741045905 8.329216093990197578 
 202.16444120678616514 130.86137801741045905 8.329216093990197578 
 186.16444120678619356 114.86137801741045905 8.329216093990197578 
 170.16444120678616514 130.86137801741045905 8.329216093990197578 
 154.16444120678616514 114.86137801741045905 8.329216093990197578 
 138.16444120678616514 130.86137801741045905 8.329216093990197578 
 122.16444120678616514 114.86137801741045905 8.329216093990197578 
 106.16444120678617935 130.86137801741045905 8.329216093990197578 
 90.16444120678617935 114.86137801741045905 8.329216093990197578 
 74.16444120678617935 130.86137801741045905 8.329216093990197578 
 58.164441206786165139 114.86137801741045905 8.329216093990197578 
 42.164441206786165139 130.86137801741045905 8.329216093990197578 
 26.164441206786186456 114.86137801741045905 8.329216093990197578 
 10.16444120678617935 130.86137801741048747 8.329216093990197578 
 250.16444120678613672 146.86137801741045905 8.329216093990197578 
 234.16444120678613672 162.86137801741045905 8.329216093990197578 
 218.16444120678616514 146.86137801741045905 8.329216093990197578 
 202.16444120678616514 162.86137801741045905 8.329216093990197578 
 186.16444120678619356 146.86137801741045905 8.329216093990197578 
 170.16444120678616514 162.86137801741045905 8.329216093990197578 
 154.16444120678616514 146.86137801741045905 8.329216093990197578 
 138.16444120678616514 162.86137801741045905 8.329216093990197578 
 122.16444120678616514 146.86137801741045905 8.329216093990197578 
 106.16444120678617935 162.86137801741045905 8.329216093990197578 
 90.16444120678617935 146.86137801741045905 8.329216093990197578 
 74.16444120678617935 162.86137801741045905 8.329216093990197578 
 58.164441206786165139 146.86137801741045905 8.329216093990197578 
 42.164441206786165139 162.86137801741045905 8.329216093990197578 
 26.164441206786186456 146.86137801741045905 8.329216093990197578 
 10.16444120678617935 162.86137801741045905 8.329216093990197578 
 250.16444120678613672 178.86137801741045905 8.329216093990197578 
 234.16444120678613672 194.86137801741048747 8.329216093990197578 
 218.16444120678616514 178.86137801741045905 8.329216093990197578 
 202.16444120678616514 194.86137801741048747 8.329216093990197578 
 186.16444120678619356 178.86137801741045905 8.329216093990197578 
 170.16444120678616514 194.86137801741048747 8.329216093990197578 
 154.16444120678616514 178.86137801741045905 8.329216093990197578 
 138.16444120678616514 194.86137801741048747 8.329216093990197578 
 122.16444120678616514 178.86137801741045905 8.329216093990197578 
 106.16444120678617935 194.86137801741048747 8.329216093990197578 
 90.16444120678617935 178.86137801741045905 8.329216093990197578 
 74.16444120678617935 194.86137801741048747 8.329216093990197578 
 58.164441206786165139 178.86137801741045905 8.329216093990197578 
 42.164441206786165139 194.86137801741048747 8.329216093990197578 
 26.164441206786186456 178.86137801741045905 8.329216093990197578 
 10.16444120678617935 194.86137801741048747 8.329216093990197578 
 250.16444120678613672 210.86137801741048747 8.329216093990197578 
 234.16444120678613672 226.86137801741048747 8.329216093990197578 
 218.16444120678616514 210.86137801741048747 8.329216093990197578 
 202.16444120678616514 226.86137801741048747 8.329216093990197578 
 186.16444120678619356 210.86137801741048747 8.329216093990197578 
 170.16444120678616514 226.86137801741048747 8.329216093990197578 
 154.16444120678616514 210.86137801741048747 8.329216093990197578 
 138.16444120678616514 226.86137801741048747 8.329216093990197578 
 122.16444120678616514 210.86137801741048747 8.329216093990197578 
 106.16444120678617935 226.86137801741048747 8.329216093990197578 
 90.16444120678617935 210.86137801741048747 8.329216093990197578 
 74.16444120678617935 226.86137801741048747 8.329216093990197578 
 58.164441206786165139 210.86137801741048747 8.329216093990197578 
 42.164441206786165139 226.86137801741048747 8.329216093990197578 
 26.164441206786186456 210.86137801741048747 8.329216093990197578 
 10.16444120678617935 226.86137801741048747 8.329216093990197578 
 250.16444120678613672 242.86137801741043063 8.329216093990197578 
 234.16444120678613672 2.8613780174104697096 8.329216093990197578 
 218.16444120678616514 242.86137801741045905 8.329216093990197578 
 202.16444120678613672 2.8613780174104697096 8.329216093990197578 
 186.16444120678619356 242.86137801741045905 8.329216093990197578 
 170.16444120678613672 2.8613780174104697096 8.329216093990197578 
 154.16444120678616514 242.86137801741045905 8.329216093990197578 
 138.16444120678613672 2.8613780174104697096 8.329216093990197578 
 122.16444120678616514 242.86137801741045905 8.329216093990197578 
 106.16444120678617935 2.8613780174104697096 8.329216093990197578 
 90.16444120678617935 242.86137801741045905 8.329216093990197578 
 74.16444120678617935 2.8613780174104697096 8.329216093990197578 
 58.164441206786165139 242.86137801741045905 8.329216093990197578 
 42.164441206786143823 2.8613780174104697096 8.329216093990197578 
 26.164441206786186456 242.86137801741045905 8.329216093990197578 
 10.164441206786165139 2.8613780174104697096 8.329216093990197578 
