 35.974932848925178064 34.124142683168173562 4.0651173418478920851 
 2.0690272474370128286 104.27668586157984976 4.0651173418478920851 
 50.336765921594256668 14.847096778148928919 4.0651173418478920851 
 20.663005318993963755 75.473893793488329607 4.0651173418478920851 
 32.614453026226904342 58.279043140558300706 4.0651173418478920851 
 46.274448836408573982 39.966223032812330018 4.0651173418478920851 
 42.214698039493256942 51.266291012471207011 4.0651173418478920851 
 13.904264903711585077 101.57576758792656335 4.0651173418478920851 
 21.356678378099029914 89.207968811276643351 4.0651173418478920851 
 32.504646817406381842 70.807067739888609026 4.0651173418478920851 
 67.039310155944974667 20.141398881920228092 4.0651173418478920851 
 76.732024406990433363 2.2454986691959071266 4.0651173418478920851 
 2.1217875267206940393 129.1534943772390136 4.0651173418478920851 
 59.919752975559305241 39.253420312406660742 4.0651173418478920851 
 78.317931838385732135 14.148994421918178688 4.0651173418478920851 
 52.027152419572239239 56.573341479222627015 4.0651173418478920851 
 22.261487851954644412 111.53071283138902459 4.0651173418478920851 
 70.588867167773827305 32.382548459736973712 4.0651173418478920851 
 43.831000876421484236 75.103401711827146414 4.0651173418478920851 
 33.305514815953465302 94.276158342915778121 4.0651173418478920851 
 52.519056392747991424 67.476005471903945931 4.0651173418478920851 
 62.166996913018479631 50.933047635726232727 4.0651173418478920851 
 14.757469098064074586 132.29577724074385969 4.0651173418478920851 
 32.832690180708716809 106.32993063422986779 4.0651173418478920851 
 23.856465661030309633 123.9525142291251143 4.0651173418478920851 
 91.615993745946070703 15.442390222494061902 4.0651173418478920851 
 97.222605289334666168 4.2200301710428593793 4.0651173418478920851 
 51.613442425566731231 84.41788687510587863 4.0651173418478920851 
 69.618964043351510895 60.113883282989583279 4.0651173418478920851 
 45.921760599525896396 93.991326311658397685 4.0651173418478920851 
 63.86952136462916485 70.519698117741569376 4.0651173418478920851 
 84.460533675105054385 37.71368528338776116 4.0651173418478920851 
 20.194899644087900725 143.55106593907026991 4.0651173418478920851 
 12.96464277407715926 153.03295818970281061 4.0651173418478920851 
 43.674735742997761179 111.32943152903526141 4.0651173418478920851 
 63.754462384586339851 82.237791450376121816 4.0651173418478920851 
 1.3233805221561549814 172.52430120759703414 4.0651173418478920851 
 87.067043748488870847 49.671482739180255805 4.0651173418478920851 
 35.511841429593872022 129.00350988333249802 4.0651173418478920851 
 80.83265319817286354 59.66182792655484235 4.0651173418478920851 
 101.44065788001537953 23.23453277498629177 4.0651173418478920851 
 109.9808312079333632 4.4531853322544519003 4.0651173418478920851 
 52.891107665040799191 104.03573243193883968 4.0651173418478920851 
 98.37745291985029894 34.847658066655910147 4.0651173418478920851 
 45.516772525597282595 122.46571423216215635 4.0651173418478920851 
 113.07691035646629985 17.105509609407516081 4.0651173418478920851 
 32.02428183382730964 148.35272696429126427 4.0651173418478920851 
 74.168472223735165016 88.008026631781461901 4.0651173418478920851 
 20.243013049506803469 163.66903240969293165 4.0651173418478920851 
 40.663331310274500652 140.19529967531670422 4.0651173418478920851 
 86.934465949453937128 69.678820889731028387 4.0651173418478920851 
 13.833111602611536384 174.22995272055811711 4.0651173418478920851 
 98.816256021886431427 54.281420799410476263 4.0651173418478920851 
 64.60049349220481929 107.89391592053046054 4.0651173418478920851 
 106.52966553915689474 45.192678282579372251 4.0651173418478920851 
 84.524773149514572879 81.460851249858961864 4.0651173418478920851 
 74.222057319857498214 100.11771052276914418 4.0651173418478920851 
 98.766814090067455822 66.502480737345294415 4.0651173418478920851 
 33.073269677817279444 160.82062672197849906 4.0651173418478920851 
 56.553105156959553312 127.36780405207905176 4.0651173418478920851 
 124.06936028901348834 23.276907826578689509 4.0651173418478920851 
 12.634536325383214361 195.34500733074685286 4.0651173418478920851 
 66.82087423426453654 120.4459276631355209 4.0651173418478920851 
 20.258587123791404139 185.06413732175107612 4.0651173418478920851 
 53.543892565681062479 139.35145448428275472 4.0651173418478920851 
 119.09178408305497499 47.584125380511387959 4.0651173418478920851 
 124.97087002565906744 36.530508492523800612 4.0651173418478920851 
 95.951487294599473898 86.125905787005933689 4.0651173418478920851 
 85.408885154372853776 104.09848433786279998 4.0651173418478920851 
 104.6988308587942953 77.185280969226511161 4.0651173418478920851 
 137.00405097190585479 19.297515716954617204 4.0651173418478920851 
 15.63388967758925574 207.45659893487393788 4.0651173418478920851 
 45.510382867013838393 166.26029077880502882 4.0651173418478920851 
 145.89799812723606465 10.148875364089963824 4.0651173418478920851 
 96.198969085849810767 97.919206750612161727 4.0651173418478920851 
 33.544859957219919977 186.38324306436422262 4.0651173418478920851 
 78.817392357460022367 124.59679942650681994 4.0651173418478920851 
 61.959582138229038151 147.83297256390204666 4.0651173418478920851 
  136.657218225892791 38.868700988111228867 4.0651173418478920851 
 87.331125384695198477 115.88962126125828433 4.0651173418478920851 
 127.13646342718078586 59.354438692552278667 4.0651173418478920851 
 143.68892372053994677 29.422144474187764018 4.0651173418478920851 
 57.706141907562184201 159.91157115037449898 4.0651173418478920851 
 116.32365507266780469 79.803262801740686427 4.0651173418478920851 
 45.881673065706564785 179.47686662365023835 4.0651173418478920851 
 26.632088734545792619 208.46219937646910125 4.0651173418478920851 
 34.436870615383604388 198.74415528353171112 4.0651173418478920851 
 126.02852305350110385 71.859559711522379644 4.0651173418478920851 
 105.51650889237704689 105.95005573749487837 4.0651173418478920851 
 158.31005659793481755 14.973674132990829833 4.0651173418478920851 
 83.586459000096041905 136.36819236344598494 4.0651173418478920851 
 75.506503943124045009 146.39047704499449765 4.0651173418478920851 
 143.61081486276162877 48.259598317714349491 4.0651173418478920851 
 99.44116152268696851 116.51997005542803265 4.0651173418478920851 
 167.66192833866233514 7.8786051321831562788 4.0651173418478920851 
 140.09179857309197814 59.217689324084723523 4.0651173418478920851 
 120.44447485115637164 91.307201576563770118 4.0651173418478920851 
 155.1589174453473845 34.096716580325086454 4.0651173418478920851 
 69.160704393899877118 165.22539361223184073 4.0651173418478920851 
 44.197548759167830212 205.21062348883702953 4.0651173418478920851 
 58.700935407634553087 184.16315159854320882 4.0651173418478920851 
 117.39876635814508177 103.21736076483672662 4.0651173418478920851 
 164.00742976332887224 26.696233007515441926 4.0651173418478920851 
 136.65238538041774063 79.206799722019169963 4.0651173418478920851 
 80.178321105415705006 157.89801235623315279 4.0651173418478920851 
 155.60509994895892305 46.284673814621598353 4.0651173418478920851 
 41.598496560249529352 217.09586594888708078 4.0651173418478920851 
 69.221173495979186896 177.21529272180904968 4.0651173418478920851 
 96.498567341596427127 136.77581801646670101 4.0651173418478920851 
 104.49206032696586988 126.78638336919478036 4.0651173418478920851 
 132.4810234221189944 90.489922570552622005 4.0651173418478920851 
 151.58724018686797308 65.591203060249753776 4.0651173418478920851 
 179.56187383033315541 12.851593599975739579 4.0651173418478920851 
 55.73604161344322705 204.36631695579492884 4.0651173418478920851 
 63.73751177215812902 195.88472943898784706 4.0651173418478920851 
 149.31482709593299774 77.744055322867126279 4.0651173418478920851 
 128.60683394754914843 109.80411957865615591 4.0651173418478920851 
 162.10968078976154061 56.924499983079094534 4.0651173418478920851 
 175.45680006569395459 32.301843262482286434 4.0651173418478920851 
 105.34200013195456336 145.57681511024580345 4.0651173418478920851 
 138.06782190942340094 101.17451973889242822 4.0651173418478920851 
 117.23358485266155071 128.12707952480491258 4.0651173418478920851 
 92.864180376190290644 162.76671822824954461 4.0651173418478920851 
 80.763221740371363921 181.44864673911064301 4.0651173418478920851 
 50.972141608650176181 223.66778847294079924 4.0651173418478920851 
 184.46088947201391761 23.87276693484336576 4.0651173418478920851 
 59.197594231327776981 215.52716928187916778 4.0651173418478920851 
 116.6964314478495055 139.97807518006464989 4.0651173418478920851 
 91.327312407705903752 174.90457696752301331 4.0651173418478920851 
 128.8677332347220954 122.2210074242807849 4.0651173418478920851 
 75.148097076404667405 201.2102106146007543 4.0651173418478920851 
 105.86321694483497424 157.6503397752444755 4.0651173418478920851 
 156.78305703162317286 88.090877631644886492 4.0651173418478920851 
 180.80244516073807404 44.073826358634427436 4.0651173418478920851 
 150.37275423704616628  99.6380930970863119 4.0651173418478920851 
 175.61768994217376871 56.43857648866240595 4.0651173418478920851 
 83.803674116783597015 193.24175674517110224 4.0651173418478920851 
 196.61236820936920822 27.880849707984467045 4.0651173418478920851 
 69.219683506118499849 220.04735612661721689 4.0651173418478920851 
 78.822658451517455092 213.22733695070857607 4.0651173418478920851 
 126.27350872358663025 146.93270408380794834 4.0651173418478920851 
 100.21175384617399118 183.47394766589260939 4.0651173418478920851 
 193.82116965359713845 40.830376753927872358 4.0651173418478920851 
 140.47922702321386623 128.47696889750920946 4.0651173418478920851 
 120.70242288643652273 158.40841180707931812 4.0651173418478920851 
 95.496357928179662622 195.61898097366167804 4.0651173418478920851 
 169.72907688918698454 89.867905482548763985 4.0651173418478920851 
 69.714471963752075112 231.8758400456638924 4.0651173418478920851 
 157.73592153599625476 109.39581723067509245 4.0651173418478920851 
 184.16374999549250902 66.837859605112868167 4.0651173418478920851 
 153.25372994131291193 122.27339813525814805 4.0651173418478920851 
 138.12826532501739507 141.56203133876726952 4.0651173418478920851 
 181.76762920375719546 81.236425224137263967 4.0651173418478920851 
 112.13203487805003533 183.75678061151711518 4.0651173418478920851 
 169.66496623202999672 103.32951906471798509 4.0651173418478920851 
 86.266262530010379805 222.90291382866524827 4.0651173418478920851 
 201.44778349761983804 50.522795419705651909 4.0651173418478920851 
 196.62668441407674891 62.387551980726065892 4.0651173418478920851 
 129.43009432996325359 167.00492143512300913 4.0651173418478920851 
 80.903729482166070852 234.16519485813211077 4.0651173418478920851 
 104.26131816834073618 205.15920317804827278 4.0651173418478920851 
 123.81166624455640601 178.32096433771960164 4.0651173418478920851 
 146.32123795666305455 150.92543447573564208 4.0651173418478920851 
 113.22615021512584121 196.6155092583614703 4.0651173418478920851 
 164.10805879750640202 129.11154907427007288 4.0651173418478920851 
 142.1272182188454849 162.95419108291577004 4.0651173418478920851 
 97.140810270985667785 226.25328729862934551 4.0651173418478920851 
 193.3259829590833192 87.229953268057897731 4.0651173418478920851 
 178.68808808689874468 111.49160556920017484 4.0651173418478920851 
 221.52045661967531487 39.498881728583413064 4.0651173418478920851 
 214.45333840356698829 50.30452420864523333 4.0651173418478920851 
 106.15656734424686647 218.47898864570913702 4.0651173418478920851 
 87.004046272428084308 244.66315756846611862 4.0651173418478920851 
 175.12492084932981129 123.22538959386783119 4.0651173418478920851 
 207.32382798222909059 69.289059824827603506 4.0651173418478920851 
 130.91304757626980404 187.93887773393754514 4.0651173418478920851 
 124.39046176637403107 198.23895175340481956 4.0651173418478920851 
 159.20569204631334514 150.59316136467288061 4.0651173418478920851 
 98.115179400794929165 239.4815557938063364 4.0651173418478920851 
 167.4055655945984995 141.32265976340289626 4.0651173418478920851 
 205.12683874213203694 81.185322145691174001 4.0651173418478920851 
 196.89140496027491167 99.980029211570183634 4.0651173418478920851 
 191.36298101433803254 111.05962570504659936 4.0651173418478920851 
 218.9529956989464381 62.832851823066690145 4.0651173418478920851 
 113.11111129468778813 229.67765318007471365 4.0651173418478920851 
 152.87997045068604507 169.81331256283502285 4.0651173418478920851 
 142.5826666295164955 190.63730996207377189 4.0651173418478920851 
 130.82195208269780551 207.6914117571448628 4.0651173418478920851 
 163.90488447026487506 162.05225733184605019 4.0651173418478920851 
 184.97943085501557903 130.57825358032417284 4.0651173418478920851 
 109.41566251677959087 242.98216622018009048 4.0651173418478920851 
 151.64960139974922981 182.18744627111786372 4.0651173418478920851 
 180.70280920085619414 142.41949957007744842 4.0651173418478920851 
 124.15296118037900897 228.89552016850893779 4.0651173418478920851 
 214.77792247767163758 89.121613434301650614 4.0651173418478920851 
 130.9054568334071007 219.43319861957627381 4.0651173418478920851 
 209.34276798293205957 99.968323832843637433 4.0651173418478920851 
 142.03851903675121093 203.1914492395596028 4.0651173418478920851 
 195.54807432773014853 123.57744478516802644 4.0651173418478920851 
 243.17865528105230055 49.816138579991545043 4.0651173418478920851 
 231.30102218357345123 68.112279911819996414 4.0651173418478920851 
 116.10862928089818524 255.06619439802344118 4.0651173418478920851 
 177.17798150452975392 162.50808289470754175 4.0651173418478920851 
 161.85689288053109181 188.31060815207212045 4.0651173418478920851 
 129.95855807328106835 239.03867271507195369 4.0651173418478920851 
 187.04298235979229048 153.31370953001578528 4.0651173418478920851 
 147.96400374876796491 213.49900332554068427 4.0651173418478920851 
 242.9498495548119763 62.055855056235834866 4.0651173418478920851 
 142.15191264208533539 223.81672042053415339 4.0651173418478920851 
 217.89225490051470047 108.35002344627834248 4.0651173418478920851 
 227.65576953630844059 90.546533369974667949 4.0651173418478920851 
 207.12004627495718978 128.82307609547575566 4.0651173418478920851 
 127.65020470175116429  250.910052703051349 4.0651173418478920851 
 172.95051720947486729 183.5003245075925804 4.0651173418478920851 
 162.98928608541737617 200.51696825372994226 4.0651173418478920851 
 180.75250800523613748 174.02877871581603131 4.0651173418478920851 
 235.53551282319301663 80.604444313157372903 4.0651173418478920851 
 141.23646961157280089 235.96316759415003617 4.0651173418478920851 
 216.91063654560429086 120.44929764395874372 4.0651173418478920851 
 158.84172437461873528 211.63223319769383579 4.0651173418478920851 
 229.85805351239420702 103.36182563069920093 4.0651173418478920851 
 201.87972111258903851 153.75110552487890914 4.0651173418478920851 
 209.3367625138378969 142.16479494377139758 4.0651173418478920851 
 253.80272622417322737 70.644489256623188567 4.0651173418478920851 
 138.79582278388554073 256.24681190303618905 4.0651173418478920851 
 179.87067365770471383 193.15598994293310398 4.0651173418478920851 
 146.85537853972067524 246.59368384749558345 4.0651173418478920851 
 174.47723232200780785 203.15169903066896495 4.0651173418478920851 
 192.16149717417292209 179.0566511455478178 4.0651173418478920851 
 248.33841446802935593 82.088176179993752157 4.0651173418478920851 
 166.09644708287754611 220.96611953883260071 4.0651173418478920851 
 229.15901440054389582 122.90919422223512925 4.0651173418478920851 
 238.41246802421477469 113.77223840055486903 4.0651173418478920851 
 221.95717239246363306 143.78063315498073393 4.0651173418478920851 
 176.43934401827814895 214.76454988260360324 4.0651173418478920851 
 209.30090516834218306 165.32885368799435355 4.0651173418478920851 
 191.08073813798685592 191.13376470696124443 4.0651173418478920851 
 164.64268371132482116 233.00031422721119156 4.0651173418478920851 
 203.62745458739112792 176.27752101509955196 4.0651173418478920851 
 158.1801661583377836 243.73974964045703473 4.0651173418478920851 
 230.59606299679714425 134.41567304057898014 4.0651173418478920851 
  197.753859016540531 200.75992163359097731 4.0651173418478920851 
 251.4166807636324279 118.38991322344902812 4.0651173418478920851 
 186.91904555371277752 219.34989970840661044 4.0651173418478920851 
 229.9018562467175002 153.21056506934093022 4.0651173418478920851 
 165.0906893929657997 253.49794562452945001 4.0651173418478920851 
 221.48027871299811409 171.15810390429001586 4.0651173418478920851 
 211.11668703269049274 186.52857391014771338 4.0651173418478920851 
 175.89643832025350889 237.28261813530085078 4.0651173418478920851 
 242.14981431484798691 137.79163673969907222 4.0651173418478920851 
 196.65488275117448325 212.73990569485067681 4.0651173418478920851 
 185.90191102035143444 231.11286573165463665 4.0651173418478920851 
 209.2603579238845839 198.28433157550188071 4.0651173418478920851 
 252.34421303551184224 131.38067086956078811 4.0651173418478920851 
 231.37469872780187075 165.13598572722366953 4.0651173418478920851 
 176.3820772913731787 249.15016009651949958 4.0651173418478920851 
 241.37339035168281498 149.54745049211507535 4.0651173418478920851 
 222.60566829265724209 183.84865864067870689 4.0651173418478920851 
 196.0276099321897334   236.52469942087248 4.0651173418478920851 
 207.59859856559705804 217.88757521400904693 4.0651173418478920851 
 215.95010312797111851 208.59593432566720139 4.0651173418478920851 
 249.61704243003404713 158.06906891915670599 4.0651173418478920851 
 243.33287404507325391 169.08617584522690436 4.0651173418478920851 
 186.54622930053346863 255.10159906746727643 4.0651173418478920851 
 230.27927610937251757 194.12220935810339029 4.0651173418478920851 
 206.49024444260851396 229.8651995344702641 4.0651173418478920851 
 196.86441057193846405 248.58887553035486917 4.0651173418478920851 
 227.95177130276758248 207.02857393800391606 4.0651173418478920851 
