 85.582474037666784739 6.5321644276314296818 4.0651173418478920851 
 44.101479687576329525 31.080750664797157867 4.0651173418478920851 
 5.5781829430631058031 54.458544761580895965 4.0651173418478920851 
 72.651532909097880975 23.559629403268083081 4.0651173418478920851 
 23.592392412960681014 45.020412154965178786 4.0651173418478920851 
 84.971307809614344819 19.48925213544104551 4.0651173418478920851 
 35.640405913807370553 41.822306335374165087 4.0651173418478920851 
 105.03117226678699581 18.314596568209132954 4.0651173418478920851 
 56.459494395708709646 37.444436019965905871 4.0651173418478920851 
 17.328850356896207785 57.130743078517149058 4.0651173418478920851 
 69.700808387471298033 35.667384612671384048 4.0651173418478920851 
 95.164726246160711298 26.904258770348647545 4.0651173418478920851 
 135.53542566821187165 2.6676359730993981501 4.0651173418478920851 
 41.673140951724249703 52.461261929647058366 4.0651173418478920851 
 53.677830739765610701 49.361173238304687061 4.0651173418478920851 
 116.63124787377364555 21.893151557817038366 4.0651173418478920851 
 129.26912665042357276 14.908530365537808748 4.0651173418478920851 
 148.12400105514493021 4.5468668048451643671 4.0651173418478920851 
 18.071715286729947536 69.714702880150227315 4.0651173418478920851 
 92.638459751127882669 39.884924847492840172 4.0651173418478920851 
 80.458962270510582471 44.466899067073200058 4.0651173418478920851 
 8.5575250188161433584 79.135503276579498788 4.0651173418478920851 
 39.593199836546745018 65.223754241408215648 4.0651173418478920851 
 172.14784998247756675 1.9813510736776758225 4.0651173418478920851 
 118.89134263031120042 34.692998506060121144 4.0651173418478920851 
 29.718285585937017856 73.416285038966123011 4.0651173418478920851 
 155.78474441653972349 13.930778197193587786 4.0651173418478920851 
 59.647577347571164808 59.781291004669192546 4.0651173418478920851 
 137.08302778545109391 25.272129470058917633 4.0651173418478920851 
 167.12251932312963731 11.669287046853453305 4.0651173418478920851 
 183.74935982597395423 2.1666355671239516667 4.0651173418478920851 
 102.01013955428970803 48.924062418836228971 4.0651173418478920851 
 51.493693783887785287 68.762179726702143512 4.0651173418478920851 
 80.70077294884845287 57.550218114433768335 4.0651173418478920851 
 8.9903803468481324757 92.089604030391086553 4.0651173418478920851 
 130.64666349413698754 35.474590168147507541 4.0651173418478920851 
 114.06173323257512209 46.248082981802447478 4.0651173418478920851 
 70.731339212056255406 64.49223102628504023 4.0651173418478920851 
 29.458632983089060531 85.811268205182628321 4.0651173418478920851 
 157.86729391992767546 25.88857974633883785 4.0651173418478920851 
 185.61253484537732561 13.84345603079027498 4.0651173418478920851 
 148.15143315004186775 31.333580586964671966 4.0651173418478920851 
 175.43046401062528616 19.980434685401299078 4.0651173418478920851 
 20.705613443942091578 95.344694977070417963 4.0651173418478920851 
 101.0914481892966279 61.390143631526711943 4.0651173418478920851 
 90.088915938664058558 65.986574761515939258 4.0651173418478920851 
 57.978625753748659122 78.875691382128863438 4.0651173418478920851 
 137.5363999326649207 45.225307730436526299 4.0651173418478920851 
 169.47177334465740728 30.071071705358463078 4.0651173418478920851 
 39.849992531614496727 91.241908236278007394 4.0651173418478920851 
 70.261615587436537567 77.04594184292825787 4.0651173418478920851 
 205.94421538918660985 13.524111735927636602 4.0651173418478920851 
 121.63008691170101372 56.450061417032657118 4.0651173418478920851 
 195.54990220181201721 19.058809185611639947 4.0651173418478920851 
 149.16486169642803361 43.516964985812897737 4.0651173418478920851 
 51.532250445982072051 88.64831115775294279 4.0651173418478920851 
 133.56350922953802751 55.790629846369405698 4.0651173418478920851 
 26.575505741178115926 106.69163600417367377 4.0651173418478920851 
 1.5469697346704682772 123.34972933516870341 4.0651173418478920851 
 108.93516316407563238 71.463195154599418402 4.0651173418478920851 
 175.6054528299187325 40.275246877840615412 4.0651173418478920851 
 91.074132385340632823 78.83687037027894462 4.0651173418478920851 
 38.089546645877632614 103.2496225182062517 4.0651173418478920851 
 120.49551311971683276 68.718180631046649864 4.0651173418478920851 
 195.82573057196913169 30.784685936892703495 4.0651173418478920851 
 80.242534741142108601 84.77794492338361465 4.0651173418478920851 
 213.81436266228971022 23.39104134265853574 4.0651173418478920851 
 157.37639554116969975 52.712942812976933737 4.0651173418478920851 
 57.226138383385780628 98.904995691273185798 4.0651173418478920851 
 13.770900294830077826 124.48695546689235414 4.0651173418478920851 
 187.84786021184123683 39.78337713695334088 4.0651173418478920851 
 24.75677593231502982 119.07353556998279487 4.0651173418478920851 
 169.59701693893106267 50.789333307296296027 4.0651173418478920851 
 207.66101472435488517 33.950068744172888557 4.0651173418478920851 
 48.724091470175999063 108.0974398025929446 4.0651173418478920851 
 103.60966340638837835 82.785206998589401906 4.0651173418478920851 
 140.67020874295445765 65.554130477731661131 4.0651173418478920851 
 68.647010797620012568 102.46483097948865293 4.0651173418478920851 
 153.0232957985646749 64.693494221703332414 4.0651173418478920851 
 80.390067473282428523 97.373361777896860758 4.0651173418478920851 
 132.07232897741744182 74.427669886453188042 4.0651173418478920851 
 15.445196873673360471 136.3016955417210454 4.0651173418478920851 
 5.1220079989003810539 142.57739724781782797 4.0651173418478920851 
 195.41115767469423758 49.536789948704928577 4.0651173418478920851 
 177.29470712383738373 59.830198475144968029 4.0651173418478920851 
 207.45689182580699139 46.167653512899718748 4.0651173418478920851 
 33.71364025881953097 129.03924765998979751 4.0651173418478920851 
 53.427905759539406461 119.00112247447218294 4.0651173418478920851 
 65.188731193492941429 114.45345366502802165 4.0651173418478920851 
 111.66068734956181174 93.714650854452600015 4.0651173418478920851 
 189.72883271108804593 59.873829073288590052 4.0651173418478920851 
 91.236764397336017396 105.1588772779919907 4.0651173418478920851 
 46.290361467137181251 129.42099711875829371 4.0651173418478920851 
 26.713228628308797852 139.9157790420490528 4.0651173418478920851 
 161.33714936852675237 74.286513678232125812 4.0651173418478920851 
 5.1046367856707695054 154.31016809058158401 4.0651173418478920851 
 135.11977089779813355 85.980724792334498829 4.0651173418478920851 
 173.06384753377525954 71.002742705467298379 4.0651173418478920851 
 125.39688431132572077 94.314377895000987451 4.0651173418478920851 
 216.21529399329284615 54.247304393439904402 4.0651173418478920851 
 105.37394617138330943 105.34618638647866362 4.0651173418478920851 
 74.210650751897759392 120.82342872198456973 4.0651173418478920851 
 85.828812178168519154 116.3097466028223721 4.0651173418478920851 
 228.59180775017782139 52.220289707606525553 4.0651173418478920851 
 193.78263439087200481 71.487518213149144231 4.0651173418478920851 
 25.665289671891802215 152.37440219297084809 4.0651173418478920851 
 159.58158576492090219 86.865372320868161182 4.0651173418478920851 
 147.57299708337237121 91.504947930562835268 4.0651173418478920851 
 15.924599161442817064 159.76176199473587758 4.0651173418478920851 
 183.23627207293884567 77.603658843459086825 4.0651173418478920851 
 51.332721834201826994 141.13377879791923419 4.0651173418478920851 
 214.03205921846978299 66.270417505261804081 4.0651173418478920851 
 71.771060415223104201 132.81058497587662259 4.0651173418478920851 
 132.65991518280173977 104.64356438133866334 4.0651173418478920851 
 91.048573306196516342 126.79021141327325495 4.0651173418478920851 
 114.1326105298236655 115.81425939507330725 4.0651173418478920851 
 205.43931869686349501 75.062063678917184006 4.0651173418478920851 
 45.766612564588648127 152.20510140913577857 4.0651173418478920851 
 63.829870067009089496 142.08853048686108878 4.0651173418478920851 
 35.160804843113965035 159.0098315802353568 4.0651173418478920851 
 14.109959445859203697 172.15893780991262929 4.0651173418478920851 
 234.11872240634770037 63.89511736785652829 4.0651173418478920851 
 145.86514177213373955 103.80667442618781138 4.0651173418478920851 
 82.855106846146426847 135.78360721435493019 4.0651173418478920851 
 126.71733340655781319 115.05735615008461536 4.0651173418478920851 
 170.55998677856680956 93.67444066236855349 4.0651173418478920851 
 182.47727209250544433 89.020082981071325889 4.0651173418478920851 
 224.86465555781427383 71.580907409557767096 4.0651173418478920851 
 101.46335450590528637 131.82826693421532127 4.0651173418478920851 
 112.63362468937903316 128.48373175959687842 4.0651173418478920851 
 53.04997506819528752 161.48576998199121135 4.0651173418478920851 
 36.206216628040799321 171.97701790655992227 4.0651173418478920851 
 211.85241054971072572 86.370397934987906297 4.0651173418478920851 
 19.050885974827330926  183.533385594550424 4.0651173418478920851 
 173.81812568478773073 105.71804411939335466 4.0651173418478920851 
 70.153951775327740847 152.91774531688588468 4.0651173418478920851 
 224.36066638947443153 83.627439230195520281 4.0651173418478920851 
 192.84140793689530824 96.551922173433666785 4.0651173418478920851 
 154.41706523345067126 114.36602703029575423 4.0651173418478920851 
 134.59636338925622567 124.49457239447680479 4.0651173418478920851 
 87.686960322092744491 146.16188159608890373 4.0651173418478920851 
  98.8807208464877192 143.22462488543320092 4.0651173418478920851 
 31.067147966918977176 183.38402854857855573 4.0651173418478920851 
 64.49065983661341761 163.05086527427087617 4.0651173418478920851 
 47.90608025824285221 171.94677882236379673 4.0651173418478920851 
 186.45072161496889862 106.54660876862162411 4.0651173418478920851 
 147.01716916084384934 124.10928706181134373 4.0651173418478920851 
 205.86991203741939671 97.254187888827530628 4.0651173418478920851 
 119.85274084709948283 138.80102639717674151 4.0651173418478920851 
 168.23275035312235559 116.43463159894038483 4.0651173418478920851 
 247.11035649672197678 81.654290352395278774 4.0651173418478920851 
 81.794889587288210464 156.19109705495111484 4.0651173418478920851 
 235.78526369794721518 88.449320891151600676 4.0651173418478920851 
 131.33291738319579167 136.22793143755572487 4.0651173418478920851 
 105.30001133508302757 152.15026616022393569 4.0651173418478920851 
 56.217796582242108627 179.90930179363002139 4.0651173418478920851 
 67.273772587029540659 174.77397129451762225 4.0651173418478920851 
 34.18607684711293615 195.97584650093506298 4.0651173418478920851 
 117.02644117765832732 151.04544377228955909 4.0651173418478920851 
 191.26739937789224655 117.3580327110254018 4.0651173418478920851 
 150.42663579580761279 135.97280050027947595 4.0651173418478920851 
 212.79777989752432177 108.47775634398598754 4.0651173418478920851 
 180.70484365462087339 124.51074420720860303 4.0651173418478920851 
 140.27046648803855078 144.13300991561845876 4.0651173418478920851 
 99.814268749369702505 162.64142795119087737 4.0651173418478920851 
 88.838069462475260707 166.58868511228840248 4.0651173418478920851 
 237.28309156435844329 100.58134152343501455 4.0651173418478920851 
 53.972150523798774202 191.23466205792274764 4.0651173418478920851 
  226.962609326442049 109.49255792875169391 4.0651173418478920851 
 204.21925612293293284 118.63427197912282907 4.0651173418478920851 
 45.381313248061665888 199.89750875012273923 4.0651173418478920851 
 77.168109106950694809 181.5380035208718823 4.0651173418478920851 
 160.60848551684975405 142.17788153215545321 4.0651173418478920851 
 250.64709639698222077 101.29229555280211628 4.0651173418478920851 
 118.63500296636830456 163.1465411841157902 4.0651173418478920851 
 88.840840615933174718 179.11307955753974852 4.0651173418478920851 
 64.287967717692268366 196.22521089267229399 4.0651173418478920851 
 183.96497402657718112 136.31937565073536689 4.0651173418478920851 
 108.35977260356808927 170.21869613627148965 4.0651173418478920851 
 143.09103361698527124 156.77756482244615199 4.0651173418478920851 
 173.44125112398057809 143.31014223199517232 4.0651173418478920851 
 75.351665569463619931 192.95481769153087725 4.0651173418478920851 
 206.63287698596454334 130.83970327743517714 4.0651173418478920851 
 155.12665287000541525 153.86092486923129741 4.0651173418478920851 
 51.804054094148405341 210.60354755272632588 4.0651173418478920851 
 232.94365838743013342 120.84173478494514598 4.0651173418478920851 
 196.98637104545110788 139.1599022062842721 4.0651173418478920851 
 126.37745082973752631 171.48532359175774786 4.0651173418478920851 
 63.173360173539684581 207.59095266236710131 4.0651173418478920851 
 254.38030589250001867 112.87243074100418028 4.0651173418478920851 
 138.07247481599108596  169.260461998352298 4.0651173418478920851 
 108.39382055990077447 182.36035692653348406 4.0651173418478920851 
 97.701794481926654612 188.86368852363096948 4.0651173418478920851 
 245.42762053449905579 121.25260217010188057 4.0651173418478920851 
 174.78227106109599731 155.19019023037523652 4.0651173418478920851 
 50.908497130380069962 222.54359739040748423 4.0651173418478920851 
 163.98350904162870734 160.8490230871461506 4.0651173418478920851 
 82.468214296410991437 202.70534032781003475 4.0651173418478920851 
 217.95727809702736977 136.99417336708543758 4.0651173418478920851 
 120.6071450012272237 183.4285247215670438 4.0651173418478920851 
 229.69382769829732638 133.06562024870390815 4.0651173418478920851 
 74.072796700602054898 211.71758650111107158 4.0651173418478920851 
 94.592183135771179536 202.65105968029712358 4.0651173418478920851 
 138.49595428162550093 182.43606194879313875 4.0651173418478920851 
 202.86896689886523859 150.47645177145815865 4.0651173418478920851 
 183.53924149962639945 163.3619106169552424 4.0651173418478920851 
 164.82711303788872215 172.25083873680324587 4.0651173418478920851 
 62.601073180525716566 228.46195184728932759 4.0651173418478920851 
 216.29735012985420894 149.26763779103700358 4.0651173418478920851 
 250.28544454804270458 132.54762417578768918 4.0651173418478920851 
 74.605710698256345381 223.25591662111304458 4.0651173418478920851 
 128.64334524152013728 192.11038383755166592 4.0651173418478920851 
 195.61636919058236117 160.57758138718799046 4.0651173418478920851 
 240.66115855828942927 140.6641331882949828 4.0651173418478920851 
 148.44954329319131148 187.27963983448441354 4.0651173418478920851 
 159.02853684212396956 182.46127682084585331 4.0651173418478920851 
 176.79092622214062658 173.96204035752330697 4.0651173418478920851 
 97.522488543113823312 216.36274286084159257 4.0651173418478920851 
 87.138036267114841849 225.50500524337044794 4.0651173418478920851 
 63.151286779933727189 240.65027775647942576 4.0651173418478920851 
 128.39761039701014056 205.92194260167028119 4.0651173418478920851 
 227.56427656699270301 156.29894282530185023 4.0651173418478920851 
 201.39456197629479561 170.98404086796983847 4.0651173418478920851 
 148.40576141329498228 198.96666606071983097 4.0651173418478920851 
 240.70480459835113152 153.26888234723102755 4.0651173418478920851 
 176.76876946949292346 185.85138640287337353 4.0651173418478920851 
 109.07074924718463649 222.0678291393434165 4.0651173418478920851 
 166.57649237449939505 191.88074596285741791 4.0651173418478920851 
  75.6630812351353228 244.05284011341385053 4.0651173418478920851 
 121.76178581833946168 217.91021328129829726 4.0651173418478920851 
 87.429267645970838885 237.83526745497408683 4.0651173418478920851 
 140.47097875864892558 208.09340602252322583 4.0651173418478920851 
 213.40706428744098844 172.3650251969136491 4.0651173418478920851 
 196.27206320797031935 182.12125540618947639 4.0651173418478920851 
 224.89955941255084326 168.06342132600823902 4.0651173418478920851 
 159.7104718675502113 201.94215626567819299 4.0651173418478920851 
 187.12253693067304994 189.67357636205750282 4.0651173418478920851 
 253.33509927015464314  161.066047766694453 4.0651173418478920851 
 109.32201440950714755 235.06853716665810339 4.0651173418478920851 
 99.20814046892286342 242.46334830688587658 4.0651173418478920851 
 76.494146777195538789 256.07123185668183396 4.0651173418478920851 
 147.45498755866407237 218.28798410465762458 4.0651173418478920851 
 214.57226285210046512 184.18715497847679785 4.0651173418478920851 
 128.84231716377652788 229.0944159828459874 4.0651173418478920851 
 159.26133161420466422 213.95790786049275312 4.0651173418478920851 
 204.9035510976979424 190.14697230944656781 4.0651173418478920851 
 232.26609764948577208 178.12218116161167814 4.0651173418478920851 
 188.73836792286766695 201.38432040364963882 4.0651173418478920851 
 141.69003359600301906 229.22481760469980827 4.0651173418478920851 
 121.21358222716395403 240.06333147515726978 4.0651173418478920851 
 100.29543081995646503 254.82825443745545613 4.0651173418478920851 
    200.7963642457633 201.18505200571689784 4.0651173418478920851 
 253.97315910703918007 174.80326382244763295 4.0651173418478920851 
 225.29157608807230417 188.04088879209226093 4.0651173418478920851 
 181.46227456782239074 211.07935703209690814 4.0651173418478920851 
 243.58547311326734075 181.44836257482987207 4.0651173418478920851 
 170.49585248790984338 217.14872214577650311 4.0651173418478920851 
 226.2575898281093032 199.71394567064598391 4.0651173418478920851 
 207.57937708662697673 210.39593220781819127 4.0651173418478920851 
 123.35306178132789512 253.26832543139059339 4.0651173418478920851 
 149.65230215707643424 238.92652729598722772 4.0651173418478920851 
 171.60144317050409768 229.05482938040452723 4.0651173418478920851 
 244.94581221821917438 194.07065102012927582 4.0651173418478920851 
 189.06715999306604203 220.4148183076922578 4.0651173418478920851 
 219.31585643351621684 209.53942807194653142 4.0651173418478920851 
 162.64726871267581032 237.1528696129438174 4.0651173418478920851 
 200.81702973004561841 220.07439234112354143 4.0651173418478920851 
 237.46030521953164794 203.32327124465666657 4.0651173418478920851 
 183.55396469851405072 230.93523061214526138 4.0651173418478920851 
 256.2355194876882365 197.49426694676265015 4.0651173418478920851 
 147.21683161252025229 251.35874990581189081 4.0651173418478920851 
 206.88022537416108548 229.82402725296179824 4.0651173418478920851 
 168.47702797081325343 247.91334884393285165 4.0651173418478920851 
 159.2213176153415759 255.89086291478119506 4.0651173418478920851 
