 116.30322415225390387 2.116811423383401447 3.7612124865437444043 
 96.189964598503223669 22.230070977134079868 3.7612124865437444043 
 119.98420612704531152 15.854423175050129657 3.7612124865437444043 
 109.92757635016995721 25.911052951925483967 3.7612124865437444043 
 86.13333482162786936 32.286700754009416414 3.7612124865437444043 
 66.020075267877189162 52.399960307760110823 3.7612124865437444043 
 89.814316796419277011 46.024312505676178375 3.7612124865437444043 
 79.757687019543922702 56.080942282551518474 3.7612124865437444043 
 55.963445491001841958 62.456590084635465132 3.7612124865437444043 
 35.850185937251161761 82.56984963838614533 3.7612124865437444043 
 59.644427465793242504 76.194201836302212882 3.7612124865437444043 
 49.587797688917902406 86.250831613177552981 3.7612124865437444043 
 25.793556160375811004 92.626479415261499639 3.7612124865437444043 
 5.6802966066251308064 112.73973896901217984 3.7612124865437444043 
 29.47453813516721155 106.36409116692824739 3.7612124865437444043 
 19.417908358291875004 116.42072094380357328 3.7612124865437444043 
 143.77844765558739937 9.4787753729662078683 3.7612124865437444043 
 167.57268918412947301 3.1031275708822589898 3.7612124865437444043 
 157.51605940725414712 13.159757347757597756 3.7612124865437444043 
 133.72181787871204506 19.535405149841547967 3.7612124865437444043 
 113.60855832496136486 39.648664703592238823 3.7612124865437444043 
 137.4027998535034385 33.273016901508292165 3.7612124865437444043 
 127.34617007662811261 43.329646678383632263 3.7612124865437444043 
 103.55192854808603897 49.705294480467578921 3.7612124865437444043 
 83.438668994335344564 69.818554034218252013 3.7612124865437444043 
 107.2329105228774182 63.442906232134319566 3.7612124865437444043 
 97.176280746002078104 73.499536009009673876 3.7612124865437444043 
 73.382039217460004465 79.875183811093606323 3.7612124865437444043 
 53.268779663709310057 99.988443364844300731 3.7612124865437444043 
 77.063021192251397906 93.612795562760354073 3.7612124865437444043 
 67.006391415376072018 103.66942533963569417 3.7612124865437444043 
 43.212149886833969958 110.04507314171965504 3.7612124865437444043 
 23.098890333083289761 130.15833269547033524 3.7612124865437444043 
 46.893131861625356294 123.78268489338640279 3.7612124865437444043 
  36.8365020847500233 133.83931467026172868 3.7612124865437444043 
 13.042260556207924793 140.21496247234568955 3.7612124865437444043 
 16.723242530999343103 153.95257422401240888 3.7612124865437444043 
 6.6666127541239879051 164.00920400088776319 3.7612124865437444043 
 181.31030093579622076 6.7841095456736626446 3.7612124865437444043 
 161.19704138204554056 26.897369099424356165 3.7612124865437444043 
 184.99128291058767104 20.521721297340420165 3.7612124865437444043 
 174.93465313371231673 30.578351074215770922 3.7612124865437444043 
 151.14041160517018625 36.953998876299692711 3.7612124865437444043 
 131.02715205141950605 57.067258430050387119 3.7612124865437444043 
 154.82139357996163653 50.691610627966454672 3.7612124865437444043 
 144.76476380308628222 60.748240404841801876 3.7612124865437444043 
 120.97052227454418016 67.123888206925727218 3.7612124865437444043 
 100.85726272079349997 87.237147760676407415 3.7612124865437444043 
 124.65150424933560203 80.86149995859250339 3.7612124865437444043 
 114.59487447246026193 90.918129735467829278 3.7612124865437444043 
 90.800632943918145656 97.293777537551761725 3.7612124865437444043 
 70.687373390167465459 117.40703709130245613 3.7612124865437444043 
 94.481614918709567519 111.03138928921852369 3.7612124865437444043 
 84.424985141834241631 121.08801906609386378 3.7612124865437444043 
 60.630743613292118255 127.46366686817781044 3.7612124865437444043 
 40.517484059541438057 147.57692642192850485 3.7612124865437444043 
 64.311725588083533012 141.2012786198445724 3.7612124865437444043 
 54.255095811208192913 151.25790839671989829 3.7612124865437444043 
 30.460854282666069537 157.63355619880385916 3.7612124865437444043 
 10.347594728915391116 177.74681575255453936 3.7612124865437444043 
 34.141836257457498505 171.37116795047060691 3.7612124865437444043 
 24.085206480582161959 181.4277977273459328 3.7612124865437444043 
 198.72889466225439037 24.202703272131824264 3.7612124865437444043 
 178.61563510850371017 44.315962825882515119 3.7612124865437444043 
 202.40987663704578381 37.940315023798568461 3.7612124865437444043 
 192.35324686017045792 47.99694480067390856 3.7612124865437444043 
 168.55900533162835586 54.372592602757855218 3.7612124865437444043 
 148.44574577787767566 74.485852156508542521 3.7612124865437444043 
 172.2399873064197493 68.110204354424595863 3.7612124865437444043 
 162.18335752954442341 78.166834131299935962 3.7612124865437444043 
 138.38911600100234978 84.54248193338388262 3.7612124865437444043 
 118.27585644725165537 104.65574148713456282 3.7612124865437444043 
 142.07009797579374322 98.28009368505063037 3.7612124865437444043 
 132.01346819891841733 108.33672346192597047 3.7612124865437444043 
 108.21922667037631527 114.71237126400991713 3.7612124865437444043 
 88.105967116625635072 134.82563081776058311 3.7612124865437444043 
 111.9002086451676945 128.44998301567667909 3.7612124865437444043 
 101.84357886829236861 138.50661279255200498 3.7612124865437444043 
 78.049337339750280762 144.88226059463593742 3.7612124865437444043 
 57.936077785999600565 164.99552014838664604 3.7612124865437444043 
 81.730319314541659992 158.61987234630271359 3.7612124865437444043 
 71.673689537666334104 168.67650212317803948 3.7612124865437444043 
 47.879448009124232044 175.05214992526197193 3.7612124865437444043 
 27.766188455373551847 195.16540947901268055 3.7612124865437444043 
 51.560429983915646801 188.7897616769287481 3.7612124865437444043 
 41.503800207040306702 198.84639145380407399 3.7612124865437444043 
 216.14748838871255998 41.621296998589983218 3.7612124865437444043 
 196.03422883496187978 61.734556552340677626 3.7612124865437444043 
 219.82847036350395342 55.358908750256723863 3.7612124865437444043 
 209.77184058662859911 65.415538527132071067 3.7612124865437444043 
 185.97759905808652547 71.791186329216017725 3.7612124865437444043 
 165.86433950433584528 91.904445882966697923 3.7612124865437444043 
 189.65858103287791891 85.528798080882751265 3.7612124865437444043 
 179.60195125600259303 95.585427857758091363 3.7612124865437444043 
 155.80770972746051939 101.96107565984205223 3.7612124865437444043 
 135.69445017370981077 122.07433521359271822 3.7612124865437444043 
 159.48869170225188441 115.69868741150878577 3.7612124865437444043 
 149.43206192537655852 125.75531718838412587 3.7612124865437444043 
 125.63782039683447067 132.13096499046807253 3.7612124865437444043 
 105.52456084308379047 152.24422454421875273 3.7612124865437444043 
 129.3188023716258499 145.8685767421348487 3.7612124865437444043 
 119.26217259475053822 155.92520651901017459 3.7612124865437444043 
 95.467931066208436164 162.30085432109410704 3.7612124865437444043 
 75.354671512457755966 182.41411387484478723 3.7612124865437444043 
 99.148913040999829605 176.03846607276085479 3.7612124865437444043 
 89.092283264124503717 186.09509584963618067 3.7612124865437444043 
 65.298041735582401657 192.47074365172016996 3.7612124865437444043 
 45.184782181831728565 212.58400320547085016 3.7612124865437444043 
 68.979023710373809308 206.20835540338688929 3.7612124865437444043 
 58.92239393349846921 216.2649851802622436 3.7612124865437444043 
 233.56608211517072959 59.039890725048145725 3.7612124865437444043 
 213.45282256142002097 79.153150278798818817 3.7612124865437444043 
 237.24706408996212303 72.77750247671488637 3.7612124865437444043 
 227.19043431308679715 82.834132253590226469 3.7612124865437444043 
 203.39619278454466667 89.209780055674173127 3.7612124865437444043 
 183.28293323079398647 109.32303960942485332 3.7612124865437444043 
 207.07717475933608853 102.94739180734092088 3.7612124865437444043 
 197.02054498246076264 113.00402158421626098 3.7612124865437444043 
 173.22630345391866058 119.37966938630020763 3.7612124865437444043 
 153.11304390016798038 139.49292894005088783 3.7612124865437444043 
 176.90728542871005402 133.11728113796695538 3.7612124865437444043 
 166.85065565183472813 143.17391091484228127 3.7612124865437444043 
 143.05641412329265449 149.54955871692624214 3.7612124865437444043 
 122.94315456954194588 169.66281827067692234 3.7612124865437444043 
 146.73739609808401951 163.28717046859298989 3.7612124865437444043 
 136.68076632120869363 173.34380024546831578 3.7612124865437444043 
 112.88652479266659157 179.71944804755227665 3.7612124865437444043 
 92.773265238915925579 199.83270760130298527 3.7612124865437444043 
 116.56750676745799922 193.4570597992190244 3.7612124865437444043 
 106.51087699058265912 203.51368957609435029 3.7612124865437444043 
 82.716635462040571269 209.88933737817831116 3.7612124865437444043 
 62.603375908289883967 230.00259693192901977 3.7612124865437444043 
 86.39761743683196471 223.62694912984505891 3.7612124865437444043 
 76.340987659956624611 233.68357890672038479 3.7612124865437444043 
 250.98467584162887078 76.458484451506279811 3.7612124865437444043 
 230.87141628787816217 96.571744005256974219 3.7612124865437444043 
 254.6656578164202358 90.196096203173027561 3.7612124865437444043 
 244.60902803954490992 100.25272598004835345 3.7612124865437444043 
 220.81478651100283628 106.62837378213231432 3.7612124865437444043 
 200.70152695725212766 126.74163333588299452 3.7612124865437444043 
 224.49576848579422972 120.36598553379906207 3.7612124865437444043 
 214.43913870891887541 130.42261531067438796 3.7612124865437444043 
 190.64489718037680177 136.79826311275834883 3.7612124865437444043 
 170.53163762662612157 156.91152266650902902 3.7612124865437444043 
 194.32587915516822363 150.53587486442509658 3.7612124865437444043 
 184.26924937829286932 160.59250464130042246 3.7612124865437444043 
 160.47500784975076726 166.96815244338438333 3.7612124865437444043 
 140.36174829600008707 187.08141199713509195 3.7612124865437444043 
 164.15598982454218913 180.70576419505113108 3.7612124865437444043 
 154.09936004766686324 190.76239397192645697 3.7612124865437444043 
 130.30511851912473276 197.13804177401038942 3.7612124865437444043 
 110.19185896537406677 217.25130132776109804 3.7612124865437444043 
 133.98610049391615462 210.87565352567716559 3.7612124865437444043 
 123.92947071704081452 220.93228330255249148 3.7612124865437444043 
 100.13522918849871246 227.30793110463642392 3.7612124865437444043 
 80.021969634748032263 247.42119065838713254 3.7612124865437444043 
 103.81621116329012011 241.0455428563032001 3.7612124865437444043 
 93.759581386414780013 251.10217263317855441 3.7612124865437444043 
 248.29001001433633178 113.99033773171512962 3.7612124865437444043 
 238.23338023746097747 124.04696750859046972 3.7612124865437444043 
 218.12012068371032569 144.16022706234113571 3.7612124865437444043 
 241.91436221225239933 137.78457926025723168 3.7612124865437444043 
 231.85773243537704502 147.84120903713255757 3.7612124865437444043 
 208.06349090683497138 154.21685683921649002 3.7612124865437444043 
 187.95023135308429119 174.33011639296717021 3.7612124865437444043 
 211.74447288162636482 167.95446859088326619 3.7612124865437444043 
 201.68784310475101051 178.0110983677586205 3.7612124865437444043 
 177.89360157620893688 184.38674616984252452 3.7612124865437444043 
 157.78034202245825668 204.50000572359320472 3.7612124865437444043 
 181.57458355100033032 198.1243579215093007 3.7612124865437444043 
 171.51795377412500443 208.18098769838462658 3.7612124865437444043 
 147.72371224558290237 214.55663550046858745 3.7612124865437444043 
 127.61045269183222217 234.66989505421926765 3.7612124865437444043 
 151.40469422037429581 228.29424725213530678 3.7612124865437444043 
 141.34806444349896992 238.35087702901066109 3.7612124865437444043 
 117.55382291495686786 244.72652483109462196 3.7612124865437444043 
 255.65197396391914708 141.46556123504862512 3.7612124865437444043 
 235.53871441016849531 161.57882078879933374 3.7612124865437444043 
 249.27632616183521463 165.25980276359069876 3.7612124865437444043 
  225.482084633293141 171.63545056567465963 3.7612124865437444043 
 205.3688250795424608 191.74871011942533983 3.7612124865437444043 
 229.16306660808453444 185.37306231734140738 3.7612124865437444043 
 219.10643683120918013 195.42969209421673327 3.7612124865437444043 
 195.31219530266710649 201.80533989630069414 3.7612124865437444043 
 175.19893574891642629 221.91859945005140275 3.7612124865437444043 
 198.99317727745849993 215.54295164796744189 3.7612124865437444043 
 188.93654750058314562 225.59958142484276777 3.7612124865437444043 
 165.14230597204107198 231.97522922692672864 3.7612124865437444043 
 145.02904641829039178 252.08848878067743726 3.7612124865437444043 
 168.82328794683246542 245.71284097859347639 3.7612124865437444043 
 158.76665816995711111 255.76947075546880228 3.7612124865437444043 
 252.9573081366266365 178.99741451525747493 3.7612124865437444043 
 92.508982623711787596 8.4924592254673232361 3.7612124865437444043 
 242.90067835975128219 189.05404429213282924 3.7612124865437444043 
 222.78741880600060199 209.16730384588350944 3.7612124865437444043 
 72.39572306996112161 28.605718779218015868 3.7612124865437444043 
 62.339093293085760195 38.662348556093355967 3.7612124865437444043 
 212.73078902912524768 219.22393362275889217 3.7612124865437444043 
 192.61752947537456748 239.33719317650954395 3.7612124865437444043 
 42.225833739335087103 58.775608109844064586 3.7612124865437444043 
 32.169203962459747004 68.832237886719383368 3.7612124865437444043 
 182.56089969849921317 249.39382295338489826 3.7612124865437444043 
 12.055944408709052595 88.945497440470091988 3.7612124865437444043 
 1.999314631833699174 99.002127217345417876 3.7612124865437444043 
