 131.99926085044643287 46.683283932746803657 
 71.659482189194392276 107.02306259399885846 
 143.04169566186740781 87.895608074793784681 
 112.8718063312413733 118.06549740541980498 
 41.489592858568386191 137.19295192462487876 
 162.16915018107246738 16.513394602120762045 
 52.532027669989311391 178.4052760666718882 
 203.3814743231194484 27.555829413541715667 
 184.25401980391436041 98.938042886214731197 
 123.91424114266233403 159.27782154746677179 
 195.29645461533533535 140.1503670282616838 
 165.12656528470930084 170.32025635888774673 
 93.744351812036313731 189.4477108780928063 
 214.42390913454042334 68.76815355558869669 
 104.78678662345724604 230.66003502013981574 
 255.63623327658737594 79.810588367009628996 
 236.50877875738228795 151.19280183968265874 
 176.16900009613024736 211.53258050093469933 
 90.786936708399423424 35.640849121325821613 
 60.617047377773403127 65.810738451951849015 
 145.99911076550424127 241.70246983156073384 
