 79.143964343179234788 140.01033743296977718 
 79.143964343179234788 90.743114462121710062 
 121.81063100984589198 164.64394891839381785 
 121.81063100984589198 66.109502976697683607 
 164.47729767651259181 140.01033743296977718 
 164.47729767651259181 90.743114462121710062 
  207.143964343179249 164.64394891839381785 
  207.143964343179249 66.109502976697683607 
 249.81063100984593461 140.01033743296977718 
 249.81063100984593461 90.743114462121710062 
 36.477297676512577596 164.64394891839381785 
 36.477297676512577596 66.109502976697683607 
