 137.8330555808394422 71.389060598523315093 
 152.69227605865515329  114.056580598523297 
 75.970159799269495693 156.72410059852330733 
 105.69043239995208694 242.06170059852331633 
 90.830296099610791316 199.39418059852332021 
 120.55056870029338256 28.729220598523333763 
 46.250803021112524505 71.389060598523315093 
 61.110023498928192964  114.056580598523297 
 167.55241235899646313 156.72410059852330733 
 197.27268495967905437 242.06170059852331633 
 182.41254865933774454 199.39418059852332021 
 212.13282126002033579 28.729220598523333763 
