 184.46490025228061427 243.32473364035152485 
 199.32412073009632536 29.992253640351538735 
 122.60200447071066776 72.659773640351545509 
 152.3222770713932448 157.99737364035152609 
 137.46214077105196338 115.32985364035151576 
 167.18241337173455463 200.66489364035155063 
 92.882647692553661045 243.32473364035152485 
 107.74186817036940056 29.992253640351538735 
 214.18425703043763519 72.659773640351545509 
 60.740024511666284468 157.99737364035152609 
 45.879888211325003056 115.32985364035151576 
 75.600160812007601407 200.66489364035155063 
