 244.00561651061499902 169.38033133458569068 
 201.33809651061497448 184.23955181240137335 
 158.6705765106150352 107.51743555301571575 
 73.332976510614997778 137.23770815369832121 
 116.00049651061500811 122.37757185335701138 
 30.665456510614987451 152.09784445403960262 
 244.00561651061499902 77.79807877485872325 
 201.33809651061497448 92.657299252674448553 
 158.6705765106150352 199.09968811274268319 
 73.332976510614983567 45.655455593971332462 
 116.00049651061500811 213.9598244130839646 
 30.665456510614987451 60.515591894312656507 
