 56.644897972431103028 148.62227234907942375 
 13.977377972431124675 163.48149282689513484 
 227.30985797243110369 86.759376567509434608 
 141.97225797243106626 116.47964916819204007 
 184.6397779724310908 101.61951286785074444 
 99.304737972431055937 131.33978546853333569 
 56.644897972431095923 57.040019789352456314 
 13.977377972431124675 71.899240267168195828 
 227.30985797243110369 178.34162912723638783 
 141.97225797243106626 208.06190172791897908 
 184.6397779724310908 193.20176542757769766 
 99.304737972431055937 39.757532908806382466 
