  121.910183566051046 77.340861269948490531 
 138.4746024526123449 15.52160838744811322 
 60.090930683550666913 60.776442383387163204 
 43.526511796989339587 122.59569526588752808 
 88.781345792928391347 200.97936703494920607 
 105.34576467948971867 139.1601141524488412 
 26.96209291042801226 184.41494814838790717 
 200.2938553351127382 32.08602727400943877 
 245.54868933105177575 110.46969904307114518 
 183.72943644855141088 93.905280156509817857 
 167.16501756199008355 155.72453303901016852 
 212.4198515579291211 234.10820480807186073 
 228.98427044449044843 172.28895192557149585 
 150.60059867542875622 217.54378592151056182 
