 115.24003134421923278 36.530274125867755686 
 138.66565718642331717 123.95589996807183297 
 170.66565718642331717 68.53027412586774858 
 83.240031344219246989 91.955899968071818762 
 51.240031344219246989 147.38152581027588894 
 74.665657186423331382 234.80715165247997334 
 106.66565718642333138 179.38152581027591737 
 19.240031344219243437 202.80715165247997334 
 226.09128302862737314 100.53027412586773437 
 27.814405502015176808 59.955899968071832973 
 59.814405502015176808 4.530274125867752133 
 194.09128302862737314 155.95589996807180455 
 162.09128302862740156 211.38152581027586052 
