 180.64306748431189931 2.7509661731572077059 
 180.64306748431192773 93.260634165035298793 
 225.89790148025096528 48.005800169096239927 
 135.38823348837286176 48.005800169096239927 
 90.133399492433824207 93.260634165035284582 
 90.133399492433824207 183.77030215691340231 
 135.38823348837286176 138.51546816097433634 
 44.878565496494765341 138.51546816097433634 
 90.133399492433824207 2.7509661731572219168 
 225.89790148025093686 138.51546816097430792 
 180.64306748431189931 183.77030215691334547 
 44.878565496494779552 48.005800169096268348 
 135.38823348837283334 229.02513615285241144 
