 164.4595175667187732 41.475194237493738569 
 100.45951756671880162 105.47519423749373857 
 164.4595175667187732 105.47519423749373857 
 100.45951756671880162 41.475194237493738569 
 36.459517566718780301 41.475194237493738569 
 228.45951756671880162 105.47519423749373857 
 36.459517566718780301 105.47519423749373857 
 228.45951756671880162 41.475194237493738569 
 164.4595175667187732 169.47519423749375278 
 100.45951756671880162 233.47519423749375278 
 164.45951756671880162 233.47519423749375278 
 100.45951756671880162 169.47519423749375278 
 36.459517566718780301 169.47519423749375278 
 228.45951756671880162 233.47519423749375278 
 36.459517566718780301 233.47519423749375278 
 228.45951756671880162 169.47519423749375278 
