 81.439728509926567313 42.423781198499767697 
 145.43972850992653889 42.423781198499767697 
 145.43972850992653889 106.4237811984997677 
 81.439728509926567313 106.4237811984997677 
 81.439728509926567313 170.4237811984997677 
 145.43972850992653889 170.4237811984997677 
 145.43972850992653889 234.4237811984997677 
 81.439728509926567313 234.4237811984997677 
 209.43972850992653889 42.423781198499767697 
 17.439728509926553102 42.423781198499767697 
 17.439728509926553102 106.4237811984997677 
 209.43972850992653889 106.4237811984997677 
 209.43972850992653889 170.4237811984997677 
 17.439728509926553102 170.4237811984997677 
 17.439728509926553102 234.4237811984997677 
 209.43972850992653889 234.4237811984997677 
