 47.061481580474705311 102.40711764535309669 
 111.06148158047470531 102.40711764535309669 
 111.06148158047470531 166.40711764535308248 
 47.061481580474705311 166.40711764535308248 
 47.061481580474705311 230.40711764535308248 
 111.06148158047470531 230.40711764535308248 
 111.06148158047470531 38.407117645353068269 
 47.061481580474705311 38.407117645353068269 
 175.0614815804746911 102.40711764535309669 
 239.0614815804746911 102.40711764535309669 
 239.0614815804746911 166.40711764535308248 
 175.0614815804746911 166.40711764535308248 
 175.0614815804746911 230.40711764535308248 
 239.0614815804746911 230.40711764535308248 
 239.0614815804746911 38.407117645353068269 
 175.0614815804746911 38.407117645353068269 
