 109.68850741762571488 45.834923258753399011 
 165.11413325982977085 77.834923258753406117 
 133.11413325982977085 133.26054910095749051 
 77.688507417625714879 101.26054910095749051 
 45.688507417625714879 156.6861749431615749 
 101.11413325982978506 188.68617494316154648 
 197.11413325982977085 22.40929741654932883 
 220.53975910203385524 109.83492325875339191 
 54.262881575421602065 13.834923258753386577 
 22.262881575421598512 69.260549100957476298 
 188.53975910203385524 165.26054910095749051 
 156.53975910203385524 220.68617494316154648 
 252.53975910203382682 54.409297416549314619 
