 111.38320422919635178 79.338976281703025961 
 143.38320422919636599 134.76460212390711035 
 87.957578386992281594 166.76460212390711035 
 55.957578386992288699 111.33897628170304017 
 32.531952544788211412 198.76460212390711035 
 198.80883007140042196 102.76460212390709614 
 166.80883007140042196 47.338976281703025961 
 175.38320422919636599 190.19022796611116632 
 79.383204229196337565 23.913350439498945121 
 23.957578386992260278 55.913350439498941569 
 119.9575783869922958 222.19022796611116632 
 64.531952544788225623 254.19022796611116632 
 230.80883007140042196 158.19022796611116632 
