 160.78971059738640292 63.252313416361310772 
 206.04454459332544047 108.50714741230035543 
 160.78971059738643135 153.76198140823939298 
 115.53487660144737958 108.50714741230034122 
 70.280042605508356246 153.76198140823939298 
 115.5348766014473938 199.01681540417845895 
 70.280042605508356246 244.2716494001174965 
 25.025208609569311591 199.01681540417845895 
 251.29937858926450645 153.76198140823939298 
 115.53487660144736537 17.997479420422280327 
 70.280042605508356246 63.252313416361324983 
 206.0445445933254689 199.01681540417845895 
 160.78971059738645977 244.27164940011746808 
 25.025208609569311591 108.50714741230036964 
