 123.47473075126971764 250.21789867301450272 
 178.63179860620394379 134.71984536125501108 
 196.30489881115741468 237.72690587659226935 
 151.05006481521837713 192.47207188065326022 
 78.219896755330708515 204.96306467707549359 
 223.88663260214300976 179.97467935719404863 
 32.965062759391685177 159.70823068113645604 
 88.122130614325882902 44.210177369376964407 
 105.79523081927932537 147.21723788471419425 
 60.540396823340316246 101.96240388877517091 
 133.37696461026496308 89.465011365316016168 
