 166.47281981334108991 188.87009830288388912 
 97.145474235289754006 163.27363743074528202 
 235.79109191330499584 214.46766525263765857 
 219.22667302674364009 152.64841237013729369 
 149.90840092677976259 127.05084542038352424 
 113.70989312185106712 225.09289031324564689 
 133.34398204021846368 65.231592537883187788 
 64.016636462167099353 39.635131665744566476 
 202.66225414018231277 90.829159487636886183 
 186.09783525362101386 29.009906605136553281 
 116.77956315365712214 3.4123396553827944899 
 80.58105534872844089 101.45438454824495977 
