 136.52894089421857871 162.38298796077785369 
 62.939015771380603326 155.60194272478528887 
 210.1103879841897708 169.16744997463908362 
 178.11038798418979923 113.74182413243504186 
 104.52894089421857871 106.95736211857376929 
 94.939015771380624642 211.02756856698937327 
 72.528940894218592916 51.531736276369720429 
 146.11038798418979923 58.316198290230971679 
 114.11038798418979923 2.8905724480269245902 
 168.52894089421857871 217.80861380298190966 
 30.939015771380628195 100.17631688258124711 
