 38.841456780527167325 87.927306413656538098 
 38.841456780527167325 181.60792103571353096 
 81.508123447193838729 181.60792103571353096 
 81.508123447193838729 87.927306413656538098 
 124.17479011386051013 87.927306413656538098 
 124.17479011386051013 181.60792103571353096 
 166.84145678052715311 181.60792103571353096 
 166.84145678052715311 87.927306413656538098 
 209.50812344719383873 87.927306413656538098 
 209.50812344719383873 181.60792103571353096 
 252.17479011386049592 181.60792103571353096 
 252.17479011386049592 87.927306413656538098 
