                    1 111.79648000000020147 
 30.441599999999993997 215.33856000000014319 
 51.024320000000102482 127.98944000000005872 
 61.243840000000204782 178.85568000000012034 
 75.007680000000050313 8.1430400000001554872 
 91.205120000000192704 101.18240000000014334 
 99.964160000000106265 250.89888000000019019 
 101.49856000000011136 52.171520000000100481 
 101.83360000000027412 201.02912000000014814 
 133.89728000000025077 124.74272000000019034 
 138.94912000000010721 171.45376000000010208 
 151.0963200000002189 50.147200000000111686 
 176.07584000000008473 239.0582400000000689 
 175.60928000000023985 8.6675200000001950684 
 172.41504000000020369 95.488960000000133732 
 181.14400000000011914 191.10688000000004649 
 222.37280000000021118 164.87616000000002714 
 219.31104000000016185 113.30016000000000531 
 222.04576000000008662                    1 
