                    1 38.503168000000016491 
 24.839360000000056061 149.10000000000002274 
 32.330559999999991305 233.4807999999999879 
 29.963200000000028922 105.2369600000000105 
 50.355840000000057444 30.899552000000028329 
 65.029760000000010223 166.55984000000000833 
 74.147840000000087457 208.74544000000003052 
 75.977920000000040091 98.911839999999983775 
 90.838400000000092405 58.28710399999999936 
 100.27935999999999694 137.65680000000003247 
 123.43072000000006483 207.89008000000001175 
 141.35328000000004067 160.01456000000001723 
 138.53184000000010201 55.024288000000012744 
 151.96896000000003824 10.767392000000029384 
 177.96480000000008204 83.231840000000033797 
 184.31072000000006028 133.10896000000002459 
 198.94720000000006621                    1 
 214.16288000000008651 48.288319999999998799 
 231.56352000000003954 150.85775999999998476 
 250.77920000000005984 202.11119999999999663 
