 35.603277584290026425 47.120037420274528017 
 3.9945857923741243667 159.86031789486125376 
 37.724410564965765502 92.693588115894897328 
 76.578798710817636675 32.862840465140408241 
 49.479131924748145366 171.80635607176080271 
 78.056352630766298262 107.40075749263475302 
 99.949714514219863304 69.930239572753563948 
 61.331553310021845959 213.69291845981453548 
 143.83034352416902379 2.5899369006091035317 
 89.026614215008734732 149.61844286546036642 
 140.63910941447653613 76.576205711319872194 
 99.796974542939111075 237.39865545303703698 
 168.80389938301962616 42.55221022391333463 
 153.9117313996623011 118.94137106301850793 
 135.27343399321696893 158.5131607622082015 
 143.96914518292942375 229.09818272869264888 
 205.15712308972862843 70.374746814964282748 
 168.49109803282001963 191.7161285412977918 
 196.66368680153391324 116.37394853519407434 
 247.79892424393261763 71.956017565380705037 
 228.94941012829423244 148.47910530589166456 
 217.84245660924460708 194.0751828695339043 
