 111.98425420896082016 22.174903761243740519 
 68.437312936286929244 47.558988962754483509 
 62.510929515080448482 97.510511772090993077 
 24.830309122134622157 126.63744279079304533 
 207.5450756844081468 9.0440617697377092554 
 142.62302313940131171 55.418168230129566609 
 185.94870707411121202 47.769254077717775431 
 102.30241506454922273 123.29218645241383001 
 30.13880884511353031 174.13475402295770778 
 140.53516640953441197 100.98589429507546811 
 211.39863222167514323 85.095897482123262989 
 109.29626329981707045 168.51628693632369504 
 70.633877036651725234 191.41666958666812093 
 181.93903562716911892 121.57501940995589962 
 147.67057350953766104 197.40942192496882512 
 77.961236822945323865 235.16274902186574991 
 190.28968133485059866 168.59236205166712352 
 124.70315799176498217 242.97013132964059423 
 236.85198684309600026 177.22080090949216924 
