 76.463645493335675951 75.965889838785017218 
 33.796978826669011653 149.86672429505711079 
 97.796352843700802282 112.91594565548584228 
 76.463019510367473686 149.86636288362188907 
 12.463645493335690162 186.81714152319315758 
 97.796978826669018758 39.015472610648949114 
 161.79635284370078807 2.0646939710777285626 
 140.46301951036744526 39.01511119921375581 
 140.46239352739925721 112.91558424405064898 
 97.795726860732600016 186.81641870032274255 
 161.79510087776435512 149.86564006075147404 
 140.46176754443104073 186.81605728888752083 
 76.46239352739927142 223.76683592845878934 
 161.79572686073260002 75.965167015914587978 
 225.7951008777643267 39.014388376343354992 
 204.46176754443104073 75.964805604479394674 
 204.46114156146282426 149.86527864931625231 
 161.79447489479616706 223.76611310558837431 
 33.797604809637206813 75.966251250220210522 
 12.464271476303869335 112.91666847835627152 
 225.79447489479616706 112.91486142118020553 
 76.464271476303864006 2.0654167939481027361 
