 89.96545379900835826 49.08048487576146357 
 29.625675137756289246 109.42026353701352548 
 101.00788861042930478 90.292809017808437488 
 70.83799927980328448 120.46269834843448621 
 120.13534312963436435 18.910595545135439721 
 10.498220618551227901 180.80247700968655522 
 161.34766727168135958 29.953030356556389791 
 142.22021275247630001 101.33524382922939822 
 81.880434091224230997 161.67502249048146723 
 153.26264756389727495 142.54756797127640766 
 123.09275823327124044 172.71745730190241375 
 51.710544760598217806 191.84491182110747332 
 172.39010208310233452 71.165354498603363709 
 62.752979572019157217 233.05723596315451118 
 213.60242622514928712 82.207789310024352858 
 194.47497170594425597 153.59000278269732576 
 134.13519304469218696 213.92978144394939477 
 205.51740651736517407 194.8023269247443352 
 175.34751718673913956 224.97221625537034129 
 103.96530371406618087 244.09967077457542928 
 224.64486103657026206 123.42011345207130546 
