 198.86077581943510495 24.714535249777838999 
 116.43510530943461845 46.800427098526270697 
 187.81764281473579103 65.926672311499729062 
 146.60480755973554778 76.969618235873937806 
 75.222270054434360986 57.843373022900486546 
 64.179137049735032861 99.055510084622383715 
 22.966301794734764741 110.09845600899660667 
 217.98734506503672037 96.09586344884738196 
 135.56167455503620545 118.18175529759581366 
 206.94421206033740646 137.30800051056925781 
 165.73137680533713478 148.35094643494349498 
 94.348839300035962196 129.22470122197003661 
 11.923168790035475695 151.31059307071848252 
 83.30570629533661986 170.43683828369194089 
 42.092871040336376609 181.47978420806614963 
 237.11391431063830737 167.47719164791692492 
 154.68824380063784929 189.56308349666537083 
 226.07078130593896503 208.68932870963880077 
 184.8579460509387502 219.73227463401303794 
 113.47540854563757762 200.60602942103957957 
 31.049738035637087563 222.69192126978802548 
 102.43227554093823528 241.81816648276148385 
 61.219440285937977819 252.86111240713566417 
