 24.703852939257046728 153.48741879213636707 
 37.455148543424911622 105.89893573505217717 
 97.794927204676966426 45.559157073800101045 
 85.043631600509101531 93.147640130884283849 
 107.12952344925754744 175.57331064088481298 
 119.88081905342541233 127.98482758380060886 
 180.22059771467746714 67.645048922548539849 
 167.46930211050960224 115.23353197963272976 
 189.55519395925804815 197.65920248963323047 
 202.30648956342591305 150.07071943254905477 
 249.89497262051011717 137.31942382838116146 
