 68.070589694646628232 98.70979031706659157 
 80.821885298814507337 51.121307259982380344 
 102.90777714756295325 133.54697776998290237 
 90.156481543395074141 181.13546082706707807 
 150.49626020464711473 120.79568216581502327 
 163.24755580881497963 73.207199108730833359 
 185.33344765756342554 155.63286961873131986 
 172.58215205339556064 203.22135267581552398 
 232.92193071464762966 142.88157401456345497 
 245.67322631881549455 95.293090957479265057 
 20.48210663756247385 111.46108592123448489 
 7.7308110333945867509 159.04956897831866058 
