 70.597284728899239781 31.409465821291913556 
 83.348580333067133097 78.997948878376107018 
 48.511392880150822293 113.83513633129243203 
 130.93706339015130879 91.749244482543971912 
 61.262688484318694293 161.42361938837657931 
 143.68835899431917369 139.33772753962816182 
 108.85117154140286289 174.1749149925444442 
 191.27684205140337781 152.08902314379602672 
 121.60246714557074199 221.76339804962867674 
 204.02813765557127113 199.67750620088023084 
 169.19095020265496032 234.51469365379654164 
