 81.687485691001029409 25.247961920098099142 
 81.68748569100104362 74.515184890946159157 
 39.02081902433436511 99.148796376370214034 
 124.35415235766771502 99.148796376370185612 
 167.02081902433440064 74.515184890946144947 
 124.35415235766771502 148.41601934721825273 
 81.687485691001029409 173.04963083264232182 
 167.02081902433440064 173.04963083264232182 
 209.68748569100108625 148.41601934721825273 
 167.02081902433442906 222.31685380349040315 
 124.35415235766774344 246.9504652889144154 
