 39.218797919230297566 45.378822738400955927 
 86.807280976314473264 32.627527134233091033 
 169.23295148631498819 54.713418982981536942 
 121.64446842923081249 67.464714587149416047 
 61.30468976797873637 127.80449324840145664 
 108.89317282506290496 115.05319764423359175 
 191.3188433350634341 137.13908949298203765 
 143.7303602779792584 149.89038509714990255 
 83.390581616727175174 210.23016375840197156 
 130.97906467381136508 197.47886815423410667 
 213.40473518381188001 219.56476000298252416 
 165.81625212672767589 232.31605560715041747 
