 188.98700014290452032 53.06702415891599145 
 90.452554201208371865 53.06702415891599145 
 164.35338865748047965 95.733690825582655748 
 115.08616568663239832 95.733690825582655748 
 188.98700014290452032 138.40035749224932715 
 90.452554201208386075 138.40035749224932715 
 164.35338865748047965 181.06702415891598434 
 115.08616568663242674 181.06702415891598434 
 188.98700014290452032 223.73369082558269838 
 90.452554201208400286 223.73369082558269838 
 164.35338865748047965 10.400357492249332481 
 115.08616568663239832 10.400357492249332481 
