 111.42391773142716715 78.854775622397298207 
 160.69114070227524849 78.854775622397298207 
 86.790306246003154911 121.52144228906396961 
 185.32475218769926073 121.52144228906396961 
 111.42391773142719558 164.1881089557306268 
 160.69114070227524849 164.1881089557306268 
 86.790306246003169122 206.85477562239731242 
 185.32475218769926073 206.85477562239731242 
 111.42391773142719558 249.52144228906399803 
 160.69114070227527691 249.52144228906399803 
  86.7903062460031407 36.188108955730676541 
 185.32475218769926073 36.188108955730676541 
