 169.96187135481852692 152.6301941106511606 
 150.29843418941541699 193.30774240207330195 
 65.877212787008502914 169.22750645649165335 
 207.56915941523496372 69.566372417576019416 
 46.212613012563707571 209.90751252559184081 
 187.90636983415001282 110.24456829331634822 
 105.20343953349656374 87.871762289329211626 
  85.5400023680934396 128.54931058075129613 
 130.6356446083304661 233.98593827781363075 
 142.8107275939129579 4.8079405962540509023 
 123.14793801282802121 45.486136471994370822 
