 108.29923284054886778 68.02194032293668613 
 140.29923284054885357 12.59631448073260529 
 52.873606998344769181 36.02194032293668613 
 20.873606998344786945 91.447566165140770522 
 44.299232840548881995 178.8731920073448407 
 76.299232840548867784 123.44756616514075631 
 195.72485868275293797 44.596314480732608843 
 219.15048452495702236 132.02194032293667192 
 251.15048452495699394 76.596314480732587526 
 163.72485868275293797 100.02194032293668613 
 131.72485868275293797 155.44756616514075631 
 155.15048452495705078 242.8731920073448407 
 187.15048452495702236 187.44756616514075631 
 99.724858682752966388 210.87319200734481228 
