 156.35303016033876133 33.086744355633143755 
 156.35303016033876133 123.59641234751121885 
 201.60786415627779888 78.341578351572167094 
 111.09819616439972378 78.341578351572181305 
 65.843362168460686235 123.59641234751124728 
 65.843362168460700445 214.10608033938927974 
 111.09819616439972378 168.85124634345027061 
 20.588528172521659343 168.85124634345027061 
 246.86269815221686486 123.59641234751123307 
 65.843362168460686235 33.086744355633143755 
 201.60786415627782731 168.85124634345027061 
 156.35303016033878976 214.10608033938933659 
 20.588528172521630921 78.341578351572195515 
