 143.57332663203649759 62.552400321323219146 
 120.14770078983245583 149.97802616352731775 
 175.57332663203652601 117.97802616352730354 
 88.147700789832427404 94.552400321323219146 
 32.722074947628357222 126.55240032132321915 
 230.99895247424055356 85.978026163527289327 
 64.722074947628371433 181.97802616352731775 
 198.99895247424055356 30.552400321323208487 
 207.57332663203649759 173.4036520057313453 
 56.147700789832434509 39.12677447911917028 
 111.57332663203649759 7.1267744791191711684 
 152.14770078983241319 205.40365200573137372 
 96.722074947628371433 237.4036520057313453 
