 52.795593207341923403 74.209700845875630648 
 78.391344567539476884 143.53639733171922899 
 21.561425417736511889 190.77720196881438142 
 109.62551235714489906 26.968896208780471113 
 135.22126371734242412 96.295592694624062347 
 160.81701507753996339 165.6222891804676749 
 103.98709592773700194 212.8630938175627989 
 192.05118286714539977 49.054788057528902812 
 217.64693422734291062 118.38148454337249404 
 243.24268558754042147 187.70818102921609238 
 186.41276643773750266 234.94898566631121639 
