 190.57008332492856084 26.565941434488824058 
 143.32927868783343683 83.395860584291781947 
 74.002582201989824284 57.800109224094235572 
 26.761777564894643433 114.63002837389721833 
 212.65597517367703517 108.99161194448933543 
 165.41517053658185432 165.82153109429228266 
 96.088474050738270194 140.22577973409474339 
 48.847669413643075131 197.05569888389771904 
 234.74186702242542424 191.41728245448979351 
 118.17436589948670189 222.65145024409522989 
 4.6758857161461993002 32.204357863896696301 
