 34.95143023223724299 69.782943458691065075 
 96.770683114737622077 86.347362345252406612 
 80.206264228176308961 148.16661522775277149 
 18.387011345675922769 131.60219634119147258 
 1.8225924591145892251 193.42144922369180904 
 63.641845341614967424 209.98586811025313636 
 113.3351020012989494 24.528109462752052394 
 51.515849118798570316 7.9636905761907303969 
 158.58993599723800116 102.91178123181373394 
 220.40918887973836604 119.47620011837506127 
 203.84476999317706714 181.29545300087542614 
 142.02551711067670226 164.73103411431409882 
 125.46109822411534651 226.55028699681446369 
 187.28035110661573981 243.11470588337581944 
 236.97360776629969337 57.656947235874724811 
 175.15435488379932849 41.092528349313390379 
