 200.35174525221663089 31.830735502437736528 
 144.92611941001257492 63.830735502437740081 
 112.9261194100125465 8.4051096602336770047 
 57.500493567808483419 40.405109660233677005 
 89.500493567808490525 95.830735502437747186 
 34.074867725604420343 127.8307355024377614 
 2.0748677256044230077 72.405109660233677005 
 232.35174525221665931 87.256361344641803157 
 208.92611941001257492 174.68198718684587334 
 176.92611941001257492 119.25636134464180316 
 121.50049356780850474 151.25636134464181737 
 153.50049356780851895 206.68198718684590176 
 98.074867725604420343 238.68198718684590176 
 66.074867725604420343 183.25636134464181737 
