 161.77779815675708619 145.49117019377635529 
 119.11027815675707586 205.83139219475245341 
 204.44403815675707392 85.159998773571373931 
 140.44403815675710234 85.159998773571373931 
 97.77779815675708619 145.49117019377635529 
 183.11027815675709007 205.83139219475245341 
 33.777798156757079084 145.49117019377635529 
 247.11027815675706165 205.83139219475245341 
 76.444038156757102342 85.159998773571373931 
 12.444038156757068592 85.159998773571373931 
 225.77779815675708619 145.49117019377635529 
 55.110278156757090073 205.83139219475245341 
