 92.554389912239969362 181.19107859686943129 
 213.22578333342102042 138.52355859686943518 
 152.8855613324449223 223.85731859686944745 
 152.8855613324449223 159.85731859686941903 
 92.554389912239969362 117.19107859686944551 
 213.22578333342102042 202.52355859686943518 
 92.554389912239969362 53.191078596869459716 
 213.22578333342102042 10.523558596869435178 
 152.8855613324449223 95.857318596869433236 
 152.8855613324449223 31.857318596869447447 
 92.554389912239969362 245.19107859686945972 
 213.22578333342102042 74.523558596869463599 
