 32.69721849925219459 161.74202854378765437 
 73.919682582839470797 97.742028543787668582 
 32.69721849925219459 33.742028543787682793 
 73.919682582839470797 225.74202854378768279 
 115.14214666642678253 161.74202854378765437 
 156.36461075001406584 97.742028543787668582 
 115.14214666642678253 33.742028543787682793 
 156.36461075001406584 225.74202854378768279 
 197.58707483360134916 161.74202854378765437 
 238.80953891718860405 97.742028543787668582 
 197.58707483360134916 33.742028543787682793 
 238.80953891718860405 225.74202854378768279 
