 60.877368498632144167 30.492616942095835952 
 91.047257829258171569 60.662506272721849143 
 24.805059964278022733 126.90470413770201219 
 54.974949294904043029 157.07459346832803249 
 121.21714715988419186 90.832395603347876545 
 151.38703649051024058 121.00228493397391105 
 85.144838625530098852 187.24448279895406699 
 115.31472795615611915 217.41437212958007308 
 181.55692582113627509 151.17217426459993135 
 211.72681515176228118 181.34206359522593743 
 145.48461728678213944 247.58426146020610759 
