 50.820289788872017311 73.015885466282000493 
 117.06248765385213062 6.7736876013018836318 
 147.23237698447815092 36.943576931927879059 
 80.990179119498037608  103.185774796908035 
 111.1600684501240579 133.3556641275340553 
 177.40226631510418542 67.113466262553899355 
 207.57215564573021993 97.283355593179948073 
 141.32995778075010662 163.5255534581600898 
 171.49984711137614113 193.69544278878609589 
 237.74204497635628286 127.45324492380595416 
 201.66973644200214721 223.86533211941210197 
