 19.218034789851863309 46.468642257392360762 
 121.68116022802649923 36.578752174499882699 
 40.551368123185191905 83.419059485528393338 
 61.884701456518534712 120.36947671366442592 
 143.01449356135984203 73.529169402635929487 
 164.34782689469315642 110.47958663077199049 
 83.218034789851870414 157.31989394180050112 
 104.55136812318519901 194.27031116993654791 
 185.68116022802649923 147.43000385890803727 
 207.01449356135984203 184.38042108704405564 
 125.88470145651852761 231.22072839807256628 
