 191.06916572943228516 15.485101053640700997 
 97.388551107375320726 15.485101053640700997 
 97.388551107375320726 58.151767720307361742 
 191.06916572943231358 58.151767720307361742 
 191.06916572943231358 100.81843438697401893 
 97.388551107375334936 100.81843438697401893 
 97.388551107375334936 143.48510105364070455 
 191.06916572943231358 143.48510105364070455 
 191.06916572943231358 186.15176772030736174 
 97.388551107375349147 186.15176772030736174 
 97.388551107375349147 228.81843438697401893 
 191.06916572943231358 228.81843438697401893 
