 31.018669445982226307 61.655380681955463729 
 121.5071945320604101 37.40905346085743588 
 132.55014045643463305 78.621888715857693342 
 42.061615370356456367 102.86821593695572119 
 53.104561294730679322 144.08105119195596444 
 143.5930863808088418 119.83472397085793659 
 154.63603230518305054 161.04755922585817984 
 64.147507219104895171 185.29388644695620769 
 75.190453143479103915 226.50672170195645094 
 165.6789782295572877 202.26039448085842309 
 176.72192415393149645 243.47322973585866634 
