 53.970477378687355952 184.43416765048394268 
 53.970477378687355952 135.16694467963588977 
 96.63714404535402025 61.266110223363760667 
 96.63714404535402025 110.53333319421183489 
 139.30381071202069165 184.43416765048394268 
 139.30381071202069165 135.16694467963588977 
 181.97047737868734885 61.266110223363760667 
 181.97047737868734885 110.53333319421183489 
 224.63714404535406288 184.43416765048394268 
 224.63714404535406288 135.16694467963588977 
 11.30381071202069343 61.266110223363760667 
 11.30381071202069343 110.53333319421183489 
