 184.15868346985737958 49.645623421382609308 
 88.981717355689013971 75.148214629718353308 
 171.40738786568951468 97.234106478466785006 
 123.81890480860531056 109.98540208263466411 
 206.24457531860582549 132.07129393138311002 
 111.06760920443744567 157.57388513971883981 
 193.49327971443793217 179.65977698846728572 
 145.90479665735375647 192.41107259263515061 
 228.3304671673542714 214.49696444138359652 
 133.15350105318589158 239.99955564971932631 
 149.3214960169410972 14.808435968466358901 
 101.73301295985689308 27.559731572634223795 
