 206.30959249938817379 134.51583936737151248 
 168.94178224271891509 159.91191096870980459 
 107.87097786251479192 96.847204209509428097 
 33.133358643684054812 147.64177922220099504 
 70.500931868041760708 122.24482300423294134 
 243.04279694932782263 106.78105989392373942 
 182.60636134354177784 46.054176390203124924 
 145.23855108687249071 71.450247991541374404 
 131.57420901836121629 185.30886718667781565 
 56.836589799530464973 236.10344219936942523 
 94.204163023888199291 210.70648598140135732 
 219.33956579348142668 18.319396916755337656 
