 105.60624991219243896 49.489847271307709775 
 129.03187575439653756 136.91547311351180838 
 161.03187575439650914 81.489847271307723986 
 73.606249912192438956 104.91547311351180838 
 41.606249912192474483 160.34109895571586435 
 193.03187575439650914 26.06422142910366091 
 97.03187575439655177 192.34109895571586435 
 216.45750159660059353 113.48984727130769556 
 18.180624069988375879 72.915473113511822589 
 50.180624069988375879 17.489847271307723986 
 184.45750159660059353 168.91547311351177996 
 152.45750159660059353 224.34109895571583593 
 248.45750159660056511 58.064221429103632488 
