 173.10576094212913745 70.831256909865686566 
 173.10576094212913745 161.34092490174379009 
  218.360594938068175 116.08609090580473833 
 127.8509269461900999 116.08609090580473833 
 82.596092950251062348 161.34092490174379009 
 82.596092950251062348 251.85059289362186519 
 127.85092694619011411 206.59575889768279922 
 37.341258954312017693 206.59575889768282764 
 82.596092950251062348 70.831256909865729199 
 127.8509269461900999 25.576422913926673885 
  218.360594938068175 206.59575889768279922 
 173.10576094212916587 251.85059289362183677 
 37.341258954312046114 116.08609090580475254 
