 104.11674811001130081 65.793834766416651405 
 149.37158210595035257 20.53900077047760675 
 58.861914114072256154 20.539000770477620961 
 13.607080118133220381 65.793834766416651405 
 13.607080118133234592 156.30350275829474072 
 58.861914114072270365 111.04866876235570317 
 194.62641610188939012 65.793834766416651405 
 194.62641610188939012 156.30350275829474072 
 239.88125009782842767 111.04866876235567474 
 149.37158210595035257 111.04866876235568895 
 104.11674811001131502 156.30350275829474072 
 104.11674811001131502 246.81317075017281581 
 149.37158210595035257 201.55833675423377827 
 58.861914114072270365 201.55833675423377827 
