 164.17333863095245761 7.770143821165239828 
 140.74771278874840164 95.195769663369318891 
 196.17333863095248603 63.195769663369318891 
 108.74771278874840164 39.770143821165255815 
 53.322086946544338559 71.77014382116524871 
 29.89646110434025772 159.1957696633693331 
 85.322086946544331454 127.1957696633693331 
 228.17333863095248603 118.62139550557340328 
 204.74771278874840164 206.04702134777744504 
 172.74771278874843006 150.62139550557341749 
 117.32208694654435988 182.62139550557338907 
 149.32208694654434566 238.04702134777744504 
 61.896461104340275483 214.62139550557341749 
