 233.47874017902293531 60.812300870945172449 
 169.47874017902293531 124.81230087094516534 
 233.47874017902293531 124.81230087094516534 
 169.47874017902293531 60.812300870945172449 
 105.47874017902293531 60.812300870945172449 
 41.478740179022935308 124.81230087094516534 
 105.47874017902293531 124.81230087094516534 
 41.478740179022935308 60.812300870945172449 
 233.47874017902293531 188.81230087094516534 
 169.47874017902293531 252.81230087094516534 
 233.47874017902293531 252.81230087094516534 
 169.47874017902293531 188.81230087094516534 
 105.47874017902293531 188.81230087094516534 
 41.478740179022949519 252.81230087094516534 
 105.47874017902293531 252.81230087094516534 
 41.478740179022935308 188.81230087094516534 
