 64.015724738271401861 74.948580362695750523 
 89.61147609846891271 144.27527684853936307 
 32.781556948665972584 191.5160814856345155 
 120.84564388807433488 27.707775725600598093 
 146.44139524827187415 97.034472211444182221 
 172.03714660846941342 166.36116869728780898 
 115.20722745866645198 213.60197333438293299 
 203.27131439807484981 49.793667574349029792 
 228.86706575827238908 119.12036406019262813 
 7.1858055884684173265 122.18938499979091716 
 197.63289796866695269 235.6878651831313789 
 38.419973378073834169 5.6218838768521681715 
