 21.563360702649195133 91.800218578193081953 
 85.56336070264919158 91.800218578193081953 
 85.56336070264919158 155.80021857819306774 
 21.563360702649195133 155.80021857819306774 
 21.563360702649195133 219.80021857819306774 
 85.56336070264919158 219.80021857819306774 
 85.56336070264919158 27.800218578193074848 
 21.563360702649195133 27.800218578193074848 
 149.56336070264919158 91.800218578193081953 
 213.56336070264919158 91.800218578193081953 
 213.56336070264919158 155.80021857819306774 
 149.56336070264919158 155.80021857819306774 
 149.56336070264919158 219.80021857819306774 
 213.56336070264919158 219.80021857819306774 
 213.56336070264919158 27.800218578193074848 
 149.56336070264919158 27.800218578193074848 
