 37.833264147932602839 24.047458119702245227 
 99.652517030432974821 40.611877006263583212 
 83.088098143871661705 102.4311298887639623 
 21.268845261371282618 85.866711002202620762 
 4.7044263748099464095 147.68596388470299985 
 66.523679257310320168 164.25038277126432718 
 49.959260370748985736 226.06963565376472047 
 161.47176991293335391 57.176295892824903433 
 223.29102279543371878 73.740714779386237865 
 206.72660390887239146 135.55996766188658853 
 144.90735102637202658 118.99554877532527541 
 128.34293213981067083 180.8148016578256545 
 190.16218502231106413 197.37922054438698183 
 111.77851325324935772 242.6340545403260478 
