 148.21236947715041765 25.005232696764874589 
 210.03162235965081095 41.569651583326198363 
 193.46720347308948362 103.38890446582657034 
 131.64795059058909033 86.824485579265243018 
  115.083531704027763 148.64373846176559368 
 176.90278458652812787 165.20815734832694943 
 160.33836569996682897 227.02741023082731431 
 98.519112817466421461 210.46299134426598698 
 86.393116594650066986 8.4408138102035525918 
 69.828697708088725449 70.260066692703915692 
 255.2864563555898485 119.95332335238789767 
 238.72203746902852117 181.77257623488827676 
 53.264278821527412333 132.07931957520426636 
 36.699859934966085007 193.89857245770465966 
 222.15761858246719385 243.59182911738864163 
