 129.52323781348380294 8.4750666730475643362 
 146.08765670004513026 70.294319555547929212 
 84.268403817544751178 86.858738442109256539 
 67.703984930983438062 25.03948555960888811 
 5.8847320484830678566 41.603904446170211884 
 22.449150935044389854 103.42315732867056965 
 207.90690958254549514 53.729900668986594781 
 162.65207558660642917 132.11357243804829409 
 179.2164944731677565 193.93282532054868739 
 117.39724159066740583 210.49724420711001471 
 100.8328227041060785 148.67799132460962142 
 39.013569821605727839 165.24241021117097716 
 55.57798870816704806 227.06166309367134204 
 241.03574735566814979 177.36840643398736006 
 224.47132846910682247 115.54915355148696676 
