 208.67399882990935112 152.7791676453626053 
 135.83652594630481758 165.27565507214185914 
 108.25479215531923671 223.02788159154007985 
 163.41916483397034199 107.52433364942356775 
 181.09135994224388355 210.53048906808092511 
 118.16433083803129023 62.269499653484530199 
 45.326857954426742481 74.765987080263798248 
 62.999958159380206268 177.7730475956010423 
 17.74512416344118293 132.51821359966200475 
 72.909496842092252678 17.014665657545517519 
 90.581691950365794241 120.02082107620286422 
