 55.274223047072972292 157.98724251330335733 
 160.79067166358785812 85.541528185137323703 
 124.59249514703687112 183.58480946305706993 
  108.028076260475558 121.76555658055671927 
 38.709804160511644966 96.167989630802964029 
 177.35509055014918545 147.36078106763770279 
 22.14538527395033185 34.34873674830263468 
 193.91950943671048435 209.18003395013803924 
 91.463657373914230675 59.946303698056368603 
 141.15691403359821265 245.40406234555746323 
 71.838641933634306724 219.80649539580369378 
 144.22625277702653079 23.722275302636987249 
