 85.382007080925063747 112.02432017796456876 
 159.78552496758757684 95.918170072748992538 
 175.89167507280313885 21.514652186086472341 
 69.275856975709501739 186.42783806462705343 
 143.67937486237198641 170.32168795941149142 
 218.0828927490344995 154.21553785419592941 
 234.18904285425008993 79.812019967533402109 
 127.57322475715645282 244.72520584607400451 
 201.97674264381893749 228.6190557408584425 
 101.48815718614061154 37.620802291302041453 
 10.978489194262563089 128.13047028318013076 
