 82.350325062361321216 15.114192069661608997 
 146.35032506236132122 56.336656153248888756 
 210.35032506236132122 15.114192069661608997 
 18.350325062361328321 56.336656153248902967 
 82.350325062361321216 97.559120236836164963 
 146.35032506236132122 138.78158432042346249 
 210.35032506236132122 97.559120236836164963 
 18.350325062361328321 138.78158432042346249 
 82.350325062361321216 180.0040484040107458 
 146.35032506236132122 221.22651248759802911 
 210.35032506236132122 180.0040484040107458 
 18.350325062361328321 221.22651248759805753 
