 213.4248978099773808 67.378041435233043899 
 153.08511914872531179 110.0447081018997153 
 92.745340487473256985 67.378041435233043899 
 32.405561826221230604 110.0447081018997153 
 213.4248978099773808 152.7113747685663725 
 153.08511914872534021 195.37804143523305811 
 92.745340487473256985 152.7113747685663725 
 32.405561826221230604 195.37804143523305811 
 213.4248978099773808 238.0447081018997153 
 153.08511914872531179 24.711374768566372495 
 92.745340487473256985 238.0447081018997153 
 32.405561826221230604 24.711374768566372495 
