 152.80611801302410413 49.88731432151726608 
 105.56531337592892328 106.71723347132024173 
 36.23861689008532494 81.121482111122688252 
 222.13281449886767405 75.483065681714819561 
 174.89200986177252162  132.312984831517781 
 127.65120522467735498 189.14290398132072824 
 58.324508738833770849 163.54715262112321739 
 244.21870634761609153 157.90873619171529185 
 196.97790171052096753 214.73865534151826751 
 83.479421527180477369 24.29156296131972681 
 80.410400587582202547 245.97282313112367547 
