 105.77556260914602149 198.02645383718200378 
 95.793957913901365941 70.42367165408175822 
 162.60284191268766563 150.7938527270480904 
 100.78358903018730075 134.22943384048676307 
 43.956309726645663716 181.46203495062067645 
 157.61321079640174503 86.988090540643085546 
 229.41406837414677966 231.15529161030465843 
 219.43246367890208148 103.55250942720439866 
 38.964336147686907452 117.66501495392540733 
 224.42209479518805892 167.35827161360941773 
 167.59481549164641478 214.59087272374333111 
 33.974705031401015276 53.859252767520423788 
