 166.4070275393069096 192.31878346211900066 
 93.569554655702376067 204.81527088889831134 
 239.23719559919459243 179.82779066569676729 
 193.98236160325552646 134.57295666975770132 
 121.15219354336790047 147.06394946617999153 
 138.82438865164141362 250.07010488483732047 
 75.897359547428848714 101.80911547024095398 
 3.0598866638242951943 114.30560289702019361 
 148.72752760731651733 89.318122673818692192 
 103.47269361137749399 44.063288677879654642 
 30.642525551489782742 56.554281474301880905 
 48.314720659763352728 159.56043689295927379 
