 58.033106440537032711 182.78569506106970266 
 163.54955505705189012 110.33998073290364061 
 127.35137854050091732 208.38326201082344369 
 110.78695965393960421 146.56400912832307881 
 41.468687553975691173 120.96644217856932357 
 180.11397394361321744 172.15923361540404812 
 24.904268667414374505 59.147189296068987119 
 196.67839283017454477 233.97848649790438458 
 94.222540767378262672 84.744756245822728147 
 77.658121880816949556 22.925503363322345507 
 74.597525327098352932 244.60494794357006754 
 146.98513617049056279 48.520727850403325476 
