 55.663568447947845641 84.934520809973378164 
 32.410144652898672746 12.446109136586022359 
 22.534730674825187435 208.57302657497410792 
 78.916992242997011431 157.42293248336076772 
 135.29925381116882477 106.27283839174744173 
 112.04583001611965187 33.784426718360045072 
 102.17041603804617012 229.91134415674815727 
 158.55267760621799766 178.76125006513481708 
 214.93493917438979679 127.61115597352146267 
 191.68151537934065232 55.122744300134087325 
 181.80610140126717056 251.24966173852223505 
