 63.378649233720324219 73.644137332945803109 
 114.52874332533370705 17.261875764773979114 
 187.01715499872108239 40.515299559823134246 
 12.228555142107003562 130.02639890111760224 
 84.716966815494373577 153.27982269616677513 
 135.8670609071077422 96.897561127994947583 
 208.35547258049513175 120.15098492304412048 
 33.566872723881054696 209.66208426433857426 
 106.05528439726840872 232.91550805938774715 
 157.20537848888176313 176.53324649121594803 
 229.69379016226915269 199.7866702862650925 
