 24.87180986609422817 49.734261675500619049 
 97.360221539481614172 72.987685470549791944 
 148.51031563109495437 16.605423902377964396 
 220.99872730448234392 39.858847697427130186 
 46.21012744786826687 129.36994703872161949 
 118.69853912125564932 152.62337083377079239 
 169.84863321286897531 96.24110926559897905 
 242.33704488625636486 119.49453306064812352 
 67.548445029642309123 209.00563240194259151 
 140.03685670302968447 232.25905619699176441 
 191.18695079464302466 175.87679462881996528 
