 41.312047126754350757 30.526235616788810034 
 15.064806966992264847 128.1698349474150973 
 16.839705646971182773 173.92193762313371508 
 69.105186150463794093 67.871498286805433509 
 61.392324598304597316 114.81730230601762344 
 52.591128112522923743 205.89792188918406168 
 111.49809544408330453 53.316935902322370566 
 128.43953669364503867 9.9153089738981350365 
 99.406643277907008382 148.10361558785709235 
 97.144274379240954431 198.10933499961100779 
 144.85837699609305673 83.647418241941210226 
 174.20284533551580353 15.487844355936942975 
 141.97444347745283721 128.49506792845281211 
 181.79228924385404298 58.612121077314824902 
 123.36933461494116671 246.11801619008804209 
 184.74957533597441284 147.90357557109521736 
 189.55569372654940707 195.75494646783522512 
 170.11534769072829931 241.59149726453821927 
 225.10284284103448726 68.232068978058620701 
 222.48212848912703521 114.22395365995552652 
 255.79412422991083531 30.459032099925423154 
