 92.932802401916546842 34.761786235196524331 
 16.363433474147456081 108.4357508839054276 
 141.54486625784440434 24.320364661483594659 
 93.472692571488096291 84.405886580401784158 
 62.693974874170010025 119.17291279778196156 
 20.627117659074954759 183.67802180474359375 
 168.80049512857857508 62.434438401203394164 
 138.58565266284998074 96.448424180891151991 
 65.703873883239964471  168.577162522808635 
 161.41875288133093136 135.10668729941207289 
 214.06392754297692704 80.094684819778649398 
 102.52886367658553013 198.80942809962584761 
 146.11990370066382638 177.98021193048492705 
 209.60293228182712255 128.65199032657125144 
 97.609210672886987936 249.28757503537613616 
 188.09874026363684152 198.77842853833845993 
 230.48487033257325152 174.66348514692239746 
 182.13618961050190137 241.85220580984329786 
