 75.648381047277155176 15.15868530782910284 
 124.37950563077490074 8.5074689964163781042 
 66.515366505191451552 61.779520094671667607 
 25.416397979770366078 89.921378469967976343 
 146.24110284879026267 48.859266112625164169 
 111.5321890157714364 78.774943878306430634 
 37.968115418856797305 138.49231079671389466 
 192.94411881303199152 56.820062629392197096 
 86.941565888896747083 149.02945523278120277 
 125.60360094106934525 120.67502426715267916 
 212.84546190961765433 97.508440011538880299 
 174.68971956727079942 126.6713156740869124 
 103.83464582338048388 191.57104797562925569 
 72.970973609219583977 226.23071959255065622 
 151.09465078441485275 197.6594577340978276 
 234.75317716312480343 176.71579590836486773 
