 54.835698398679596721 31.140781518651152737 
 98.64416557755802728 21.414792474182220872 
 5.0563729345431909223 89.077260648259908749 
 48.234026327166432679 76.169710075882051115 
 206.30773168440813947 6.900919095297197714 
 119.99624534282197885 59.877359474883093071 
 88.113569418285237589 94.34902489233218148 
 162.82451689620032198 73.226741805691091258 
 206.86097942993438892 54.133732299721856407 
 105.75287300339800822 135.23783491187933237 
 149.85596838072379455 118.18407687646373461 
 247.53609289513531166 83.329415425078650514 
 78.98708190688967079 174.31236482795225129 
 183.68816672474187612 142.07148334005077572 
 227.25627207325717904 125.14517539319257367 
 97.895933283382106538 218.23529612480581363 
 174.53970296221189074 187.02331929214594197 
 246.83037630336221468 164.44691843238337015 
 144.7602391564093125 221.81561495833767594 
 216.10487707817441105 198.17215268643968784 
