 54.560687118641382654 23.795474604539975871 
 98.267994082580997883 22.52237120576872087 
 181.69367012217571755  29.3891574639662565 
 34.144835740932862223 62.568980953800078737 
 227.05853109713558524 40.048847598569651041 
 114.40356305851766194 66.900569074384236501 
 158.48468175969421168 68.722579525716668059 
 48.733957682371610076 101.13001367132250152 
 92.281997096984326845 108.50943953263066533 
 227.89398856042481611 86.330256046747180676 
 183.1860241632255395 106.03105722199774164 
 18.680959244865178448 133.80702416117054554 
 86.363585464766600808 153.90352306762483181 
 42.280390077145383998 169.54759233673848939 
 181.13030044285096665 154.57000211223501651 
 227.55679084087486785 155.6867132078128293 
 106.3150654017466934 191.62304150549832116 
 150.83642387855758216 194.91495525893924423 
 252.85584037108228017 189.59536671635706284 
 73.822007887137758075 229.28347166310953753 
 139.58249970955807839 243.0509183335636294 
