 140.49826287420452786 79.318238845719207575 
 189.76548584505260919 79.318238845719207575 
 115.86465138878050141 121.98490551238586477 
 66.597428417932434286 121.98490551238586477 
 140.49826287420452786 164.65157217905255038 
 189.76548584505260919 164.65157217905255038 
 115.86465138878050141 207.31823884571920757 
 66.597428417932434286 207.31823884571920757 
 140.49826287420452786 249.98490551238586477 
 189.76548584505263761 249.98490551238586477 
 115.86465138878050141 36.65157217905260012 
 66.597428417932434286 36.65157217905260012 
