 124.45402593864700691 203.77330079948555408 
 72.41866404519795708 208.5678580558394799 
 94.284136608020986614 256.02908197886006292 
 146.31949850147003644 251.2345247225061371 
 80.72308081300091942 108.8508529534444591 
 50.553191482374899124 161.10663413281892531 
 154.62391526927302721 151.51751962011110209 
 132.75844270644998346 104.05629569709053328 
 102.58855337582396317 156.31207687646499949 
 206.65927716272210546 146.72296236375720468 
 176.48938783209607095 198.9787435431316851 
 228.5247497255451492 194.1841862867777877 
 198.35486039491914312 246.43996746615223969 
 184.79380459989906171 99.26173844073663588 
