 117.67156013234662737 180.81500483963358761 
 65.63619823889759175 185.60956209598745659 
 87.501670801720607074 233.0707860190080396 
 139.53703269516969954 228.2762287626541422 
 73.94061500670055409 85.892556993592449999 
 43.770725676074526689 138.14833817296693041 
 147.84144946297263346 128.55922366025913561 
 125.97597690014963234 81.097999737238552598 
 95.806087569523612046 133.35378091661303301 
 199.87681135642174013 123.76466640390519558 
 169.70692202579570562 176.02044758327969021 
 221.74228391924478387 171.22589032692579281 
 191.57239458861874937 223.48167150630027322 
 178.01133879359866796 76.303442480884626775 
