 130.25709678249981494 184.45666893604976622 
 78.753874118540451832 175.62011293875710294 
 87.590430115833143532 227.12333560271642341 
 139.09365277979250664 235.95989160000914353 
 112.58398478791441732 81.450223608131068431 
 69.917318121247760132 124.11689027479772562 
 172.92376344916647213 141.79000226938310902 
 164.08720745187375201 90.286779605423760131 
 121.42054078520710902 132.95344627209041732 
 224.42698611312584944 150.62655826667580072 
 181.76031944645916383 193.29322493334245792 
 233.26354211041856956 202.12978093063517804 
 190.59687544375188395 244.79644759730186365 
 215.59043011583312932 99.12333560271643762 
