 69.245693870922025326 143.36147535147071608 
 39.075804540296012135 100.6948086848040731 
 8.9059152096699847334 143.36147535147071608 
 39.075804540296012135 186.02814201813740169 
 129.58547253217409434 58.028142018137401692 
 69.245693870922025326 58.028142018137401692 
 129.58547253217409434 143.36147535147071608 
 159.75536186280012885 100.6948086848040731 
 99.415583201548074044 100.6948086848040731 
 159.75536186280012885 186.02814201813740169 
 99.415583201548074044 186.02814201813740169 
 129.58547253217409434 228.69480868480408731 
 69.245693870922039537 228.69480868480408731 
 189.92525119342616335 143.36147535147071608 
