 134.76651873068220766 127.84461210193016711 
 74.426740069430152857 127.84461210193018132 
 74.426740069430167068 188.18439076318222192 
 134.76651873068220766 188.18439076318225034 
 74.426740069430152857 67.504833440678112311 
 44.256850738804104139 97.674722771304146818 
 14.086961408178101607 127.84461210193016711 
 164.93640806130824217 97.674722771304146818 
 134.76651873068220766 67.504833440678126522 
 104.59662940005618736 97.674722771304146818 
 104.59662940005617315 158.01450143255621583 
 44.256850738804132561 158.01450143255618741 
 44.256850738804125456  218.354280093808228 
 14.086961408178101607 188.18439076318225034 
 195.10629739193424825 127.84461210193016711 
 164.93640806130824217 158.01450143255618741 
 195.1062973919343051 188.18439076318225034 
 164.93640806130824217 218.35428009380828485 
 104.59662940005618736  218.354280093808228 
 134.7665187306822645 248.52416942443429093 
 74.426740069430152857 248.52416942443429093 
