 7.0994560000000088706 240.37433600000002798 
 5.6248960000000352011 180.1109119999999848 
                    1 65.455680000000000973 
 11.123520000000052477 100.07312640000002091 
 18.451008000000047815 33.549888000000009924 
 43.588928000000080942 223.78758399999998119 
 41.321792000000051814 186.22111999999998488 
 48.535360000000082437 103.53736959999999101 
 54.459968000000074539 32.049292800000010573 
 63.924544000000011579 68.598540799999994988 
 80.802367999999972881 229.29516800000001808 
 74.818368000000049278 167.68953600000003235 
 77.862208000000052266                    1 
 78.936896000000018603 129.77552640000001816 
 101.84070400000004497 195.91712000000001126 
 98.775360000000048899 73.549760000000020455 
 114.25465600000002553 9.3827712000000023096 
 111.26380800000001159 108.26392320000002201 
 121.85734400000005451 45.998911999999997136 
 139.65702400000003536 195.46220799999997553 
 149.85478399999996668 102.40884480000002554 
 161.87961600000002704 228.5438079999999843 
 153.55705600000004551 63.855398400000012771 
 167.2932480000000055 165.72140799999999672 
 176.46291200000001709 2.3645312000000102692 
 176.67743999999999005 128.61162240000001589 
 181.00383999999999673 40.53484800000001087 
 195.7489280000000349 217.08908800000000383 
 199.84800000000001319 181.99865600000001109 
 212.98361600000004046 57.459059199999998668 
 216.16211200000003601 122.52872960000001967 
 227.90124799999998118 231.05695999999997525 
 229.81638400000005618 90.06739199999999812 
 236.65977600000002212 176.9385599999999954 
 240.11808000000004881 35.938726399999993077 
 239.22592000000000212 1.5075712000000067725 
 248.54816000000005261 144.43877119999999081 
