 23.604782761786189837 39.951322407000226633 
 13.027938242027243376 122.86132338385716878 
 14.683431981101353614 161.65273395486630648 
 58.815398895536631585 47.648702312218311761 
 46.591467826068935665 112.33804815283937728 
 80.99007018834988969 17.711061177154828528 
 65.871428952855467287 82.054386534708754652 
 51.205850763697881689 173.27130884820121537 
 68.329206740825526367 141.54472640989487786 
 118.56485246756535901 12.94038976001086283 
 99.707702826848844779 91.733539777575401786 
 61.792753935513175634 238.18355206920188039 
 73.613717661581489438 203.39539283204399567 
 101.17225644833607134 129.26922355684345689 
 131.48658283697602656 75.057761800674185793 
 145.59673066268851471 39.346339583073607571 
 113.75456396648920077 205.53548211631647291 
 134.28075726426541792 142.42113048406650933 
 149.58217315311918583 107.8255898727216362 
 185.12162192355995671 32.852593153103690327 
 141.2436314139999638 179.66604045486278096 
 121.97705564952249802 243.45820500953769283 
 182.23331232661135459 102.19996605180827487 
 197.30418881117924457 67.979158159760089575 
 176.78665509588986993 193.81614088432647236 
 202.48675813828126024 132.80371708575714251 
 230.60939749295729939 79.138795902722847586 
 188.46497615306907392 229.10946359771833158 
 205.32244405942455501 169.33102028239221681 
 232.30630387749789634 115.59763645921914588 
 223.60259224692217117 233.34638959473090836 
 241.71008096532378318 178.88785082391186165 
