 31.929340568377529763 59.336600459785131534 
 68.273524212684193913 5.8181286282322393077 
 60.537220826416479724 38.668832756015021346 
 26.532851854639762479 122.22118029445091736 
 47.986972238446561789 93.239217757998446245 
 103.54362634536369114 2.3190477462879015569 
 92.428197266996107828 54.837762857949044815 
 52.95263220060523679 154.23240081042905558 
 86.663507457682896984 89.206037697554052102 
 36.210822823279343652 187.09407806259056883 
 120.87704513190556099 31.880071339128448926 
 155.45831906182257853 22.049058302055140501 
 121.32957673611784344 100.31840760860215767 
 93.694509477418549181 159.40013217125255096 
 59.752978791438557948 217.65969180602797906 
 122.42570452452085306 136.17269058749997157 
 175.37639308533616145 52.182415704411745594 
 156.62882010164699409 84.47342863076707431 
 113.13191196947461492 192.91820348784548855 
 96.601219549576697432 224.22540264340241833 
 157.88759642988145515 142.81770807489994013 
 211.31843819975375709  46.0738634383076473 
 179.36804744130307654 113.42764355362339757 
 148.80355746366009839 202.06097310233081998 
 120.36038040054627629 255.79217690432170684 
 170.63373206702686957 174.64052955119984745 
 231.87418046118864368 79.080321454211684795 
 216.2654156603989577 115.11440713257211144 
 171.41371501748616879 232.63240745196679882 
 205.1156710186247949 182.03106734354400942 
 227.9642167442523828 152.81040126769633503 
 206.04161164860005329 219.55893912763448839 
