 32.67117183752216647 145.36791905654129664 
 109.26409613672571197 189.58886451870708356 
 77.264096136725711972 245.01449036091116795 
 99.08283398712394785 118.78143692266371545 
 151.4453582863274903 204.97066627254645255 
 67.08283398712394785 174.20706276486777142 
 96.671171837522180681 34.51666737213312075 
 64.67117183752216647 89.942293214337212248 
 173.26409613672572618 78.737612834298914777 
 141.26409613672572618 134.16323867650299917 
 163.08283398712393364 7.9301852382555457766 
 215.44535828632746188 94.119414588138269551 
 183.4453582863274903 149.54504043034236815 
 131.08283398712393364 63.355811080459631057 
