 92.329664732441315778 155.21909751660029997 
 75.76524584587997424 217.03835039910066484 
 177.75797130209392094 178.1095432726970671 
 161.19355241553259361 239.92879615519746039 
 149.59731645100040964 112.34992481208387005 
 51.626431900443542133 136.2690173386163508 
 35.062013013882207701 198.08827022111671567 
 133.03289756443908232 174.16917769458424914 
 125.45850250556395622 31.580591751599516925 
 108.8940836190026431 93.399844634099935092 
 210.88680907521657559 54.471037507696316027 
 194.32239018865527669 116.29029039019670222 
 116.4684786778777692 235.98843057708461401 
 84.755269673566189681 12.630511573615622822 
 68.190850787004876565 74.449764456115985922 
 166.16173533756173697 50.530671929583512281 
