 173.03626271062100273 154.38745264333283558 
 109.03626271062100273 154.38745264333283558 
 173.03626271062100273 65.945561719001233314 
 109.03626271062100273 65.945561719001233314 
 229.26666271062100577 198.60839810549859408 
 180.8058627106210281 110.16650718116704866 
 116.80586271062099968 110.16650718116704866 
 165.26666271062100577 198.60839810549859408 
 45.036262710621016936 154.38745264333283558 
 237.03626271062100273 154.38745264333283558 
 45.036262710621016936 65.945561719001247525 
 237.03626271062100273 65.945561719001219103 
 101.26666271062100577 198.60839810549859408 
 52.805862710620978362 110.16650718116704866 
 244.80586271062099968 110.16650718116704866 
 37.26666271062097735 198.60839810549865092 
