 72.72207736887447993 145.87021401487851335 
 10.902824486374088409 162.43463290143984068 
 49.831631612777677276 60.441907445225886875 
 138.4816958294877054 174.03086886597205307 
 68.781711790761633551 101.14514027722366052 
 6.9624589082612846624 117.70955916378497363 
 76.66244294698734052 190.5952877525333804 
 196.36058313387525232 112.7413762417558587 
 134.54133025137485902 129.30579512831718603 
 173.47013737777845677 27.313069672103214458 
 111.65088449527807768 43.877488558664545337 
 192.42021755576234909 68.016302504101005866 
 130.60096467326198422 84.580721390662333192 
 200.30094871198809869 157.46644997941072575 
