 146.54055261086145379 147.80378072778711385 
 82.540552610861453786 147.80378072778711385 
 146.54055261086145379 59.361889803455518688 
 82.540552610861453786 59.361889803455518688 
 202.77095261086145683 192.02472618995287235 
 154.31015261086145074 103.58283526562134114 
 90.310152610861450739 103.58283526562134114 
 138.77095261086145683 192.02472618995287235 
 18.540552610861475102 147.80378072778711385 
 210.54055261086145379 147.80378072778711385 
 18.540552610861475102 59.361889803455532899 
 210.54055261086145379 59.361889803455511583 
 74.770952610861456833 192.02472618995287235 
 26.310152610861432976 103.58283526562134114 
 218.31015261086145074 103.58283526562134114 
 10.770952610861437293 192.02472618995292919 
