 165.35323061051613536 5.6079369386926458674 
  93.9691096110165347 24.735254512914117697 
 155.78940980392189886 41.29939277349821225 
 120.09734930417207011 50.863051560608944612 
 58.277049111266720161 34.298913300024850059 
 48.713228304672469449 69.990369134830416442 
 13.021167804922631817 79.55402792194115591 
 181.91764949707743426 67.427189821193024954 
 110.53352849757784782 86.554507395414489679 
 172.35382869048319776 103.11864565599860555 
 136.66176819073342585 112.6823044431093308 
 74.841467997828047487 96.118166182525214936 
 217.60970999682723459 57.863531034082299698 
 65.277647191233796775 131.80962201733080974 
 29.585586691483960919 141.37328080444152079 
 198.48206838363876159 129.24644270369341825 
 127.09794738413918935 148.37376027791486877 
 188.91824757704452509 164.93789853849895621 
 153.22618707729472476 174.50155732560969568 
 91.405886884389374814 157.93741906502560823 
 234.17412888338856192 119.68278391658267878 
 81.842066077795124102 193.62887489983117462 
 46.150005578045288246 203.19253368694188566 
 215.04648727020011734 191.06569558619378313 
 143.66236627070051668 210.19301316041523364 
 205.48266646360588084 226.75715142099932109 
 169.79060596385605209 236.32081020811006056 
 107.97030577095070214 219.75667194752597311 
 250.73854776994991767 181.50203679908304366 
 98.406484964356451428 255.44812778233151107 
