 170.74926933540302798 46.40511779321706598 
 99.365148335903427324 65.53243536743853781 
 161.18544852880879148 82.096573628022625257 
 125.49338802905899115 91.660232415133378936 
 63.673087836153605679 75.096094154549263067 
 206.44132983515282831 36.841459006106340723 
 54.109267029559362072 110.78754998935484366 
 18.41720652980954398 120.35120877646556892 
 187.31368822196435531 108.22437067571743796 
 115.92956722246474044 127.3516882499389169 
 177.74986741537011881 143.91582651052300434 
 142.05780691562031848 153.47948529763374381 
 80.237506722714940111 136.91534703704962794 
 223.00574872171412721 98.660711888606712705 
 70.673685916120689399 172.60680287185522275 
 34.981625416370874859 182.17046165896593379 
 203.87810710852568263 170.04362355821783126 
 132.49398610902608198 189.17094113243928177 
 194.31428630193144613 205.73507939302339764 
 158.6222258021816458 215.29873818013408027 
 96.801925609276267437 198.73459991955004966 
 239.57016760827548296 160.47996477110709179 
 87.238104802682016725 234.42605575435558762 
 51.546044302932202186 243.98971454146632709 
 220.44252599508698154 231.86287644071822456 
 149.0584049955874093 250.99019401493967507 
 144.62102964224746415 20.27732074552224617 
 108.92896914249764961 29.840979532632982085 
 256.13458649483675345 222.29921765360748509 
 37.544848142998041851 48.968297106854450362 
 1.8527876432482273117 58.53195589396518983 
