 83.54963802306158982 59.94843573661114533 
 83.54963802306158982 145.28176906994445972 
 120.50005525119763661 81.281769069944473927 
 120.50005525119763661 123.94843573661114533 
 83.54963802306158982 187.94843573661114533 
 83.54963802306158982 17.281769069944473927 
 120.50005525119763661 209.28176906994445972 
 120.50005525119763661 251.94843573661111691 
 157.45047247933371182 59.94843573661114533 
 157.45047247933371182 145.28176906994445972 
 194.40088970746970176 81.281769069944473927 
 194.40088970746970176 123.94843573661114533 
 157.45047247933371182 187.94843573661114533 
 157.45047247933371182 17.281769069944473927 
 194.40088970746970176 209.28176906994445972 
 194.40088970746970176 251.94843573661111691 
 231.35130693560580539 59.94843573661114533 
 231.35130693560580539 145.28176906994445972 
 46.599220794925564348 81.281769069944473927 
 46.599220794925564348 123.94843573661114533 
 231.35130693560580539 187.94843573661114533 
 231.35130693560580539 17.281769069944473927 
 46.599220794925564348 209.28176906994445972 
 46.599220794925564348 251.94843573661111691 
