 116.5313905474736913 57.427409004984092178 
 187.91411513309995485 38.30046559873227352 
 157.74422580247394876 68.470354929358308027 
 86.361501216847656792 87.59729833561013379 
 26.021722555595626858 147.93707699686217438 
 97.404447141221865536 128.81013359061034862 
 67.234557810595873661 158.98002292123638313 
 229.1269503881001981 49.343411523106496475 
 168.7871717268481575 109.68319018435855128 
 240.16989631247440684 90.556246778106725515 
 210.00000698184837233 120.72613610873276002 
  138.617282396222123 139.85307951498458578 
 78.277503734970096616 200.19285817623662638 
 149.66022832059636016 181.06591476998480061 
 119.49033898997032566 211.2358041006108067 
 221.04295290622263792 161.93897136373300327 
 105.48844462309946834 16.214573749983866691 
 190.87306357559657499 192.10886069435903778 
 130.5332849143445344 252.44863935561107837 
 45.148665961847434858 76.554352411235925047 
 14.978776631221414561 106.72424174186193113 
