 199.0318157136043169 127.58779423732615044 
 179.36837854820120697 168.26534252874830599 
 94.947157145794264466 144.1851065831666574 
 55.619767790264532437 225.54330852800723051 
 75.282557371349469122 184.86511265226687328 
 216.97631419293574595 85.202168419991380688 
 134.2733838922823395 62.829362416004194358 
 114.60994672687917273 103.50691070742631439 
 159.70558896711622765 208.94353840448860637 
 10.524125550027498832 120.10668083094488168 
 152.21788237161376856 20.443736598669396187 
