 46.054539085316761771 54.07483781940401002 
 88.721205751983433174 96.741504486070667213 
 88.721205751983433174 54.07483781940401002 
 46.054539085316761771 96.741504486070667213 
 46.054539085316761771 139.40817115273736704 
 88.721205751983433174 182.07483781940399581 
 88.721205751983433174 139.40817115273736704 
 46.054539085316761771 182.07483781940399581 
 46.054539085316761771 224.74150448607068142 
 88.721205751983433174 11.408171152737372367 
 88.721205751983433174 224.74150448607068142 
 46.054539085316761771 11.408171152737372367 
 131.38787241865009037 54.07483781940401002 
 174.05453908531677598 96.741504486070667213 
 174.05453908531677598 54.07483781940401002 
 131.38787241865009037 96.741504486070667213 
 131.38787241865009037 139.40817115273736704 
 174.05453908531677598 182.07483781940399581 
 174.05453908531677598 139.40817115273736704 
 131.38787241865009037 182.07483781940399581 
 131.38787241865009037 224.74150448607068142 
 174.05453908531677598 11.408171152737372367 
 174.05453908531677598 224.74150448607068142 
 131.38787241865009037 11.408171152737372367 
 216.72120575198343317 54.07483781940401002 
 3.3878724186501161242 96.741504486070667213 
 3.3878724186501161242 54.07483781940401002 
 216.72120575198343317 96.741504486070667213 
 216.72120575198343317 139.40817115273736704 
 3.3878724186501161242 182.07483781940399581 
 3.3878724186501161242 139.40817115273736704 
 216.72120575198343317 182.07483781940399581 
 216.72120575198343317 224.74150448607068142 
 3.3878724186501161242 11.408171152737372367 
 3.3878724186501161242 224.74150448607068142 
 216.72120575198343317 11.408171152737372367 
