 16.564132023273060668 133.94589515148928172 
 229.89661202327309297 148.80511562930499281 
 187.22909202327306843 72.082999369919320998 
 101.89149202327303101 101.80327197060192645 
 144.55901202327302713 86.943135670260630832 
 59.223972023273020682 116.66340827094322208 
 16.564132023273060668 42.363642591762328493 
 229.89661202327309297 57.222863069578018269 
 187.22909202327306843 163.66525192964627422 
 101.89149202327303101 193.38552453032886547 
 144.55901202327302713 178.52538822998758405 
 59.223972023273027787 208.2456608306701753 
