 75.098294812500455464 28.162543660462571182 
 33.885459557500205108 17.11959773608835178 
 22.842513633125989259 58.332432991088602137 
 53.012402963752023766 110.58821417046307545 
 64.05534888812624672 69.375378915462817986 
 11.799567708751769857 99.545268246088852493 
 30.926511115003574304 193.01388468046357616 
 41.969457039377800811 151.80104942546330449 
 157.52396532250094197 50.248435509210999328 
 168.56691124687517913 9.0356002542107667352 
 116.31113006750071293 39.205489584836790584 
 105.26818414312648997 80.41832483983704094 
 135.43807347375252448 132.67410601921150715 
 146.48101939812673322 91.461270764211263895 
 94.225238218752267016 121.6311600948372984 
 83.182292294378058273 162.84399534983754165 
 113.35218162500407857 215.09977652921202207 
 124.39512754937830152 173.8869412742117504 
 72.139346370003835318 204.0568306048377849 
 209.77974650187542238 20.078546178584986137 
 239.94963583250148531 72.334327357959438132 
 250.99258175687566563 31.121492102959201986 
 198.73680057750121364 61.291381433585215177 
 187.69385465312697647 102.50421668858547264 
 217.8637439837530394 154.75999786795995306 
 228.90668990812727657 113.5471626129597098 
 176.65090872875276773 143.71705194358571589 
 165.60796280437853056 184.92988719858595914 
 195.77785213500459349 237.18566837796043956 
 206.82079805937880224 195.97283312296019631 
 154.56501688000435024 226.14272245358620239 
