 100.66973373804086123 7.055388470683289448 
 130.83962306866692415 59.311169650057770752 
 141.8825689930411329 18.098334395057506185 
 89.626787813666666693 48.268223725683547798 
 78.583841889292443739 89.481058980683812365 
 108.75373121991847825 141.73684016005827857 
 119.79667714429268699 100.5240049050580069 
 67.540895964918220784 130.6938942356840414 
 56.497950040544004935 171.90672949068428466 
 86.667839371170032337 224.16251067005879349 
 97.710785295544255291 182.94967541505852182 
 45.455004116169774875 213.11956474568455633 
 183.09540424804134773 29.141280319431725587 
 213.26529357866738223 81.397061498806209556 
 224.3082395030416194 40.184226243805944989 
 172.05245832366713898 70.354115574431986602 
 161.00951239929293024 111.56695082943222985 
 191.17940172991893633 163.82273200880669606 
 202.22234765429317349 122.60989675380645281 
 149.9665664749187215 152.77978608443245889 
 138.92362055054448433 193.99262133943273057 
 169.09350988117049042 246.24840251880718256 
 180.13645580554472758 205.03556726380693931 
 127.88067462617027559 235.20545659443300224 
 48.413952558666437653 37.225277801309331949 
 254.47812883366768233  92.4400074231804183 
 243.43518290929344516 133.65284267818066155 
 26.328060709918009508 119.65094831130983266 
 37.37100663429222891 78.43811305630958941 
  232.392236984919208 174.8656779331809048 
 221.34929106054499925 216.07851318818117647 
 4.2421688611695538285 202.07661882131034758 
 15.285114785543791882 160.86378356631010433 
