 187.50274385387081111 30.494639796264710441 
 157.3328545232447766 82.750420975639187304 
 198.54568977824504827 71.707475051264978561 
 146.28990859887056786 41.537585720638929843 
 105.07707334387032461 52.580531645013145692 
 74.907184013244275889 104.83631282438763321 
 116.12001926824456177 93.793366900013396048 
 63.864238088870060039 63.623477569387368646 
 22.651402833869838105 74.666423493761584496 
 239.7585250332452631 60.664529126890755606 
 33.694348758244061059 115.87925874876182775 
 228.71557910887105436 19.451693871890494592 
 209.5886357026192286 112.92031030626519339 
 179.41874637199322251 165.1760914856396596 
 220.63158162699346576 154.13314556126547927 
 168.37580044761898534 123.96325623063941634 
 127.1629651926187563 135.00620215501362509 
 96.993075861992721798 187.2619833343881055 
 138.20591111699300768 176.21903741001392518 
 85.950129937618498843 146.04914807938786225 
 44.737294682618269803  157.092094003762071 
 55.780240606992492758 198.30492925876231425 
 250.80147095761947185 101.87736438189097044 
 231.6745275513676745 195.3459808162656941 
 190.46169229636743125 206.38892674063990285 
  149.248857041367188 217.43187266501408317 
 52.82129216449584419 22.410642314387125396 
 94.034127419496115863 11.36769639001288823 
 108.03602178636693054 228.47481858938837718 
 66.823186531366701502 239.5177645137625575 
 11.608456909495620479 33.453588238761327034 
