 197.7752251809611721 2.8335347737523854939 
 155.10855851429448649 45.500201440419054677 
 197.7752251809611721 45.500201440419054677 
 155.10855851429448649 2.8335347737523854939 
 112.4418918476278435 2.8335347737523854939 
 69.775225180961157889 45.500201440419054677 
 112.4418918476278435 45.500201440419054677 
 69.775225180961157889 2.8335347737523854939 
 27.108558514294514907 2.8335347737523854939 
 240.44189184762782929 45.500201440419040466 
 27.108558514294514907 45.500201440419061782 
 240.44189184762782929 2.8335347737523854939 
 197.7752251809611721 88.166868107085718975 
 155.10855851429448649 130.83353477375237617 
 197.7752251809611721 130.83353477375237617 
 155.10855851429448649 88.166868107085718975 
 112.4418918476278435 88.166868107085718975 
 69.775225180961157889 130.83353477375237617 
 112.4418918476278435 130.83353477375237617 
 69.775225180961157889 88.166868107085718975 
 27.108558514294514907 88.166868107085718975 
 240.44189184762782929 130.83353477375237617 
 27.108558514294514907 130.83353477375237617 
 240.44189184762782929 88.166868107085718975 
 197.7752251809611721 173.50020144041906178 
 155.10855851429448649 216.1668681070857474 
 197.7752251809611721 216.1668681070857474 
 155.10855851429448649 173.50020144041906178 
 112.4418918476278435 173.50020144041906178 
  69.7752251809611721 216.1668681070857474 
 112.4418918476278435 216.1668681070857474 
 69.775225180961157889 173.50020144041906178 
 27.108558514294514907 173.50020144041906178 
 240.44189184762782929 216.1668681070857474 
 27.108558514294514907 216.1668681070857474 
 240.44189184762782929 173.50020144041903336 
