  228.232429861921986 14.538141526235664358 
 185.56576319525530039 44.708030856861697089 
 142.8990965285886432 14.538141526235664358 
  100.232429861921986 44.708030856861697089 
 57.565763195255314599 14.538141526235664358 
 14.899096528588637867 44.708030856861704194 
  228.232429861921986 74.877920187487717385 
 185.56576319525532881 105.04780951811375189 
 142.8990965285886432 74.877920187487731596 
  100.232429861921986 105.04780951811375189 
 57.565763195255321705 74.877920187487731596 
 14.899096528588637867 105.04780951811375189 
  228.232429861921986 135.2176988487397864 
 185.56576319525532881 165.38758817936579248 
 142.8990965285886432 135.2176988487397864 
  100.232429861921986 165.38758817936579248 
 57.565763195255321705 135.2176988487397864 
 14.899096528588637867 165.38758817936579248 
  228.232429861921986 195.55747750999185541 
 185.56576319525532881 225.72736684061788992 
 142.8990965285886432 195.55747750999185541 
  100.232429861921986 225.72736684061788992 
 57.565763195255321705 195.55747750999185541 
 14.899096528588637867 225.72736684061788992 
