 58.215231340260189086 6.6678356203773825328 
 120.03448422276055396 23.232254506938705418 
 103.47006533619922664 85.051507389439080953 
 41.650812453698861759 68.487088502877753626 
 25.086393567137541538 130.3063413853781185 
 86.90564644963791352 146.87076027193944583 
 70.341227563076571982 208.69001315443981071 
 8.5219746805762071062 192.12559426787848338 
 181.85373710526093305 39.796673393500029192 
 243.67298998776129793 56.361092280061363624 
 227.1085711011999706 118.18034516256173561 
 165.28931821869960572 101.61592627600040828 
 148.7248993321382784 163.43517915850074473 
 210.54415221463864327 179.99959804506207206 
 193.97973332807728752 241.81885092756246536 
 132.16048044557692265 225.25443204100110961 
