 177.30503803072167557 21.550921710003621001 
 177.30503803072167557 85.550921710003621001 
 113.30503803072167557 85.550921710003621001 
 113.30503803072167557 21.550921710003621001 
 49.305038030721675568 21.550921710003621001 
 49.305038030721675568 85.550921710003621001 
 241.30503803072167557 85.550921710003621001 
 241.30503803072167557 21.55092171000360679 
 177.30503803072167557  149.550921710003621 
 177.30503803072167557  213.550921710003621 
 113.30503803072167557  213.550921710003621 
 113.30503803072167557  149.550921710003621 
 49.305038030721675568  149.550921710003621 
 49.305038030721675568  213.550921710003621 
 241.30503803072167557  213.550921710003621 
 241.30503803072167557  149.550921710003621 
