 126.8056146683073564 60.558181592867676102 
 84.138094668307346069 120.89840359384376711 
 169.47185466830734413 181.23862559481983681 
 105.47185466830734413 181.23862559481983681 
 62.805614668307349291 60.558181592867676102 
 148.13809466830736028 120.89840359384376711 
 254.80561466830738482 60.558181592867676102 
 212.13809466830736028 120.89840359384376711 
 41.471854668307358338 181.23862559481983681 
 233.47185466830737255 181.23862559481983681 
 190.8056146683073564 60.558181592867676102 
 20.138094668307392254 120.89840359384376711 
