 173.32692392390762848 196.43545711945873222 
 103.99957834585623573 170.8389962473200967 
 242.64519602387144914 222.03302406921244483 
 226.08077713731017866 160.21377118671210837 
 156.76250503734627273 134.61620423695833892 
 120.56399723241757727   232.65824912982049 
 140.1980861507849454 72.796951354457959837 
 70.870740572733581075 47.20049048231933142 
 209.51635825074882291 98.394518304211743498 
 192.95193936418749558 36.575265421711343095 
 123.63366726422361808 10.977698471957614501 
 87.435159459294922613 109.01974336481974603 
