 60.847246064239392638 211.76297966035772902 
 117.22950763241121308 160.6128855687443604 
 93.976083837362040185 88.124473895356956632 
 150.35834540553386773 36.974379803743588013 
 140.48293142746035755 233.10129724213177838 
 196.86519299563215668 181.95120315051840976 
 173.61176920058304063 109.46279147713099178 
 229.99403076875483976 58.312697385517630266 
 220.11861679068132958 254.43961482390579931 
 37.593822269190198426 139.27456798697031104 
 253.24745456380401265 130.80110905890504114 
 70.72266004231286729 15.636062221969540431 
