 20.30638175908023868 209.72585292493346287 
 61.528845842667529098 145.72585292493346287 
 20.30638175908023868 81.725852924933477084 
 61.528845842667529098 17.725852924933466426 
 102.7513099262548053 209.72585292493346287 
 143.97377400984211704 145.72585292493346287 
 102.7513099262548053 81.725852924933477084 
 143.97377400984211704 17.725852924933466426 
 185.19623809342937193 209.72585292493346287 
 226.41870217701665524 145.72585292493346287 
 185.19623809342937193 81.725852924933477084 
 226.41870217701665524 17.725852924933466426 
