 47.178775078147829447 131.29408563580153668 
 114.87847618112604664 96.479691835391065524 
 111.17877507814782234 20.442833951393360792 
 50.878476181126032429 207.33094351979923431 
 118.57817728410424252 172.51654971938881999 
 186.27787838708243839 137.70215591897837726 
 182.5781772841042141 61.665298034980651209 
 122.2778783870824526 248.5534076033864892 
 189.97757949006063427 213.73901380297607489 
 43.479073975169619359 55.257227751803782212 
 253.97757949006063427 102.88776211856792031 
