 39.008809913675413839 154.41537218105824536 
 106.70851101665360261 119.60097838064783105 
 103.00880991367540673 43.564120496650097891 
 170.70851101665360261 8.7497266962396427203 
 110.4082121196318127 195.63783626464552867 
 178.10791322260999436 160.82344246423511436 
 174.40821211963179849 84.786584580237374098 
 242.10791322260999436 49.972190779826924256 
 181.80761432558821866 236.86030034823281198 
 35.309108810697168224 78.378514297060533522 
 245.80761432558821866 126.0090486638246432 
