 100.91613052381279658 3.7581994376185301476 
 84.351711637251469256 65.577452320118922557 
 112.50717866702254355 73.121686973267173926 
 129.07159755358387088 11.30243409076678951 
 67.787292750690141929 127.39670520261928743 
 51.222873864128814603 189.21595808511966652 
 79.378340893899888897 196.76019273826790368 
 95.942759780461216224 134.9409398557675388 
 157.22706458335494517 18.84666874391504976 
 140.66264569679361784 80.665921626415439505 
 168.81811272656469214 88.210156279563690873 
 185.38253161312604789 26.390903397063311786 
 124.09822681023229052 142.48517450891577596 
 107.53380792367096319 204.30442739141616926 
 135.68927495344203749 211.84866204456443484 
 152.25369384000339323 150.02940916206406996 
 213.53799864289712218 33.93513805021157026 
 196.97357975633579485 95.754390932711956452 
 225.12904678610684073 103.29862558586022203 
 241.69346567266813963 41.479372703359828733 
 180.40916086977446753 157.57364381521233554 
 163.84474198321311178 219.39289669771270042 
 192.0002090129842145 226.93713135086096599 
 208.56462789954554182 165.1178784683605727 
