 148.58556598627583867 47.489780324580053161 
 103.3307319903367727 92.744614320519104922 
 123.94196436695960983 113.35584669714191364 
 169.19679836289864738 68.101012701202861876 
 58.075897994397763568 137.99944831645814247 
 12.821063998458710032 183.25428231239720844 
 33.432296375081541839 203.86551468901998874 
 78.687130371020586495 158.61068069308095119 
 189.8080307395214561 88.712245077825670592 
 144.55319674358241855 133.96707907376472235 
 165.16442912020522726 154.57831145038753107 
 210.41926311614423639 109.32347745444849352 
 99.298362747643380999 179.2219130697037599 
 54.043528751704350555 224.47674706564279745 
 74.654761128327166375 245.08797944226563459 
 119.90959512426620392 199.83314544632656862 
 231.03049549276707353 129.93470983107127381 
 185.77566149682803598 175.18954382701033978 
 82.71949961371394977 72.133381943896281996 
 127.97433360965300153 26.878547947957219577 
 140.52082750088899843 220.44437782294937733 
 37.464665617774933537 117.38821593983530533 
