 216.20126664687452944 25.374689617191481972 
 154.38201376437410772 41.93910850375279864 
 161.9262484175223733 70.09457553352388004 
 223.74550130002279502 53.530156646962559819 
 92.562760881873757057 58.503527390314125967 
 30.743507999373402839 75.067946276875460399 
 38.287742652521664866 103.22341330664653469 
 100.10699553502200843 86.658994420085207366 
 231.28973595317103218 81.685623676733627008 
 169.47048307067063888 98.250042563294968545 
 177.01471772381890446 126.40550959306604284 
 238.83397060631929776 109.84109070650471551 
  107.651230188170274 114.81446144985628166 
 45.831977305669923339 131.37888033641760899 
 53.376211958818181813 159.53434736618868328 
 115.19546484131852537 142.96992847962735596 
 246.37820525946756334 137.9965577362757756 
 184.55895237696717004 154.56097662283710292 
 192.1031870301154072 182.71644365260817722 
 253.92243991261582892 166.15202476604687831 
 122.73969949446679095 171.12539550939845867 
 60.920446611966440287 187.68981439595975758 
 68.464681265114705866 215.84528142573080345 
 130.28393414761504232 199.28086253916950454 
