 32.819806402153702152 31.470213028444518955 
 50.607015814949882326 129.9387847950228263 
 25.011264454752339503 60.612088309179213752 
 58.415557762351241422 100.7969095142881315 
 1.5856386125482790916 148.03771415138331236 
 81.841183604555311604 13.371283672084063099 
 27.181389972745812145 217.36441063722688227 
 115.24547691215420286 53.556104877192964864 
 133.03268632495039014 152.02467664377127221 
 107.43693496475285087 82.697980157927659661 
 140.84122827235174213 122.88280136303657741 
 84.011309122548766481 170.12360600013175826 
 164.26685411455579811 35.457175520832507232 
 76.20276717514740028 199.26548128086648148 
 109.60706048274630575 239.45030248597532818 
 197.67114742215471779 75.641996725941396562 
 215.45835683495087665 174.1105684925196897 
 189.8626054747533658 104.78387200667610557 
 223.26689878235220021 144.9686932117849949 
 166.4369796325492814 192.20949784888020417 
 246.69252462455625619 57.54306736958093893 
 158.62843768514790099 221.35137312961492739 
