 126.00650492366274591 30.292893861547540268 
 117.70208815585975515 130.00989896394256107 
 110.92156025834974287 56.420784451234780477 
 132.7870328211727724 103.88200837425534928 
 65.666726262410705317 134.80445622029648689 
 178.04186681711180995 25.498336605193639315 
 50.581781597097673853 160.93234680998375552 
 72.447254159920717598 208.39357073300431011 
 199.9073393799348537 72.959560528214197461 
 191.60292261213183451 172.67656563060924668 
 184.82239471462182223 99.08745111790145188 
 206.68786727744486598 146.54867504092200647 
 139.5675607186828131 177.47112288696314408 
 251.94270127338390353 68.165003271860285849 
 124.48261605336978164 203.59901347665041271 
 146.34808861619279696 251.06023739967096731 
 43.801253699587654467 87.343232297275932297 
 58.88619836490067172 61.215341707588692088 
 213.46839517495490668 220.13778955362977285 
 198.38345050964187521 246.26568014331704148 
