 139.97790700249831275 31.208426233757204926 
 106.14779633312434726 125.37831556438324299 
 118.64457366916496994 52.54175956709052997 
 127.48112966645766164 104.04498223104988597 
 54.644573669164969942 116.54175956709053708 
 191.48112966645766164 40.044982231049900179 
 33.311240335831627135 137.87509290042387988 
 42.147796333124333046 189.37831556438328562 
 200.31768566375032492 91.548204895009249071 
 166.48757499437638785 185.71809422563526937 
 178.98435233041701053 112.88153822834257767 
 187.82090832770973066 164.38476089230195498 
 114.98435233041702475 176.88153822834260609 
 251.82090832770973066 100.38476089230194077 
 93.651018997083667728 198.2148715616759489 
 102.48757499437638785 249.71809422563532621 
 45.808017671872285348 65.038536903131188183 
 239.32413099166907955 173.22131688959461826 
 67.14135100520562105 43.705203569797852481 
 175.32413099166907955 237.22131688959461826 
