 148.00915524974246296 14.325124857562339997 
 117.83926591911642845 66.580906036936809755 
 65.583484739741976455 36.411016706310782354 
 35.413595409115941948 88.666797885685241454 
 200.26493642911691495 44.495014188188370952 
 170.09504709849088044 96.750795367562830052 
 139.92515776786487436 149.00657654693731047 
 87.669376588490408153 118.83668721631127596 
 57.499487257864366541 171.09246839568575638 
 5.2437060784898825716 140.92257906505972187 
 222.35082827786536086 126.92068469818886456 
 192.18093894723932635 179.17646587756334497 
 162.01104961661329185 231.43224705693779697 
 109.75526843723885406 201.26235772631179088 
 79.585379106612805344 253.51813890568624288 
 27.329597927238307165 223.34824957506023679 
 244.43672012661380677 209.34635520818935106 
