 11.386727490553731457 63.487979998777035462 
 71.726506151805779155 20.821313332110367611 
 71.726506151805779155 63.487979998777035462 
 11.386727490553731457 20.821313332110367611 
 11.386727490553731457 148.82131333211037827 
 71.726506151805779155 106.15464666544370687 
 71.726506151805779155 148.82131333211037827 
 11.386727490553731457 106.15464666544370687 
 11.386727490553731457 234.15464666544369265 
 71.726506151805779155 191.48797999877703546 
 71.726506151805779155 234.15464666544369265 
 11.386727490553731457 191.48797999877703546 
 132.06628481305784817 63.487979998777035462 
 192.40606347430988876 20.821313332110367611 
 192.40606347430988876 63.487979998777035462 
 132.06628481305784817 20.821313332110367611 
 132.06628481305784817 148.82131333211037827 
 192.40606347430988876 106.15464666544370687 
 192.40606347430988876 148.82131333211037827 
 132.06628481305784817 106.15464666544370687 
 132.06628481305784817 234.15464666544369265 
 192.40606347430988876 191.48797999877703546 
 192.40606347430988876 234.15464666544369265 
 132.06628481305784817 191.48797999877703546 
