 98.428113997328836149 68.286214084301775529 
 158.76789265858090516 25.619547417635118336 
 158.76789265858090516 68.286214084301775529 
 98.428113997328836149 25.619547417635118336 
 98.428113997328836149 153.61954741763511834 
 158.76789265858090516 110.95288075096846114 
 158.76789265858090516 153.61954741763511834 
 98.428113997328836149 110.95288075096846114 
 98.428113997328836149 238.95288075096843272 
 158.76789265858090516 196.28621408430177553 
 158.76789265858090516 238.95288075096843272 
 98.428113997328836149 196.28621408430177553 
 219.10767131983297418 68.286214084301775529 
 38.088335336076738713 25.619547417635118336 
 38.088335336076738713 68.286214084301775529 
 219.10767131983297418 25.619547417635118336 
 219.10767131983297418 153.61954741763511834 
 38.088335336076738713 110.95288075096846114 
 38.088335336076738713 153.61954741763511834 
 219.10767131983297418 110.95288075096846114 
 219.10767131983297418 238.95288075096843272 
 38.088335336076738713 196.28621408430177553 
 38.088335336076738713 238.95288075096843272 
 219.10767131983297418 196.28621408430177553 
