 101.24833933921760831 47.740495388537738108 
 174.08489533651032843  60.2372727245783679 
 143.91500600588429393 90.407162055204395301 
 131.41822866984364282 17.570606057911714259 
 40.90856067796556772 108.08027404978979291 
 113.74511667525827363 120.5770513858304156 
 83.575227344632224913 150.74694071645646432 
 71.078450008591602227 77.910384719163758405 
 53.405338014006225933 180.9168300470824704 
 204.25478466713633452 30.067383393952333392 
 10.738671347339566964 138.25016338041578479 
 186.58167267255097954 133.07382872187105249 
 229.24833933921760831 175.74049538853770969 
 216.75156200317695721 102.9039393912450322 
 126.24189401129891053 193.41360738312312151 
 199.07845000859160223 205.91038471916374419 
 168.90856067796556772 236.08027404978975028 
 156.41178334192494503  163.243718052497087 
 246.92145133380302013 72.734050060618997691 
 96.072004680672904442 223.58349671374915602 
