 162.52318094620363809 78.226914881748768948 
 235.35973694349632979 90.723692217789420056 
 205.18984761287029528 120.89358154841544035 
 192.69307027682964417 48.057025551122741547 
 102.18340228495156907 138.56669354300083796 
 175.01995828224428919 151.06347087904146065 
 144.85006895161825469 181.23336020966749516 
 132.35329161557760358 108.39680421237478924 
 41.843623623699542691 198.90647220425285013 
 114.68017962099222018 211.40324954029352966 
 84.510290290366214094 241.57313887091953575 
 72.013512954325548776 168.73658287362684405 
 247.85651427953695247 163.56024821508211176 
 150.02640361016295856 5.390358884456054156 
 119.85651427953692405 35.560248215082076229 
 187.51673561828491188 223.90002687633418077 
 89.686624948910903754 65.73013754570810363 
 59.516735618284862142 95.900026876334138137 
 217.68662494891097481 193.73013754570814626 
 29.346846287658845398 126.06991620696017264 
 157.34684628765893422 254.06991620696021528 
