 120.03309492151525717 63.728770370610860141 
 176.86301407131821861 110.96957500770601257 
 135.65017881631797536 122.01252093208023553 
 161.24593017651551463 52.685824446236637186 
 37.607424411514770668 85.814662219359291839 
 94.437343561317746321 133.05546685645447269 
 53.224508306317488859 144.09841278082868143 
 78.820259666515013919 74.771716294985068885 
 202.45876543151581473 41.642878521862414232 
 12.011673051317238503 155.14135870520289018 
 218.07584932631849028 99.926629083331789616 
 151.26726271112070776 180.29627149354962512 
 208.09718186092365499 227.53707613064477755 
 166.88434660592341174 238.58002205501898629 
 192.48009796612092259 169.25332556917541638 
 68.841592201120207051 202.38216334229807103 
 125.67151135092316849 249.62296797939322346 
 110.0544274561204503 191.33921741792386229 
 233.69293322112122269 158.21037964480117921 
 249.31001711592395509 216.49413020627054038 
 27.628756946119949589 213.42510926667227977 
