 169.56919249513819636 29.727055469255237341 
 226.3991116449411436 76.96786010635042885 
 185.18627638994092877 88.010806030724637594 
 210.78202775013846804 18.684109544881035703 
 87.143521985137695651 51.812947318003679698 
 143.97344113494068552 99.053751955098846338 
 102.76060587994042805 110.09669787947306929 
 128.35635724013798153 40.770001393629463848 
 4.7178514751372251368 73.898839166752111396 
 61.547770624940199014 121.13964380384729225 
 20.334935369939934446 132.18258972822152941 
 45.930686730137480822 62.855893242377895547 
 200.80336028474366117 146.29455659219402719 
 216.42044417954633673 204.57830715366335994 
  242.016195539743876 135.25161066781981845 
 118.37768977474313203 168.3804484409424731 
 175.20760892454609348 215.62125307803762553 
 133.99477366954585023 226.66419900241180585 
 159.5905250297433895 157.33750251656823593 
 35.952019264742645532 190.46634028969089059 
 92.781938414545621185 237.70714492678604302 
 51.569103159545356618 248.75009085116025176 
 77.164854519742902994 179.42339436531665342 
