 163.71406303362309131 198.90859876787166627 
 121.04739636695639149 229.0784880984977292 
 163.71406303362309131 3.2483774291237570431 
 206.38072970028972009 229.0784880984977292 
 78.380729700289734296 138.5688201066196541 
 78.380729700289734296 198.90859876787166627 
 163.71406303362309131 138.5688201066196541 
 121.04739636695639149 108.39893077599360538 
 121.04739636695639149 168.73870943724566018 
 206.38072970028972009 108.39893077599360538 
 206.38072970028972009 168.73870943724566018 
 249.0473963669564057 138.5688201066196541 
 249.0473963669564057 198.90859876787166627 
 163.71406303362309131 78.229041445367585084 
