 83.334594939202645492 159.78975132598975506 
 35.873371016182076687 137.92427876316673974 
 31.078813759828207708 189.95964065661578957 
 78.540037682848762302 211.82511321943886173 
 92.923709451910426083 55.719027539091634083 
 40.667928272535981193 85.888916869717661484 
 135.59037611857709749 129.61986199536372055 
 140.38493337493099489 77.584500101914656511 
 88.129152195556528682 107.75438943254069102 
 183.0516000415976805 151.4853345581867643 
 130.79581886222322851 181.6552238888127988 
 178.2570427852437831 203.52069645163587097 
 126.00126160586933111 233.69058578226184864 
 187.8461572979515779 99.449972664737686046 
