 144.99683228595282003 107.07825701674319419 
 92.741051106578353824 137.2481463473692429 
 122.91094043720440254 189.50392752674372332 
 175.16672161657888296 159.33403819611766039 
 62.571161775952333528 84.992365167994762487 
 51.528215851578110573 126.20520042299501995 
 40.485269927203894724 167.41803567799527741 
 156.0397782103270572 65.865421761742950935 
 114.82694295532678552 54.822475837368742191 
 103.78399703095259099 96.035311092368985442 
 133.95388636157861129 148.29109227174345165 
 81.698105182204145081 178.46098160236948615 
 111.86799451283017959 230.71676278174393815 
 70.655159257829922126 219.67381685736972941 
 197.25261346532727202 76.908367686117173889 
 186.20966754095306328 118.12120294111743135 
 227.42250279595333495 129.16414886549165431 
 216.37955687157912621 170.37698412049189756 
 164.12377569220464579 200.54687345111790364 
 205.33661094720488904 211.58981937549214081 
 153.08082976783040863 241.75970870611817531 
