 165.40037021239220394 121.1717649338576166 
 113.14458903301775194 91.00187560323158209 
 82.974699702391703227 143.25765678260606251 
 135.23048088176619785 173.42754611323206859 
 143.31447836364378645 38.746094423857115885 
 102.10164310864355741 49.789040348231331734 
 60.888807853643271528 60.831986272605554689 
 206.61320546739247561 110.12881900948339364 
 195.57025954301823845 68.915983754483136181 
 154.3574242880179952 79.958929678857373347 
 124.18753495739198911 132.21471085823182534 
 71.931753778017494483 102.04482152760581926 
 41.761864447391445765 154.30060270698027125 
 30.718918523017229916 113.08776745198001379 
 217.65615139176671278 151.3416542644836511 
 176.4433161367664411 162.38460018885785985 
 187.48626206114064985 203.59743544385813152 
 146.27342680614043502 214.64038136823231184 
 94.017645626765926181 184.47049203760630576 
 105.06059155114014914 225.68332729260654901 
 52.804810371765668719 195.51343796198048608 
