 144.4390453597910664 141.69761063375722188 
 86.155294798321676808 126.08052673895450368 
 70.538210903518987038 184.36427730042385065 
 128.82196146498836242 199.98136119522658305 
 101.77237869312438079 67.79677617748511409 
 64.821961464988334001 89.130109510818456897 
 27.871544236852297871 110.4634428441517997 
 181.38946258792711319 120.36427730042387907 
 160.05612925459377038 83.41386007228781807 
 123.1057120264577236 104.74719340562116088 
 107.48862813165501962 163.03094396709056468 
 49.204877570185651336 147.41386007228783228 
 33.587793675382933145 205.69761063375719345 
 12.254460342049588562 168.74719340562117509 
 202.72279592126039915 157.31469452855989744 
 165.77237869312438079 178.64802786189324024 
 187.1057120264577236 215.59844509002928703 
 150.15529479832167681 236.93177842336262984 
 91.871544236852315635 221.31469452855992586 
 54.921127008716254636 242.64802786189326866 
