 61.504571955987593412 43.235354330048231475 
 77.452594685541214403 9.6102838516618014353 
 37.738183639170941319 106.34311313643020469 
 65.915293135250209389 80.422154461304529605 
 26.19245605900882623 164.05305348127657794 
 25.86966623205698923 198.61667621148436069 
 53.253087297360593766 139.36030729531807992 
 113.43259928537145242 24.689262005988076965 
 105.33074697676848075 90.872445623230007072 
 59.02317681966527374 206.84418161178291484 
 127.18204363770902887 60.898247319416569212 
 88.834488786900735136 149.00165252439279584 
 88.727715137670344347 184.93611871359749443 
 120.17682938909665324 128.04553686504829102 
 171.84434580234216128 23.82631422985343761 
 166.76436038945143991 61.21898563720420583 
 100.79376267016208146 238.40445085141635673 
 118.57915289348989063 205.11294811857709419 
 156.57270588107911635 147.91877503393780557 
 153.2218576371758445 189.26442660499105841 
 197.3024501356858309 86.886512638346545145 
 233.41944357984351655 31.296511021866603386 
 194.14810669976492363 128.75842737881191624 
 233.39298944361695476 68.378879244003201165 
 177.4851281407493957 220.20105102221231164 
 168.04676005341923428 256.70285439542448103 
 228.35812770228426416 149.34170243751123053 
 214.42227114023026502 222.41853400242197836 
 233.19576034310267687 190.0766309276397692 
