 92.840024115877668009 180.49973258320238756 
 37.414398273673576512 212.49973258320241598 
 48.619078653711873983 103.90680828399884206 
 163.64745171192106454 190.68099473280415168 
 77.458222362038341657 138.31847043360065186 
 22.032596519834275028 170.31847043360065186 
 108.22182586971698015 222.6809947328041801 
 203.69127580028580837 116.49973258320237335 
 148.26564995808166714 148.49973258320241598 
 159.47033033812002145 39.906808283998827847 
 104.04470449591588022 71.906808283998870479 
 188.30947404644646781 74.318470433600637648 
 132.88384820424241184 106.31847043360063765 
 219.07307755412512051 158.68099473280415168 
