 138.98780173302816365 49.601425972222685346 
 65.085521602735028068 49.601425972222685346 
 120.5122317004548762 81.601425972222685346 
 83.561091635308315517 81.601425972222685346 
 28.134381537588470934 49.601425972222699556 
 175.93894179817471013 49.601425972222685346 
 231.36565189589458669 81.601425972222685346 
 194.41451183074798337 81.601425972222685346 
 138.98780173302816365 113.60142597222267113 
 65.085521602735028068 113.60142597222267113 
 120.5122317004548762 145.60142597222269956 
 83.561091635308315517 145.60142597222269956 
 28.134381537588470934 113.60142597222267113 
 175.93894179817471013 113.60142597222267113 
 231.36565189589458669 145.60142597222269956 
 194.41451183074798337 145.60142597222269956 
 138.98780173302816365 177.60142597222269956 
 65.085521602735028068 177.60142597222269956 
 120.5122317004548762 209.60142597222267113 
 83.561091635308315517 209.60142597222267113 
 28.134381537588470934 177.60142597222269956 
 175.93894179817471013 177.60142597222269956 
 231.36565189589458669 209.60142597222267113 
 194.41451183074798337 209.60142597222267113 
 138.98780173302816365 241.60142597222269956 
 65.085521602735042279 241.60142597222269956 
 120.5122317004548762 17.601425972222692451 
 83.561091635308315517 17.601425972222692451 
 28.134381537588481592 241.60142597222269956 
 175.93894179817471013 241.60142597222269956 
 231.36565189589458669 17.601425972222692451 
 194.41451183074798337 17.601425972222692451 
