 103.78026320416341832 76.777988824565341019 
 29.879428747891349616 119.44465549123201242 
 103.78026320416341832 119.44465549123201242 
 66.829845976027371535 140.77798882456534102 
 140.73068043229946511 55.444655491232005318 
 214.63151488857155869 55.444655491231991107 
 177.68109766043554032 76.777988824565341019 
 140.73068043229949353 140.7779888245653126 
 66.829845976027399956 183.44465549123199821 
 140.73068043229949353 183.44465549123199821 
 103.78026320416341832 204.77798882456536944 
 29.879428747891306983 204.77798882456536944 
 177.6810976604355119 119.44465549123199821 
 251.58193211670760547 119.44465549123199821 
 214.63151488857158711 140.7779888245653126 
 177.68109766043554032 204.77798882456536944 
 103.78026320416346095 247.44465549123202663 
 66.829845976027399956 55.44465549123204795 
  29.8794287478913283 76.777988824565397863 
 214.63151488857158711 183.44465549123199821 
 140.73068043229949353 12.777988824565365888 
