 188.11408701287300005 33.957978499170913267 
 102.78075367953967145 33.957978499170913267 
 166.78075367953965724 70.908395727306952949 
 124.11408701287300005 70.908395727306952949 
 60.114087012872978733 33.957978499170913267 
 230.78075367953965724 33.957978499170913267 
 38.780753679539678558 70.90839572730696716 
 252.11408701287302847 70.908395727306938738 
 188.11408701287300005 107.85881295544298553 
 102.78075367953967145 107.85881295544301395 
 166.78075367953965724 144.80923018357904652 
 124.11408701287300005 144.80923018357904652 
 60.114087012872985838 107.85881295544301395 
 230.78075367953965724 107.85881295544298553 
 38.780753679539678558 144.80923018357904652 
 252.11408701287302847 144.80923018357904652 
 188.11408701287300005 181.75964741171512173 
 102.78075367953967145 181.75964741171512173 
 166.78075367953968566 218.71006463985119694 
 124.11408701287300005 218.71006463985119694 
 60.114087012872985838 181.75964741171512173 
 230.78075367953965724 181.75964741171509331 
 38.780753679539692769 218.71006463985119694 
 252.11408701287302847 218.7100646398511401 
