 144.23588997089365193 32.153524916027585334 
 58.902556637560316233 32.153524916027585334 
 122.90255663756030913 69.103942144163639227 
 80.235889970893637724 69.103942144163639227 
 16.235889970893666145 32.153524916027585334 
 186.90255663756030913 32.153524916027585334 
 250.90255663756030913 69.103942144163639227 
 208.23588997089365193 69.103942144163639227 
 144.23588997089365193 106.05435937229970023 
 58.902556637560323338 106.05435937229970023 
 122.90255663756030913 143.00477660043571859 
 80.235889970893637724 143.00477660043571859 
 16.235889970893666145 106.05435937229970023 
 186.90255663756030913 106.05435937229968602 
 250.90255663756030913 143.00477660043571859 
 208.23588997089365193 143.00477660043571859 
 144.23588997089365193 179.95519382857176538 
 58.902556637560323338 179.95519382857176538 
 122.90255663756030913 216.90561105670786901 
 80.235889970893637724 216.90561105670786901 
 16.235889970893666145 179.95519382857176538 
 186.90255663756030913 179.95519382857176538 
 250.90255663756030913 216.90561105670784059 
 208.23588997089365193 216.90561105670786901 
