   167.72264738122729 52.653560181242745841 
 159.25734979544967018 97.034326656631208152 
 71.480288082718530518 95.624424763418986117 
 54.549999162308246525 184.38909056175521073 
 63.014503622513387882 140.00786617510394194 
 46.08549470210311938 228.77031494840647952 
 247.03520463375329541 98.444686461106215347 
 79.944792542923664769 51.243200376767724435 
 150.79284533524452172 141.41555104328247694 
 133.86255641483424483 230.18021684161868734 
 142.32706087503936487 185.79899245496739013 
