 47.347372230258748971 21.186536131234316116 
 62.964456125061445846 79.470286692703680842 
 84.297789458394774442 42.519869464567626949 
 26.014038896925402611 58.136953359370359351 
 4.6807055635920793435 95.087370587506399033 
 20.297789458394788653 153.37112114897578863 
 41.631122791728117249 116.42070392083974184 
 105.63112279172808883 5.5694522364316236818 
 121.24820668653083544 63.853202797900962651 
 136.86529058133356784 122.13695335937035225 
 158.19862391466688223 85.186536131234291247 
 99.914873353197506844 100.80362002603700944 
 78.581540019864178248 137.75403725417305623 
 94.198623914666896439 196.03778781564247424 
 115.53195724800022504 159.08737058750639903 
 57.248206686530842546 174.70445448230913144 
 35.914873353197499739 211.65487171044520665 
 179.53195724800019661 48.236118903098279986 
 72.865290581333567843 232.98820504377849261 
 142.58154001986414983 26.902785569764947837 
 195.14904114280295744 106.51986946456763405 
 210.76612503760566142 164.80362002603700944 
 232.09945837093900423 127.85320279790094844 
 173.81570780946961463 143.47028669270369505 
 152.48237447613627182 180.42070392083974184 
 168.09945837093900423 238.70445448230910301 
 189.43279170427231861 201.7540372541730278 
 131.14904114280295744 217.37112114897581705 
 109.81570780946960042 254.32153837711183542 
 253.43279170427229019 90.902785569764944285 
 216.48237447613621498 69.569452236431615688 
