 142.13583087029306284 39.919408070948470879 
 142.13583087029306284 100.25918673220049016 
 172.30572020091909735 70.08929740157448407 
 111.96594153966704255 70.08929740157448407 
 81.796052209041008041 100.25918673220053279 
 81.796052209041036463 160.59896539345257338 
 111.96594153966704255 130.42907606282656729 
 51.626162878415001956 130.42907606282653887 
 21.45627354778895679 160.59896539345257338 
 202.47560953154507501 39.919408070948470879 
 51.626162878414987745 190.76885472407860789 
 172.30572020091906893 9.7495187403224470302 
 202.47560953154510344 100.25918673220051858 
 202.47560953154516028 160.59896539345257338 
 232.64549886217113794 130.42907606282656729 
 172.30572020091909735 130.42907606282653887 
 142.13583087029306284 160.59896539345257338 
 142.13583087029311969 220.93874405470461397 
 172.30572020091909735 190.76885472407860789 
 111.96594153966705676 190.76885472407860789 
 81.796052209041022252 220.93874405470461397 
 111.96594153966705676 251.10863338533064848 
 232.64549886217113794 70.089297401574498281 
 81.796052209041036463 39.919408070948470879 
 111.96594153966704255 9.7495187403224470302 
 232.64549886217113794 190.76885472407860789 
 202.47560953154510344 220.93874405470461397 
 21.456273547788974554 100.25918673220053279 
 51.626162878414987745 70.089297401574512492 
 172.30572020091909735 251.10863338533064848 
