 109.57303939790810432 40.16734023650609231 
 57.537677504459075806 35.37278298015220912 
 35.67220494163601785 82.834006903172763714 
 161.60840129135718257 44.961897492859982606 
 139.74292872853413883 92.423121415880558516 
 87.707566835085103207 87.628564159526661115 
 65.842094272262059462 135.08978808254724413 
 13.806732378813014961 130.29523082619334673 
 213.6437631848062324 49.756454749213887112 
 191.7782906219832455 97.217678672234441706 
 169.91281805916020176 144.67890259525501051 
 117.87745616571113771 139.88434533890114153 
 96.011983602888079758 187.34556926192169612 
 43.976621709439044139 182.5510120055677703 
 243.81365251543229533 102.01223592858835332 
 221.94817995260925159 149.47345985160890791 
 200.08270738978620784 196.93468377462951935 
 148.04734549633718643 192.14012651827559353 
 126.18187293351412848 239.60135044129614812 
 74.146511040065078646 234.8067931849422223 
