 56.789920996188484992 98.67613443243565996 
 120.78992099618848499 98.67613443243565996 
 120.78992099618848499 162.67613443243567417 
 56.789920996188484992 162.67613443243567417 
 56.789920996188484992 226.67613443243567417 
 120.78992099618848499 226.67613443243567417 
 120.78992099618848499 34.676134432435688382 
 56.789920996188484992 34.676134432435688382 
 184.78992099618847078 98.67613443243565996 
 248.78992099618847078 98.67613443243565996 
 248.78992099618847078 162.67613443243567417 
 184.78992099618847078 162.67613443243567417 
 184.78992099618847078 226.67613443243567417 
 248.78992099618847078 226.67613443243567417 
 248.78992099618847078 34.676134432435688382 
 184.78992099618847078 34.676134432435688382 
