 157.09420958484577113 57.44537123111506105 
 212.51983542704985553 89.44537123111506105 
 180.51983542704988395 144.87099707331913123 
 125.09420958484579955 112.87099707331913123 
 93.094209584845799554 168.29662291552321562 
 148.51983542704988395 200.29662291552321562 
 116.51983542704988395 255.7222487577272716 
 61.094209584845799554 223.7222487577272716 
 101.66858374264168674 25.445371231115043287 
 69.66858374264168674 80.870997073319131232 
 235.94546126925393992 176.87099707331913123 
 203.94546126925393992 232.29662291552321562 
 37.66858374264168674 136.29662291552321562 
 5.6685837426416876283 191.7222487577272716 
