 195.7157067862049189 27.966693533370808211 
 240.97054078214395645 73.221527529309852866 
 195.7157067862049189 118.47636152524889042 
 150.46087279026588135 73.221527529309867077 
 105.20603879432682959 118.47636152524890463 
 150.46087279026588135 163.73119552118794218 
 105.20603879432682959 208.98602951712697973 
 59.951204798387792039 163.7311955211879706 
 105.20603879432682959 27.966693533370836633 
 240.97054078214395645 163.73119552118794218 
 195.7157067862049189 208.98602951712697973 
 59.951204798387792039 73.221527529309881288 
 14.69637080244874916 118.47636152524891884 
 150.46087279026588135 254.2408635130660457 
