 199.43599101709767751 105.74773403580549314 
 216.00040990365897642 167.56698691830590064 
 154.18115702115858312 184.13140580486719955 
 137.61673813459728422 122.31215292236683467 
 75.797485252096890918  138.876571808928162 
 92.361904138658232455 200.69582469142852688 
 30.542651256157853368 217.2602435779898542 
 13.97823236959653137 155.44099069548948933 
 232.56482879022030374 229.3862398008062371 
 182.87157213053632177 43.928481153305128259 
 121.05231924803594268 60.492900039866455586 
 170.74557590771991045 245.95065868736756443 
 59.233066365535570696 77.057318926427782912 
