 214.68701877206351014 64.735066372771854049 
 231.25143765862480905 126.55431925527223314 
 169.43218477612441575 143.11873814183354625 
 152.86776588956311684 81.299485259333195586 
 91.048513007062737756 97.863904145894522912 
 107.61293189362406508 159.68315702839487358 
 45.793679011123700207 176.2475759149562009 
 29.229260124562379985 114.42832303245583603 
 247.81585654518613637 188.37357213777261222 
 198.12259988550215439 2.9158134902714833991 
 136.30334700300178952 19.480232376832805841 
 185.9966036626857715 204.93799102433391113 
 124.17735078018539241 221.50240991089523845 
 74.48409412050141043 36.04465126339413672 
 12.664841238001043777 52.609070149955464046 
 62.358097897685020428 238.06682879745656578 
