 194.78326439528694891 44.087791092896310374 
 194.78326439528694891 108.08779109289631037 
 130.78326439528694891 108.08779109289631037 
 130.78326439528694891 44.087791092896310374 
  66.7832643952869347 44.087791092896310374 
  66.7832643952869347 108.08779109289631037 
 2.7832643952869382531 108.08779109289632459 
 2.7832643952869382531 44.087791092896324585 
 194.78326439528694891 172.08779109289631037 
 194.78326439528694891 236.08779109289631037 
 130.78326439528694891 236.08779109289631037 
 130.78326439528694891 172.08779109289631037 
  66.7832643952869347 172.08779109289631037 
  66.7832643952869347 236.08779109289631037 
 2.7832643952869382531 236.08779109289631037 
 2.7832643952869382531 172.08779109289631037 
