 171.44646270024068713 114.76842034357707689 
 128.77894270024069101 175.10864234455317501 
 214.11270270024070328 54.437248923372095533 
 150.11270270024070328 54.437248923372095533 
 107.44646270024071555 114.76842034357707689 
 192.77894270024071943 175.10864234455317501 
 43.446462700240701338 114.76842034357707689 
 256.77894270024069101 175.10864234455317501 
 86.11270270024071749 54.437248923372095533 
 22.112702700240685516 54.437248923372095533 
 235.44646270024071555 114.76842034357707689 
 64.778942700240719432 175.10864234455317501 
