 211.1446225625872728 129.00754377246212812 
 144.02335532561860987 159.92994889530015712 
 187.75444828557496635 254.85299401813810505 
 132.32882244337091038 222.85299401813813347 
 155.71899672038321683 97.007543772462156539 
 199.44898116782269426 191.9299488953001287 
 100.29337087817916085 65.00754377246217075 
 33.172103641210483715 95.929948895300157119 
 76.903196601166783353 190.85299401813810505 
 21.477570758962755804 158.85299401813816189 
 44.867745035975040935 33.00754377246217075 
 88.597729483414582319 127.92994889530017133 
