 171.11957011676341267 137.46291704156141122 
 97.529644993925430185 130.68187180556884641 
 87.940359871087451893 234.75318676650130101 
 55.940359871087430577 179.32756092429718819 
 139.11957011676341267 82.037291199357341043 
 129.5296449939254444 186.1074976477729308 
 107.11957011676339846 26.611665357153292177 
 161.52964499392547282 241.53312348997698678 
 23.940359871087434129 123.90193508209314643 
 203.11957011676341267 192.88854288376549562 
 65.529644993925444396 75.256245963364804652 
