 71.099871158180675934 242.29514941790296234 
 112.32233524176797346 178.29514941790301918 
 71.099871158180675934 114.29514941790299076 
 112.32233524176797346 50.295149417902983657 
 153.54479932535525677 242.29514941790296234 
 194.76726340894254008 178.29514941790301918 
 153.54479932535525677 114.29514941790299076 
 194.76726340894254008 50.295149417902983657 
 235.98972749252982339 242.29514941790296234 
 29.877407074593385516 178.29514941790301918 
 235.98972749252982339 114.29514941790299076 
 29.877407074593385516 50.295149417902983657 
