 89.107858845411300308 22.157116994158215562 
 153.10785884541130031 63.379581077745498874 
 217.10785884541132873 22.157116994158215562 
 25.107858845411332283 63.379581077745505979 
 89.107858845411300308 104.60204516133278219 
 153.10785884541130031 145.82450924492007971 
 217.10785884541132873 104.60204516133278219 
 25.107858845411332283 145.82450924492007971 
 89.107858845411300308 187.0469733285073346 
 153.10785884541130031 228.26943741209461791 
 217.10785884541132873 187.0469733285073346 
 25.107858845411332283 228.26943741209461791 
