 56.127484608379809572 80.464531215076291915 
 24.127484608379823783 135.8901570572803621 
 49.37098575470889017 150.46449923940207327 
 81.370985754708883064 95.03887339719800309 
 88.127484608379802467 25.038905372872235944 
 113.37098575470886885 39.613247554993925803 
 17.370985754708886617 205.89012508160618609 
 106.61448690103794945 109.61321557931970005 
 74.614486901037949451 165.03884142152378445 
 99.857988047367015838 179.61318360364549562 
 131.85798804736703005 124.18755776144143965 
 42.614486901037949451 220.46446726372786884 
 138.61448690103793524 54.187589737115651189 
 163.85798804736700163 68.76193191923735526 
 67.857988047367030049 235.03880944584958002 
 157.10148919369609644 138.76189994356312241 
 125.10148919369608222 194.1875257857672068 
 150.34499034002516282 208.76186796788888955 
 182.3449903400251344 153.33624212568483358 
 93.101489193696082225 249.61315162797129119 
 189.10148919369606801 83.336274101359066435 
 214.34499034002516282  97.9106162834807634 
