 221.93517803195717875 41.261970749987845863 
 160.11592514945681387 57.82638963654917319 
 167.66015980260505103 85.98185666632025459 
 229.47941268510544433 69.417437779758927263 
 98.296672266956420572 74.390808523110493411 
 36.47741938445604859 90.955227409671834948 
 44.021654037604307064 119.11069443944290924 
 105.84090692010467194 102.54627555288159613 
 237.02364733825368148 97.572904809529987347 
 175.20439445575331661 114.13732369609132888 
 182.74862910890158219 142.29279072586240318 
 244.56788199140194706 125.72837183930107585 
 113.38514157325293752 130.70174258265265621 
 51.565888690752579748 147.26616146921398354 
 59.110123343900838222 175.42162849898505783 
 120.9293762264012031 158.8572096124237305 
 252.11211664455021264 153.88383886907215015 
 190.29286376204984776 170.44825775563347747 
 197.83709841519811334 198.60372478540458019 
 128.47361087954945447 187.01267664219483322 
 66.65435799704908959 203.57709552875613213 
 74.198592650197355169 231.73256255852720642 
 136.01784553269772005 215.16814367196590752 
