 143.65236699230746353  97.1332697851237441 
 79.652366992307477744 97.133269785123758311 
 79.652366992307477744 126.28195414936718066 
 143.65236699230746353 126.28195414936718066 
 15.652366992307472415 97.133269785123758311 
 207.65236699230749196  97.1332697851237441 
 207.65236699230749196 126.28195414936718066 
 15.652366992307472415 126.28195414936718066 
 143.65236699230746353 155.43063851361060301 
 79.652366992307477744 155.43063851361060301 
 79.652366992307477744 184.57932287785402536 
 143.65236699230746353 184.57932287785402536 
 15.652366992307472415 155.43063851361063143 
 207.65236699230749196 155.43063851361060301 
 207.65236699230749196 184.57932287785402536 
 15.652366992307472415 184.57932287785402536 
 143.65236699230746353 213.72800724209744772 
 79.652366992307491955 213.72800724209744772 
 79.652366992307477744 67.984585420880321749 
 143.65236699230746353 67.984585420880321749 
 15.652366992307472415 213.72800724209744772 
 207.65236699230749196 213.72800724209744772 
 207.65236699230749196 67.984585420880307538 
 15.652366992307472415 67.98458542088033596 
