 66.066881192926700805 85.550555547131367007 
 40.471129832729168641 16.223859061287740246 
 73.875423140328067007 56.408680266396657998 
 17.045503990525109117 103.64948490349185306 
 34.832713403321264423 202.11805667007016041 
 9.2369620431237500213 132.79136018422653365 
 42.641255350722623518 172.97618138933546561 
 130.70534229013102845 9.1678756293014878054 
 148.49255170292721573 107.63644739587979871 
 122.89680034272967646 38.309750910036186156 
 156.30109365032856772 78.494572115145103908 
 99.471174500525592066 125.73537675224027055 
 117.25838391332176514 224.20394851881860632 
 91.662632553124240076 154.87725203297497956 
 125.06692586072313134 195.06207323808391152 
 213.13101280013151495 31.253767478049933715 
 230.91822221292767381 129.72233924462821619 
 205.32247085273019138 60.395642758784632065 
 238.72676416032905422 100.5804639638935214 
 181.89684501052607857 147.82126860098873067 
 199.68405442332223743 246.28984036756705223 
  174.088303063124755 176.96314388172342547 
 207.49259637072361784 217.14796508683230059 
