 120.61094128821419247 81.985289477618522369 
 63.560602852485828862 164.19054070169363513 
 94.48305069852695226 97.070234142931525412 
 89.68849344217306907 149.10559603638060366 
 16.099378929465252952 142.32506813887059138 
 168.07216521123478969 103.8507620404415519 
 198.99461305727589888 36.730455481679470608 
 194.20005580092200148 88.76581737512853465 
 163.27760795488089229 155.88612393389061594 
 106.22726951915250027 238.09137515796570028 
 137.14971736519365209 170.97106859920364741 
 132.35516010883975468 223.00643049265272566 
 58.766045596131945672 216.22590259514268496 
 210.73883187790144689 177.75159649671365969 
 241.6612797239425845 110.63128993795156418 
 236.86672246758871552 162.66665183140062823 
 205.94427462154752106 229.7869583901626811 
 20.893936185819136142 90.289706245421527342 
 179.81638403186030928 244.87190305547571256 
 47.021826775506383456 75.204761580108510088 
 125.40549854456808987 29.949927584169444117 
 151.53338913425531587 14.864982918856426863 
