 137.06600026325304498 67.277638345388339758 
 46.556332271374941456 109.94430501205502537 
 106.89611093262701047 67.277638345388339758 
 76.726221602000975963 109.94430501205502537 
 16.386442940748906949 67.277638345388353969 
 167.23588959387907948 109.94430501205502537 
 227.57566825513112008 67.277638345388339758 
 197.40577892450511399 109.94430501205502537 
 137.06600026325304498 152.61097167872168257 
 46.556332271374941456 195.27763834538833976 
 106.89611093262701047 152.61097167872168257 
 76.726221602000975963 195.27763834538833976 
 16.386442940748906949 152.61097167872168257 
 167.23588959387907948 195.27763834538833976 
 227.57566825513112008 152.61097167872168257 
 197.40577892450511399 195.27763834538833976 
 137.06600026325304498 237.94430501205502537 
 46.556332271374934351 24.610971678721693223 
 106.89611093262701047 237.94430501205502537 
 76.726221602000961752 24.610971678721693223 
 16.386442940748906949 237.94430501205502537 
 167.23588959387907948 24.610971678721693223 
 227.57566825513112008 237.94430501205502537 
 197.40577892450508557 24.610971678721693223 
