 238.15007592150888627 25.566283128620309384 
 147.64040792963081117 68.232949795286970129 
 207.98018659088285176 25.566283128620309384 
 177.81029726025681725 68.232949795286970129 
 117.47051859900477666 25.566283128620309384 
 26.960850607126683798 68.23294979528698434 
 87.300629268378742154 25.566283128620309384 
 57.130739937752714752 68.232949795286970129 
 238.15007592150888627 110.89961646195364153 
 147.64040792963081117 153.56628312862031294 
 207.98018659088285176 110.89961646195364153 
 177.81029726025681725 153.56628312862031294 
 117.47051859900477666 110.89961646195364153 
 26.960850607126683798 153.56628312862031294 
 87.300629268378742154 110.89961646195364153 
 57.130739937752714752 153.56628312862031294 
 238.15007592150888627 196.23294979528697013 
 147.64040792963081117 238.89961646195362732 
 207.98018659088285176 196.23294979528697013 
 177.81029726025684568 238.89961646195362732 
 117.47051859900477666 196.23294979528697013 
 26.960850607126683798 238.89961646195362732 
 87.300629268378742154 196.23294979528697013 
 57.130739937752728963 238.89961646195362732 
