 116.37985786767357865 47.086690730215238432 
 58.096107306204196163 62.703774625017970834 
 73.71319120100692146 120.98752518648734622 
 15.429440639537547852 136.60460908129007862 
 31.046524534340257162 194.88835964275943979 
 174.66360842914298246 31.469606835412530899 
 190.28069232394568644 89.753357396881895625 
 131.99694176247629684 105.37044129168462803 
 147.61402565727902925 163.65419185315400341 
 89.330275095809668073 179.27127574795670739 
 104.94735899061235784 237.55502630942612541 
 248.56444288541507603 74.136273502079191644 
 205.89777621874841884 148.03710795835129943 
 221.51486011355115124 206.3208585198206606 
 163.23110955208176165 221.93794241462339301 
