 81.665548336617192149 51.323672232417742123 
 97.28263223141991034 109.60742279388712461 
 38.998881669950534956 125.2245066886898428 
 54.615965564753246042 183.5082572501592324 
 139.94929889808659595 35.706588337615009721 
 155.56638279288927151 93.99033889908439221 
 171.18346668769200392 152.27408946055379602 
 112.89971612622262853    167.8911733553565 
 128.51680002102534672 226.17492391682586117 
 70.233049459555957128 241.79200781162865042 
 213.85013335435868953 78.373255004281674019 
 229.46721724916136509 136.65700556575103519 
 23.38179777514778479 66.940756127220453209 
 186.8005505824947079 210.55784002202312877 
