 116.6908594345701573 44.03338481135842386 
 58.407108873100781921 59.650468706161134946 
 74.024192767903500112 117.93421926763053875 
 15.740442206434130057 133.55130316243324273 
 31.357526101236860683 191.83505372390263233 
 174.97460999603956111 28.416300916555712774 
 190.59169389084223667 86.700051478025088159 
 132.30794332937290392 102.31713537282779214 
 147.9250272241756079 160.60088593429719594 
 89.641276662706232514 176.2179698290998715 
 105.25836055750893649 234.50172039056928952 
 248.87544445231165469 71.082967583222369967 
 206.20877778564499749 144.98380203949446354 
 221.82586168044770147 203.26755260096385314 
 163.5421111189783403 218.88463649576655712 
