 211.91017793773406197 49.884372293122382302 
 169.24351127106740478 92.551038959789053706 
 126.57684460440074758 49.884372293122389408 
 83.910177937734076181 92.551038959789053706 
 41.243511271067433199 49.884372293122403619 
 254.57684460440074758 92.551038959789025284 
 211.91017793773406197 135.2177056264557109 
 169.24351127106740478 177.88437229312239651 
 126.57684460440074758 135.2177056264557109 
 83.910177937734076181 177.88437229312239651 
 41.243511271067433199 135.2177056264557109 
 254.57684460440074758 177.88437229312239651 
 211.91017793773406197 220.55103895978908213 
 169.24351127106740478 7.2177056264557108989 
 126.57684460440074758 220.55103895978908213 
 83.91017793773406197 7.2177056264557108989 
 41.243511271067433199 220.55103895978908213 
 254.57684460440074758 7.2177056264557108989 
