 134.71698993252789478 44.001889270398493181 
 207.55354592982055806 56.498666606439122972 
 177.38365659919458039 86.668555937065150374 
 164.88687926315392929 13.831999939772456898 
 74.377211271275839977 104.3416679316505622 
 147.21376726856854589 116.83844526769117067 
 117.04387793794251138 147.00833459831721939 
 104.54710060190188869 74.171778601024513478 
 14.03743261002380649 164.68144659290257437 
 86.873988607316491084 177.17822392894322547 
 56.704099276690484999 207.34811325956923156 
 44.20732194064981968 134.51155726227656828 
 220.05032326586123759 129.33522260373183599 
 92.050323265861209165 1.3352226037318168927 
 250.22021259648724367 99.165333273105801482 
 159.71054460460919699 189.67500126498387658 
 61.880433935235188869 31.505111934357838521 
 31.710544604609147257 61.675001264983876581 
 189.88043393523525992 159.50511193435784207 
 99.370765943357170613 250.01477992623591717 
 1.5406552739831278487 91.844890595609896877 
 129.54065527398316249 219.84489059560991109 
