 213.22923867734888859 84.300286892180764653 
 255.8959053440155742 144.64006555343283367 
 213.22923867734888859 144.64006555343283367 
 255.8959053440155742 84.300286892180764653 
 127.89590534401555999 84.300286892180764653 
 170.56257201068223139 144.64006555343283367 
 127.89590534401555999 144.64006555343283367 
 170.56257201068223139 84.300286892180764653 
 42.562572010682245605 84.300286892180778864 
 85.229238677348902797 144.64006555343283367 
 42.562572010682245605 144.64006555343283367 
 85.229238677348902797 84.300286892180764653 
 213.22923867734888859 204.97984421468490268 
 255.8959053440155742 23.960508230928667217 
 213.22923867734888859 23.960508230928667217 
 255.8959053440155742 204.97984421468490268 
 127.89590534401555999 204.97984421468490268 
 170.56257201068223139 23.960508230928667217 
 127.89590534401555999 23.960508230928667217 
 170.56257201068223139 204.97984421468490268 
 42.562572010682245605 204.97984421468490268 
 85.229238677348888586 23.960508230928667217 
 42.562572010682231394 23.960508230928667217 
 85.229238677348902797 204.97984421468490268 
