 145.21820710243213171 111.03508138434156649 
 102.55154043576547451 153.70174805100822368 
 145.21820710243213171 196.3684147176749093 
 187.88487376909881732 153.70174805100822368 
 59.884873769098803109 111.03508138434156649 
 59.884873769098803109 153.70174805100822368 
 59.884873769098803109 196.3684147176749093 
 145.21820710243213171 68.368414717674895087 
 102.55154043576547451 68.368414717674895087 
 102.55154043576547451 111.03508138434156649 
 145.21820710243213171 153.70174805100822368 
 102.55154043576547451 196.3684147176749093 
 145.21820710243213171 239.03508138434159491 
 102.55154043576547451 239.03508138434159491 
 187.88487376909881732 68.368414717674895087 
 187.88487376909881732 111.03508138434156649 
 230.55154043576550293 111.03508138434156649 
 230.55154043576550293 153.70174805100822368 
 187.88487376909881732 196.3684147176749093 
 230.55154043576550293 196.3684147176749093 
 187.88487376909881732 239.03508138434159491 
