 146.29490917382582893 125.66258227226913391 
 88.011158612356425124 141.27966616707189473 
 103.62824250715917174 199.56341672854125591 
 161.91199306862853291 183.9463328337385235 
 72.394074717553721143 82.995915605602490928 
 51.060741384220371231 119.94633283373853772 
 29.727408050887060398 156.89675006187459871 
 167.62824250715914332 88.712165044133101333 
 130.67782527902309653 67.378831710799772736 
 109.34449194568976793 104.32924893893580531 
 124.96157584049247191 162.61299950040520912 
 66.677825279023110738 178.2300833952079131 
 82.294909173825814719 236.51383395667733112 
 45.344491945689767931 215.18050062334398831 
 204.57865973529521852 110.04549837746644414 
 183.24532640196187572 146.99591560560247672 
 220.19574363009792251 168.32924893893581952 
 198.86241029676460812 205.27966616707186631 
 140.57865973529521852 220.89675006187457029 
 177.52907696343132216 242.2300833952079131 
