 188.1117604104412635 209.97459067729514004 
 124.11176041044127771 209.97459067729514004 
 188.1117604104412635 121.5326997529635662 
 124.11176041044127771 121.5326997529635662 
 244.34216041044126655 77.311754290797779277 
 195.88136041044126046 165.75364521512935312 
 131.88136041044126046 165.75364521512935312 
 180.34216041044126655 77.311754290797793487 
 60.111760410441291924 209.97459067729514004 
 252.1117604104412635 209.97459067729514004 
 60.111760410441291924 121.5326997529635662 
 252.1117604104412635 121.5326997529635662 
 116.34216041044128076 77.311754290797793487 
 67.881360410441246245 165.75364521512935312 
 3.8813604104412688933 165.75364521512935312 
 52.342160410441252338 77.311754290797793487 
