 184.75394699069204307 118.74674672472475834 
 188.06368502544489729 163.80625549146620301 
 102.91264469965913975 185.16277013467271217 
 175.79090297191424952 28.007722972892519664 
 106.2226047742863102 230.22498870384103498 
 179.10152562329690795 73.067468771945527806 
 96.292284013523627095 95.043515568878333966 
 99.602022048276495525 140.10302433561977864 
 191.37430767682755572 208.86600129051913655 
 87.329239994745847753 4.3044918170460988449 
 17.760941797117922647 206.52175754799458218 
 90.639862646128491974 49.364237616099103434 
