 225.74065752057538248 79.646622935149792966 
 196.21911152300259573 113.84884534937214084 
 120.90689715682914596 68.73930363664103993 
 61.862503959175555224 137.14661471623077205 
 91.383592045485514177 102.94359917643588176 
 32.34141587286558206 171.34963025602564812 
 150.42798524313911912 34.536288096846163853 
 166.69802343669260836 148.0518608891669885 
 107.65363023903904605 216.45917196875674904 
  137.174718325349005 182.25615642896187296 
 78.132542152729087093 250.66218750855156827 
