 180.02115103569943244 23.869222996488179689 
 164.40406714089672846 82.15297355795755152 
 201.35448436903277525 60.819640224624215818 
 143.07073380756338565 45.202556329821504733 
 106.12031657942732465 66.53588966315484754 
 90.503232684624634885 124.81964022462422292 
 127.45364991276066746 103.48630689129088012 
 69.169899351291292078 87.869222996488176136 
 32.219482123155231079 109.20255632982153315 
 16.602398228352505782 167.48630689129092275 
 53.552815456488580992 146.15297355795757994 
 222.68781770236611806 97.770057452760269712 
 207.07073380756338565 156.0538080142296451 
 244.02115103569943244 134.72047468089630229 
 185.73740047423004285 119.10339078609361252 
 148.78698324609399606 140.43672411942694112 
 133.16989935129129208 198.72047468089633071 
 170.12031657942733887 177.3871413475629879 
 111.83656601795797769 161.77005745276028392 
 74.886148789821916694 183.10339078609362673 
 59.269064895019191397 241.38714134756301632 
 96.21948212315524529 220.05380801422967352 
 37.935731561685869906 204.43672411942696954 
 121.73740047423005706 8.2521391016854881428 
 228.40406714089672846 193.00422524236572031 
 191.45364991276068167 214.33755857569906311 
 47.836566017957963481 50.91880576835215777 
 84.78698324609402448 29.58547243501881141 
 154.50323268462463489 235.6708919090323775 
 10.886148789821930905 72.252139101685500577 
