 133.72338451137466109 56.289887962077230554 
 170.67380173951070788 34.956554628743887747 
 112.39005117804131828 19.339470733941176661 
 75.439633949905257282 40.672804067274519468 
 59.822550055102560407 98.956554628743916169 
 96.772967283238600089 77.623221295410573362 
 38.48921672176923181 62.006137400607862276 
 1.5387994936331956808 83.339470733941183767 
 207.62421896764675466 13.62322129541056448 
 22.872132826966538488 120.28988796207724477 
 192.00713507284405068 71.906971856879948746 
 176.3900511780413467 130.19072241834930992 
 213.34046840617739349 108.85738908501598132 
 155.05671784470800389 93.240305190213291553 
 118.1063006165719429 114.57363852354663436 
 102.48921672176923892 172.85738908501599553 
 139.43963394990527149 151.52405575168265273 
 81.155883388435910319 135.90697185687997717 
 44.205466160299870637 157.24030519021329155 
 250.29088563431341186 87.524055751682652726 
 65.538799493633192128 194.19072241834933834 
 228.95755230098006905 50.573638523546620149 
 234.6738017395107363 145.80780631315204232 
 219.05671784470803232 204.09155687462146034 
 256.00713507284410753 182.75822354128811753 
 197.72338451137468951 167.14113964648538513 
 160.7729672832386143 188.47447297981872794 
 145.15588338843593874 246.75822354128814595 
 182.10630061657195711 225.42489020795480315 
 123.82255005510258172 209.80780631315204232 
 86.872132826966549146 231.14113964648538513 
