 54.050469443055753516 24.457918842765895562 
 84.220358773681780917 67.124585509432549202 
 54.050469443055753516 109.79125217609920639 
 84.220358773681780917 152.45791884276590622 
 54.050469443055753516 195.12458550943253499 
 84.220358773681780917 237.79125217609922061 
 114.39024810430780121 24.457918842765895562 
 144.56013743493383572 67.124585509432549202 
 114.39024810430780121 109.79125217609920639 
 144.56013743493383572 152.45791884276590622 
 114.39024810430780121 195.12458550943253499 
 144.56013743493383572 237.79125217609922061 
 174.73002676555987023 24.457918842765895562 
 204.89991609618587631 67.124585509432549202 
 174.73002676555987023 109.79125217609920639 
 204.89991609618587631 152.45791884276590622 
 174.73002676555987023 195.12458550943253499 
 204.89991609618587631 237.79125217609922061 
 235.06980542681193924 24.457918842765895562 
 23.880580112429729667 67.124585509432549202 
 235.06980542681193924 109.79125217609920639 
 23.880580112429729667 152.45791884276590622 
 235.06980542681193924 195.12458550943253499 
 23.880580112429729667 237.79125217609922061 
