 98.704289577058773375 45.422294445732504187 
 58.519468371949876939 78.826587753331395447 
 76.618397728310341677 127.84796495573299069 
 36.433576523201423925 161.25225826333189616 
 54.532505879561895767 210.27363546573354824 
 138.88911078216770534 12.018001138133609373 
 156.98804013852816297 61.039378340535222378 
 116.80321893341925943 94.443671648134113639 
 134.90214828977971706 143.46504885053570888 
 94.717327084670799309 176.86934215813462856 
 112.81625644103129957 225.89071936053625222 
 197.17286134363706651 27.635085032936338223 
 215.27179069999752414 76.656462235337940569 
 175.08696949488864902 110.06075554293681762 
 193.18589885124907823 159.08213274533841286 
 153.00107764614020311 192.48642605293733254 
 171.10000700250066075 241.50780325533892778 
 255.45661190510645611 43.252168927739049309 
 40.420539015589412202 29.805210550929793101 
 233.37072005635806704 125.67783943773953581 
 18.334647166840976951 112.23088106093030092 
 211.28482820760956429 208.10350994774006494 
