 80.173627700914124716 9.7580127033107082468 
 84.968184957268022117 61.793374596759782946 
 37.506961034247481734 83.658847159582805375 
 42.301518290601364924 135.69420905303186942 
 132.42940888028857671 39.927902033936732096 
 137.22396613664250253 91.963263927385796137 
 89.762742213621933729 113.82873649020883988 
 94.55729946997583113 165.86409838365790392 
 47.096075546955283642 187.72957094648094767 
 179.89063280330915973 18.062429471113709667 
 184.68519005966305713 70.097791364562752392 
 189.47974731601692611 122.13315325801181643 
 142.01852339299639993 143.99862582083486018 
 146.81308064935029734 196.03398771428393843 
 99.351856726329756953 217.89946027710692533 
 232.14641398268361172 48.232318801739708647 
 236.94097123903759439 100.26768069518880111 
 241.73552849539143494 152.30304258863785094 
 194.27430457237090877 174.16851515146089469 
 199.06886182872477775 226.20387704490997294 
 151.60763790570425158 248.06934960773298826 
