 116.7257473801619625 23.77464560477431732 
 65.222524716202585182 32.611201602067012573 
 56.385968718909900588 84.114424266026389887 
 4.8827460549505445897 92.950980263319081587 
 168.22897004412129718 14.938089607481618515 
 159.3924140468286339 66.441312271440992276 
 107.88919138286925659 75.277868268733683976 
 99.052635385576550675 126.78109093269304708 
 47.549412721617208888 135.61764692998573878 
 38.712856724324510083 187.12086959394511609 
 210.89563671078798279 57.604756274148286366 
 202.05908071349529109 109.10797893810764947 
 150.55585804953591378 117.94453493540035538 
 141.71930205224322208 169.44775759935970427 
 90.216079388283873186 178.28431359665239597 
 81.379523390991167275 229.78753626061180171 
 253.56230337745466841 100.27142294081495777 
 244.72574738016194829 151.77464560477432087 
 193.22252471620259939 160.61120160206701257 
 184.38596871890987927 212.11442426602636147 
 132.88274605495053038 220.95098026331908159 
