 39.051966480325667419 97.144735995939115014 
 100.8712193628260394 113.70915488250042813 
 84.306800476264726285 175.52840776500082143 
 22.487547593764347198 158.96398887843946568 
 5.9231287072030101015 220.78324176093985898 
 67.742381589703370537 237.34766064750121473 
 117.43563824938736673 51.889902000000098781 
 55.61638536688698764 35.325483113438764349 
 162.69047224532644691 130.27357376906175546 
 224.50972512782681179 146.8379926556231112 
 207.94530624126548446 208.65724553812347608 
 146.12605335876511958 192.09282665156214875 
 129.56163447220376383 253.91207953406257047 
 241.07414401438811069 85.018739773122746328 
 179.25489113188774581 68.454320886561419002 
