 232.21713118011680876 36.976515269014477383 
 248.78155006667810767 98.795768151514849365 
 186.96229718417774279 115.36018703807616248 
 170.39787829761641547 53.540934155575797604 
 108.57862541511605059 70.10535304213712493 
 125.14304430167739213 131.92460592463748981 
 63.32379141917701304 148.48902481119884555 
 46.759372532615678608 86.669771928698452257 
 203.52671607073907012 177.17943992057652736 
 141.70746318823870524 193.74385880713785468 
 92.014206528554723263 8.2861001596367174216 
 30.194953646054358387 24.850519046198051853 
 79.888210305738340367 210.30827769369921043 
