 187.67324815545686079 83.426252089794544986 
 114.83577527185229883 95.922739516573827245 
 132.50887547680576972 198.9298000319110713 
 87.254041480866717961 153.67496603597203375 
 142.41841415951779481 38.171418093855507436 
 160.09060926779133638 141.17757351251287901 
 205.34544326373040235 186.43240750845191656 
 41.999207484927659095 108.42013204003301041 
 177.76370947274480727 244.18463402785013727 
 232.92808215139589834 128.68108608573359675 
 69.580941275913261279 50.667905520634811012 
