 91.525675110369434151 152.86303355351569166 
 174.69640732317861875 55.576180606444545163 
 165.10712220034065467 159.64749556737695002 
 133.10712220034065467 104.22186972517290826 
 59.525675110369441256 97.437407711311621483 
 206.69640732317864718 111.00180644864862245 
 27.525675110369448362 42.011781869107593934 
 238.69640732317861875 166.42743229085272105 
 101.10712220034061204 48.796243882968809658 
 197.10712220034065467 215.07312140958106284 
 123.52567511036944836 208.28865939571977606 
