 53.02804674157118825 70.336318758829207809 
 125.51645841495860623 93.589742553878366493 
 176.66655250657194642 37.207480985706560261 
 1.8779526499578675924 126.71858032700102115 
 74.366364323345223397 149.97200412205020825 
 146.85477599673265559 173.22542791709935273 
 198.0048700883460242 116.8431663489275536 
 23.216270231731904516 206.35426569022200738 
 95.704681905119272756 229.60768948527118027 
 104.17814083318455687 13.954057190657362497 
 219.34318767012001672 196.47885171214852562 
