 77.118577340978177403 18.714182799739219831 
 119.7852440076448346 61.380849466405877024 
 77.118577340978177403 104.04751613307253422 
 119.7852440076448346 146.71418279973920562 
 77.118577340978177403 189.38084946640589123 
 119.7852440076448346 232.04751613307252001 
 162.45191067431147758 18.714182799739219831 
 205.11857734097816319 61.380849466405877024 
 162.45191067431147758 104.04751613307253422 
 205.11857734097816319 146.71418279973920562 
 162.45191067431147758 189.38084946640589123 
 205.11857734097816319 232.04751613307252001 
 247.78524400764482039 18.714182799739219831 
 34.451910674311491789 61.380849466405877024 
 247.78524400764482039 104.04751613307253422 
 34.451910674311491789 146.71418279973920562 
 247.78524400764482039 189.38084946640589123 
 34.451910674311491789 232.04751613307252001 
