 91.796979933262903728 56.325795561946897294 
 121.96686926388895245 108.58157674132135639 
 69.711088084514486241 138.7514660719473909 
 99.880977415140506537 191.00724725132187132 
 47.625196235766040331 221.17713658194790582 
 144.05276111263739836 26.15590623132086634 
 174.22265044326340444 78.411687410695336098 
 204.39253977388943895 130.6674685900698023 
 152.13675859451495853 160.83735792069580839 
 182.30664792514099304 213.09313910007028881 
 130.05086674576654104 243.26302843069635173 
 226.47843162263788486 48.241798080069301591 
 256.64832095326391936 100.4975792594437678 
 39.541198753888423312 86.495684892572910485 
 234.56242910451547345 182.92324976944428272 
 17.455306905139980955 168.92135540257342541 
 61.627090602636862116 4.0700143825724204305 
