 173.97514847230516466 35.887343584414146846 
 131.30848180563850747 78.554010251080811145 
 88.641815138971836063 35.887343584414146846 
 45.975148472305185976 78.554010251080825356 
 3.3084818056385096874 35.887343584414146846 
 216.64181513897182185 78.554010251080796934 
 173.97514847230516466 121.22067691774748255 
 131.30848180563850747 163.88734358441413974 
 88.641815138971836063 121.22067691774748255 
 45.975148472305185976 163.88734358441413974 
 3.3084818056385096874 121.22067691774748255 
 216.64181513897182185 163.88734358441413974 
 173.97514847230516466 206.55401025108079693 
 131.30848180563850747 249.22067691774748255 
 88.641815138971836063 206.55401025108079693 
 45.975148472305200187 249.22067691774748255 
 3.3084818056385096874 206.55401025108079693 
 216.64181513897182185 249.22067691774748255 
