 16.191855186273670597 68.060583201708723777 
 76.531633847525739611 25.393916535042055926 
 76.531633847525739611 68.060583201708723777 
 16.191855186273670597 25.393916535042055926 
 16.191855186273670597 153.39391653504205237 
 76.531633847525739611 110.72724986837539518 
 76.531633847525739611 153.39391653504205237 
 16.191855186273670597 110.72724986837539518 
 16.191855186273670597 238.72724986837536676 
 76.531633847525739611 196.06058320170873799 
 76.531633847525739611 238.72724986837536676 
 16.191855186273670597 196.06058320170873799 
 136.87141250877780863 68.060583201708723777 
 197.21119117002984922 25.393916535042055926 
 197.21119117002984922 68.060583201708723777 
 136.87141250877780863 25.393916535042055926 
 136.87141250877780863 153.39391653504205237 
 197.21119117002984922 110.72724986837539518 
 197.21119117002984922 153.39391653504205237 
 136.87141250877780863 110.72724986837539518 
 136.87141250877780863 238.72724986837536676 
 197.21119117002984922 196.06058320170873799 
 197.21119117002984922 238.72724986837536676 
 136.87141250877780863 196.06058320170873799 
