 108.18995244049899895 54.390370175016180099 
 168.52973110175105376 11.723703508349519353 
 168.52973110175105376 54.390370175016180099 
 108.18995244049899895 11.723703508349519353 
 108.18995244049899895 139.72370350834953001 
 168.52973110175105376 97.057036841682844397 
 168.52973110175105376 139.72370350834953001 
 108.18995244049899895 97.057036841682844397 
 108.18995244049899895 225.0570368416828444 
 168.52973110175105376 182.39037017501615878 
 168.52973110175105376 225.0570368416828444 
 108.18995244049899895 182.39037017501615878 
 228.86950976300309435 54.390370175016180099 
 47.85017377924694415 11.723703508349519353 
 47.85017377924694415 54.390370175016180099 
 228.86950976300309435 11.723703508349519353 
 228.86950976300309435 139.72370350834953001 
 47.85017377924694415 97.057036841682844397 
 47.85017377924694415 139.72370350834953001 
 228.86950976300309435 97.057036841682844397 
 228.86950976300309435 225.0570368416828444 
 47.85017377924694415 182.39037017501615878 
 47.85017377924694415 225.0570368416828444 
 228.86950976300309435 182.39037017501615878 
