 120.09427143029212459 104.74542886076847026 
 189.42096791613570872 79.149677500570930988 
 178.3780219917615284 120.36251275557117424 
 131.13721735466631912 63.532593605768205691 
 98.008379581543678682 187.17109937076895676 
 167.33507606738729123 161.57534801057141749 
 156.29213014301308249 202.78818326557168916 
 109.05132550591790164 145.95826411576868509 
 142.18016327904055629 22.319758350767965993 
 145.24918421863884532 244.00101852057190399 
 200.46391384050994589 37.936842245570673526 
 86.965433657169469939 228.38393462576917159 
 236.66177255323088957 135.97959665037387822 
 72.85346679319692953  47.9155097109654875 
 61.81052086882271368 89.128344965965737856 
 247.70471847760509831 94.766761395373649179 
 214.57588070448244366 218.40526716037442156 
 50.767574944448490726 130.34118022096598111 
 39.724629020074274877 171.55401547596625278 
 225.61882662885670925 177.19243190537414989 
 28.681683095700069686 212.76685073096643919 
 83.896412717571152484 6.7026744559652549071 
