 112.69446129181267224 56.452477909761185515 
 185.53101728910539236 68.949255245801836622 
 155.36112795847935786 99.119144576427856919 
 142.86435062243870675 26.282588579135161666 
 52.354682630560624546 116.79225657101324032 
 125.19123862785332335 129.28903390705389143 
 95.021349297227288844 159.45892323767992593 
 82.524571961186651947 86.622367240387220022 
 64.851459966601282758 189.62881256830593202 
 215.70090661973139845 38.779365915175802115 
 22.184793299934625566 146.96214590163927483 
 198.02779462514601505 141.78581124309451411 
 240.69446129181270067 184.4524779097611713 
 228.19768395577202114 111.61592191246850803 
 137.68801596389397446 202.12558990434661155 
 210.52457196118666616 214.62236724038720581 
 180.35468263056063165 244.79225657101324032 
 167.85790529452000897 171.95570057372057704 
 107.51812663326796837 232.29547923497261763 
