 130.90341278654449297 210.50702470533613564 
 78.868050893095457354 215.30158196169006146 
 228.73352345591845847 41.060302515894306907 
 87.172467660898448116 115.58457685929502645 
 57.002578330272420715 167.84035803866950687 
 161.0733021171705559 158.25124352596168364 
 139.20782955434751216 110.79001960294111484 
 109.03794022372147765 163.04580078231558105 
 213.10866401061963415 153.45668626960778624 
 182.93877467999359965 205.71246744898226666 
 234.9741365734426779 200.91791019262834084 
 204.80424724281664339 253.17369137200282125 
 191.24319144779659041 105.99546234658718902 
