 149.39668519137032376 159.97158621388260258 
 152.70642322612317798 205.03109498062400462 
 67.555382900337406227 226.38760962383057063 
 140.43364117259253021 69.232562462050353247 
 137.12301852120987178 24.172816662997394843 
 143.74426382397516022 114.29230826110334363 
 60.935022214201900681 136.26835505803617821 
 64.244760248954776216 181.32786382477758025 
 156.01704587750580799 250.09084077967702342 
 228.89530414976093198 92.935793617896763408 
 225.58468149837833039 47.876047818843801451 
 55.282600846806744244 90.589077105256933464 
