 73.758618758529294723 228.09734039965852048 
 190.62736176359939577 89.190021101149724814 
 131.5829685659457482 157.59733218073947114 
 161.10405665225573557 123.39431664094460928 
 102.06188047963578924 191.80034772053434722 
 27.967492478665814559 148.78478314713257191 
 220.1484498499093263 54.987005561354870053 
 236.41848804346287238 168.50257835367568759 
 85.791842286082271585 78.28477492821350836 
 115.31293037239223054 44.081759388418632284 
 56.270754199772305526 112.48779046800838444 
