 46.981402720017364061 196.41226536178805873 
 256.89060399334960039 155.55066141688106995 
 195.8197996131454488 92.485954657680693458 
 121.08218039431477564 143.2805296703722604 
 158.44975361867250285 117.88357345240419249 
 83.714607169957048427 168.67748588834029988 
 23.278171564170957453 107.95060238461968538 
 233.18737283750317602 67.088998439712653976 
 219.5230307689919016 180.94761763484908101 
 97.378949238468365479 54.818866693203851526 
 182.1529847745188988 206.34523642957259426 
 60.011376014110638266 80.215822911171883902 
