 45.923434475263142929  51.5478836083378269 
 64.022363831623607666 100.56926081073943635 
 23.837542626514707678 133.9735541183383134 
 41.936471982875175968 182.99493132073993706 
 1.7516507777662706502 216.3992246283387999 
 86.108255680372053575 18.143590300738928534 
 104.20718503673253963 67.16496750314053088 
 122.30611439309301147 116.18634470554214033 
 82.121293187984107931 149.59063801314101738 
 100.22022254434457977 198.61201521554266947 
 60.035401339235669127 232.01630852314153231 
 144.39200624184144317 33.760674195541660936 
 162.49093559820192922 82.782051397943249071 
 180.58986495456241528 131.80342860034485852 
 140.40504374945348331 165.20772190794372136 
 158.50397310581394095 214.22909911034534503 
 118.31915190070503741 247.63339241794423629 
 202.67575680331080434 49.377758090344357811 
 220.77468615967134724 98.399135292745953052 
 238.87361551603177645 147.4205124951475625 
 198.68879431092284449 180.82480580274645376 
 216.78772366728335896 229.84618300514804901 
