 91.039819553237563809 52.68812720741946265 
 95.83437680959146121 104.72348910086850537 
 48.373152886570892406 126.58896166369159175 
 53.167710142924804018 178.62432355714062737 
 5.7064862199042476476 200.48979611996367112 
 138.50104347625810419 30.822654644596457985 
 143.29560073261203001 82.858016538045490051 
 148.09015798896595584 134.89337843149453988 
 100.62893406594537282 156.75885099431761205 
 105.42349132229928443 208.79421288776663346 
 57.962267399278708524 230.65968545058970562 
 190.75682465563255619 60.992543975222481833 
 195.55138191198651043 113.02790586867151035 
 200.34593916834040783 165.06326776212057439 
 152.88471524531982482 186.92874032494364656 
 157.67927250167375064 238.96410221839269639 
 243.01260583500700818 91.162433305848509235 
 247.80716309136099085 143.19779519929755907 
 43.578595630216980794 74.553599770242499289 
 205.14049642469433365 217.09862965556965264 
