 165.52793977139992876 164.60292096069113654 
 105.18771777042383064 121.93540096069109779 
 44.847495769447725422 207.26916096069109585 
 44.847495769447725422 143.26916096069112427 
 165.52793977139992876 100.60292096069110812 
 105.18771777042383064 185.93540096069114043 
 165.52793977139992876 36.602920960691150754 
 105.18771777042383064  249.935400960691112 
 44.847495769447725422 79.269160960691124274 
 44.847495769447718317 15.269160960691136708 
 165.52793977139992876 228.60292096069110812 
 105.18771777042383064 57.935400960691161742 
