 89.749920561762550619 140.83791742546645764 
 210.42131398294361588 98.170397425466447316 
 150.08109198196751777 183.50415742546644537 
 150.08109198196751777 119.50415742546643116 
 89.749920561762550619 76.837917425466443433 
 210.42131398294361588 162.17039742546646153 
 89.749920561762550619 12.837917425466470078 
 210.42131398294361588 226.17039742546646153 
 150.08109198196751777 55.504157425466445375 
 150.08109198196751777 247.5041574254664738 
 89.749920561762550619 204.83791742546642922 
 210.42131398294358746 34.170397425466482844 
