 47.395670171558030859 123.16491047231536982 
 63.501820276773621288 48.761392585652835407 
 137.90533816343614149 32.655242480437266295 
 31.289520066342497273 197.56842835897785449 
 105.69303795300498905 181.46227825376229248 
 121.79918805822055106 107.05876036709977939 
 196.20270594488309257 90.952610261884203169 
 89.586887847789427042 255.86579614042474873 
 163.99040573445191171 239.75964603520921514 
 180.09655583966750214 165.35612814854673047 
 254.50007372633004366 149.24997804333111162 
