 114.35032507212537212 35.913416492941962588 
 178.35032507212537212  77.1358805765292459 
 242.35032507212537212 35.913416492941948377 
 50.350325072125386328  77.1358805765292459 
 114.35032507212537212 118.35834466011654342 
 178.35032507212537212 159.58080874370381252 
 242.35032507212537212 118.35834466011654342 
 50.350325072125386328 159.58080874370381252 
 114.35032507212537212 200.80327282729109584 
 178.35032507212537212 242.02573691087837915 
 242.35032507212537212 200.80327282729109584 
 50.350325072125393433 242.02573691087837915 
