 105.60706403231694139 2.6039072672137337783 
 121.22414792711964537  60.8876578286831176 
 62.940397365650277095 76.504741723485835792 
 78.557481260452988181 134.78849228495519696 
 20.273730698983619902 150.40557617975795779 
 35.890814593786345199 208.68932674122731896 
 179.50789848858903497 45.270573933880392303 
 195.12498238339176737  103.554324495349789 
 136.84123182192237778 119.1714083901525072 
 152.45831571672508176 177.45515895162188258 
 94.174565155255720583 193.07224284642461498 
 109.79164905005845299 251.35599340789397615 
 253.40873294486112854 87.937240600547056601 
 47.323313470847551798 18.22099116201646396 
 210.74206627819447135 161.83807505681915018 
 4.6566468041808892764 92.121825618288568194 
 168.07539961152781416 235.7389095130913006 
