 155.17704617225123798 46.480098589364899908 
  139.559962277448534 104.76384915083427529 
 81.276211715979144401 89.146765256031571312 
 65.65912782117642621 147.4305158175009467 
 7.3753772597070703654 131.81343192269824272 
 213.46079673372062757 62.097182484167596783 
 197.84371283891792359 120.38093304563699348 
 182.22662894411519119 178.66468360710635466 
 123.94287838264583002 163.0475997123036791 
 108.32579448784309761 221.33135027377304027 
 50.042043926373750651 205.71426637897033629 
 256.12746340038728476 135.99801694043966904 
 240.51037950558458078 194.28176750190908706 
 96.893295610781862592 30.863014694562178164 
 166.60954504931248721 236.94843416857577267 
 22.992461154509761911 73.52968136122885312 
