 55.127778849476591461 78.78850019925334891 
 55.127778849476591461 152.69078032954649871 
 87.127778849476584355 97.264070231826636359 
 87.127778849476584355 134.21521029697319705 
 55.127778849476591461 189.6419203946930736 
 55.127778849476591461 41.837360134106759801 
 87.127778849476584355 208.11749042726637526 
 87.127778849476584355 23.361790101533475905 
 119.12777884947657014 78.78850019925334891 
 119.12777884947657014 152.69078032954649871 
 151.12777884947658436 97.264070231826636359 
 151.12777884947658436 134.21521029697319705 
 119.12777884947657014 189.6419203946930736 
 119.12777884947657014 41.837360134106759801 
 151.12777884947658436 208.11749042726637526 
 151.12777884947658436 23.361790101533475905 
 183.12777884947658436 78.78850019925334891 
 183.12777884947658436 152.69078032954649871 
 215.12777884947655593 97.264070231826636359 
 215.12777884947655593 134.21521029697319705 
 183.12777884947658436 189.6419203946930736 
 183.12777884947658436 41.837360134106759801 
 215.12777884947655593 208.11749042726637526 
 215.12777884947655593 23.361790101533475905 
 247.12777884947661278 78.78850019925334891 
 247.12777884947661278 152.69078032954649871 
 23.127778849476595013 97.264070231826636359 
 23.127778849476595013 134.21521029697319705 
 247.12777884947661278 189.6419203946930736 
 247.12777884947661278 41.837360134106759801 
 23.127778849476595013 208.11749042726637526 
 23.127778849476595013 23.361790101533475905 
