 186.04792572046267196 58.682517481169803375 
 112.14564559016952217 58.682517481169803375 
 167.5723556878893703 90.68251748116981048 
 130.6212156227427954 90.68251748116981048 
 75.194505525022933057 58.682517481169803375 
 222.99906578560921844 58.682517481169803375 
 56.718935492449631397 90.68251748116981048 
 19.767795427303049394 90.68251748116981048 
 186.04792572046267196 122.68251748116979627 
 112.14564559016952217 122.68251748116979627 
 167.5723556878893703 154.68251748116981048 
 130.6212156227427954 154.68251748116981048 
 75.194505525022933057 122.68251748116979627 
 222.99906578560921844 122.68251748116979627 
 56.718935492449631397 154.68251748116981048 
 19.767795427303049394 154.68251748116981048 
 186.04792572046267196 186.68251748116981048 
 112.14564559016952217 186.68251748116981048 
 167.57235568788939872 218.68251748116981048 
 130.6212156227427954 218.68251748116981048 
 75.194505525022933057 186.68251748116981048 
 222.99906578560921844 186.68251748116981048 
 56.718935492449631397 218.68251748116981048 
 19.767795427303049394 218.68251748116981048 
 186.04792572046270038 250.68251748116981048 
 112.14564559016952217 250.68251748116981048 
 167.5723556878893703 26.68251748116979627 
 130.6212156227427954 26.68251748116979627 
 75.194505525022947268 250.68251748116981048 
 222.99906578560924686 250.68251748116981048 
 56.718935492449624292 26.68251748116979627 
 19.767795427303049394 26.682517481169806928 
