 88.714973223738610386 37.428099504734888114 
 66.629081374990164477 119.85377001473537462 
 118.88486255436464489 67.597988835360908411 
 107.84191662999042194 108.81082409036116587 
 55.586135450615948628 161.06660526973564629 
 85.75602478124199024 191.23649460036162395 
 74.713078856867767286 232.4493298553618672 
 160.09769780936488814 56.555042910986692561 
 138.01180596061644223 138.98071342098717196 
 190.26758713999089423 86.724932241612705752 
 179.22464121561668549 127.93776749661296321 
 126.9688600362422477 180.19354867598744363 
 171.14064373373909689 15.342207655986458192 
 157.13874936686823958 210.36343800661344972 
 146.09580344249403083 251.57627326161372139 
 231.4804223949911659 75.681986317238497008 
 209.39453054624269157 158.10765682723899772 
 47.502137968738381346 48.471045429109111069 
 36.459192044364172602 89.68388068410935432 
 198.35158462186848283 199.32049208223924097 
 242.52336831936537465 34.469151062238253758 
 14.373300195615732022 172.10955119410985503 
 3.3303542712415215021 213.32238644911009828 
