 78.452953354665098118 66.494116795126316788 
 35.786286687998440925 140.39495125139839615 
 99.786286687998426714 103.44453402326237779 
 78.452953354665098118 140.39495125139842457 
 14.452953354665114105 177.34536847953444294 
 99.786286687998412503 29.543699566990273553 
 35.786286687998440925 214.29578570767054657 
 142.45295335466508391 29.543699566990252237 
 142.45295335466508391 103.44453402326237779 
 99.786286687998426714 177.34536847953444294 
 163.78628668799842671 140.39495125139839615 
 142.45295335466508391 177.34536847953447136 
 78.452953354665112329 214.29578570767051815 
 163.78628668799842671 66.494116795126316788 
 99.786286687998426714 251.24620293580656494 
 206.45295335466511233 66.494116795126288366 
 206.45295335466511233 140.39495125139839615 
 163.78628668799845514 214.29578570767051815 
 227.78628668799845514 177.34536847953444294 
 206.45295335466511233 214.29578570767051815 
 142.45295335466511233 251.24620293580656494 
 227.78628668799839829 103.44453402326234936 
