 63.45541831071746941 47.030438448910452109 
 134.83814289634375427 27.903495042658633452 
 104.66825356571771977 58.073384373284660853 
 33.285528980091449114 77.200327779536479511 
 44.328474904465664963 118.41316303453672276 
 14.158585573839625127 148.58305236516272885 
 176.0509781513439691 38.946440967032842195 
 115.71119949009192851 99.286219628284896999 
 187.09392407571820627 80.159276222033085446 
 156.92403474509217176 110.32916555265913416 
 85.541310159465908214 129.45610895891093151 
 25.201531498213835647 189.79588762016300052 
 96.584256083840145379 170.66894421391117476 
 66.414366753214096661 200.83883354453720926 
 228.30675933071844952 91.202222146407308401 
 167.96698066946640893 151.54200080765934899 
 239.34970525509265826 132.41505740140755165 
 209.17981592446665218 162.58494673203355774 
 137.79709133884037442 181.7118901382853835 
 77.457312677588319616 242.05166879953745251 
 148.84003726321461158 222.92472539328562675 
 118.67014793258856287 253.09461472391166126 
