 128.75820209000664818 20.018340449999037389 
 46.332531580006133254 42.104232298747483298 
 117.71525616563242522 61.231175704999273535 
 76.502420910632181972 72.274121629373496489 
 5.1196963250058944439 53.147178223121699148 
 169.97103734500686301 8.9753945256248286455 
 200.14092667563286909 39.145283856250841836 
 147.88514549625844552 91.401065035625308042 
 65.459474986257930595 113.48695688437376816 
 136.84219957188423678 132.61390029062553708 
 95.629364316883979313 143.65684621499977425 
 24.246639731257701555 124.52990280874797691 
 189.09798075125866035 80.358119111251099298 
 13.203693806883489259 165.74273806374819173 
 219.26787008188472328 110.52800844187713381 
 167.01208890251024286 162.78378962125160001 
 84.586418392509756359 184.8696814700000175 
 155.96914297813603412 203.99662487625181484 
 114.75630772313579087 215.03957080062605201 
 43.373583137509506003 195.91262739437425466 
 208.22492415751048611 151.74084369687736285 
 32.330637213135297259 237.12546264937449791 
 238.3948134881364922 181.91073302750339735 
