 73.680722707639887403 187.78791998566185839 
 116.34738937430657302 157.61803065503585231 
 116.34738937430657302 187.78791998566185839 
 95.014056040973230211 172.70297532034888377 
 95.014056040973230211 202.87286465097488986 
 116.34738937430657302 217.9578093162878929 
 137.68072270763991582 142.53308598972282084 
 137.68072270763991582 172.70297532034885535 
 159.01405604097323021 157.61803065503585231 
 159.01405604097323021 187.78791998566185839 
 137.68072270763991582 202.87286465097488986 
 159.01405604097323021 217.9578093162878929 
 137.68072270763991582 233.04275398160092436 
 180.34738937430657302 172.70297532034888377 
 180.34738937430657302 202.87286465097488986 
 201.68072270763991582 187.78791998566185839 
 73.680722707639887403 127.4481413244098178 
 73.680722707639887403 157.61803065503585231 
 52.347389374306565912 142.53308598972282084 
 52.347389374306565912 172.70297532034885535 
 116.34738937430657302 97.278251993783797502 
 116.34738937430657302 127.4481413244098178 
 95.014056040973230211 112.36319665909678633 
 95.014056040973230211 142.53308598972282084 
 137.68072270763991582 112.36319665909681476 
 159.01405604097323021 97.278251993783797502 
 159.01405604097323021 127.4481413244098178 
 180.34738937430657302 112.36319665909678633 
 180.34738937430657302 142.53308598972282084 
 201.68072270763991582 127.4481413244098178 
 201.68072270763991582 157.61803065503585231 
 223.01405604097325863 142.53308598972282084 
 223.01405604097325863 172.70297532034885535 
 73.680722707639887403 97.278251993783797502 
 52.347389374306565912 112.36319665909681476 
 95.014056040973230211 82.193307328470780249 
 116.34738937430657302 67.108362663157762995 
 137.68072270763991582 82.193307328470780249 
 159.01405604097323021 67.108362663157762995 
 180.34738937430657302 82.193307328470780249 
 201.68072270763991582 97.278251993783797502 
 223.01405604097325863 112.36319665909681476 
 137.68072270763991582 52.023417997844745742 
