 64.736692286013237663 127.87650712378035678 
 116.99247346538770387 97.706617793154350693 
 111.47100050320058529 118.31303542065448653 
 90.864582875700449449 112.79156245846738216 
 85.343109913513359288 133.39798008596747536 
 105.94952754101348091 138.91945304815456552 
 100.42805457882639075 159.52587067565471557 
 79.821636951326254916 154.00439771346759699 
 94.90658161663927217 180.13228830315483719 
 143.12036405507490144 82.621673127841319229 
 137.59889109288781128 103.22809075534145506 
 158.20530872038793291 108.74956371752855944 
 152.68383575820081433 129.35598134502870948 
 132.0774181307006927 123.8345083828415909 
 126.55594516851360254 144.4409260103416841 
 147.16236279601369574 149.96239897252880269 
 141.64088983382660558 170.56881660002892431 
 121.03447220632649817 165.04734363784183415 
 115.51299924413937958 185.65376126534192736 
  136.119416871639487 191.17523422752907436 
  109.991526281952261 206.2601788928420774 
 173.29025338570093595 134.87745430721579964 
 167.76878042351384579 155.48387193471592127 
 188.37519805101399584 161.00534489690301143 
 162.24730746132672721 176.0902895622160429 
 75.779638210387460617 86.663671868780141949 
 70.258165248200342035 107.27008949628026357 
 49.651747620700213304 101.74861653409314499 
 44.130274658513116037 122.35503416159325241 
 59.215219323826126185 148.4829247512804784 
 38.608801696325997455 142.96145178909338824 
 53.693746361639014708 169.08934237878062845 
 128.03541938976192682 56.493782538154093231 
 122.51394642757480824 77.100200165654214857 
 101.90752880007468661 71.578727203467110485 
 96.386055837887568032 92.185144830967260532 
 74.300163989139136334 174.61081534096774703 
 89.385108654452153587 200.73870593065495882 
 68.778691026952031962 195.21723296846786866 
 83.863635692265035004 221.34512355815510887 
 148.64183701726204845 62.015255500341204709 
 169.24825464476214165 67.536728462528316186 
 163.72678168257505149  88.1431460900284236 
 130.59794390945236842 211.78165185502919599 
 104.47005331976515663 226.86659652034219903 
 125.07647094726527826 232.38806948252928919 
 184.33319931007517312 93.664619052215542183 
 178.81172634788808296 114.27103667971567802 
 199.41814397538820458 119.7925096419027966 
 193.89667101320111442 140.39892726940291823 
 182.85372508882687725 181.61176252440313306 
 156.72583449913963705 196.69670718971616452 
 177.33225212663975867 202.21818015190331153 
 151.20436153695251846 217.30312481721631457 
 214.50308864070123605 145.92040023159003681 
 208.98161567851414588 166.52681785909013001 
 203.46014271632699888 187.13323548659028006 
 81.301111172574564989 66.057254241279991902 
 55.173220582887324781 81.142198906593023366 
 33.087328734138900188 163.56786941659350987 
 48.172273399451910336 189.6957600062807785 
 107.42900176226179099 50.972309575966981754 
 63.257218064764920484 215.82365059596799028 
 189.85467227226226328 73.058201424715420558 
 204.93961693757535159 99.186092014402660766 
 171.81077916445266851 222.82459777940343315 
 145.68288857476539988 237.90954244471643619 
 220.02456160288838305 125.31398260408991518 
 197.93866975413990872 207.73965311409040169 
