 85.771760198741844761 93.103833071870113258 
 146.11153885999388535 93.103833071870113258 
 131.02659419468085389 108.18877773718314472 
 115.94164952936785085 93.103833071870127469 
 100.85670486405486201 108.1887777371831163 
 115.94164952936787927 123.27372240249613355 
 100.85670486405486201 138.35866706780916502 
 85.771760198741844761 123.27372240249613355 
 85.771760198741844761 153.44361173312219648 
 176.28142819061994828 93.103833071870113258 
 161.19648352530691682 108.18877773718314472 
 176.28142819061989144 123.27372240249613355 
 161.1964835253068884 138.35866706780916502 
 146.11153885999388535 123.27372240249617619 
 131.02659419468091073 138.35866706780916502 
 146.11153885999388535 153.44361173312216806 
 131.02659419468088231 168.5285563984351711 
 115.94164952936789348 153.44361173312216806 
 100.85670486405486201 168.52855639843519953 
 115.94164952936785085 183.61350106374820257 
 85.771760198741844761 183.61350106374820257 
 176.28142819061989144 153.44361173312216806 
 161.19648352530691682 168.5285563984351711 
 176.28142819061994828 183.61350106374817415 
 146.11153885999388535 183.61350106374820257 
 115.94164952936785085 62.933943741244092962 
 100.8567048640548478 78.018888406557110216 
 85.77176019874183055 62.933943741244107173 
 70.686815533428841718 78.018888406557096005 
 70.686815533428827507 108.18877773718314472 
 55.601870868115817359 93.103833071870113258 
 55.601870868115810254 123.27372240249614777 
 176.28142819061994828 62.933943741244085857 
 161.19648352530691682 78.018888406557096005 
 146.11153885999388535 62.933943741244085857 
 131.02659419468085389 78.018888406557096005 
 70.686815533428813296 138.35866706780916502 
 70.686815533428827507 168.52855639843519953 
 55.601870868115810254 153.44361173312219648 
 55.601870868115810254 183.61350106374820257 
 191.36637285593297975 78.018888406557110216 
 206.45131752124592595 93.103833071870084837 
 191.3663728559329229 108.18877773718310209 
 100.8567048640548478 198.69844572906120561 
 70.686815533428827507 198.69844572906123403 
 85.771760198741816339 213.78339039437423708 
 206.45131752124592595 123.27372240249613355 
 191.3663728559329229 138.35866706780916502 
 206.45131752124595437 153.44361173312216806 
 191.3663728559329229 168.52855639843519953 
 161.19648352530691682 198.69844572906120561 
 131.02659419468088231 198.69844572906120561 
 146.11153885999388535 213.78339039437423708 
 115.94164952936785085 213.78339039437423708 
 206.45131752124595437 183.61350106374820257 
 191.36637285593297975 198.69844572906120561 
 176.28142819061994828 213.78339039437423708 
 131.02659419468088231 47.848999075931075708 
 100.85670486405486201 47.848999075931075708 
   40.516926202802793 108.18877773718314472 
   40.516926202802793 138.35866706780919344 
 161.19648352530691682 47.848999075931068603 
 40.516926202802778789 168.52855639843519953 
 221.53626218655895741 108.1887777371831163 
 221.53626218655895741 138.3586670678091366 
 131.02659419468088231 228.86833505968724012 
 100.8567048640548478 228.86833505968724012 
 221.53626218655895741 168.52855639843519953 
 161.19648352530691682 228.86833505968724012 
