 95.103325588745136088 86.575677808357525578 
 153.38707615021451147 102.19276170316022956 
 134.91186753614647387 112.85942836982690096 
 124.24520086947980246 94.384219755758877568 
 105.76999225541180749 105.05088642242554897 
 116.43665892207847889 123.52609503649357237 
 97.961450308010455501 134.19276170316024377 
 87.294783641343769887 115.71755308909222038 
 79.486241693942417896 144.85942836982690096 
 182.52895143094920627 110.00130365056159576 
 164.05374281688116866 120.66797031722825295 
 174.72040948354785428 139.14317893129626214 
 156.24520086947978825 149.80984559796294775 
 145.57853420281313106 131.33463698389491014 
 127.10332558874512188 142.00130365056159576 
 137.76999225541180749 160.47651226462960494 
 119.2947836413437841 171.14317893129626214 
 108.62811697467711269 152.66797031722825295 
 90.152908360609075089 163.33463698389491014 
 100.81957502727574649 181.80984559796294775 
 71.677699746541051695 174.00130365056159576 
 166.91186753614647387 168.28505421203098535 
 148.43665892207846468 178.95172087869764255 
 159.1033255887451503 197.42692949276565173 
 129.9614503080104555 189.61838754536432816 
 132.05374281688116866 65.242344475024182771 
 113.57853420281314527 75.909011141690868385 
 102.91186753614647387 57.433802527622837886 
 84.436658922078450473 68.100469194289502184 
 76.628116974677112694 97.242344475024196981 
 65.96145030801044129 78.767135860956159377 
 58.152908360609075089 107.90901114169086839 
 190.33749337835052984 80.859428369826900962 
 171.86228476428252065 91.526095036493586576 
 161.19561809761586346 73.050886422425548972 
 142.72040948354782586 83.717553089092191954 
 68.819575027275746493 126.38421975575889178 
 61.011033079874387397 155.52609503649358658 
 50.344366413207715993 137.05088642242554897 
 42.535824465806356898 166.19276170316027219 
 201.00416004501721545 99.334636983894924356 
 211.67082671168387265 117.80984559796293354 
 193.19561809761586346 128.47651226462960494 
 82.344366413207708888 192.47651226462960494 
 53.202491132473021196 184.66797031722825295 
 63.869157799139678389 203.14317893129629056 
 203.86228476428249223 146.95172087869764255 
 185.38707615021451147 157.61838754536429974 
 196.05374281688119709 176.09359615943230892 
 177.5785342028131879 186.76026282609899454 
 140.62811697467711269 208.09359615943233734 
 111.4862416939424179 200.28505421203095693 
 122.1529083606090893 218.76026282609902296 
 93.011033079874380292 210.95172087869767097 
 188.24520086947981667 205.23547144016706056 
 169.76999225541180749 215.90213810683371776 
 151.29478364134379831 226.56880477350034653 
 150.52895143094917785 54.575677808357532683 
 121.38707615021449726 46.767135860956166482 
 47.486241693942403685 89.43380252762283078 
 39.67769974654104459 118.57567780835753979 
 179.67082671168387265 62.384219755758877568 
 31.869157799139678389 147.71755308909223459 
 222.33749337835055826 136.28505421203095693 
 214.52895143094920627 165.42692949276568015 
 103.67769974654106591 229.42692949276568015 
 74.535824465806356898 221.61838754536429974 
 206.72040948354785428 194.56880477350037495 
 132.8195750272757607 237.23547144016706056 
