 125.9468318270354672 69.619135047194546928 
 168.6134984937021386 112.28580171386123254 
 147.2801651603687958 112.28580171386123254 
 147.2801651603687958 90.952468380527889735 
 125.9468318270354672 90.952468380527889735 
 125.9468318270354672 112.28580171386123254 
 104.61349849370215281 112.28580171386123254 
 104.61349849370215281 90.952468380527889735 
 83.280165160368810007 112.28580171386123254 
 189.94683182703548141 133.61913504719456114 
 168.6134984937021386 133.61913504719456114 
 168.6134984937021386 154.95246838052787552 
 147.2801651603687958 154.95246838052787552 
 147.2801651603687958 133.61913504719456114 
 125.9468318270354672 133.61913504719456114 
 125.9468318270354672 154.95246838052787552 
 104.61349849370215281 154.95246838052787552 
 104.61349849370215281 133.61913504719456114 
 83.280165160368810007 133.61913504719456114 
 83.280165160368810007 154.95246838052787552 
 61.946831827035467199 133.61913504719456114 
 147.2801651603687958 176.28580171386118991 
 125.9468318270354672 176.28580171386118991 
 125.9468318270354672 197.61913504719453272 
 104.61349849370215281 176.28580171386118991 
 168.6134984937021386 69.619135047194546928 
 147.2801651603687958 69.619135047194546928 
 147.2801651603687958 48.285801713861225437 
 125.9468318270354672 48.285801713861225437 
 104.61349849370215281 69.619135047194546928 
 104.61349849370215281 48.285801713861225437 
 83.280165160368810007 69.619135047194546928 
 211.28016516036882422 112.28580171386123254 
 189.94683182703548141 112.28580171386123254 
 189.94683182703548141 90.952468380527889735 
 168.6134984937021386 90.952468380527889735 
 83.280165160368810007 90.952468380527889735 
 61.946831827035467199 112.28580171386123254 
 61.946831827035467199 90.952468380527889735 
 40.613498493702124392 112.28580171386123254 
 211.28016516036882422 133.61913504719456114 
 211.28016516036882422 154.95246838052787552 
 189.94683182703548141 154.95246838052787552 
 61.946831827035467199 154.95246838052787552 
 40.613498493702124392 133.61913504719456114 
 40.613498493702124392 154.95246838052787552 
 189.94683182703548141 176.28580171386118991 
 168.6134984937021386 176.28580171386118991 
 168.6134984937021386 197.61913504719453272 
 147.2801651603687958 197.61913504719453272 
 104.61349849370215281 197.61913504719453272 
 83.280165160368810007 176.28580171386118991 
 83.280165160368810007 197.61913504719453272 
 61.946831827035467199 176.28580171386118991 
 147.2801651603687958 218.95246838052787552 
 125.9468318270354672 218.95246838052787552 
 104.61349849370215281 218.95246838052787552 
 189.94683182703548141 69.619135047194546928 
 168.6134984937021386 48.285801713861225437 
 83.280165160368795796 48.285801713861225437 
 61.946831827035467199 69.619135047194546928 
 211.28016516036882422 90.952468380527889735 
 40.613498493702124392 90.952468380527889735 
 211.28016516036882422 176.28580171386118991 
 189.94683182703548141 197.61913504719453272 
 61.946831827035467199 197.61913504719453272 
 40.613498493702124392 176.28580171386118991 
 168.6134984937021386 218.95246838052787552 
 83.280165160368810007 218.95246838052787552 
