 63.425562600015197745 7.9580972545185204581 
 51.305630014557209506 22.991524276841300178 
 41.786930690720964776 51.243899127697282836 
 4.3421972386228846474 111.22174394260510155 
 26.097277211322968071 79.650536107164370492 
 58.313355757994678186 40.252827243699314863 
 41.87763434383988681 69.228747792063160205 
 82.793725112265775579 8.5695357340496460807 
 21.649936520035975462 109.95528414304195053 
 33.652141758108335523 97.232902867831342064 
 96.058874297802958608 21.771031374718312179 
 77.342144664156592171 47.55588605172388128 
 59.190706710428159454 75.578778818015564411 
 14.504086512846402712 138.90749141876079875 
 26.842265446862789702 126.69656263216829473 
 113.09052127164537183 13.37292147944658538 
 75.036842711429954988 65.762674160634091436 
 50.768019714478143101 105.2211246312506745 
 96.840699517123582041 39.881318372216313151 
 14.371973701139676649 156.35487752096759095 
 63.751385275046537515 93.26844382710621062 
 41.875399359048877557 133.47684289927536838 
 9.4456450604894151013 191.38557702135560135 
 56.27986177714731042 123.24681413541243558 
 127.45613718525105185 23.804864835061515294 
 88.363504869132142971 78.616730208188471352 
 119.09950842952589767 41.018426419968569974 
 81.290410992140635926 96.834280169842060104 
 42.617582045499283083 151.21956877784538165 
 31.319523787145612914 164.57935570818699489 
 145.2382720873972346 15.748855717500486406 
 27.371789400020883676 192.75156024147389644 
 106.24392641694616657 79.040979626625230026 
 67.445267894886711701 137.76017945234741546 
 40.716419455022631269 180.84694297800010077 
 132.19101559481597974 53.913190862034106487 
 59.401468323120255377 154.65360099654773762 
 94.437851352382239156 111.14461347642195221 
 123.7633734667057297 70.887255215929016572 
 33.574770656009306435 208.94476954770442489 
 157.52773103486575224 29.793960422953045253 
 107.8850994225598896 98.329072596891762714 
 151.23670142813938355 47.837095333723183899 
 83.757089506349643671 142.78573965729356132 
 97.280725116241441697 131.12429167791324858 
 68.55194350851327556 170.40054506204873519 
 59.540092904159429565 186.86764017900995327 
 134.41544546427584805 85.314125310255846557 
 124.63156674943215307 100.76423633945681502 
 50.13233061042804195 216.2736584572833749 
 176.8544121693411455 29.295550756358863964 
 85.218643201063542847 162.62814240005906186 
 65.84111763915858262 207.11016919824311344 
 107.71254104190282419 147.92228847946157089 
 167.3658297759002096 58.125777553602105741 
 151.91987404414584262 89.361773652460286144 
 134.27880222391783605 114.94292634506685147 
 183.90320080526845459 46.484194707118582812 
 102.16936787504050699 167.87905803961967877 
 165.52027619949495829 76.686978116026310204 
 124.27531587043968386 146.74908896211294973 
 134.40405934998179305 132.55560663871398219 
 151.1036526549979726 108.19298256868896146 
 79.931458409975448376 222.72443908722917172 
 73.298355983768729516 242.38892550122767489 
 112.20881802121841986 186.00510030638466219 
 203.81284635666577287 47.167933051410876999 
 180.83121342066775128 85.871720937457752143 
 132.98371120979274451 161.96381778195743095 
 218.61034763955953508 33.376373004373249387 
 159.99187972302306093 123.65431369766056946 
 99.211903827728164629 221.47436803112299231 
 151.27374306299913087 139.13088934015081577 
 112.57983204066049154 206.5551891743906765 
 129.52118115249788843 179.77088776392650971 
 197.47164991408345713 78.656295470738385234 
 182.52980322799720625 104.18126108994447065 
 209.17463610772534821 64.448976783073675279 
 149.90057851723034332 157.3505601005745973 
 176.30846066179918807 120.85415850589029674 
 109.28883786870012784 238.17433428763925463 
 101.69663857904183146 255.36588119851563761 
 146.23960827569948151 187.77602656390382663 
 207.85188458642824116 93.139793623749213225 
 130.16586409298201943 215.77349615623515433 
 158.32894190945214064 173.29633448059297507 
 199.76172258288283956 108.13335725535299048 
 226.2881198611304967 71.990785427671269758 
 187.19054472418747537 134.85498801759845833 
 146.95333852576271738  206.307105507895443 
 128.4825333314489626 235.74408656115400618 
 202.70489012728836542 125.55263353325494791 
 224.66698130685145429 90.106455769791452326 
 185.0098996668583311 152.90628005016634461 
 243.48705598095779123 67.822090231998942045 
 175.31612333737786003 169.01543317003512357 
 234.67666262468191007 104.5456911597359948 
 218.42444243044027985 132.43065827195951556 
 141.16554426579898518 251.29326722990808207 
 164.57291106269389047 212.93829466628525893 
 185.68190818931984154 183.65272714614371807 
 254.72090464890689532 83.198669574571113117 
 201.89053158025143375 159.32973591230080501 
 233.0281982266327816 122.51566725162561511 
 180.12362453812875174 200.88802083288618405 
 216.89874063039832208 150.07510730683154065 
 251.93641098569804626 100.83230607260240674 
 202.61899003693088162 177.13104885412880662 
 170.73330897743085188 230.9148284831195781 
 162.12458032754940973 248.8832478932880008 
 232.08728899815568525 158.1928578406583199 
 195.76706338461229961 210.49397394568009645 
 249.44377194826671484 130.23717153036315608 
 217.86521805067135915 186.0582073105504719 
 189.72667849088480807 227.79885147888754204 
 247.78124076378389873 148.20360801105496762 
 233.34248995777880964 176.28912200488190365 
 213.53762199131909938 203.91107155998329858 
 202.98117464642334085 239.49918270876838733 
