 94.291957466916073827 1.530562901437065193 
  56.4109891159372836 26.68692907763313471 
 73.166394391147917986 21.67012631570546688 
 9.446885020070975969 58.321146651638969161 
 106.11050244096368544 15.686387268025351105 
 35.746397840218477882 48.187351070443511958 
 52.53703862681093284 43.781466004459936414 
 124.74171109834514937 15.108459269027161298 
 83.995068627728571187 37.146068272075240202 
 156.56508288676292295 3.5964760747207491498 
 26.908291738011676841 63.231174258736793092 
 101.21533343187303444 33.28642583264372945 
 62.165974359703888297 57.169927916646017252 
 5.1266162376236481535 91.105485618086532895 
 79.755619123566816597 55.512694334744438152 
 191.11705642391774518 4.9815777428482306277 
 129.85591105079078034 32.903729426729320551 
 175.27322283901065703 15.710644987123078664 
 114.6216570891371731 45.144043549737808974 
 53.937360481133922008 72.906670603096415562 
 37.473061550792252206 78.827556344742760075 
 19.968121017505382042 101.2515339576179656 
 145.12868563235400643 42.211350974543350389 
 82.168461806631825084 73.664340452483813237 
 37.477218280979130327 97.614148012619779138 
 180.16341839694513283 33.423592152413149847 
 66.755616262431516361 84.272572880717419253 
 118.85250778255729642 64.110875909979384346 
 164.37783404305022827 43.909742024302907737 
 17.243455711274805253 118.37675521360645803 
 214.16527283602619036 25.204083592462939833 
 136.90593666208752666 59.735915980157074046 
 199.69551392525605138 37.684381985736557397 
 93.78213360168567192 86.172514063946778151 
 111.32466958106599009 82.835221673838617562 
 66.806688196930508639 102.48506406611038244 
 50.768649079969328852 112.24006146175656795 
 166.38936394872339974 61.729814021873018248 
 150.19122091952243636 70.218063307029339626 
 27.91827880169587317 133.00253916802520848 
 85.126674858920182487 104.08731575866067942 
 15.32515240798245415 146.52090842797682058 
 46.104232060736137555 132.92111819675574225 
 111.95988877951765517 102.59862159949990712 
 208.51940770537720482 54.659206333497401431 
 179.52481960651897452 73.987394601743034173 
 151.45662691391243015 87.320786781514996733 
 228.66198255186063193 52.845985362865633306 
 16.124523404463889875 163.82840360797973744 
 97.180975219359609696 117.11010443263766945 
 197.64051114295293132 69.810900757092142044 
 126.89027229686635678 109.86398842803677667 
 142.75876262026528707 102.63644390757893632 
 169.40234669029032943 89.887589212595145227 
 50.499690171750103218 153.48864296757255943 
 34.923011757751638129 167.20203654136585669 
 96.812372952594586195 137.82744257881557814 
 206.30780032152151193 85.420589978264914066 
 126.82459947702186298 127.39452776738987438 
 169.36911156131876055 107.72160828062024507 
 67.822081227856330088 162.04627238532529532 
 154.08069591882846794 116.76564762059629743 
 86.858636084588596304 155.80984859825761646 
 35.359858826035633683 185.69742985877127239 
 114.92242549505279214 141.0846377100949951 
 224.32655378824088643 87.49206647168060158 
 198.62405216903479754 102.12641178559435673 
 241.56529647590565446 81.039660665322500677 
 143.7816651584046781 131.85776307482743164 
 184.89976275308896447 113.45489321939635374 
 68.198978971340096678 181.54733442629728302 
 53.028168060463670486 192.63955113663897123 
 125.39843869507549812 156.37650483329659323 
 226.07435163523004462 105.22526114402535313 
 97.479433102744181383 172.58615265057912325 
 143.1079547783863859 149.88139046704927182 
 211.57128400362626053 114.16498714048000807 
 252.61510383130803348 96.127800418727730403 
 187.32350924138088999 131.02100928178464301 
 37.034633224608867863 219.02152020831567825 
 116.75100775108387552 172.78175508335988297 
 86.036330697825320613 189.03952588904607524 
 54.659103587014080006 211.18691033249334055 
 205.41050372572433957 130.72210668488551732 
 242.15332148918787425 111.00586186444857617 
 176.40936920881296146 145.56356422445551857 
 159.95973608894416884 154.66761189497495366 
 243.60234209924328752 128.5154471822791038 
 71.991451538836741975 220.22284159951249194 
 215.58502298701978361 144.53842698803742906 
 89.245550029071210929 208.84701682339604645 
 128.69441059269402672 187.33431962029098372 
 161.6181221128355503 172.5267727469169472 
 187.81669734667843841 159.56675613784858569 
 233.1897420073536864 143.25367078422996769 
 148.18686042609311926 184.67383309572591088 
 205.44150195214780297 159.05611718799545429 
 179.54690440485046565 175.34737459452804842 
 69.505781026236746811 239.86991798081353977 
 125.04120477585975379  205.982653535028021 
 108.60161736569129687 217.23939688514656154 
 214.53629541832097516 173.68056955575283951 
 156.93149931329926972 200.8145519422093912 
 243.54529372861617276 158.14847650586386862 
 188.28694594842883703 190.7016346082685061 
 143.04793378009173921 212.7808230484818921 
 81.872758377137159869 254.69405508862672605 
 113.62230434132588641 236.66776981584490613 
 233.12228124792432027 172.87660132138105951 
 206.5751992540974129 189.97999451537597793 
 101.30898317429729616 252.88440794463812722 
 175.61270569899596694 203.99887054891624416 
 133.21168452934185211 240.88262759027185211 
 148.67649855021090843 229.54085520402040288 
 236.83043349010026191 189.98730940703023862 
 221.6976553680336508 200.18642483994409531 
 183.57324293763022638 220.27422150177488902 
 168.31094600069147305 231.93937176679409617 
 251.34946115665661637 199.70025100200405177 
 204.42477484754641637 224.67659818539340222 
