 43.219930475796438429 96.009816738300401084 
 43.219930475796438429 126.8850800114810653 
 85.886597142463102728 96.009816738300401084 
 85.886597142463102728 126.8850800114810653 
 64.553263809129774131 68.882810426483843003 
 107.21993047579644553 92.26155977693625232 
 107.21993047579644553 123.13682305011694496 
 64.553263809129774131 99.758073699664521428 
 43.219930475796438429 157.76034328466172951 
 43.219930475796438429 188.63560655784243636 
 85.886597142463102728 157.76034328466172951 
 85.886597142463102728 188.63560655784243636 
 64.553263809129774131 130.63333697284519985 
 107.21993047579644553 154.01208632329763759 
 107.21993047579644553 184.88734959647828759 
 64.553263809129774131 161.5086002460259067 
 43.219930475796438429 219.51086983102311478 
 43.219930475796438429 65.13455346511973687 
 85.886597142463102728 219.51086983102311478 
 85.886597142463102728 65.13455346511973687 
 64.553263809129774131 192.38386351920658512 
 107.21993047579644553 215.7626128696589376 
 107.21993047579644553 61.386296503755616527 
 64.553263809129774131 38.007547153303200105 
 128.55326380912975992 96.009816738300401084 
 128.55326380912975992 126.8850800114810653 
 171.21993047579644553 96.009816738300401084 
 171.21993047579644553 126.8850800114810653 
 149.88659714246310273 68.882810426483843003 
 192.55326380912978834 92.26155977693625232 
 192.55326380912978834 123.13682305011694496 
 149.88659714246310273 99.758073699664521428 
 128.55326380912975992 157.76034328466172951 
 128.55326380912975992 188.63560655784243636 
 171.21993047579644553 157.76034328466172951 
 171.21993047579644553 188.63560655784243636 
 149.88659714246310273 130.63333697284519985 
 192.55326380912978834 154.01208632329763759 
 192.55326380912978834 184.88734959647828759 
 149.88659714246310273 161.5086002460259067 
 128.55326380912975992 219.51086983102311478 
 128.55326380912975992 65.13455346511973687 
 171.21993047579644553 219.51086983102311478 
 171.21993047579644553 65.13455346511973687 
 149.88659714246310273 192.38386351920658512 
 192.55326380912978834 215.7626128696589376 
 192.55326380912978834 61.386296503755616527 
 149.88659714246310273 38.007547153303200105 
 213.88659714246307431 96.009816738300401084 
 213.88659714246307431 126.8850800114810653 
 256.55326380912975992 96.009816738300401084 
 256.55326380912975992 126.8850800114810653 
 235.21993047579647396 68.882810426483843003 
 21.886597142463074306 92.26155977693625232 
 21.886597142463074306 123.13682305011694496 
 235.21993047579647396 99.758073699664521428 
 213.88659714246307431 157.76034328466172951 
 213.88659714246307431 188.63560655784243636 
 256.55326380912975992 157.76034328466172951 
 256.55326380912975992 188.63560655784243636 
 235.21993047579647396 130.63333697284519985 
 21.886597142463074306 154.01208632329763759 
 21.886597142463074306 184.88734959647828759 
 235.21993047579647396 161.5086002460259067 
 213.88659714246307431 219.51086983102311478 
 213.88659714246307431 65.13455346511973687 
 256.55326380912975992 219.51086983102311478 
 256.55326380912975992 65.13455346511973687 
 235.21993047579647396 192.38386351920658512 
 21.886597142463074306 215.7626128696589376 
 21.886597142463074306 61.386296503755616527 
 235.21993047579647396 38.007547153303200105 
