 74.647545670021429487 12.774089763072856485 
 122.71964134646189848 34.286875354618551626 
 95.980879003354758083 49.724506991208897944 
 135.54565127444917039 2.2481635846422465264 
 136.63239376158176697 50.887955488004500637 
 109.89363141847462657 66.325587124594846955 
 108.80688893134201578 17.685795221232591956 
 47.908783326914296197 28.211721399663201026 
 21.170020983807127379 43.649353036253543792 
 69.242116660247631899 65.162138627799237156 
 42.503354317140470187 80.599770264389590579 
 82.068126588234889596 33.123426857822913405 
 83.154869075367486175 81.763218761185186167 
 56.41610673226034578 97.20085039777552538 
 55.329364245127727884 48.561058494413266828 
 15.76459197403331558 96.037401900979944003 
 149.45840368956902466 18.849243718028230177 
 28.590601902020605252 63.998690131003606041 
 29.677344389153201831 112.63848203436585038 
 163.37115610468887894 35.450323851414175635 
 1.8518395589134488688 79.436321767593952359 
 144.05297467979522708 71.237292582754591308 
 117.31421233668810089 86.674924219344944731 
 165.38630801312856988 108.18770981089065231 
 138.64754567002145791 123.62534144748099152 
  178.212317941115856 76.148998040914349872 
 179.29906042824842416 124.78878994427660132 
 152.56029808514131219 140.22642158086694053 
 151.47355559800868718 91.586629677504703295 
 90.575449993580946284 102.11255585593526973 
 63.836687650473805888 117.55018749252562316 
 111.90878332691428909 139.06297308407133073 
 85.170020983807148696 154.50060472066166994 
  124.734793254901561 107.0242613140950283 
 125.82153574203415758 155.66405321745727974 
 99.082773398927031394 171.10168485404761896 
 97.996030911794420604 122.46189295068539593 
 37.097925307366637071 132.98781912911596237 
 170.79173702290236747 55.799660946164252096 
 58.431258640699979878 169.93823635725203758 
 192.12507035623571028 92.750078174300313094 
 71.257268568687280208 137.89952458727572093 
 72.344011055819876788 186.53931649063798659 
 206.03782277135553613 109.35115830768627632 
 44.518506225580125601 153.33715622386608857 
 186.71964134646191269 145.13812703902669909 
 159.98087900335477229 160.57575867561703831 
 208.0529746797952555 182.0885442671627743 
 181.31421233668814352 197.52617590375308509 
 220.87898460778251319 150.04983249718642924 
 221.96572709491510977 198.68962440054866647 
 195.22696475180796938 214.12725603713900568 
 194.1402222646753728 165.48746413377676845 
 133.2421166602476319 176.01339031220737752 
 106.50335431714047729 191.45102194879771673 
 154.57544999358097471 212.96380754034342431 
 127.8366876504738201 228.40143917693379194 
 167.4014599215682324 180.92509577036710766 
 168.48820240870080056 229.56488767372937332 
 141.74944006559368859 245.00251931031968411 
 140.66269757846106359 196.3627274069574753 
 79.764591974033322686 206.88865358538808437 
 213.45840368956905309 129.70049540243635988 
 101.09792530736666549 243.83907081352415958 
 234.79173702290236747 166.65091263057240667 
 113.9239352353539374 211.80035904354781451 
 248.70448943802225017 183.25199276395835568 
 87.185172892246782794 227.2379906801381253 
