 95.602013099764334925 1.2641981651119886809 
 71.466101635263513003 25.400109629612831696 
 100.01898702433270216 17.749127821930798632 
 87.951031292082305413 29.817083554181198934 
 59.398145903013109148 37.468065361863231999 
 35.262234438512273016 61.603976826364068131 
 63.815119827581483491 53.952995018682017303 
 51.74716409533105832 66.020950750932442475 
 23.194278706261872713 73.671932558614471986 
 27.611252630830257715 90.156862215433264396 
 15.543296898579836096 102.22481794768368957 
 128.57187241340187711 10.098146014248762015 
 157.12475780247109469 2.4471642065667262855 
 145.05680207022069794 14.515119938817148793 
 116.50391668115149457 22.166101746499162317 
 92.368005216650672651 46.302013210999987791 
 120.92089060571987602 38.65103140331797249 
 108.85293487346947927 50.718987135568383451 
 80.30004948440026169 58.369968943250398752 
 56.164138019899432663 82.505880407751234884 
 84.71702340896865735 74.854898600069191161 
 72.649067676718232178 86.922854332319616333 
 44.096182287649035914 94.573836140001631634 
 19.960270823148199781 118.70974760450249619 
 48.513156212217431573 111.05876579682043825 
 36.445200479967013507 123.12672152907086343 
 7.8923150908977790507 130.77770333675289294 
 12.309289015466166717 147.26263299357171377 
 173.60968745928991552 6.8641381311350917471 
 149.4737759947890936 31.000049595635935873 
 178.02666138385828276 23.349067787953899256 
 165.95870565160788601 35.417023520204324427 
 137.40582026253869685 43.068005327886339728 
 113.26990879803786072 67.20391679238717586 
 141.82279418710706409 59.552934984705132138 
 129.75483845485663892 71.620890716955543098 
 101.20195306578746397 79.271872524637586821 
 77.066041601286613627 103.40778398913840874 
 105.61892699035583121 95.75680218145636502 
 93.550971258105406037 107.82475791370679019 
 64.998085869036216877 115.4757397213888197 
 40.86217440453537364 139.61165118588965584 
 69.415059793604612537 131.96066937820762632 
 57.34710406135418026 144.02862511045802307 
 28.794218672284973337 151.67960691814008101 
 4.6583072077841514158 175.81551838264090293 
 33.211192596853351233 168.16453657495884499 
 21.143236864602940273 180.23249230720927017 
 194.51159104067713201 27.766041712522266494 
 170.37567957617628167 51.901953177023109731 
 198.92856496524544241 44.250971369341087325 
 186.86060923299504566 56.318927101591498285 
 158.3077238439258565 63.969908909273513586 
 134.17181237942503458 88.105820373774349719 
 162.72469776849425216 80.454838566092305996 
 150.65674203624382699 92.522794298342731167 
 122.10385664717463783 100.17377610602476068 
 97.967945182673787485 124.30968757052559681 
 126.52083057174301928 116.65870576284353888 
 114.45287483949260832 128.72666149509396405 
 85.899989450423404946 136.37764330277599356 
 61.764077985922561709 160.5135547672768439 
 90.316963374991786395 152.86257295959478597 
 78.249007642741361224 164.93052869184521114 
 49.696122253672150748 172.58151049952724065 
 25.560210789171325274 196.71742196402803415 
 54.113096178240532197 189.06644015634606149 
 42.045140445990135447 201.13439588859645824 
 215.41349462206426324 48.667945293909447457 
 191.27758315756346974 72.803856758410276484 
 219.8304685466326589 65.152874950728246972 
 207.76251281438223373 77.220830682978672144 
 179.20962742531304457 84.871812490660687445 
 155.07371596081222265 109.00772395516152358 
 183.62660134988141181 101.35674214747949407 
 171.55864561763098664 113.42469787972989081 
 143.00576022856179748 121.07567968741193454 
 118.86984876406096134 145.21159115191275646 
 147.42273415313019314 137.56060934423072695 
 135.35477842087976796 149.62856507648115212 
 106.80189303181056459 157.27954688416318163 
 82.665981567309728462 181.41545834866400355 
 111.21886695637896025 173.76447654098197404 
 99.150911224128535082 185.83243227323237079 
 70.598025835059317501 193.48341408091442872 
 46.46211437055850979 217.61932554541525064 
 75.014999759627713161 209.96834373773319271 
 62.947044027377309305 222.03629946998358946 
 236.31539820345147973 69.56984887529661421 
 212.17948673895060097 93.705760339797450342 
 240.73237212801979013 86.05477853211542083 
 228.66441639576939338 98.12273426436581758 
 200.11153100670017579 105.7737160720478613 
 175.97561954219938229 129.90962753654866901 
 204.52850493126859988 122.2586457288666395 
 192.4605491990181747 134.32660146111706467 
 163.90766380994898554 141.97758326879909418 
 139.7717523454481352 166.11349473329991611 
 168.32463773451735278 158.46251292561788659 
 156.25668200226695603 170.53046865786831177 
 127.70379661319773845 178.18145046555034128 
 103.56788514869690232 202.31736193005119162 
 132.12077053776613411 194.66638012236910527 
 120.05281480551570894 206.73433585461955886 
 91.499929416446491359 214.38531766230158837 
 67.364017951945669438 238.52122912680238187 
 95.916903341014887019 230.8702473191204092 
 83.848947608764476058 242.93820305137080595 
 233.08139032033781746 114.6076639211846242 
 249.56631997715660987 119.02463784575301986 
 221.01343458808739229 126.67561965343503516 
 196.87752312358657036 150.8115311179358855 
 225.43040851265575952 143.16054931025382757 
 213.36245278040536277 155.22850504250425274 
 184.80956739133614519 162.87948685018628225 
 160.67365592683532327 187.0153983146871326 
 189.22654131590454085 179.36441650700507466 
 177.15858558365411568 191.43237223925549984 
 148.60570019458492652 199.08335404693752935 
 124.46978873008409039 223.21926551143835127 
 153.02267411915332218 215.56828370375632176 
 140.95471838690289701 227.63623943600671851 
 112.40183299783366522 235.28722124368877644 
 116.81880692240207509 251.77215090050756885 
 253.9832939017249771 135.50956750257179806 
 241.91533816947458035 147.57752323482222323 
 217.77942670497373001 171.71343469932304515 
 246.33231209404297601 164.06245289164104406 
 234.26435636179255084 176.13040862389146923 
 205.71147097272333326 183.7813904315734419 
 181.57555950822253976 207.91730189607429224 
 210.12844489729172892 200.26632008839226273 
 198.06048916504133217 212.33427582064271633 
 169.50760377597214301 219.98525762832468899 
 145.37169231147129267 244.12116909282553934 
 173.92457770054051025 236.47018728514350983 
 161.85662196829008508  248.538143017393935 
 133.3037365792208675 256.18912482507596451 
