 176.5177715936091829 23.501400997374830126 
 143.54750338960897693 32.335757736874199963 
 172.10051839172945165 39.986255822063569099 
 155.61538428972937709 44.403434191813261123 
 127.06236928760888816 36.752936106623891988 
 94.092101083608682188 45.58729284612326893 
 122.64511608572915691 53.237790931312638065 
 106.15998198372906813 57.654969301062322984 
 77.606966981608593414 50.004471215872953849 
 44.636698777608387445 58.838827955372330791 
 73.189713779728876375 66.489326040561692821 
 56.704579677728759179 70.906504410311384845 
 28.151564675608277355 63.256006325122022815 
 23.734311473728546105 79.740861149810754682 
 7.2491773717284520018 84.158039519560460917 
 225.97317389960949185 10.249865888125770041 
 193.00290569560928589 19.08422262762513455 
 221.55592069772973218 26.734720712814517896 
 205.07078659572965762 31.151899082564192156 
 184.16839929184982338 52.053932277002644469 
 151.19813108784964584 60.888289016502021411 
 179.75114608997009213 68.538787101691397652 
 163.26601198796998915 72.955965471441075465 
 134.71299698584954285 65.30546738625170633 
 101.74272878184932267 74.139824125751076167 
 130.29574378396978318 81.790322210940459513 
 113.81060968196969441 86.207500580690137326 
 85.257594679849233898 78.557002495500768191 
 52.287326475849027929 87.391359235000138028 
 80.840341477969516859 95.041857320189507163 
 64.355207375969399664 99.459035689939213398 
 35.802192373848910734 91.808537604749830052 
 2.8319241698487189751 100.64289434424919989 
 31.384939171969197247 108.29339242943858324 
 14.899805069969103144 112.71057079918826105 
 233.6238015978500755 38.802397167753582607 
 200.65353339384992637 47.636753907252952445 
 229.20654839597037267 55.287251992442328685 
 212.72141429397026968 59.704430362192013604 
 191.81902699009046387 80.606463556630458811 
 158.84875878609028632 89.440820296129828648 
 187.40177378821073262 97.091318381319211994 
 170.91663968621065806 101.50849675106890402 
 142.36362468409018334 93.857998665879520672 
 109.39335648008996316 102.69235540537889051 
 137.94637148221042366 110.34285349056827386 
 121.4612373802103491 114.76003186031796588 
 92.908222378089874383 107.10953377512858253 
 59.937954174089675519 115.94389051462796658 
 88.490969176210157343 123.59438859981732151 
 72.005835074210040148 128.01156696956701353 
 43.452820072089558323 120.36106888437764439 
 10.482551868089370117 129.19542562387701423 
 39.035566870209827073 136.84592370906639758 
 22.550432768209731194 141.26310207881607539 
 241.27442929609077282 67.35492844738139695 
 208.30416109209056685 76.189285186880766787 
 236.85717609421104157 83.839783272070150133 
 220.37204199221096701 88.256961641819827946 
 199.4696546883311612 109.15899483625830158 
 166.49938648433092681 117.99335157575767141 
 195.05240148645140152 125.64384966094705476 
 178.56726738445129854 130.06102803069671836 
 150.01425238233082382 122.41052994550734923 
 117.04398417833060364 131.24488668500671906 
 145.59699918045109257 138.89538477019610241 
 129.11186507845098959 143.31256313994578022 
 100.55885007633054329 135.6620650547564253 
 67.588581872330323108 144.49642179425578092 
 96.141596874450797827 152.14691987944516427 
 79.656462772450694843 156.5640982491948705 
 51.103447770330213018 148.91360016400548716 
 18.13317956633002126 157.74795690350484278 
 46.686194568450474662 165.39845498869422613 
 30.201060466450382336 169.81563335844390394 
 248.92505699433144173 95.907459727009239714 
 215.95478879033123576 104.74181646650860955 
 244.50780379245168206 112.3923145516979929 
 228.02266969045163592 116.80949292144767071 
 207.12028238657177326 137.71152611588610171 
 174.15001418257156729 146.54588285538548575 
 202.70302918469201359 154.1963809405748691 
 186.21789508269193902 158.61355931032454691 
 157.6648800805714643 150.96306122513516357 
 124.69461187657125834 159.79741796463454762 
 153.24762687869170463 167.44791604982393096 
 136.76249277669163007 171.86509441957360877 
 108.20947777457116956 164.21459633438422543 
 75.239209570570963592 173.04895307388360948 
 103.79222457269145252 180.6994511590729644 
 87.307090470691335327 185.11662952882267064 
 58.754075468570853502 177.46613144363331571 
 25.783807264570651085 186.30048818313267134 
 54.336822266691115146 193.95098626832205468 
 37.851688164691026373 198.36816463807170408 
 256.57568469257205379 124.45999100663705406 
 223.60541648857187624 133.29434774613642389 
 252.15843149069229412 140.94484583132580724 
 235.67329738869221956 145.36202420107548505 
 214.77091008481241374 166.26405739551393026 
 181.80064188081220777 175.09841413501328589 
 210.35365688293268249 182.74891222020266923 
 193.86852278093260793 187.16609058995234705 
 165.31550777881213321 179.51559250476299212 
 132.34523957481189882 188.34994924426237617 
 160.89825457693237354 196.00044732945173109 
 144.41312047493227055 200.41762569920143733 
 115.86010547281182426 192.76712761401205398 
 82.889837268811604076 201.60148435351140961 
 111.4428522709320788 209.25198243870082138 
 94.957718168931975811 213.66916080845047077 
 66.404703166811486881 206.01866272326111584 
 33.434434962811302228 214.85301946276049989 
 61.987449964931769841 222.50351754794985482 
 45.502315862931673962 226.92069591769956105 
 231.25604418681248831 161.84687902576425245 
 243.32392508693288846 173.91455548070328518 
 222.42153778305308265 194.81658867514175881 
 189.45126957905284826 203.65094541464114286 
 218.00428458117332298 211.30144349983049779 
 201.51915047917321999 215.71862186958020402 
 172.96613547705274527 208.0681237843908491 
 139.99586727305256773 216.90248052389023314 
 168.5488822751729856 224.55297860907953122 
 152.06374817317293946 228.97015697882923746 
 123.51073317105246474 221.31965889363988254 
 90.540464967052258771 230.15401563313926658 
 119.09347996917273349 237.80451371832862151 
 102.60834586717261629 242.22169208807832774 
 74.055330865052141576 234.57119400288897282 
 41.085062661051949817 243.40555074238830002 
 69.638077663172410325 251.05604882757771179 
 53.152943561172314446 255.4732271973273896 
 238.90667188505318563 190.39941030539205258 
 250.97455278517350052 202.46708676033111374 
 230.07216548129369471 223.36911995476955894 
 197.10189727729348874 232.20347669426894299 
 164.44989069348883959 11.433724542435795613 
 147.96475659148870818 15.850902912185469873 
 180.61676317529341418 236.62065506401864923 
 147.64649497129317979 245.45501180351803328 
 114.99448838748850221 24.685259651684855697 
 98.509354285488413439 29.102438021434551274 
 131.16136086929310522 249.87219017326771109 
 65.53908608148822168 37.936794760933921111 
 49.053951979488118695 42.353973130683598924 
 16.083683775487894962 51.188329870182975867 
 246.5572995832937977 218.95194158501985271 
 197.42015889748901714 2.5993678029364084558 
