 238.2694195873604599 24.137543640659071542 
 204.13608625402710572 24.137543640659071542 
 229.73608625402712846 38.917421402765327798 
 212.66941958736043716 38.917421402765334904 
 187.06941958736044285 24.137543640659071542 
 152.93608625402711709 24.137543640659071542 
 178.53608625402711141 38.917421402765334904 
 161.46941958736044853 38.917421402765334904 
 135.86941958736045422 24.137543640659071542 
 101.73608625402711425 24.137543640659071542 
 127.33608625402712278 38.917421402765334904 
 110.26941958736044569 38.917421402765334904 
 84.669419587360451374 24.137543640659071542 
 50.536086254027104303 24.137543640659071542 
 76.136086254027119935 38.917421402765334904 
 59.069419587360428636 38.917421402765334904 
 33.469419587360441426 24.137543640659071542 
 255.33608625402712278 24.137543640659071542 
 24.936086254027120646 38.917421402765349114 
 7.8694195873604595448 38.917421402765349114 
 238.2694195873604599 53.697299164871580501 
 204.13608625402713415 53.697299164871587607 
 229.73608625402712846 68.477176926977847415 
 212.66941958736043716 68.477176926977847415 
 187.06941958736047127 53.697299164871587607 
 152.93608625402711709 53.697299164871587607 
 178.53608625402711141 68.477176926977847415 
 161.46941958736044853 68.477176926977847415 
 135.86941958736045422 53.697299164871587607 
 101.73608625402711425 53.697299164871587607 
 127.33608625402712278 68.477176926977847415 
 110.26941958736044569 68.477176926977847415 
 84.669419587360451374 53.697299164871587607 
 50.536086254027111409 53.697299164871587607 
 76.136086254027119935 68.477176926977847415 
 59.069419587360442847 68.477176926977847415 
 33.469419587360448531 53.697299164871601818 
 255.33608625402712278 53.697299164871580501 
 24.936086254027120646 68.477176926977861626 
 7.8694195873604595448 68.477176926977861626 
 238.2694195873604599 83.257054689084100119 
 204.13608625402713415 83.257054689084100119 
 229.73608625402712846 98.036932451190352822 
 212.66941958736043716 98.036932451190352822 
 187.06941958736047127 83.257054689084100119 
 152.93608625402711709 83.257054689084100119 
 178.53608625402711141 98.036932451190352822 
 161.46941958736044853 98.036932451190352822 
 135.86941958736045422 83.257054689084100119 
 101.73608625402711425 83.257054689084100119 
 127.33608625402712278 98.036932451190352822 
 110.26941958736044569 98.036932451190352822 
 84.669419587360451374 83.257054689084100119 
 50.536086254027111409 83.257054689084100119 
 76.136086254027119935 98.036932451190352822 
 59.069419587360442847 98.036932451190352822 
 33.469419587360448531 83.257054689084100119 
 255.33608625402712278 83.257054689084100119 
 24.936086254027120646 98.036932451190352822 
 7.8694195873604595448 98.036932451190352822 
 238.2694195873604599 112.81681021329660553 
 204.13608625402713415 112.81681021329660553 
 229.73608625402712846 127.59668797540285823 
 212.66941958736043716 127.59668797540285823 
 187.06941958736047127 112.81681021329660553 
 152.93608625402711709 112.81681021329660553 
 178.53608625402711141 127.59668797540285823 
 161.46941958736044853 127.59668797540285823 
 135.86941958736045422 112.81681021329660553 
 101.73608625402711425 112.81681021329660553 
 127.33608625402712278 127.59668797540285823 
 110.26941958736044569 127.59668797540285823 
 84.669419587360451374 112.81681021329660553 
 50.536086254027111409 112.81681021329660553 
 76.136086254027119935 127.59668797540285823 
 59.069419587360442847 127.59668797540285823 
 33.469419587360448531 112.81681021329660553 
 255.33608625402712278 112.81681021329660553 
 24.936086254027120646 127.59668797540285823 
 7.8694195873604595448 127.59668797540285823 
 238.2694195873604599 142.37656573750911093 
 204.13608625402713415 142.37656573750911093 
 229.73608625402712846 157.15644349961536363 
 212.66941958736043716 157.15644349961536363 
 187.06941958736047127 142.37656573750911093 
 152.93608625402711709 142.37656573750911093 
 178.53608625402711141 157.15644349961536363 
 161.46941958736044853 157.15644349961536363 
 135.86941958736045422 142.37656573750911093 
 101.73608625402711425 142.37656573750911093 
 127.33608625402712278 157.15644349961536363 
 110.26941958736044569 157.15644349961536363 
 84.669419587360451374 142.37656573750911093 
 50.536086254027111409 142.37656573750911093 
 76.136086254027119935 157.15644349961536363 
 59.069419587360442847 157.15644349961536363 
 33.469419587360448531 142.37656573750911093 
 255.33608625402712278 142.37656573750911093 
 24.936086254027120646 157.15644349961536363 
 7.8694195873604595448 157.15644349961536363 
 238.2694195873604599 171.93632126172161634 
 204.13608625402713415 171.93632126172161634 
 229.73608625402712846 186.71619902382784062 
 212.66941958736043716 186.71619902382786904 
 187.06941958736047127 171.93632126172161634 
 152.93608625402711709 171.93632126172161634 
 178.53608625402711141 186.71619902382786904 
 161.46941958736044853 186.71619902382786904 
 135.86941958736045422 171.93632126172161634 
 101.73608625402711425 171.93632126172161634 
 127.33608625402712278 186.71619902382786904 
 110.26941958736044569 186.71619902382786904 
 84.669419587360451374 171.93632126172161634 
 50.536086254027111409 171.93632126172161634 
 76.136086254027119935 186.71619902382786904 
 59.069419587360442847 186.71619902382786904 
 33.469419587360448531 171.93632126172161634 
 255.33608625402712278 171.93632126172161634 
 24.936086254027120646 186.71619902382789746 
 7.8694195873604595448 186.71619902382789746 
 238.2694195873604599 201.49607678593412174 
 204.13608625402713415 201.49607678593417859 
 229.73608625402712846 216.27595454804040287 
 212.66941958736043716 216.27595454804043129 
 187.06941958736047127 201.49607678593417859 
 152.93608625402711709 201.49607678593417859 
 178.53608625402711141 216.27595454804043129 
 161.46941958736044853 216.27595454804043129 
 135.86941958736045422 201.49607678593417859 
 101.73608625402711425 201.49607678593417859 
 127.33608625402712278 216.27595454804043129 
 110.26941958736044569 216.27595454804043129 
 84.669419587360451374 201.49607678593417859 
 50.536086254027111409 201.49607678593417859 
 76.136086254027119935 216.27595454804043129 
 59.069419587360442847 216.27595454804043129 
 33.469419587360448531 201.49607678593417859 
 255.33608625402712278 201.49607678593412174 
 24.936086254027120646 216.27595454804043129 
 7.8694195873604595448 216.27595454804043129 
 238.2694195873604599 231.05583231014662715 
 204.13608625402713415 231.05583231014662715 
 229.73608625402712846 245.83571007225290828 
 212.66941958736046558 245.83571007225290828 
 187.06941958736047127 231.05583231014662715 
 152.93608625402711709 231.05583231014662715 
 178.53608625402713983 245.83571007225290828 
 161.46941958736044853 245.83571007225290828 
 135.86941958736045422 231.05583231014662715 
 101.73608625402711425 231.05583231014662715 
 127.33608625402712278 245.83571007225290828 
 110.26941958736044569 245.83571007225290828 
 84.669419587360451374 231.05583231014662715 
 50.536086254027125619 231.05583231014662715 
 76.136086254027134146 245.83571007225290828 
 59.069419587360449952 245.83571007225290828 
 33.469419587360462742 231.05583231014662715 
 255.33608625402712278 231.05583231014662715 
 24.936086254027120646 245.83571007225290828 
 7.8694195873604595448 245.83571007225290828 
