 152.99741909171831367 14.082621971694118557 
 189.94783631985436045 14.082621971694118557 
 171.47262770578635127 24.749288638360795289 
 134.52221047765027606 24.749288638360795289 
 97.571793249514229274 46.082621971694145202 
 134.52221047765027606 46.082621971694145202 
 116.04700186358225267  56.7492886383608095 
 79.09658463544620588  56.7492886383608095 
 42.146167407310159092 78.082621971694152307 
 79.09658463544620588 78.082621971694152307 
 60.621376021378189591 88.749288638360823711 
 23.670958793242153462  88.7492886383608095 
 23.670958793242153462 110.08262197169415231 
 5.1957501791741442787 120.7492886383608095 
 208.42304493392239806 24.749288638360795289 
 171.47262770578635127 46.082621971694130991 
 208.42304493392239806 46.08262197169411678 
 189.94783631985438888 56.749288638360781079 
 152.99741909171831367  56.7492886383608095 
 116.04700186358225267 78.082621971694152307 
 152.99741909171831367 78.082621971694123886 
 134.52221047765027606 88.749288638360795289 
 97.571793249514243485  88.7492886383608095 
 60.621376021378203802 110.08262197169415231 
 97.571793249514229274 110.0826219716941381 
 79.09658463544620588 120.7492886383608095 
 42.146167407310180408 120.7492886383608095 
 5.1957501791741442787 142.08262197169415231 
 42.146167407310173303 142.08262197169415231 
 23.670958793242174778 152.74928863836078108 
 226.89825354799040724 56.749288638360788184 
 189.94783631985438888 78.082621971694123886 
 226.89825354799043566 78.082621971694123886 
 208.42304493392239806 88.749288638360795289 
 171.47262770578632285 88.749288638360795289 
 134.52221047765027606 110.0826219716941381 
 171.47262770578635127 110.0826219716941381 
 152.99741909171831367 120.7492886383608095 
 116.04700186358225267 120.7492886383608095 
 79.096584635446220091 142.08262197169415231 
 116.04700186358225267 142.08262197169415231 
 97.571793249514243485 152.7492886383608095 
 60.621376021378210908 152.74928863836078108 
 23.670958793242153462 174.08262197169415231 
 60.621376021378203802 174.08262197169415231 
 42.146167407310201725 184.7492886383608095 
  245.373462162058388 88.749288638360781079 
 208.42304493392239806 110.08262197169410967 
 245.37346216205844485 110.08262197169410967 
 226.89825354799043566 120.74928863836079529 
 189.94783631985436045 120.74928863836079529 
 152.99741909171831367 142.08262197169412389 
 189.94783631985438888 142.08262197169412389 
 171.47262770578635127 152.74928863836078108 
 134.52221047765027606 152.74928863836078108 
 97.571793249514243485 174.08262197169412389 
 134.52221047765027606 174.08262197169415231 
 116.04700186358225267 184.7492886383608095 
 79.096584635446234302 184.7492886383608095 
 42.146167407310180408 206.08262197169412389 
 79.096584635446220091 206.08262197169412389 
 60.621376021378232224 216.7492886383608095 
 226.89825354799043566 142.08262197169412389 
 245.37346216205847327 152.7492886383608095 
 208.42304493392239806 152.74928863836078108 
 171.47262770578635127 174.08262197169415231 
 208.42304493392239806 174.08262197169415231 
 189.94783631985438888 184.7492886383608095 
 152.99741909171831367 184.7492886383608095 
 116.04700186358228109 206.08262197169412389 
 152.99741909171834209 206.08262197169418073 
 134.52221047765030448 216.74928863836083792 
 97.571793249514271906 216.7492886383608095 
 60.621376021378210908 238.08262197169412389 
 97.571793249514271906 238.08262197169420915 
 79.096584635446276934 248.74928863836078108 
 245.37346216205847327 174.08262197169412389 
 226.89825354799043566 184.7492886383608095 
 189.94783631985438888 206.08262197169412389 
 116.04700186358225267 14.082621971694139873 
 97.571793249514243485 24.749288638360816606 
 171.47262770578637969 216.7492886383608095 
 134.52221047765030448 238.08262197169412389 
 60.621376021378189591 46.082621971694152307 
 42.146167407310159092 56.749288638360823711 
 116.0470018635822953 248.74928863836078108 
 5.1957501791741238506 78.082621971694166518 
