 93.958927419331160991 68.857862790708452394 
 96.271856270759442964 100.34658992362894026 
 36.766150432216164745 115.27106381417695502 
 41.392781494695150002 178.2505774028451242 
 39.079234450738056239 146.7616846257357679 
 90.008872060326282849 36.936025237397835497 
 155.77818030183152587 85.422281677269793931 
 158.09110915325982205 116.91100881019026758 
 98.585403314716529621 131.83548270073831077 
 103.21203437719552198 194.81499628940645152 
 100.89848733323842112 163.32610351229709522 
 151.82812494282666194 53.500444123959169929 
 217.59743318433191916 101.98670056383112126 
 219.91036203576015851 133.47542769675160912 
 160.4046561972168945 148.39990158729960967 
 165.03128725969588686 211.37941517596775043 
 162.71774021573878599 179.89052239885842255 
 213.64737782532702681 70.064863010520497255 
 32.13967453683080322 52.293443904147125068 
 34.452603388259099404 83.78217103706762714 
 222.2239090797172878 164.96432047386096542 
 226.85054014219630858 227.94383406252910618 
 224.53699309823917929 196.45494128541974987 
 28.189619177825896656 20.371606350836518828 
