 43.358233202246516669 128.89265704186763628 
 37.442468626173884161 159.9070618532416006 
 65.551277685072648183 3.9904564229765853156 
 53.719962548992015172 66.02145535902694462 
 59.635172868806243685 35.006730547652971097 
 47.804752229177793765 97.036180170400911038 
 98.783859044450593956 160.89265704186763628 
 92.868094468377961448 191.9070618532416006 
 120.97690352727673258 35.990456422976571105 
 109.14558839119609956 98.02145535902694462 
 115.06079871101030676 67.006730547652963992 
 103.23037807138189237 129.03618017040091104 
 154.20948488665467835 192.89265704186760786 
 148.29372031058204584 223.9070618532416006 
 176.40252936948081697 67.99045642297657821 
 164.57121423340018396 130.02145535902693041 
 170.48642455321439115 99.006730547652963992 
 158.65600391358594834 161.03618017040091104 
 209.63511072885873432 224.89265704186760786 
 231.82815521168490136 99.99045642297657821 
 219.99684007560426835 162.02145535902695883 
 225.91205039541850397 131.0067305476529782 
 214.08162975579006115 193.03618017040088262 
