 99.580191107491330627 26.140296199927199439 
 106.20595866211584735 1.4125950469270784904 
 74.85248995449119036 19.514528645302668508 
 68.22672239986665943 44.242229798302822985 
 86.328655998242268765 75.595698505927501287 
 92.954423552866799696 50.867997352927353916 
 61.600954845242128499 68.969930951302970357 
 54.975187290617597569 93.697632104303124834 
 73.077120888993206904 125.05110081192779603 
 79.702888443617723624 100.32339965892764155 
 48.349419735993059533 118.42533325730327931 
 41.723652181368535707 143.15303441030340537 
 59.825585779744152148 174.50650311792807656 
 66.451353334368675974 149.77880196492796472 
 35.097884626744011882 167.88073556330354563 
 28.472117072119477399 192.60843671630371432 
 46.574050670495090287 223.96190542392838552 
 53.199818225119607007 199.23420427092824525 
 21.84634951749493581 217.33613786930382616 
 130.93365981511601603 8.0383626015515972085 
 149.03559341349162537  39.3918313091762613 
 155.66136096811612788 14.664130156176138797 
 124.3078922604914851 32.766063754551723264 
 117.68212470586693996 57.493764907551884846 
 135.78405830424256351 88.847233615176548938 
 142.40982585886709444 64.119532462176408671 
 111.05635715124242324 82.221466060552018007 
 104.4305895966178781 106.94916721355218669 
 122.53252319499350165 138.30263592117685789 
 129.15829074961800416 113.57493476817670341 
 97.804822041993361381 131.67686836655235538 
 91.179054487368830451 156.40456951955246723 
 109.28098808574443979 187.75803822717713842 
 115.90675564036895651 163.03033707417702658 
 84.55328693274429952 181.13227067255260749 
 77.927519378119768589 205.85997182555274776 
 96.029452976495377925 237.2134405331774758 
 102.65522053111989464 212.48573938017733553 
 71.301751823495237659 230.58767297855291645 
 180.38906212111629657 21.28989771080065907 
 198.49099571949193432 52.643366418425330266 
 205.11676327411646525 27.915665265425200658 
 173.76329456649176564 46.01759886380079223 
 167.13752701186726313 70.745300016800939602 
 185.23946061024290088 102.0987687244256108 
 191.86522816486740339 77.371067571425484743 
 160.51175945724270377 95.473001169801079868 
 153.88599190261817284 120.20070232280124856 
 171.9879255009938106 151.55417103042594817 
 178.61369305561834153 126.82646987742576528 
 147.26022434799364191 144.92840347580141724 
 140.6344567933691394 169.65610462880152909 
 158.73639039174477716 201.00957333642620029 
 165.36215794636927967 176.28187218342608844 
 134.00868923874458005 194.38380578180166935 
 127.38292168412004912 219.11150693480183804 
 145.48485528249568688 250.46497564242650924 
 152.11062283712021781 225.73727448942636897 
 120.7571541294955324 243.83920808780200673 
 229.84446442711660552 34.541432820049720931 
 247.94639802549224328 65.894901527674377917 
 254.57216558011674579 41.167200374674251862 
 223.21869687249207459 59.269133973049846986 
 216.59292931786757208 83.996835126050001463 
 234.69486291624315299 115.35030383367467266 
 241.32063047086768393 90.622602680674532394 
 209.96716176324298431 108.72453627905015594 
 203.3413942086184818 133.45223743205031042 
 221.44332780699406271 164.80570613967498161 
 228.06909536161862206 140.07800498667484135 
 196.71562665399392245 158.17993858505047911 
 190.08985909936941994 182.90763973805059095 
 208.19179269774502927 214.26110844567523372 
 214.8175602523695602 189.5334072926751503 
 183.46409154474488901 207.63534089105073122 
 176.83832399012035808 232.36304204405087148 
 201.56602514312049834 238.98880959867540241 
 50.124788801491035883 12.888761090678125143 
 36.873253692241974022 62.344163396678432321 
 43.499021246866504953 37.616462243678292054 
 252.79679651461873391 146.70377254129937228 
 23.621718582992905056 111.79956570267874838 
 30.247486137617446644 87.071864549678593903 
 246.1710289599942314 171.43147369429954097 
 239.54526140536970047 196.15917484729965281 
 10.370183473743843194 161.2549680086790147 
 16.995951028368384783 136.52726685567890286 
 232.91949385074516954 220.88687600029976466 
 226.29372629612066703 245.61457715329996176 
 3.7444159191193238101 185.98266916167918339 
