 156.93618186504804157 17.582658532334622947 
 147.56593152816643055 52.552908869216267362 
 169.73618186504805294 39.752908869216263099 
 134.76593152816641918 30.382658532334637869 
 112.5956811912847968 43.182658532334642132 
 103.22543085440318578 78.152908869216275889 
 125.39568119128482238 65.352908869216278731 
 90.425430854403188619 55.982658532334632184 
 68.255180517521537809 68.782658532334636448 
 58.884930180639919683 103.75290886921628442 
 81.055180517521563388 90.952908869216287258 
 46.08493018063991542 81.582658532334647816 
 23.914679843758293032 94.382658532334644974 
 14.544429506876680236 129.35290886921626452 
 36.714679843758297295 116.55290886921626736 
 1.7444295068766759726 107.18265853233465634 
 191.90643220192970375 26.952908869216258836 
 179.10643220192966396 4.7826585323346169076 
 182.53618186504806431 61.923159206097878382 
 173.16593152816645329 96.89340954297952635 
 195.33618186504807568 84.093409542979529192 
 160.36593152816644192 74.723159206097889751 
 138.19568119128479111 87.523159206097886909 
 128.82543085440318009 122.49340954297953488 
 150.99568119128480248 109.69340954297953772 
 116.02543085440318293 100.32315920609789828 
 93.855180517521546335 113.12315920609789544 
 84.484930180639921105 148.0934095429795434 
 106.65518051752157191 135.29340954297953203 
 71.684930180639923947 125.9231592060979068 
 49.514679843758301558 138.72315920609787554 
 40.144429506876690539 173.69340954297953772 
 62.314679843758305822 160.89340954297952635 
 27.344429506876686276 151.52315920609788691 
 5.1741791699950434591 164.32315920609789828 
 217.50643220192969807 71.293409542979517823 
 17.974179169995046834 186.49340954297954909 
 204.7064322019296867 49.123159206097874119 
 208.13618186504805863 106.26365987986113737 
 198.76593152816644761 141.23391021674279955 
 220.93618186504806999 128.43391021674278818 
 185.96593152816646466 119.06365987986114874 
 163.79568119128481385 131.86365987986116011 
 154.42543085440320283 166.83391021674276544 
 176.59568119128482522 154.0339102167427825 
 141.62543085440319146 144.66365987986114305 
 119.45518051752155486 157.46365987986115442 
 110.08493018063992963 192.43391021674278818 
 132.25518051752155202 179.63391021674277681 
 97.284930180639918262 170.26365987986116579 
 75.114679843758295874 183.06365987986114874 
 65.744429506876699065 218.0339102167427825 
 87.914679843758321454 205.23391021674279955 
 52.944429506876680591 195.86365987986116011 
 30.77417916999505465 208.66365987986114305 
 243.10643220192969238 115.63391021674277681 
 43.574179169995055361 230.83391021674279386 
 230.30643220192968101 93.463659879861140212 
 233.73618186504808136 150.60416055362438215 
 224.3659315281664135 185.5744108905060159 
 246.53618186504803589 172.77441089050600453 
 211.56593152816645897 163.40416055362439351 
 189.39568119128480816 176.20416055362437646 
 180.02543085440316872 211.17441089050601022 
 202.19568119128479111 198.37441089050599885 
 167.2254308544032142 189.00416055362438783 
 145.05518051752156339 201.8041605536243992 
 135.68493018063992395 236.77441089050603296 
 157.85518051752157476 223.97441089050602159 
 122.88493018063991258 214.60416055362441057 
 100.7146798437583044 227.40416055362439351 
 113.51467984375830156 249.5744108905060159 
 78.544429506876682012 240.20416055362440488 
 56.374179169995059624 253.00416055362441625 
 255.90643220192970375 137.80416055362437078 
 121.96593152816642203 8.2124081954530083749 
 237.16593152816648171 207.74466122738766671 
 214.99568119128480248 220.54466122738767808 
 77.62543085440317725 33.812408195453002691 
 99.795681191284799638 21.012408195453012638 
 192.82543085440318009 233.34466122738763261 
 170.6551805175215577 246.1446612273876724 
 33.284930180639911157 59.412408195453025428 
 55.455180517521540651 46.612408195453006954 
 11.114679843758290545 72.212408195453008375 
