 17.096558769608890316 2.5303307242657044895 
 35.198492367984499651 28.130330724265704134 
 17.096558769608890316 53.73033072426569845 
 35.198492367984499651 79.330330724265692766 
 17.096558769608890316 104.93033072426570129 
 35.198492367984499651 130.53033072426569561 
 17.096558769608890316 156.13033072426568992 
 35.198492367984499651 181.73033072426568424 
 17.096558769608890316 207.33033072426567855 
 35.198492367984499651 232.93033072426570129 
 53.300425966360116092 2.5303307242657044895 
 71.402359564735732533 28.130330724265704134 
 53.300425966360116092 53.73033072426569845 
 71.402359564735732533 79.330330724265692766 
 53.300425966360116092 104.93033072426570129 
 71.402359564735732533 130.53033072426569561 
 53.300425966360116092 156.13033072426568992 
 71.402359564735732533 181.73033072426568424 
 53.300425966360116092 207.33033072426567855 
 71.402359564735732533 232.93033072426570129 
 89.504293163111341869 2.5303307242657044895 
 107.6062267614869512 28.130330724265704134 
 89.504293163111341869 53.73033072426569845 
 107.6062267614869512 79.330330724265692766 
 89.504293163111341869 104.93033072426570129 
 107.6062267614869512 130.53033072426569561 
 89.504293163111341869 156.13033072426568992 
 107.6062267614869512 181.73033072426568424 
 89.504293163111341869 207.33033072426567855 
 107.6062267614869512 232.93033072426570129 
 125.70816035986258896 2.5303307242657044895 
 143.81009395823818409 28.130330724265704134 
 125.70816035986258896 53.73033072426569845 
 143.81009395823818409 79.330330724265692766 
 125.70816035986258896 104.93033072426570129 
 143.81009395823818409 130.53033072426569561 
 125.70816035986258896 156.13033072426568992 
 143.81009395823818409 181.73033072426568424 
 125.70816035986258896 207.33033072426567855 
 143.81009395823818409 232.93033072426570129 
 161.91202755661382184 2.5303307242657044895 
 180.01396115498943118 28.130330724265704134 
 161.91202755661382184 53.73033072426569845 
 180.01396115498943118 79.330330724265692766 
 161.91202755661382184 104.93033072426570129 
 180.01396115498943118 130.53033072426569561 
 161.91202755661382184 156.13033072426568992 
 180.01396115498943118 181.73033072426568424 
 161.91202755661382184 207.33033072426567855 
 180.01396115498943118 232.93033072426570129 
 198.11589475336504051 2.5303307242657044895 
 216.21782835174062143 28.130330724265704134 
 198.11589475336504051 53.73033072426569845 
 216.21782835174062143 79.330330724265692766 
 198.11589475336504051 104.93033072426570129 
 216.21782835174062143 130.53033072426569561 
 198.11589475336504051 156.13033072426568992 
 216.21782835174062143 181.73033072426568424 
 198.11589475336504051 207.33033072426567855 
 216.21782835174062143 232.93033072426570129 
 234.31976195011625919 2.5303307242657044895 
 252.42169554849189694 28.130330724265704134 
 234.31976195011625919 53.73033072426569845 
 252.42169554849189694 79.330330724265692766 
 234.31976195011625919 104.93033072426570129 
 252.42169554849189694 130.53033072426569561 
 234.31976195011625919 156.13033072426568992 
 252.42169554849189694 181.73033072426568424 
 234.31976195011625919 207.33033072426567855 
 252.42169554849189694 232.93033072426570129 
