 17.540591870400824348 19.160589736234289404 
 35.642525468776433684 44.760589736234294378 
 17.540591870400824348 70.360589736234288694 
 35.642525468776433684 95.96058973623429722 
 17.540591870400824348 121.56058973623427732 
 35.642525468776433684 147.16058973623430006 
 17.540591870400824348 172.76058973623429438 
 35.642525468776433684 198.36058973623426027 
 17.540591870400824348 223.96058973623428301 
 35.642525468776433684 249.56058973623427732 
 53.744459067152050125 19.160589736234289404 
 71.84639266552765946 44.760589736234294378 
 53.744459067152050125 70.360589736234288694 
 71.84639266552765946 95.96058973623429722 
 53.744459067152050125 121.56058973623427732 
 71.84639266552765946 147.16058973623430006 
 53.744459067152050125 172.76058973623429438 
 71.84639266552765946 198.36058973623426027 
 53.744459067152050125 223.96058973623428301 
 71.84639266552765946 249.56058973623427732 
 89.948326263903268796 19.160589736234289404 
 108.05025986227887813 44.760589736234294378 
 89.948326263903268796 70.360589736234288694 
 108.05025986227887813 95.96058973623429722 
 89.948326263903268796 121.56058973623427732 
 108.05025986227887813 147.16058973623430006 
 89.948326263903268796 172.76058973623429438 
 108.05025986227887813 198.36058973623426027 
 89.948326263903268796 223.96058973623428301 
 108.05025986227887813 249.56058973623427732 
 126.15219346065451589 19.160589736234289404 
 144.25412705903013943 44.760589736234294378 
 126.15219346065451589 70.360589736234288694 
 144.25412705903013943 95.96058973623429722 
 126.15219346065451589 121.56058973623427732 
 144.25412705903013943 147.16058973623430006 
 126.15219346065451589 172.76058973623429438 
 144.25412705903013943 198.36058973623426027 
 126.15219346065451589 223.96058973623428301 
 144.25412705903013943 249.56058973623427732 
 162.35606065740574877 19.160589736234289404 
 180.45799425578135811 44.760589736234294378 
 162.35606065740574877 70.360589736234288694 
 180.45799425578135811 95.96058973623429722 
 162.35606065740574877 121.56058973623427732 
 180.45799425578135811 147.16058973623430006 
 162.35606065740574877 172.76058973623429438 
 180.45799425578135811 198.36058973623426027 
 162.35606065740574877 223.96058973623428301 
 180.45799425578135811 249.56058973623427732 
 198.55992785415696744 19.160589736234289404 
 216.66186145253254836 44.760589736234294378 
 198.55992785415696744 70.360589736234288694 
 216.66186145253254836 95.96058973623429722 
 198.55992785415696744 121.56058973623427732 
 216.66186145253254836 147.16058973623430006 
 198.55992785415696744 172.76058973623429438 
 216.66186145253254836 198.36058973623426027 
 198.55992785415696744 223.96058973623428301 
 216.66186145253254836 249.56058973623427732 
 234.76379505090818611 19.160589736234289404 
 252.86572864928382387 44.760589736234294378 
 234.76379505090818611 70.360589736234288694 
 252.86572864928382387 95.96058973623429722 
 234.76379505090818611 121.56058973623427732 
 252.86572864928382387 147.16058973623430006 
 234.76379505090818611 172.76058973623429438 
 252.86572864928382387 198.36058973623426027 
 234.76379505090818611 223.96058973623428301 
 252.86572864928382387 249.56058973623427732 
