 29.313641359942351983 14.922444230515258923 
 47.415574958317968424 40.522444230515255015 
 29.313641359942351983 66.122444230515256436 
 47.415574958317968424 91.722444230515250752 
 29.313641359942351983 117.32244423051524507 
 47.415574958317968424 142.92244423051525359 
 29.313641359942351983 168.52244423051524791 
 47.415574958317968424 194.12244423051524223 
 29.313641359942351983 219.72244423051520812 
 47.415574958317968424 245.32244423051523086 
 65.517508556693570654 14.922444230515258923 
  83.6194421550691942 40.522444230515255015 
 65.517508556693570654 66.122444230515256436 
  83.6194421550691942 91.722444230515250752 
 65.517508556693570654 117.32244423051524507 
  83.6194421550691942 142.92244423051525359 
 65.517508556693570654 168.52244423051524791 
  83.6194421550691942 194.12244423051524223 
 65.517508556693570654 219.72244423051520812 
  83.6194421550691942 245.32244423051523086 
 101.72137575344481775 14.922444230515258923 
 119.82330935182041287 40.522444230515255015 
 101.72137575344481775 66.122444230515256436 
 119.82330935182041287 91.722444230515250752 
 101.72137575344481775 117.32244423051524507 
 119.82330935182041287 142.92244423051525359 
 101.72137575344481775 168.52244423051524791 
 119.82330935182041287 194.12244423051524223 
 101.72137575344481775 219.72244423051520812 
 119.82330935182041287 245.32244423051523086 
 137.92524295019603642 14.922444230515258923 
 156.02717654857167418 40.522444230515255015 
 137.92524295019603642 66.122444230515256436 
 156.02717654857167418 91.722444230515250752 
 137.92524295019603642 117.32244423051524507 
 156.02717654857167418 142.92244423051525359 
 137.92524295019603642 168.52244423051524791 
 156.02717654857167418 194.12244423051524223 
 137.92524295019603642 219.72244423051520812 
 156.02717654857167418 245.32244423051523086 
 174.12911014694728351 14.922444230515258923 
 192.23104374532289285 40.522444230515255015 
 174.12911014694728351 66.122444230515256436 
 192.23104374532289285 91.722444230515250752 
 174.12911014694728351 117.32244423051524507 
 192.23104374532289285 142.92244423051525359 
 174.12911014694728351 168.52244423051524791 
 192.23104374532289285 194.12244423051524223 
 174.12911014694728351 219.72244423051520812 
 192.23104374532289285 245.32244423051523086 
 210.33297734369850218 14.922444230515258923 
 228.4349109420740831 40.522444230515255015 
 210.33297734369850218 66.122444230515256436 
 228.4349109420740831 91.722444230515250752 
 210.33297734369850218 117.32244423051524507 
 228.4349109420740831 142.92244423051525359 
 210.33297734369850218 168.52244423051524791 
 228.4349109420740831 194.12244423051524223 
 210.33297734369850218 219.72244423051520812 
 228.4349109420740831 245.32244423051523086 
 246.53684454044972085 14.922444230515258923 
 11.211707761566740871 40.522444230515255015 
 246.53684454044972085 66.122444230515256436 
 11.211707761566740871 91.722444230515250752 
 246.53684454044972085 117.32244423051524507 
 11.211707761566740871 142.92244423051525359 
 246.53684454044972085 168.52244423051524791 
 11.211707761566740871 194.12244423051524223 
 246.53684454044972085 219.72244423051520812 
 11.211707761566740871 245.32244423051523086 
