 158.93903646351213865 5.6119996411928747548 
 145.81975292581830672 34.088733995005192412 
 114.59853578974887967 31.211999641192871735 
 101.47925225205506194 59.688733995005200939 
 70.258035115985634889 56.811999641192869603 
 57.138751578291817168 85.28873399500521657 
 25.917534442222379454 82.41199964119287813 
 12.798250904528554628 110.88873399500519668 
 190.16025359958157992 8.4887339950052069781 
 177.04097006188774799 36.965468348817523747 
 163.92168652419394448 65.442202702629884925 
 132.70046938812450321 62.565468348817532274 
 119.58118585043068549 91.042202702629893452 
 88.359968714361258435  88.1654683488175408 
 75.240685176667426504 116.64220270262988777 
 44.019468040597992342 113.76546834881753512 
 30.900184502904178174 142.24220270262989629 
 208.26218719795718926 39.842202702629876399 
 195.14290366026338575 68.318937056442223366 
 182.02362012256952539 96.795671410254541911 
 150.80240298650014097 93.918937056442231892 
 137.68311944880630904 122.39567141025455044 
 106.46190231273688198  119.518937056442212 
 93.342618775043035839 147.99567141025454475 
 62.121401638973630099 145.11893705644223473 
 49.002118101279791063 173.59567141025453907 
 17.78090096521034269 170.71893705644225747 
 226.36412079633277017 71.195671410254547595 
 213.24483725863896666 99.672405764066894562 
 200.12555372094516315 128.14914011787925574 
 168.90433658487572188 125.27240576406690309 
 155.78505304718191837 153.74914011787925006 
 124.56383591111250553 150.87240576406688319 
 111.4445523734186736 179.34914011787924437 
 80.22333523734923233 176.47240576406690593 
 67.104051699655414609 204.94914011787923869 
 35.882834563585966237 202.07240576406690025 
 244.46605439470840793 102.54914011787921879 
 231.34677085701460442 131.02587447169156576 
 218.22748731932080091 159.50260882550389852 
 187.00627018325135964 156.6258744716915885 
 173.88698664555752771 185.10260882550392125 
 142.66576950948811486 182.22587447169158281 
 129.54648597179428293 210.70260882550388715 
 98.325268835724855876 207.82587447169157713 
 85.205985298031023945 236.30260882550388146 
 53.984768161961589783 233.42587447169159987 
 249.44870445539024217 162.37934317931623696 
 236.32942091769641024 190.85607753312856971 
 205.10820378162696898 187.97934317931625969 
 191.98892024393313704 216.45607753312853561 
 160.7677031078637242 213.57934317931625401 
 147.64841957016986385 242.05607753312855834 
 116.42720243410047942 239.17934317931627675 
 127.71781932744269739 2.7352652873805429756 
 223.21013738000260673 219.33281188694093089 
 83.377318653679438398  28.3352652873805404 
 178.86963670623933353 244.93281188694092521 
 39.036817979916193622 53.935265287380538268 
