 246.91282456968980341 7.1860628554649226274 
 221.31282456968983752 25.287996453840534627 
 195.71282456968981478 7.1860628554649226274 
 170.11282456968984889 25.287996453840534627 
 144.51282456968982615 7.1860628554649226274 
 118.91282456968981762 25.287996453840534627 
 93.312824569689837517 7.1860628554649226274 
 67.712824569689828991 25.287996453840534627 
 42.112824569689848886 7.1860628554649226274 
 16.512824569689847465 25.287996453840545286 
 246.91282456968980341 43.389930052216136858 
 221.31282456968983752 61.491863650591767509 
 195.71282456968981478 43.389930052216143963 
 170.11282456968984889 61.491863650591767509 
 144.51282456968982615 43.389930052216143963 
 118.91282456968981762 61.491863650591767509 
 93.312824569689837517 43.389930052216143963 
 67.712824569689843202 61.491863650591767509 
 42.112824569689855991 43.389930052216143963 
 16.512824569689847465 61.49186365059178172 
 246.91282456968980341 79.593797248967376845 
 221.31282456968983752 97.695730847342986181 
 195.71282456968981478 79.593797248967376845 
 170.11282456968984889 97.695730847343000391 
 144.51282456968982615 79.593797248967376845 
 118.91282456968981762 97.695730847343000391 
 93.312824569689837517 79.593797248967376845 
 67.712824569689843202 97.695730847343000391 
 42.112824569689855991 79.593797248967391056 
 16.512824569689847465 97.695730847343000391 
 246.91282456968980341 115.79766444571862394 
 221.31282456968983752 133.89959804409423327 
 195.71282456968981478 115.79766444571862394 
 170.11282456968984889 133.89959804409423327 
 144.51282456968982615 115.79766444571862394 
 118.91282456968981762 133.89959804409423327 
 93.312824569689837517 115.79766444571862394 
 67.712824569689843202 133.89959804409423327 
 42.112824569689855991 115.79766444571862394 
 16.512824569689847465 133.89959804409423327 
 246.91282456968980341 152.00153164246984261 
 221.31282456968983752 170.10346524084545194 
 195.71282456968981478 152.00153164246984261 
 170.11282456968984889 170.10346524084545194 
 144.51282456968982615 152.00153164246984261 
 118.91282456968981762 170.10346524084545194 
 93.312824569689837517 152.00153164246984261 
 67.712824569689843202 170.10346524084545194 
 42.112824569689855991 152.00153164246984261 
 16.512824569689847465 170.10346524084545194 
 246.91282456968980341 188.20539883922103286 
 221.31282456968983752 206.30733243759667062 
 195.71282456968981478 188.20539883922106128 
 170.11282456968984889 206.30733243759667062 
 144.51282456968982615 188.20539883922106128 
 118.91282456968981762 206.30733243759667062 
 93.312824569689837517 188.20539883922106128 
 67.712824569689843202 206.30733243759667062 
 42.112824569689855991 188.20539883922106128 
 16.512824569689847465 206.30733243759667062 
 246.91282456968980341 224.40926603597230837 
 221.31282456968983752 242.51119963434794613 
 195.7128245696898432 224.40926603597230837 
 170.11282456968984889 242.51119963434794613 
 144.51282456968982615 224.40926603597230837 
 118.91282456968981762 242.51119963434794613 
 93.312824569689837517 224.40926603597230837 
 67.712824569689857412 242.51119963434794613 
 42.112824569689870202 224.40926603597230837 
 16.512824569689847465 242.51119963434794613 
