 24.836970208220435552 25.070663362452265233 
 50.436970208220436973 25.070663362452265233 
 50.436970208220436973 50.670663362452266654 
 24.836970208220435552 50.670663362452266654 
 24.836970208220435552 76.270663362452268075 
 50.436970208220436973 76.270663362452268075 
 50.436970208220436973 101.87066336245226239 
 24.836970208220435552 101.87066336245226239 
 24.836970208220435552 127.47066336245227092 
 50.436970208220436973 127.47066336245227092 
 50.436970208220436973 153.07066336245227944 
 24.836970208220435552 153.07066336245227944 
 24.836970208220435552 178.67066336245227376 
 50.436970208220436973 178.67066336245227376 
 50.436970208220436973 204.27066336245223965 
 24.836970208220435552 204.27066336245223965 
 24.836970208220435552 229.87066336245223397 
 50.436970208220436973 229.87066336245223397 
 50.436970208220436973 255.47066336245225671 
 24.836970208220435552 255.47066336245225671 
 76.036970208220438394 25.070663362452265233 
 101.63697020822043271 25.070663362452265233 
 101.63697020822043271 50.670663362452266654 
 76.036970208220438394 50.670663362452266654 
 76.036970208220438394 76.270663362452268075 
 101.63697020822043271 76.270663362452268075 
 101.63697020822043271 101.87066336245226239 
 76.036970208220438394 101.87066336245226239 
 76.036970208220438394 127.47066336245227092 
 101.63697020822043271 127.47066336245227092 
 101.63697020822043271 153.07066336245227944 
 76.036970208220438394 153.07066336245227944 
 76.036970208220438394 178.67066336245227376 
 101.63697020822043271 178.67066336245227376 
 101.63697020822043271 204.27066336245223965 
 76.036970208220438394 204.27066336245223965 
 76.036970208220438394 229.87066336245223397 
 101.63697020822043271 229.87066336245223397 
 101.63697020822043271 255.47066336245225671 
 76.036970208220438394 255.47066336245225671 
 127.23697020822044124 25.070663362452265233 
 152.83697020822043555 25.070663362452265233 
 152.83697020822043555 50.670663362452266654 
 127.23697020822044124 50.670663362452266654 
 127.23697020822044124 76.270663362452268075 
 152.83697020822043555 76.270663362452268075 
 152.83697020822043555 101.87066336245226239 
 127.23697020822044124 101.87066336245226239 
 127.23697020822044124 127.47066336245227092 
 152.83697020822043555 127.47066336245227092 
 152.83697020822043555 153.07066336245227944 
 127.23697020822044124 153.07066336245227944 
 127.23697020822044124 178.67066336245227376 
 152.83697020822043555 178.67066336245227376 
 152.83697020822043555 204.27066336245223965 
 127.23697020822044124 204.27066336245223965 
 127.23697020822044124 229.87066336245223397 
 152.83697020822043555 229.87066336245223397 
 152.83697020822043555 255.47066336245225671 
 127.23697020822044124 255.47066336245225671 
 178.43697020822042987 25.070663362452265233 
 204.03697020822042418 25.070663362452265233 
 204.03697020822042418 50.670663362452266654 
 178.43697020822042987 50.670663362452266654 
 178.43697020822042987 76.270663362452268075 
 204.03697020822042418 76.270663362452268075 
 204.03697020822042418 101.87066336245226239 
 178.43697020822042987 101.87066336245226239 
 178.43697020822042987 127.47066336245227092 
 204.03697020822042418 127.47066336245227092 
 204.03697020822042418 153.07066336245227944 
 178.43697020822042987 153.07066336245227944 
 178.43697020822042987 178.67066336245227376 
 204.03697020822042418 178.67066336245227376 
 204.03697020822042418 204.27066336245223965 
 178.43697020822042987 204.27066336245223965 
 178.43697020822042987 229.87066336245223397 
 204.03697020822042418 229.87066336245223397 
 204.03697020822042418 255.47066336245225671 
 178.43697020822042987 255.47066336245225671 
 229.63697020822044692 25.070663362452265233 
 255.23697020822044124 25.070663362452265233 
 255.23697020822044124 50.670663362452266654 
 229.63697020822044692 50.670663362452266654 
 229.63697020822044692 76.270663362452268075 
 255.23697020822044124 76.270663362452268075 
 255.23697020822044124 101.87066336245226239 
 229.63697020822044692 101.87066336245226239 
 229.63697020822044692 127.47066336245227092 
 255.23697020822044124 127.47066336245227092 
 255.23697020822044124 153.07066336245227944 
 229.63697020822044692 153.07066336245227944 
 229.63697020822044692 178.67066336245227376 
 255.23697020822044124 178.67066336245227376 
 255.23697020822044124 204.27066336245223965 
 229.63697020822044692 204.27066336245223965 
 229.63697020822044692 229.87066336245223397 
 255.23697020822044124 229.87066336245223397 
 255.23697020822044124 255.47066336245225671 
 229.63697020822044692 255.47066336245225671 
