 69.359574691735929264 2.8813902871541263728 
 62.733807137111405439  27.6090914401542733 
 38.006105984111258067 20.98332388552974237 
 31.380338429486727136 45.711025038529889741 
 56.108039582486874508 52.336792593154427777 
 49.482272027862336472 77.064493746154568043 
 24.754570874862199759 70.438726191530051324 
 18.128803320237647512 95.16642734453019159 
 42.856504473237805541 101.79219489915473673 
 36.230736918613274611  126.519896052154877 
 11.503035765613120134 119.89412849753034607 
 4.8772682109885918678 144.62182965053048633 
 29.604969363988736575 151.24759720515501726 
 22.979201809364209197 175.97529835815515753 
 16.353434254739681819 200.70299951115532622 
 9.7276667001151508885 225.43070066415546648 
 94.087275844736083741 9.507157841778655083 
 118.81497699773623822 16.132925396403184237 
 112.18920944311169308 40.860626549403342267 
 87.46150829011155281 34.234858994778811336 
 80.83574073548702188 58.962560147778958708 
 105.56344188848716215 65.588327702403489639 
 98.937674333862631215 90.316028855403644116 
 74.209973180862490949 83.690261300779098974 
 67.584205626237960018 108.41796245377925345 
 92.311906779238114495 115.04373000840378438 
 85.686139224613583565 139.77143116140393886 
 60.958438071613436193 133.14566360677940793 
 54.332670516988905263 157.87336475977954819 
 79.060371669989052634 164.49913231440407912 
 72.434604115364507493 189.22683346740421939 
 47.706902962364367227 182.60106591277968846 
 41.081135407739836296 207.32876706577982873 
 65.808836560739976562 213.95453462040435966 
 59.183069006115452737 238.68223577340452835 
 34.455367853115305365 232.05646821877999741 
 143.54267815073637848 22.758692951027711615 
 168.27037930373654717 29.384460505652242546 
 161.64461174911201624 54.112161658652397023 
 136.91691059611184755 47.486394104027866092 
 130.29114304148731662 72.214095257028020569 
 155.01884419448748531 78.839862811652537289 
 148.39307663986292596 103.56756396465270598 
 123.66537548686278569 96.941796410028175046 
 117.03960793223825476 121.66949756302831531 
 141.76730908523839503 128.29526511765283203 
 135.1415415306138641 153.02296627065300072 
 110.41384037761372383 146.39719871602846979 
 103.7880728229891929 171.12489986902861006 
 128.51577397598936159 177.75066742365314099 
 121.89000642136481645 202.47836857665325283 
 97.16230526836466197 195.85260102202875032 
 90.536537713740131039 220.58030217502889059 
 115.26423886674028552 227.20606972965342152 
 108.63847131211575459 251.93377088265359021 
 83.910770159115600109 245.30800332802905928 
 192.99808045673668744 36.010228060276780582 
 217.7257816097368277 42.635995614901311512 
 211.10001405511229677 67.363696767901458884 
 186.37231290211212809 60.737929213276935059 
 179.74654534748759716 85.46563036627708243 
 204.47424650048776584 92.091397920901613361 
 197.84847894586323491 116.81909907390175363 
 173.12077779286306622 110.1933315192772227 
 166.49501023823853529 134.92103267227736296 
 191.22271139123870398 141.54680022690189389 
 184.59694383661417305 166.27450137990206258 
 159.86924268361400436 159.64873382527753165 
 153.24347512898947343 184.37643497827767192 
 177.97117628198964212 191.00220253290220285 
 171.34540872736511119 215.72990368590237154 
 146.61770757436497092 209.1041361312778406 
 139.99194001974043999 233.83183728427795245 
 164.71964117274058026 240.45760483890248338 
 242.45348276273693955 49.261763169525835337 
 235.82771520811240862 73.989464322525989814 
 229.20194765348790611 98.717165475526144292 
 253.92964880648804638 105.34293303015067522 
 247.30388125186354387 130.07063418315084391 
 222.57618009886337518 123.44486662852628456 
 215.95041254423884425 148.17256778152642482 
 240.67811369723901294 154.79833533615095575 
 234.05234614261448201 179.52603648915112444 
 209.32464498961431332 172.90026893452659351 
 202.69887743498978239 197.62797008752673378 
 227.42657858798995107 204.25373764215129313 
 220.80081103336542014 228.98143879515140497 
 196.07310988036525146 222.35567124052690247 
 189.44734232574072053 247.08337239352701431 
 214.17504347874088921 253.70913994815154524 
