 206.51632780207029327 19.283606732690223851 
 184.34607746518867089 32.083606732690228114 
 171.54607746518868794 9.9133563958086003964 
 149.37582712830706555 22.713356395808599331 
 162.1758271283070485 44.883606732690232377 
 140.00557679142542611 57.68360673269023664 
 127.20557679142542895 35.513356395808600041 
 105.03532645454379235 48.31335639580861141 
 117.83532645454381793 70.483606732690233798 
 95.665076117662181332 83.283606732690245167 
 82.865076117662169963 61.113356395808608568 
 60.69482578078054047 73.913356395808605726 
 73.494825780780544733 96.083606732690242325 
 51.324575443898922344 108.88360673269023948 
 38.524575443898910976 86.713356395808617094 
 16.354325107017274377 99.513356395808628463 
 29.154325107017296403 121.68360673269025085 
 6.9840747701356740151 134.48360673269024801 
 219.31632780207030464 41.45385706957186045 
 232.11632780207031601 63.624107406453489943 
 209.94607746518869362 76.424107406453487101 
 197.14607746518868225 54.253857069571857608 
 174.97582712830705987 67.053857069571861871 
 187.77582712830707123 89.22410740645349847 
 165.60557679142544885 102.02410740645349563 
 152.80557679142543748 79.85385706957187324 
 130.63532645454381509 92.653857069571870397 
 143.43532645454382646 114.82410740645349279 
 121.26507611766218986 127.62410740645348994 
 108.4650761176621927 105.45385706957186756 
 86.294825780780556101 118.25385706957186471 
 99.094825780780539048 140.4241074064534871 
 76.92457544389891666 153.22410740645349847 
 64.124575443898919502 131.05385706957187608 
 41.954325107017297114 143.85385706957188745 
 54.754325107017294272 166.02410740645350984 
 32.584074770135671884 178.82410740645352121 
 19.784074770135674726 156.6538570695718704 
 244.9163278020703558 85.794357743335112332 
 235.54607746518871636 120.76460808021673188 
 222.74607746518867657 98.59435774333510949 
 200.57582712830705418 111.39435774333512086 
 213.37582712830709397 133.56460808021677167 
 191.20557679142544316 146.36460808021672619 
 178.40557679142543179 124.19435774333511802 
 156.2353264545438094 136.99435774333511517 
 169.03532645454382077 159.16460808021676598 
 146.86507611766219839 171.96460808021674893 
 134.06507611766218702 149.79435774333512654 
 111.89482578078056463 162.59435774333513791 
 124.69482578078056179 184.7646080802167603 
 102.52457544389892519 197.56460808021677167 
 89.724575443898913818 175.39435774333514928 
 67.55432510701729143 188.19435774333513223 
 80.354325107017302798 210.36460808021675462 
 58.184074770135673305 223.16460808021673756 
 45.384074770135676147 200.99435774333511517 
 248.34607746518867089 142.93485841709835427 
 226.1758271283070485 155.73485841709836563 
 238.97582712830708829 177.90510875397998802 
 216.8055767914254659 190.70510875397999939 
 204.00557679142542611 168.53485841709834858 
 181.83532645454380372 181.33485841709835995 
 194.63532645454381509 203.50510875398001076 
 172.4650761176621927 216.30510875397999371 
 159.66507611766218133 194.13485841709837132 
 137.49482578078053052 206.93485841709838269 
 150.29482578078054189 229.10510875398000508 
 128.1245754438989195 241.90510875398001644 
 115.32457544389892234 219.73485841709836563 
 93.154325107017299956  232.534858417098377 
 105.95432510701729711 254.70510875397999939 
 70.984074770135677568 245.33485841709835995 
 251.77582712830707123 200.07535909086163883 
 114.40557679142541758 13.34310605892695456 
 229.60557679142544885 212.87535909086162178 
 207.43532645454382646 225.67535909086157631 
 92.235326454543795194 26.143106058926953494 
 70.065076117662158595 38.943106058926964863 
 185.26507611766217565 238.4753590908616161 
 163.09482578078055326 251.27535909086162746 
 47.894825780780536206 51.743106058926969126 
 25.724575443898899607 64.543106058926980495 
 3.5543251070172754424 77.343106058926977653 
