 205.52561250454365904 4.5394114167663719428 
 180.79791135154351878 11.165178971390899321 
 156.07021019854337851 17.790946526015449791 
 131.34250904554320982 24.416714080639980722 
 99.989040337918538626 6.3147804822643625045 
 106.61480789254305535  31.0424816352645081 
 81.887106739542915079 37.66824918988903903 
 75.261339184918384149 12.940548036888891659 
 50.533638031918229672 19.566315591513419037 
 57.159405586542760602 44.294016744513562855 
 32.431704433542620336 50.919784299138093786 
 25.805936878918096511 26.192083146137949967 
 1.0782357259179500275 32.817850700762477345 
 7.7040032805424791817 57.545551853762624717 
 212.15138005916818997 29.267112569766538854 
 218.7771476137927209 53.994813722766686226 
 194.04944646079258064 60.620581277391210051 
 187.42367890616804971 35.892880124391055574 
 162.69597775316790944 42.518647679015586505 
 169.32174530779244037 67.246348832015740982 
 144.59404415479227168 73.872116386640271912 
 137.96827660016774075 49.144415233640124541 
 113.24057544716758628 55.770182788264655471 
 119.86634300179211721 80.497883941264802843 
 95.13864184879197694 87.123651495889333773 
 88.51287429416744601 62.395950342889179296 
 63.785173141167298638 69.021717897513710227 
 70.410940695791822463 93.749419050513864704 
 45.683239542791689303 100.37518660513838142 
 39.057471988167165478 75.647485452138241158 
 14.329770835167028764 82.273253006762772088 
 20.955538389791556142 107.00095415976291235 
 225.40291516841725183 78.722514875766833597 
 232.02868272304178276 103.45021602876697386 
 207.3009815700416425 110.07598358339150479 
 200.67521401541713999 85.348282430391364528 
 175.9475128624169713 91.974049985015881248 
 182.57328041704150223 116.70175113801603572 
 157.84557926404133354 123.32751869264056666 
 151.21981170941680261 98.599817539640412178 
 126.49211055641664814 105.22558509426494311 
 133.11787811104116486 129.95328624726508338 
 108.39017695804102459 136.57905380188964273 
 101.76440940341650787 111.85135264888947404 
 77.036708250416353394 118.47712020351400497 
 83.662475805040884325 143.20482135651417366 
 58.934774652040758269 149.83058891113870459 
 52.309007097416220233 125.1028877581385359 
 27.581305944416087073 131.72865531276306683 
 34.207073499040618003 156.45635646576323552 
 9.4793723460404475389 163.08212402038776645 
 2.8536047914159192729 138.35442286738759776 
 238.6544502776663137 128.17791718176712834 
 245.28021783229084463 152.90561833476729703 
 220.55251667929070436 159.53138588939182796 
 213.92674912466617343 134.80368473639165927 
 189.19904797166600474 141.4294522910161902 
 195.82481552629053567 166.15715344401635889 
 171.09711437329039541 172.7829209986408614 
 164.47134681866583605 148.05521984564072113 
 139.74364566566572421 154.68098740026525206 
 146.36941322029025514 179.40868855326539233 
 121.64171206729008645 186.03445610788992326 
 115.01594451266555552 161.30675495488978299 
 90.288243359665415255 167.93252250951431392 
 96.914010914289946186 192.66022366251445419 
 72.186309761289820131 199.28599121713898512 
  65.5605422066652892 174.55829006413884485 
 40.832841053665141828 181.18405761876337579 
 47.458608608289672759 205.91175877176351605 
 22.730907455289504071 212.53752632638804698 
 16.105139900664976693 187.80982517338790672 
 251.90598538691540398 177.63331948776746572 
 233.80405178853976622 208.98678819539210849 
 227.17828423391523529 184.25908704239199665 
 202.4505830809150666 190.88485459701652758 
 209.07635063553959753 215.61255575001663942 
 184.34864948253945727 222.23832330464117035 
 177.72288192791492634 197.51062215164103009 
 152.99518077491478607 204.13638970626556102 
  159.620948329539317 228.86409085926570128 
 134.89324717653917673 235.48985841389023221 
 128.26747962191461738 210.76215726089009195 
 103.53977846891449133 217.38792481551462288 
 110.16554602353902226 242.11562596851476314 
 85.437844870538881992 248.74139352313929408 
 78.812077315914351061 224.01369237013915381 
 54.084376162914210795 230.63945992476368474 
 60.710143717538741726 255.36716107776379658 
 29.356675009914056318 237.26522747938821567 
