 238.91940749867302429 11.828753031452233557 
 238.91940749867302429 37.42875303145222432 
 213.31940749867302998 37.428753031452231426 
 213.31940749867302998 11.828753031452233557 
 187.71940749867300724 11.828753031452233557 
 187.71940749867300724 37.428753031452231426 
 162.11940749867301292 37.428753031452231426 
 162.11940749867301292 11.828753031452233557 
 136.51940749867301861 11.828753031452233557 
 136.51940749867301861 37.428753031452231426 
 110.91940749867302429 37.428753031452231426 
 110.91940749867302429 11.828753031452233557 
 85.319407498673015766 11.828753031452233557 
 85.319407498673015766 37.428753031452231426 
 59.71940749867300724 37.428753031452231426 
 59.71940749867300724 11.828753031452233557 
 34.119407498673012924 11.828753031452233557 
 34.119407498673012924 37.428753031452245637 
 8.519407498673022161 37.428753031452245637 
 8.519407498673022161 11.828753031452233557 
 238.91940749867302429 63.028753031452225741 
 238.91940749867302429 88.628753031452234268 
 213.31940749867302998 88.628753031452234268 
 213.31940749867302998 63.028753031452232847 
 187.71940749867300724 63.028753031452232847 
 187.71940749867300724 88.628753031452234268 
 162.11940749867301292 88.628753031452234268 
 162.11940749867301292 63.028753031452232847 
 136.51940749867301861 63.028753031452232847 
 136.51940749867301861 88.628753031452234268 
 110.91940749867302429 88.628753031452234268 
 110.91940749867302429 63.028753031452232847 
 85.319407498673015766 63.028753031452232847 
 85.319407498673015766 88.628753031452234268 
 59.71940749867302145 88.628753031452234268 
 59.71940749867302145 63.028753031452232847 
 34.119407498673020029 63.028753031452247058 
 34.119407498673020029 88.628753031452234268 
 8.519407498673022161 88.628753031452234268 
 8.519407498673022161 63.028753031452247058 
 238.91940749867302429 114.22875303145222858 
 238.91940749867302429 139.82875303145223711 
 213.31940749867302998 139.82875303145223711 
 213.31940749867302998 114.22875303145222858 
 187.71940749867300724 114.22875303145222858 
 187.71940749867300724 139.82875303145223711 
 162.11940749867301292 139.82875303145223711 
 162.11940749867301292 114.22875303145222858 
 136.51940749867301861 114.22875303145222858 
 136.51940749867301861 139.82875303145223711 
 110.91940749867302429 139.82875303145223711 
 110.91940749867302429 114.22875303145222858 
 85.319407498673015766 114.22875303145222858 
 85.319407498673015766 139.82875303145223711 
 59.71940749867302145 139.82875303145223711 
 59.71940749867302145 114.22875303145222858 
 34.119407498673020029 114.22875303145222858 
 34.119407498673020029 139.82875303145223711 
 8.519407498673022161 139.82875303145223711 
 8.519407498673022161 114.22875303145222858 
 238.91940749867302429 165.42875303145223143 
 238.91940749867302429 191.02875303145222574 
 213.31940749867302998 191.02875303145222574 
 213.31940749867302998 165.42875303145223143 
 187.71940749867300724 165.42875303145223143 
 187.71940749867300724 191.02875303145222574 
 162.11940749867301292 191.02875303145222574 
 162.11940749867301292 165.42875303145223143 
 136.51940749867301861 165.42875303145223143 
 136.51940749867301861 191.02875303145222574 
 110.91940749867302429 191.02875303145222574 
 110.91940749867302429 165.42875303145223143 
 85.319407498673015766 165.42875303145223143 
 85.319407498673015766 191.02875303145222574 
 59.71940749867302145 191.02875303145222574 
 59.71940749867302145 165.42875303145223143 
 34.119407498673020029 165.42875303145223143 
 34.119407498673020029 191.02875303145225416 
 8.519407498673022161 191.02875303145225416 
 8.519407498673022161 165.42875303145223143 
 238.91940749867302429 216.62875303145222006 
 238.91940749867302429 242.22875303145221437 
 213.31940749867302998 242.22875303145221437 
 213.31940749867302998 216.62875303145222006 
 187.71940749867300724 216.62875303145222006 
 187.71940749867300724 242.22875303145221437 
 162.11940749867301292 242.22875303145221437 
 162.11940749867301292 216.62875303145222006 
 136.51940749867301861 216.62875303145222006 
 136.51940749867301861 242.22875303145221437 
 110.91940749867302429 242.22875303145221437 
 110.91940749867302429 216.62875303145222006 
 85.319407498673015766 216.62875303145222006 
 85.319407498673015766 242.22875303145221437 
 59.719407498673028556 242.22875303145221437 
 59.71940749867302145 216.62875303145222006 
 34.119407498673020029 216.62875303145222006 
 34.11940749867303424 242.22875303145221437 
 8.519407498673022161 242.22875303145221437 
 8.519407498673022161 216.62875303145222006 
