 102.25667143188594821 68.700054606681035807 
 75.465205310047991816 90.970631086409952104 
 106.9605585480180423 128.85911374297816678 
 77.817440299296521289 121.05023874330849765 
 73.113553183164412985 60.891179607011402197 
 104.60832355876952704 98.779506086079592819 
  80.1707795831375023 151.12572511668156494 
 53.379313461299545907 173.39630159641043861 
 84.874666699269610604 211.28478425297865329 
 55.731548450548082485 203.47590925330899836 
 51.027661334415974181 143.31685011701191002 
 82.522431710021095341 181.20517659608009353 
 58.084887734389070602 233.55139562668202302 
 97.551097158796423514 8.544960576409458497 
 129.04645039676648821 46.433443232977666071 
 99.903332148044952987 38.62456823330801825 
 28.94176948566753893 225.74252062701239652 
 126.69421540751795874 16.353835576079102765 
 160.54290792932903287 84.317804606020345659 
 133.75144180749106226 106.58838108574923353 
 165.24679504546111275 144.47686374231744821 
 136.10367679673959174 136.66798874264782171 
 131.39978968060748343 76.508929606350690733 
 162.89456005621258328 114.39725608541890267 
 138.45701608058058696 166.74347511602087479 
 111.66554995874261635 189.01405159574974846 
 143.16090319671266684 226.90253425231793472 
 114.01778494799114583 219.09365925264827979 
 109.31389783185902331 158.93460011635119145 
 140.80866820746416579 196.82292659541937496 
 116.37112423183214105 249.16914562602136129 
 155.83733365623947975 24.162710575748747033 
 187.33268689420955866 62.051193232316961712 
 158.18956864548803765 54.242318232647320997 
 87.228005983110591615 241.36027062635167795 
 184.98045190496102919 31.971585575418409064 
 218.82914442677210332  99.9355546053596413 
 192.03767830493410429 122.20613108508854339 
 223.5330315429041832 160.09461374165675807 
 194.38991329418263376 152.28573874198710314 
 189.68602617805052546 92.126679605689986374 
 221.18079655365565372 130.01500608475819831 
 196.74325257802362898 182.36122511536015622 
 169.9517864561856868 204.63180159508902989 
 201.44713969415576571 242.52028425165727299 
 172.30402144543421628 234.71140925198761806 
 167.60013432930210797 174.5523501156905013 
 199.09490470490717939 212.44067659475871324 
 214.12357015368252178 39.780460575088042674 
 245.61892339165260069 77.668943231656271564 
 216.47580514293105125 69.860068231986602427 
 145.51424248055366206 256.9780206256909878 
 243.26668840240407121  47.5893355747576976 
 43.970434934442920394 53.082304607341754377 
 250.32391480237720316 137.82388108442785324 
 48.674322050574986065 113.24136374363885693 
 19.531203801853489921 105.43248874396921622 
 247.97226267549365275 107.74442960502928202 
 46.322087061326499224 83.161756086740311389 
 21.884543085694478037 135.50797511734228351 
 228.23802295362872883 220.24955159442836816 
 26.588430201826554367 195.66703425363937185 
 225.88637082674517842 190.17010011502981115 
 24.236195212578060421 165.5874265967408121 
 70.760213899323417763 30.815693233638366877 
 41.617095650601910961 23.006818233968726162 
