 175.51667067186602367 31.561288475648652252 
 140.82456764943484018 28.364536752717324219 
 136.30394248454086892 77.426317618479927773 
 121.21835441165295322 51.297312614182999368 
 160.4310825989781506 5.4322834713517407224 
 155.91015572232274167 54.493541757014241966 
 101.61583621559393009 74.227955142315337866 
 66.923733193162746602 71.031203419383984965 
 62.403108028268782448 120.09298428514658497 
 47.317519955380866747 93.963979280849684983 
 86.530248142706028602 48.098950138018430778 
 82.009321266050662302 97.160208423680927581 
 27.715001759321836516 116.89462180898200927 
 210.20477694081299092 34.759650951813235054 
  195.119188867925061 8.6306459475163244122 
 12.629413686433922592 90.765616804685109287 
 8.1084868097785669505 139.82687509034758477 
 205.68784681764188349 83.819298484242509062 
 170.99574379521064316 80.622546761311170371 
 166.47511863031670032 129.68432762707377037 
 151.38953055742879883 103.55532262277685618 
  190.602258744753982 57.690293479945580657 
 186.08133186809854465 106.75155176560809878 
 131.78701236136976149 126.48596515090919468 
 97.094909338938549581 123.28921342797782756 
 92.574284174044606743 172.35099429374042757 
 77.488696101156691043 146.22198928944351337 
 116.70142428848184579 100.35696014661226627 
 112.18049741182646528 149.41821843227475597 
 57.886177905097667917 169.15263181757586608 
 23.194074882666459558 165.95588009464452739 
 240.37595308658882232 87.017660960407084758 
 225.2903650137008924 60.888655956110177669 
 42.800589832209752217 143.02362681327892346 
 38.279662955554385917 192.08488509894147001 
 235.85902296341768647 136.07730849283632324 
 201.16691994098647456 132.88055676990498455 
 196.64629477609256014 181.94233763566762718 
 181.56070670320460181 155.81333263137068457 
 220.77343489052975656 109.94830348853942326 
 216.25250801387437605 159.00956177420192716 
 161.95818850714559289 178.74397515950300885 
 127.26608548471438098 175.54722343657167016 
 122.74546031982043814 224.60900430233428438 
 107.65987224693250823 198.47999929803734176 
 146.87260043425766298 152.61497015520612308 
 142.35167355760228247 201.67622844086861278 
 88.057354050873470896 221.41064182616969447 
 53.365251028442287407 218.21389010323832736 
 255.46154115947672381 113.14666596470401316 
 72.971765977985569407 195.28163682187278027 
 68.450839101330203107 244.34289510753529839 
 231.33809608676230596 185.13856677849886978 
 106.13276633876506594 25.168307609886081622 
 211.73188284898046163 208.0713426399645698 
 250.94461103630558796 162.20631349713326586 
 125.73897957654693869 2.235531748420433118 
 192.12936465292142429 231.00198516809689409 
 157.43726163049021238 227.80523344516552697 
 32.231931882492972363 67.834974276552742367 
 137.83104839270833963 250.73800930663125541 
 177.04377658003349438 204.87298016379997989 
 51.838145120274845112 44.902198415087099193 
 103.14294212376141502 247.53964683046663708 
