 37.429699935888642415 55.084600482558251144 
 69.42969993588864952 87.08460048255825825 
 37.429699935888642415 119.08460048255825825 
 69.42969993588864952 151.08460048255824404 
 37.429699935888642415 183.08460048255824404 
 69.42969993588864952 215.08460048255824404 
 37.429699935888642415 247.08460048255824404 
 69.42969993588864952 23.084600482558244039 
 101.42969993588864952 55.084600482558251144 
 133.42969993588863531 87.08460048255825825 
 101.42969993588864952 119.08460048255825825 
 133.42969993588863531 151.08460048255824404 
 101.42969993588864952 183.08460048255824404 
 133.42969993588863531 215.08460048255824404 
 101.42969993588864952 247.08460048255824404 
 133.42969993588863531 23.084600482558244039 
 165.42969993588863531 55.084600482558251144 
 197.42969993588866373 87.08460048255825825 
 165.42969993588863531 119.08460048255825825 
 197.42969993588866373 151.08460048255824404 
 165.42969993588863531 183.08460048255824404 
 197.42969993588866373 215.08460048255824404 
 165.42969993588863531 247.08460048255824404 
 197.42969993588866373 23.084600482558244039 
 229.42969993588860689 55.084600482558251144 
 5.4296999358886628428 87.08460048255825825 
 229.42969993588860689 119.08460048255825825 
 5.4296999358886628428 151.08460048255824404 
 229.42969993588860689 183.08460048255824404 
 5.4296999358886628428 215.08460048255824404 
 229.42969993588860689 247.08460048255824404 
 5.4296999358886628428 23.084600482558244039 
