 64.044573438371259044 29.390373848390574096 
 86.67199043634079203 68.582209732921427303 
 47.480154551809931718 91.209626730890931867 
 70.107571549779450493 130.40146261542179218 
 30.915735665248604391 153.02887961339129674 
 53.543152663218130272 192.22071549792218548 
 14.351316778687275288 214.84813249589166162 
 103.23640932290210515 6.7629568504210855195 
 125.86382632087163813 45.954792734951901423 
 148.49124331884112848 85.14662861948275463 
 109.29940743431029659 107.77404561745225919 
 131.92682443227980116 146.96588150198311951 
 92.734988547748969268 169.59329849995265249 
 115.36240554571850225 208.7851343844835128 
 76.170569661187656152 231.41255138245296052 
 165.05566220540245581 23.327375736982400412 
 187.68307920337201722 62.519211621513228749 
 210.31049620134152178 101.71104750604408196 
 171.11866031681066147 124.33846450401360073 
 193.74607731478019446 163.53030038854444683 
 154.55424143024936257 186.15771738651397982 
 177.18165842821886713 225.34955327104481171 
 137.98982254368803524 247.97697026901431627 
 226.87491508790284911 39.891794623543731291 
 249.50233208587243894 79.083630508074563181 
 24.852737553840366758 52.017790846360085766 
 232.93791319931108319 140.90288339057491385 
 8.2883186672790518656 113.83704372886045064 
 216.37349431274975586 202.72213627307530714 
