 184.26623905555823058 42.550118059997352304 
 140.55342613445620259 30.837305138895327872 
 128.8406132133541746 74.55011805999735941 
 85.127800292252118197 62.837305138895345635 
 73.41498737115006179 106.55011805999737362 
 29.702174450048058674 94.837305138895345635 
 17.989361528946005819 138.55011805999737362 
 227.97905197666023014 54.262930981099394501 
 216.26623905555823058 97.975743902201429592 
 172.55342613445620259 86.262930981099387395 
 160.8406132133541746 129.97574390220142959 
 117.12780029225210399 118.2629309810993874 
  105.414987371150076 161.97574390220145801 
 61.702174450048048016 150.26293098109940161 
 49.989361528946012925 193.97574390220145801 
 248.26623905555828742 153.40136974440551398 
 204.55342613445620259 141.68855682330345758 
 192.8406132133541746 185.40136974440551398 
 149.1278002922521182  173.688556823303486 
 137.41498737115009021 217.40136974440554241 
 93.702174450048076437  205.688556823303486 
 81.989361528946034241 249.40136974440554241 
 236.55342613445623101 197.11418266550754197 
 96.840613213354160393 19.124492217793289228 
 181.12780029225214662 229.11418266550757039 
 41.41498737115006179 51.124492217793310544 
