 185.92932551467924895 39.025918014806102008 
 163.30190851670971597 78.217753899336941004 
 124.11007263217885566 55.590336901367429334 
 101.4826556342093653 94.78217278589826833 
 62.290819749678519202 72.154755787928749555 
 39.66340275170897911 111.34659167245959566 
 225.12116139921013769 61.653335012775613677 
 202.4937444012406047 100.84517089730647399 
 179.86632740327104329 140.0370067818373343 
 140.6744915187402114 117.40958978386781553 
 118.04707452077069263 156.60142566839866163 
 78.855238636239832317 133.97400867042912864 
 56.227821638270320648 173.16584455495998895 
 17.035985753739463888 150.53842755699045597 
 241.68558028577146501 123.47258789527600698 
 219.05816328780190361 162.66442377980686729 
 196.43074628983239904 201.8562596643377276 
 157.23891040530151031 179.22884266636819461 
 134.61149340733203417 218.4206785508990265 
 95.419657522801173855 195.79326155292949352 
 72.792240524831640869 234.98509743746038225 
 33.600404640300801873 212.35768043949082085 
 235.62258217436323093 224.48367666230717532 
 146.73748963014838864 16.398501016836561917 
 173.80332929186286606 241.04809554886853107 
 84.918236747648023766 32.962919903397889243 
 23.098983865147648231 49.527338789959223675 
