 223.78419739498454533 1.007297681186726912 
 201.15678039701501234 40.199133565717595218 
 161.96494451248415203 17.571716567748065785 
 139.33752751451464746 56.763552452278922544 
 100.14569162998378715 34.136135454309382453 
 77.518274632014254166 73.327971338840242765 
 38.326438747483422276 50.70055434087070978 
 15.699021749513899948 89.892390225401584303 
 240.34861628154587265 62.826550563687106887 
 217.72119928357631125 102.01838644821795299 
 178.52936339904545093 79.390969450248434214 
 155.90194640107594637 118.58280533477929453 
 116.71011051654511448 95.95538833680976154 
 94.082693518575581493 135.14722422134059343 
 54.890857634044756708 112.51980722337108887 
 32.263440636075216617 151.71164310790192076 
 256.9130351681072284 124.64580344618748597 
 234.28561817013763857 163.83763933071833208 
 195.09378228560680668 141.21022233274879909 
 172.46636528763730212 180.4020582172796594 
 133.2745294031064418 157.77464121931015484 
 110.64711240513690882 196.96647710384098673 
 71.455276520606076929 174.33906010587145374 
 48.827859522636558154 213.53089599040234248 
 250.8500370566989659 225.65689221321869695 
 211.65820117216813401 203.02947521524916397 
 189.03078417419860102 242.22131109977996744 
 149.83894828966776913 219.59389410181049129 
 88.019695407167404255 236.15831298837181862 
