 205.62146985311434833 23.393126440075196371 
 173.62146985311434833 55.393126440075199923 
 141.6214698531143199 23.393126440075196371 
 109.62146985311434833 55.393126440075199923 
 77.621469853114348325 23.393126440075196371 
 45.621469853114334114 55.393126440075199923 
 13.621469853114353654 23.393126440075207029 
 237.62146985311434833 55.393126440075192818 
 205.62146985311434833 87.393126440075178607 
 173.62146985311434833 119.39312644007519282 
 141.6214698531143199 87.393126440075192818 
 109.62146985311434833 119.39312644007519282 
 77.621469853114348325 87.393126440075207029 
 45.621469853114334114 119.39312644007519282 
 13.621469853114353654 87.393126440075207029 
 237.62146985311434833 119.39312644007519282 
 205.62146985311434833 151.39312644007520703 
 173.62146985311434833 183.39312644007520703 
 141.6214698531143199 151.39312644007520703 
 109.62146985311434833 183.39312644007520703 
 77.621469853114348325 151.39312644007520703 
 45.621469853114334114 183.39312644007520703 
 13.621469853114353654 151.39312644007520703 
 237.62146985311434833 183.39312644007520703 
 205.62146985311434833 215.39312644007517861 
 173.62146985311434833 247.39312644007517861 
 141.6214698531143199 215.39312644007517861 
 109.62146985311434833 247.39312644007517861 
 77.621469853114348325 215.39312644007517861 
 45.621469853114348325 247.39312644007517861 
 13.621469853114353654 215.39312644007517861 
 237.62146985311434833 247.39312644007517861 
