 70.46689008523557618 45.219740039336336679 
 100.49754009895470119 29.776557002684427289 
 42.077376253342571033 94.391820398354440158 
 72.108026267061688941 78.948637361702523663 
 13.687862421449572992 143.56390075737255074 
 43.718512435168662478 128.12071772072062004 
 15.328998603275667989 177.29279807973873062 
 102.13867628078077132 63.505454325050614273 
 132.16932629449988212 48.062271288398697777 
 73.74916244888777328 112.67753468406873196 
 103.77981246260686987 97.234351647416801256 
 45.359648616994761028 161.84961504308682834 
 75.390298630713857619 146.40643200643492605 
 130.52819011267376936 14.333373966032500135 
 47.000784798820852473 195.57851236545303664 
 133.81046247632596646 81.791168610764898972 
 163.84111249004507727 66.347985574112982476 
   105.42094864443294 130.96324896978302377 
 135.4515986581520508 115.52006593313109306 
 77.031434812539941959 180.13532932880110593 
 107.06208482625903855 164.69214629214920365 
 162.19997630821899293 32.619088251746781282 
 78.672570994366026298 213.86422665116728581 
 165.48224867187113318 100.07688289647917657 
 195.51289868559024399 84.63369985982726007 
 137.09273483997813514 149.24896325549730136 
 167.12338485369724594 133.80578021884537065 
 108.70322100808512289 198.42104361451538352 
 138.73387102180421948 182.97786057786348124 
 193.87176250376413122 50.904802537461065981 
 110.34435718991122144 232.1499409368815634 
 197.15403486741632832 118.36259718219346837 
 227.18468488113543913 102.91941414554155187 
 168.76452103552330186 167.53467754121157895 
 198.79517104924241266 152.09149450455964825 
 140.37500720363030382 216.70675790022966112 
 170.40565721734941462 201.26357486357778726 
 225.54354869930935479 69.190516823175343575 
 142.01614338545641658 250.43565522259586942 
 228.82582106296155189 136.64831146790774596 
 200.43630723106846858 185.82039182692582813 
 230.46695724478763623 170.37720879027392584 
 172.04679339917549896 234.99247218594396713 
 202.07744341289460976 219.54928914929206485 
 68.825753903409548684 11.490842716970167459 
 232.10809342661372057 204.10610611264013414 
 40.436240071516536432 60.66292307598826028 
 203.71857959472075095 253.27818647165827315 
 12.046726239623524179 109.83500343500638508 
