 113.22925829995872959 3.0504909052199322694 
 146.95815562232490947 4.6916270870459815256 
 64.05717794094061901 31.440004737112939637 
 97.78607526330682731 33.081140918939013318 
 14.885097581922517307 59.829518569005948336 
 48.613994904288702514 61.470654750832032676 
 131.51497258567300719 34.722277100765083446 
 165.24386990803921549 36.363413282591174891 
 82.342892226654910814 63.111790932658102804 
 116.07178954902113333 64.752927114484194249 
 33.170811867636807335 91.501304764551107951 
 66.89970919000300853 93.142440946377220712 
 180.68705294469111777 6.3327632688720747467 
 17.727628830984894392 121.53195477827024717 
 149.8006868713873132 66.394063296310278588 
 183.52958419375349308 68.035199478136362927 
 100.62860651236920262 94.783577128203305051 
 134.35750383473541092 96.42471331002937518 
 51.456526153351106245 123.17309096009630309 
 85.185423475717286124 124.81422714192241585 
 198.97276723040539537 38.00454946441725923 
 36.01334311669918975 153.20374097381542811 
 168.0864011571015908 98.065849491855459519 
 201.8152984794677991 99.706985673681529647 
 118.91432079808350863 126.45536332374848598 
 152.64321812044968851 128.09649950557457032 
 69.74224043906539805 154.84487715564151245 
 103.47113776143157793 156.48601333746759678 
 217.25848151611970138 69.676335659962461477 
 54.299057402413467344 184.87552716936062325 
 186.37211544281586839 129.73763568740062624 
 220.10101276518207669 131.37877186922671058 
 137.20003508379778623 158.1271495192936527 
 170.92893240616396611 159.76828570111973704 
 88.027954724779675644 186.51666335118667917 
 121.75685204714585552 188.1577995330127635 
 235.5441958018340074 101.3481218555076282 
 72.584771688127759148 216.54731336490578997 
 204.65782972853017441 161.40942188294582138 
 238.38672705089635429 163.0505580647718773 
 155.48574936951206382 189.79893571483884784 
 189.21464669187827212 191.44007189666490376 
 106.31366901049396745 218.18844954673187431 
 140.04256633286016154 219.82958572855793022 
 253.82991008754825657 133.01990805105282334 
 90.870485973842050953 248.21909956045095669 
 222.94354401424448042 193.08120807849101652 
 256.67244133661063188 194.72234426031712928 
 173.77146365522636984 221.47072191038407141 
 207.50036097759257814 223.11185809221015575 
 124.59938329620825925 249.86023574227704103 
 158.32828061857446755 251.50137192410318221 
