 2.2564013924000292377 40.416596666585022035 
 2.2564013924000292377 80.565431504609449576 
 20.542115678114310384 80.565431504609449576 
 20.542115678114310384 40.416596666585022035 
 2.2564013924000292377 120.71426634263386291 
 2.2564013924000292377 160.86310118065830466 
 20.542115678114310384 160.86310118065830466 
 20.542115678114310384 120.71426634263386291 
 2.2564013924000292377 201.01193601868271799 
 2.2564013924000292377 241.16077085670718816 
 20.542115678114310384 241.16077085670718816 
 20.542115678114310384 201.01193601868271799 
 38.827829963828591531 40.416596666585022035 
 38.827829963828591531 80.565431504609449576 
 57.113544249542890441 80.565431504609449576 
 57.113544249542890441 40.416596666585022035 
 38.827829963828591531 120.71426634263386291 
 38.827829963828591531 160.86310118065830466 
 57.113544249542890441 160.86310118065830466 
 57.113544249542890441 120.71426634263386291 
 38.827829963828591531 201.01193601868271799 
 38.827829963828591531 241.16077085670718816 
 57.113544249542890441 241.16077085670718816 
 57.113544249542890441 201.01193601868271799 
 75.39925853525717514 40.416596666585022035 
 75.39925853525717514 80.565431504609449576 
 93.684972820971452734 80.565431504609449576 
 93.684972820971452734 40.416596666585022035 
 75.39925853525717514 120.71426634263386291 
 75.39925853525717514 160.86310118065830466 
 93.684972820971452734 160.86310118065830466 
 93.684972820971452734 120.71426634263386291 
 75.39925853525717514 201.01193601868271799 
 75.39925853525717514 241.16077085670718816 
 93.684972820971452734 241.16077085670718816 
 93.684972820971452734 201.01193601868271799 
 111.97068710668574454 40.416596666585022035 
 111.97068710668574454 80.565431504609449576 
 130.25640139240002213 80.565431504609449576 
 130.25640139240002213 40.416596666585022035 
 111.97068710668574454 120.71426634263386291 
 111.97068710668574454 160.86310118065830466 
 130.25640139240002213 160.86310118065830466 
 130.25640139240002213 120.71426634263386291 
 111.97068710668574454 201.01193601868271799 
 111.97068710668574454 241.16077085670718816 
 130.25640139240002213 241.16077085670718816 
 130.25640139240002213 201.01193601868271799 
 148.54211567811429973 40.416596666585022035 
 148.54211567811429973 80.565431504609449576 
 166.82782996382860574 80.565431504609449576 
 166.82782996382860574 40.416596666585022035 
 148.54211567811429973 120.71426634263386291 
 148.54211567811429973 160.86310118065830466 
 166.82782996382860574 160.86310118065830466 
 166.82782996382860574 120.71426634263386291 
 148.54211567811429973 201.01193601868271799 
 148.54211567811429973 241.16077085670718816 
 166.82782996382860574 241.16077085670718816 
 166.82782996382860574 201.01193601868271799 
 185.11354424954288334 40.416596666585022035 
 185.11354424954288334 80.565431504609449576 
 203.39925853525718935 80.565431504609449576 
 203.39925853525718935 40.416596666585022035 
 185.11354424954288334 120.71426634263386291 
 185.11354424954288334 160.86310118065830466 
 203.39925853525718935 160.86310118065830466 
 203.39925853525718935 120.71426634263386291 
 185.11354424954288334 201.01193601868271799 
 185.11354424954288334 241.16077085670718816 
 203.39925853525718935 241.16077085670718816 
 203.39925853525718935 201.01193601868271799 
 221.68497282097149537 40.416596666585022035 
 221.68497282097149537 80.565431504609449576 
 239.97068710668580138 80.565431504609449576 
 239.97068710668580138 40.416596666585022035 
 221.68497282097149537 120.71426634263386291 
 221.68497282097149537 160.86310118065830466 
 239.97068710668580138 160.86310118065830466 
 239.97068710668580138 120.71426634263386291 
 221.68497282097149537 201.01193601868271799 
 221.68497282097149537 241.16077085670718816 
 239.97068710668580138 241.16077085670718816 
 239.97068710668580138 201.01193601868271799 
