 47.811585217153940164 37.098819525081005111 
 65.474228897868343324 41.831510635527102693 
 75.865511992624647064 3.0507141700650399763 
 37.420302122397650635 75.879615990543086923 
   27.029019027641354 114.66041245600516163 
 44.69166270835574295 119.39310356645125921 
 55.08294580311204669 80.612307100989170294 
 16.637735932885050261 153.44120892146722213 
 6.2464528381287447445 192.22200538692931104 
 23.909096518843146129 196.95469649737540863 
 34.300379613599453421 158.17390003191331971 
 93.528155673339028908 7.7834052805111335616 
 83.136872578582725168 46.564201745973193169 
 100.79951625929712122 51.296892856419290752 
 111.19079935405342496 12.516096390957226703 
 72.745589483826421429 85.344998211435267876 
 62.354306389070124794 124.12579467689735679 
 80.016950069784527955 128.85848578734345438 
 90.408233164540845905 90.077689321881365458 
 51.96302329431382816 162.90659114235941729 
 41.57174019955752442 201.68738760782150621 
 59.23438388027192758 206.42007871826760379 
 69.625666975028224215 167.63928225280548645 
 128.85344303476784944 17.248787501403320732 
 118.46215994001151728 56.029583966865381228 
 136.12480362072591333 60.76227507731147881 
 146.51608671548220286 21.981478611849414762 
 108.07087684525521354 94.81038043232744883 
 97.679593750498909799 133.59117689778955196 
 115.34223743121332006 138.32386800823562112 
 125.7335205259696238 99.543071542773546412 
 87.288310655742634481 172.37197336325158403 
 76.897027560986330741 211.15276982871367295 
 94.559671241700698374 215.88546093915977053 
 104.95095433645700211 177.10466447369768161 
 164.17873039619658471 26.714169722295508791 
 153.78744730144029518 65.494966187757569287 
 171.45009098215467702 70.227657298203666869 
 181.84137407691099497 31.446860832741599268 
 143.39616420668400565 104.27576265321962978 
 133.0048811119276877 143.0565591186817187 
 150.66752479264209796 147.78925022912781628 
 161.05880788739838749 109.00845376366572737 
 122.61359801717141238 181.8373555841437792 
 112.22231492241510864 220.61815204960586811 
 129.88495860312949048 225.3508431600519657 
 140.27624169788578001 186.57004669458987678 
 199.50401775762537682 36.17955194318769685 
 189.11273466286908729 74.96034840864975024 
 206.77537834358346913 79.693039519095847822 
 217.16666143833973024 40.912243053633787326 
 178.72145156811276934 113.74114487411182495 
 168.33016847335647981 152.52194133957391387 
 185.99281215407086165 157.25463245002001145 
 196.3840952488271796 118.47383598455790832 
 157.93888537860016186 191.30273780503597436 
 147.54760228384387233 230.08353427049806328 
 165.21024596455825417 234.81622538094416086 
 175.60152905931457212 196.03542891548204352 
 234.82930511905419735 45.644934164079877803 
 224.4380220242978794 84.425730629541945405 
 242.10066570501223282 89.158421739988028776 
 252.49194879976855077 50.377625274525975385 
 214.04673892954158987 123.20652709500402011 
 203.65545583478527192 161.98732356046610903 
 221.31809951549962534 166.72001467091220661 
 231.70938261025594329 127.93921820545010348 
 193.26417274002898239 200.7681200259281411 
 182.87288964527266444 239.54891649139025844 
 200.5355333259870747 244.2816076018363276 
 210.92681642074333581 205.50081113637423869 
 30.148941536439586741 32.366128414634928845 
 249.37202629097038198 132.67190931589618685 
 238.98074319621403561 171.45270578135827577 
 9.366375346926975709 109.92772134555907826 
 19.757658441683279449 71.146924880097003552 
 228.5894601014577745 210.23350224682033627 
 218.19817700670145655 249.01429871228242519 
