 84.954269909375597081 13.077321411435145038 
 97.884222479643895554 26.007273981703452392 
 56.564756538669819008 41.466834782140921334 
 28.175243167964055147 69.85634815284667809 
 41.105195738232374936 82.786300723114990774 
 69.494709108938124587 54.396787352409234018 
 12.71568236752659331 111.17581409382077595 
 139.20368842061796499 10.547713181265971016 
 110.81417504991220824 38.937226551971747313 
 123.74412762018050671 51.867179122240045785 
 152.13364099088627768 23.477665751534278371 
 82.424661679206423059 67.326739922677532491 
 54.035148308500666303 95.716253293383289247 
 66.965100878768964776 108.64620586365158772 
 95.354614249474721532 80.256692492945830963 
 25.645634937794877573 124.10576666408906021 
 10.186074137357417513 165.42523260506314386 
 38.575587508063186704 137.0357192343573729 
 165.06359356115456194 36.407618321802566186 
 136.67408019044879097 64.797131692508330048 
 149.60403276071707523 77.727084262776642731 
 177.99354613142287462 49.337570892070850448 
 108.28456681974303422 93.186645063214115225 
 79.895053449037263249 121.57615843391987198 
 92.825006019305561722 134.50611100418817045 
 121.21451939001131848 106.11659763348239949 
 51.505540078331492282 149.96567180462565716 
 23.116026707625724868 178.35518517533145655 
 36.045979277894012682 191.28513774559974081 
 64.435492648599776544 162.89562437489396984 
 190.92349870169118731 62.267523462339163132 
 162.53398533098538792 90.657036833044941204 
 175.4639379012537006 103.58698940331321126 
 203.85345127195944315 75.197476032607440288 
 134.14447196027961695 119.04655020375071217 
 105.75495858957387441 147.43606357445648314 
 118.68491115984215867 160.3660161447247674 
 147.07442453054790121 131.97650277401899643 
 77.365445218868103439 175.82557694516228253 
 48.975931848162332471 204.21509031586805349 
 61.905884418430602523 217.14504288613633776 
 90.29539778913637349 188.75552951543053837 
 216.78340384222778425 88.127428602875752972 
 188.39389047152201329 116.51694197358153815 
 201.32384304179026913 129.44689454384982241 
 229.71335641249606851 101.05738117314403723 
 160.0043771008162139 144.90645534428730912 
 131.61486373011047135 173.29596871499308008 
 144.54481630037875561 186.22592128526136435 
 172.93432967108449816 157.83640791455559338 
 103.22535035940467196 201.68548208569885105 
 74.835836988698915206 230.07499545640462202 
 87.765789558967199468 243.00494802667290628 
 116.15530292967297044 214.61543465596710689 
 242.64330898276435278 113.98733374341233571 
 214.25379561205858181 142.3768471141181351 
 227.18374818232683765 155.30679968438639094 
 255.57326155303263704 126.91728631368060576 
 185.86428224135283926 170.76636048482390606 
 157.47476887064703988 199.15587385552967703 
 170.40472144091535256 212.08582642579793287 
 198.7942348116210951 183.69631305509219033 
 129.08525549994126891 227.54538722623541958 
 100.69574212923549794 255.93490059694119054 
 142.01520807020955317 240.47533979650373226 
 240.11370075259517876 168.23675225465470362 
 253.04365332286349144 181.1667048249230163 
 211.72418738188940779 196.62626562536050301 
 183.33467401118366524 225.01577899606624555 
 196.26462658145194951 237.94573156633455824 
 224.65413995215772047 209.55621819562878727 
 154.94516064047786585 253.40529236677201652 
