 150.10314162884131406 7.710619840567920491 
 106.19037358390933434 11.949144161807543796 
 71.420462681834493424 32.023561580819773553 
 80.56331982469163222 47.859454678592349808 
 115.33323072676647314 27.785037259580125379 
 36.650551779759645399 52.097978999831994429 
 1.8806408776847856057 72.172396418844215304 
 11.023498020541937947 88.008289516616798664 
 45.793408922616784196 67.933872097604577789 
 194.01590967377327956 3.4720955193282971862 
 159.24599877169842443 23.546512938340502075 
 168.38885591455559165 39.382406036113103198 
 203.15876681663041836 19.307988617100900086 
 124.47608786962359773 43.620930357352726503 
 89.706176967548756807 63.695347776364940273 
 98.849034110405909814 79.531240874137537844 
 133.61894501248076494 59.456823455125309863 
 54.936266065473930098 83.769765195377161149 
 20.166355163399089179 103.84418261438938202 
 29.30921230625622087 119.68007571216199381 
 64.079123208331083106 99.60565829314975872 
 212.30162395948752874 35.143881714873479893 
 177.53171305741273045 55.218299133885686558 
 186.67457020026989767 71.054192231658262813 
 221.44448110234469596 50.979774812646063253 
 142.76180215533790374 75.292716552897900328 
 107.99189125326306282 95.367133971910121204 
 117.13474839612020162 111.20302706968270456 
 151.90465929819504254 91.128609650670497899 
 73.221980351188207692 115.44155139092234208 
 38.452069449113373878 135.51596880993457717 
 47.594926591970512675 151.35186190770716053 
  82.3648374940453607 131.27744448869492544 
 230.58733824520183475 66.81566791041866793 
 195.81742734312703647 86.890085329430888805 
 204.96028448598420368 102.72597842720347217 
 239.73019538805900197  82.6515610081912655 
 161.04751644105220976 106.96450274844309547 
 126.27760553897735463 127.03892016745533056 
 135.42046268183449342 142.87481326522791392 
 170.19037358390934855 122.80039584621567883 
 91.507694636902513707 147.11333758646753722 
 56.737783734827665683 167.18775500547974389 
 65.880640877684811585 183.02364810325235567 
 100.65055177975963829 162.94923068424012058 
 248.87305253091614077 98.48745410596384886 
 214.10314162884131406 118.56187152497605553 
 223.24599877169845286 134.39776462274866731 
 179.33323072676645893 138.63628894398829061 
 144.56331982469163222 158.71070636300049728 
 153.70617696754877102 174.54659946077308064 
 188.47608786962362615 154.47218204176087397 
 109.7934089226167913 178.78512378201270394 
 75.023498020541950382 198.85954120102493903 
 84.166355163399089179 214.69543429879752239 
 118.93626606547394431 194.6210168797852873 
 232.38885591455562007 150.23365772052125067 
 241.53171305741273045 166.06955081829380561 
 197.61894501248076494 170.30807513953345733 
 162.84903411040593824  190.382492558545664 
 171.99189125326307703 206.21838565631821893 
 206.76180215533793216 186.14396823730604069 
 128.07912320833108311 210.4569099775579275 
 93.309212306256242186 230.53132739657010575 
 102.45206944911336677 246.36722049434268911 
 137.2219803511882219 226.29280307533045402 
 250.67457020026986925 181.90544391606641739 
 215.90465929819507096 201.97986133507862405 
 181.13474839612021583 222.05427875409085914 
 190.27760553897738305 237.89017185186347092 
 225.04751644105223818 217.81575443285120741 
 146.3648374940453607 242.12869617310309422 
