 179.31214500185421912 4.7801183905367015115 
 140.53134853639215862 15.171401485293007028 
 145.2640396468382562 32.834045166007406635 
 184.0448361123003167 22.442762071251102896 
 101.75055207093008391 25.562684580049310767 
 62.969755605468009207 35.953967674805603849 
 67.70244671591410679 53.61661135552000701 
 106.4832431813761815 43.225328260763710375 
 24.18895914000595937 46.345250769561900483 
 28.921650250452053399 64.007894450276296539 
 188.77752722274641428 40.105405751965506056 
 149.99673075728435379 50.496688846721795585 
 154.72942186773045137 68.15933252743619164 
 193.51021833319251186 57.768049432679902111 
 111.21593429182226487 60.887971941478099325 
 72.435137826360204372 71.279255036234403065 
 77.167828936806287743 88.94189871694879912 
 115.94862540226836245 78.550615622192509591 
 33.654341360898143876 81.670538130990692594 
 38.387032471344241458 99.333181811705088649 
 198.24290944363860945 75.430693113394283955 
 159.46211297817652053 85.821976208150587695 
 164.19480408862261811 103.48461988886496954 
 202.97560055408470703 93.093336794108665799 
 120.68131651271446003 96.213259302906877224 
 81.900520047252385325 106.60454239766318096 
 86.633211157698482907 124.2671860783775486 
 125.41400762316055761 113.87590298362127328 
 43.119723581790331934 116.9958254924194847 
 4.3389271163282172594 127.38710858717578844 
 9.0716182267743104006 145.04975226789017029 
 47.852414692236415306 134.65846917313385234 
 207.70829166453080461 110.75598047482309028 
 168.92749519906871569 121.14726356957936559 
 173.66018630951481327 138.80990725029377586 
 212.44098277497687377 128.41862415553745791 
 130.1466987336066552 131.53854666433568354 
 91.365902268144566278 141.92982975909197307 
 96.09859337859066386 159.59247343980635492 
 134.87938984405272436 149.20119034505003697 
 52.585105802682519993 152.3211128538482626 
 13.80430933722040443 162.71239594860455213 
 18.537000447666496683 180.3750396293189624 
 57.317796913128617575 169.98375653456267287 
 217.17367388542297135 146.08126783625183975 
 178.39287741996091086 156.4725509310081577 
 183.12556853040700844 174.13519461172253955 
 221.90636499586906893 163.74391151696625002 
 139.61208095449882194 166.86383402576444723 
 100.83128448903676144 177.25511712052076518 
 105.56397559948285902 194.91776080123514703 
 144.34477206494491952 184.5264777064788575 
 62.050488023574708052 187.64640021527702629 
 23.269691558112590712 198.03768331003334424 
 28.002382668558684742 215.70032699074772609 
 66.783179134020798529 205.30904389599140814 
 226.63905610631516652 181.40655519768063186 
 187.8582596408530776 191.79783829243692139 
 192.59095075129917518 209.46048197315136008 
 231.3717472167612641 199.06919887839504213 
 149.0774631753910171 202.18912138719323934 
 110.2966667099289424 212.58040448194950045 
 115.02935782037503998 230.24304816266396756 
 153.81015428583711468 219.85176506790764961 
 71.515870244466896111 222.9716875767058184 
 32.735073779004778771 233.36297067146213635 
 37.467764889450883459 251.0256143521765182 
 76.248561354912993693 240.63433125742022867 
 236.1044383272073901 216.7318425591094524 
 197.32364186174530118 227.12312565386574192 
 158.54284539628321227 237.51440874862205987 
 119.76204893082115177 247.90569184337832098 
 58.237064495021940047 18.291323994091261085 
 97.017860960483986332 7.9000408993349768849 
 19.45626802955986534 28.682607088847564825 
