 142.37974436812461931 39.084040901965877879 
 158.77884879024190923 3.4881229597004419496 
 156.23615082867564752 31.084040901965867221 
 117.20962940858885304 27.488122959700451275 
 86.954118525920563343 71.084040901965877879 
 103.35322294803783905 35.488122959700454828 
 100.81052498647157734 63.084040901965877879 
 61.784003566384782857 59.488122959700454828 
 31.528492683716521583 103.08404090196587788 
 47.927597105833768865 67.488122959700461934 
 45.384899144267521365 95.08404090196589209 
 6.3583777241807197811 91.488122959700461934 
 197.80537021032876055 7.0840409019658574508 
 195.26267224876247042 34.679958844231286719 
 165.00716136609418072 78.275876786496709769 
 181.40626578821144221 42.679958844231286719 
 178.86356782664515208 70.275876786496709769 
 139.83704640655838602 66.679958844231279613 
 109.58153552389009633 110.27587678649672398 
 125.98063994600735782 74.679958844231293824 
 123.43794198444111032 102.27587678649672398 
 84.411420564354301632 98.679958844231308035 
 54.155909681686033252 142.27587678649672398 
 70.555014103803287639 106.67995884423129382 
 68.01231614223704014 134.27587678649672398 
 28.985794722150242109 130.67995884423129382 
 220.43278720829823669 46.275876786496702664 
 15.129388261599212129 138.67995884423132225 
 12.586690300032973511 166.27587678649672398 
 217.89008924673197498 73.871794728762125715 
 187.63457836406368529 117.46771267102755587 
 204.03368278618094678 81.871794728762125715 
 201.49098482461471349 109.46771267102755587 
 162.46446340452789059 105.87179472876213993 
 132.20895252185962931 149.46771267102755587 
 148.60805694397689081 113.87179472876212571 
 146.0653589824106291 141.46771267102755587 
 107.03883756232383462 137.87179472876212571 
 76.783326679655559133 181.46771267102755587 
 93.182431101772806414 145.87179472876215414 
 90.639733140206558915 173.46771267102755587 
 51.613211720119764436 169.87179472876212571 
 243.06020420626774126 85.46771267102754166 
 37.756805259568722022 177.87179472876215414 
 35.214107298002495838 205.46771267102758429 
 240.51750624470147955 113.06363061329297182 
 210.26199536203321827 156.65954855555838776 
 226.66109978415047976 121.06363061329297182 
 224.11840182258418963 148.65954855555838776 
 185.09188040249742357 145.06363061329295761 
 154.83636951982913388 188.65954855555838776 
 171.23547394194639537 153.06363061329298603 
 168.69277598038016208 180.65954855555841618 
 129.6662545602933676 177.06363061329298603 
 99.410743677625077908 220.65954855555838776 
 115.80984809974232519 185.06363061329298603 
 113.2671501381760919 212.65954855555841618 
 74.240628718089283211 209.06363061329301445 
 60.384222257538255008 217.06363061329301445 
 57.841524295972014613 244.65954855555841618 
 232.88941236000272283 195.85138444008921965 
 249.28851678211998433 160.25546649782381792 
 246.74581882055375104 187.85138444008924807 
 207.71929740046692814 184.2554664978237895 
 177.46378651779866686 227.8513844400892765 
 193.86289093991595678 192.25546649782381792 
 191.32019297834966665 219.85138444008924807 
 152.29367155826287217 216.2554664978237895 
 138.43726509771184396 224.25546649782381792 
 135.89456713614561068 251.85138444008924807 
 96.868045716058801986 248.2554664978237895 
 83.011639255507759572 256.25546649782381792 
