 32.605704249031546738 43.012945274279694274 
 58.205704249031548159 68.612945274279695695 
 32.605704249031546738 94.212945274279690011 
 58.205704249031548159 119.81294527427969854 
 32.605704249031546738 145.41294527427967864 
 58.205704249031548159 171.01294527427970138 
 32.605704249031546738 196.6129452742796957 
 58.205704249031548159 222.21294527427969001 
 32.605704249031546738 247.81294527427971275 
 58.205704249031548159 17.412945274279664432 
 83.805704249031535369 43.012945274279694274 
 109.40570424903155811 68.612945274279695695 
 83.805704249031535369 94.212945274279690011 
 109.40570424903155811 119.81294527427969854 
 83.805704249031535369 145.41294527427967864 
 109.40570424903155811 171.01294527427970138 
 83.805704249031535369 196.6129452742796957 
 109.40570424903155811 222.21294527427969001 
 83.805704249031535369 247.81294527427971275 
 109.40570424903155811 17.412945274279664432 
 135.00570424903153821 43.012945274279694274 
 160.60570424903156095 68.612945274279695695 
 135.00570424903153821 94.212945274279690011 
 160.60570424903156095 119.81294527427969854 
 135.00570424903153821 145.41294527427967864 
 160.60570424903156095 171.01294527427970138 
 135.00570424903153821 196.6129452742796957 
 160.60570424903156095 222.21294527427969001 
 135.00570424903153821 247.81294527427971275 
 160.60570424903156095 17.412945274279664432 
 186.20570424903155526 43.012945274279694274 
  211.805704249031578 68.612945274279695695 
 186.20570424903155526 94.212945274279690011 
  211.805704249031578 119.81294527427969854 
 186.20570424903155526 145.41294527427967864 
  211.805704249031578 171.01294527427970138 
 186.20570424903155526 196.6129452742796957 
  211.805704249031578 222.21294527427969001 
 186.20570424903155526 247.81294527427971275 
  211.805704249031578 17.412945274279664432 
 237.40570424903157232 43.012945274279694274 
 7.0057042490315373229 68.612945274279695695 
 237.40570424903157232 94.212945274279690011 
 7.0057042490315373229 119.81294527427969854 
 237.40570424903157232 145.41294527427967864 
 7.0057042490315373229 171.01294527427970138 
 237.40570424903157232 196.6129452742796957 
 7.0057042490315373229 222.21294527427969001 
 237.40570424903157232 247.81294527427971275 
 7.0057042490315373229 17.412945274279664432 
