 104.78960460120110554 14.893701479501034513 
 69.819354264319471781 24.263951816382672177 
 79.189604601201111223 59.234202153264298829 
 44.219354264319477466 68.604452490145931165 
 53.589604601201116907 103.57470282702756492 
 18.619354264319479597 112.94495316390920436 
 27.989604601201119038 147.91520350079085233 
 2.3896046012011100679 192.25570417455409711 
 139.75985493808272508 5.5234511426193950712 
 149.13010527496439295 40.493701479501034157 
 114.15985493808274498 49.863951816382659388 
 123.53010527496438442 84.83420215326430025 
 88.559854938082736453 94.204452490145939692 
 97.930105274964390105 129.17470282702754503 
 62.959854938082742137 138.54495316390918447 
 72.330105274964381579 173.51520350079081823 
 37.359854938082754927 182.88545383767245767 
 46.730105274964394368 217.85570417455409142 
 184.10035561184599828 31.123451142619394716 
 193.47060594872763772 66.093701479501035578 
 158.50035561184600397 75.463951816382660809 
 167.87060594872764341 110.43420215326429457 
 132.90035561184598123 119.80445249014593401 
 142.27060594872764909 154.77470282702756776 
 107.30035561184600112 164.14495316390920721 
 116.67060594872764057 199.11520350079081254 
 81.700355611846006809 208.48545383767242356 
 91.070605948727646251 243.45570417455405732 
 228.4408562856092999 56.723451142619403242 
 237.81110662249091092 91.693701479501044105 
 202.84085628560927717 101.06395181638266934 
 212.21110662249091661 136.03420215326428888 
 177.24085628560928285 145.40445249014592832 
 186.61110662249092229 180.37470282702753366 
 151.64085628560926011 189.74495316390920152 
 161.01110662249089955 224.71520350079083528 
 126.04085628560928001 234.0854538376724463 
 247.18135695937252194 126.66395181638266365 
 256.55160729625413296 161.63420215326425478 
 221.58135695937255605 171.00445249014592264 
 230.95160729625416707 205.97470282702752797 
 195.98135695937256173 215.34495316390922426 
 205.35160729625417275 250.31520350079082959 
