 98.05570449660194754 17.17628719170303242 
 66.702235788977276343 35.278220790078648861 
 84.804169387352885678 66.631689497703320058 
 53.450700679728214482 84.733623096078943604 
 71.552634278103838028 116.0870918037036148 
 40.19916557047915262 134.18902540207923835 
 58.301099168854761956 165.54249410970390954 
 26.947630461230083654 183.6444277080795473 
  45.0495640596057072 214.99789641570424692 
 147.51110680260225649 30.427822300952087176 
 116.15763809497755688 48.529755899327703617 
 134.25957169335319463 79.883224606952381919 
 102.90610298572849501 97.985158205327991254 
 121.00803658410413277 129.33862691295269087 
 89.654567876479447364 147.44056051132830021 
 107.75650147485507091 178.79402921895297141 
 76.403032767230371292 196.89596281732858074 
 94.504966365606009049 228.24943152495330878 
 178.86457551022692769 12.325888702576451195 
 196.96650910860253703 43.679357410201156142 
 165.61304040097783741 61.781291008576765478 
 183.71497399935350359 93.13475971620144378 
 152.36150529172880397 111.23669331457706733 
 170.46343889010444173 142.59016202220172431 
 139.10997018247974211 160.69209562057736207 
 157.21190378085535144 192.04556432820206169 
 125.85843507323066603 210.1474979265776426 
 143.96036867160628958 241.5009666342023138 
 228.31997781622723664 25.577423811825529043 
 246.4219114146028744 56.930892519450225109 
 215.06844270697817478 75.032826117825834444 
 233.17037630535378412 106.38629482545050564 
 201.81690759772911292 124.48822842382612919 
 219.91884119610475068 155.84169713145078617 
 188.56537248848002264 173.94363072982645235 
 206.66730608685568882 205.29709943745112355 
 175.3138373792309892 223.39903303582673288 
 193.41577097760662696 254.7525017434514325 
 48.600302190601645691 3.9247520824539652295 
 35.348767081352590935 53.380154388454258196 
 251.27230990372942188 137.73976353307517684 
 22.097231972103525521 102.83555669445455294 
 238.02077479448030317 187.19516583907548579 
 8.8456968628544583311 152.2909590004548761 
 224.76923968523129815 236.65056814507579475 
