 154.2564560088983967 19.262978088579039593 
 118.05258881214717803 19.262978088579018277 
 118.05258881214720645 55.466845285330265369 
 81.84872161539594515 55.466845285330265369 
 81.848721615395973572 91.670712482081498251 
 45.644854418644719374 91.670712482081498251 
 45.644854418644726479 127.87457967883274534 
  9.44098722189347761 127.87457967883274534 
 9.4409872218935007027 164.0784468755839498 
 190.46032320564967222 19.262978088579018277 
 190.46032320564967222 55.466845285330258264 
 154.2564560088983967 55.466845285330258264 
 154.25645600889842513 91.670712482081498251 
 118.05258881214717803 91.670712482081498251 
 118.05258881214720645 127.87457967883271692 
 81.848721615395959361 127.87457967883274534 
 81.848721615395959361 164.07844687558397823 
 45.644854418644726479 164.07844687558400665 
 45.644854418644747795 200.2823140723351969 
 226.66419040240091931 55.466845285330244053 
 226.66419040240091931 91.67071248208146983 
 190.46032320564967222 91.670712482081498251 
 190.46032320564967222 127.87457967883271692 
 154.25645600889842513 127.87457967883274534 
 154.25645600889842513 164.0784468755839498 
 118.05258881214720645 164.07844687558397823 
 118.05258881214717803 200.2823140723351969 
 81.848721615395959361 200.2823140723351969 
 81.848721615395973572 236.48618126908641557 
 226.66419040240091931 127.87457967883271692 
 226.66419040240091931 164.0784468755839498 
 190.46032320564967222 164.0784468755839498 
 190.46032320564967222 200.2823140723351969 
 154.25645600889842513 200.2823140723351969 
 154.25645600889842513 236.48618126908644399 
 118.05258881214720645 236.48618126908644399 
 81.84872161539594515 19.262978088579018277 
 226.66419040240091931 200.2823140723351969 
 45.644854418644719374 55.466845285330244053 
 190.46032320564967222 236.48618126908644399 
  9.44098722189347761 91.670712482081498251 
