 191.41913181369892527 15.377025020584534687 
 141.96372950769864474 28.628560129833591219 
 110.61026080007397354 10.526626531457976554 
 92.508327201698335784 41.880095239082656633 
 61.154858494073650377 23.778161640707043745 
 43.05292489569801262 55.131630348331711389 
 11.699456188073355634 37.029696749956102053 
 222.77260052132359647 33.478958618960163562 
 204.67066692294798713 64.832427326584820548 
 173.31719821532331594 46.730493728209218318 
 155.2152646169477066 78.08396243583389662 
 123.86179590932300698 59.982028837458280179 
 105.75986231094739765 91.335497545082958482 
 74.406393603322712238 73.233563946707349146 
 56.304460004947081586 104.58703265433203455 
 24.950991297322410389 86.485099055956411007 
 6.8490576989468436864 117.83856776358106799 
 236.02413563057265833 82.934360924960458306 
 217.92220203219707741 114.2878296325851295 
 186.56873332457240622 96.185896034209505956 
 168.46679972619674004 127.53936474183416294 
 137.11333101857206884 109.43743114345856782 
 119.01139742019645951 140.7908998510832248 
 87.657928712571759888 122.68896625270762968 
 69.555995114196136342 154.04243496033231509 
 38.202526406571479356 135.94050136195670575 
 20.100592808195912653 167.29397006958134853 
 249.27567073982174861 132.38976323096073884 
 231.17373714144613928 163.74323193858543846 
 199.82026843382143966 145.64129834020982912 
 181.7183348354458019 176.99476704783450032 
 150.36486612782115913 158.89283344945886256 
 132.26293252944552137 190.24630215708356218 
 100.90946382182082175 172.14436855870792442 
 82.807530223445198203 203.49783726633262404 
 51.454061515820534112 185.39590366795698628 
 33.352127917444967409 216.74937237558165748 
 244.42527225069520114 213.19863424458571899 
 213.07180354307052994 195.09670064621010965 
 194.96986994469489218 226.45016935383472401 
 163.61640123707022099 208.34823575545917151 
 145.51446763869455481 239.70170446308384271 
 114.16099893106989782 221.59977086470823338 
 96.059065332694260064 252.95323957233287615 
 64.705596625069603078 234.85130597395732366 
