 122.28141716479713352 42.949928075989632248 
 160.9088341627666523 49.577345073959151023 
 144.9088341627666523 65.577345073959151023 
 138.28141716479714773 26.949928075989628695 
 90.281417164797147734 74.949928075989646459 
 128.90883416276668072 81.577345073959165234 
 112.9088341627666523 97.577345073959151023 
 106.28141716479714773 58.949928075989639353 
 58.28141716479715484 106.94992807598963225 
 96.908834162766666509 113.57734507395917944 
 80.908834162766666509 129.57734507395915102 
 74.281417164797133523 90.949928075989646459 
 26.281417164797144181 138.94992807598964646 
 64.90883416276668072 145.57734507395915102 
 48.908834162766652298 161.57734507395917944 
 42.281417164797147734 122.94992807598963225 
 154.28141716479714773 10.94992807598962159 
 32.90883416276668072 177.57734507395915102 
 176.90883416276668072 33.577345073959151023 
 10.281417164797160169 154.94992807598961804 
 167.53625116073618528 88.204762071928684009 
 206.16366815870568985 94.832179069898188573 
 190.16366815870571827 110.83217906989818857 
 183.53625116073618528 72.204762071928684009 
 135.53625116073618528 120.20476207192869822 
 174.16366815870568985 126.83217906989817436 
 158.16366815870568985 142.83217906989818857 
 151.53625116073621371 104.20476207192868401 
 103.53625116073619949 152.20476207192868401 
 142.16366815870568985 158.83217906989818857 
 126.16366815870570406 174.83217906989816015 
 119.53625116073618528 136.20476207192871243 
 71.536251160736185284 184.20476207192868401 
 110.16366815870570406 190.83217906989818857 
 94.163668158705675637 206.83217906989818857 
 87.536251160736199495 168.20476207192868401 
 199.53625116073618528 56.204762071928669798 
 78.16366815870571827 222.83217906989821699 
 222.16366815870568985 78.832179069898174362 
 55.536251160736220811 200.20476207192868401 
 212.79108515667522283 133.45959606786772156 
 251.41850215464475582 140.08701306583722612 
 235.41850215464475582 156.08701306583722612 
 228.79108515667522283 117.45959606786770735 
 180.79108515667522283 165.45959606786772156 
 219.4185021546447274 172.08701306583722612 
 203.41850215464475582 188.08701306583725454 
 196.79108515667522283 149.45959606786769314 
 148.79108515667522283 197.45959606786769314 
 187.41850215464475582 204.08701306583722612 
 171.41850215464475582 220.08701306583722612 
 164.79108515667522283 181.45959606786772156 
 116.79108515667520862 229.45959606786769314 
 155.41850215464475582 236.08701306583725454 
 139.4185021546447274 252.08701306583722612 
 132.79108515667522283 213.45959606786772156 
 244.79108515667519441 101.45959606786770735 
 100.79108515667523704 245.45959606786772156 
 115.65400016682760054 4.3225110780201019267 
 99.654000166827614748 20.322511078020106368 
 226.04591915261423196 210.71443006380673069 
 83.654000166827600538 36.322511078020099262 
 67.654000166827600538 52.322511078020106368 
 242.04591915261426038 194.71443006380670226 
 194.04591915261426038 242.71443006380670226 
 51.654000166827593432 68.322511078020113473 
 35.654000166827607643 84.322511078020099262 
 210.04591915261426038 226.71443006380675911 
 19.65400016682760409 100.32251107802008505 
 3.654000166827577889 116.32251107802011347 
