 113.52335381731823816 19.254581206757421796 
 152.15077081528775693 25.881998204726940571 
 136.15077081528775693 41.881998204726947677 
 129.52335381731822395 3.2545812067574364512 
 81.523353817318238157 51.254581206757428902 
 120.15077081528775693 57.881998204726954782 
 104.15077081528774272 73.881998204726940571 
 97.523353817318223946 35.254581206757428902 
 49.523353817318245262 83.254581206757421796 
 88.150770815287771143 89.881998204726954782 
 72.150770815287771143 105.88199820472694057 
 65.523353817318223946 67.254581206757436007 
 17.523353817318245262 115.25458120675743601 
 56.150770815287778248 121.88199820472695478 
 40.150770815287771143 137.88199820472695478 
 33.523353817318252368 99.254581206757421796 
 24.150770815287785354 153.88199820472695478 
 168.15077081528772851 9.8819982047269565584 
 1.5233538173182599174 131.2545812067574218 
 158.77818781325728992 64.509415202696473557 
 197.40560481122679448 71.136832200665978121 
 181.40560481122679448 87.136832200665978121 
 174.7781878132572615 48.509415202696466451 
 126.77818781325727571 96.509415202696459346 
 165.40560481122679448 103.13683220066597812 
 149.40560481122679448 119.13683220066599233 
 142.77818781325728992 80.509415202696473557 
 94.778187813257304128 128.50941520269645935 
 133.40560481122679448 135.13683220066599233 
 117.40560481122680869 151.13683220066596391 
 110.77818781325728992 112.50941520269647356 
 62.778187813257297023 160.50941520269645935 
 101.40560481122680869 167.13683220066599233 
 85.405604811226808692 183.13683220066599233 
 78.778187813257289918 144.50941520269648777 
 190.7781878132572615 32.509415202696480662 
 69.405604811226822903 199.13683220066596391 
 213.40560481122676606 55.136832200665999437 
 46.778187813257311234 176.50941520269645935 
 204.03302180919632747 109.7642491986354969 
 242.66043880716583203 116.39166619660501567 
 226.66043880716583203 132.39166619660500146 
 220.03302180919632747 93.764249198635496896 
 172.03302180919632747 141.7642491986354969 
 210.66043880716583203 148.39166619660500146 
 194.66043880716586045 164.39166619660502988 
 188.03302180919629905 125.76424919863551111 
 140.03302180919632747 173.7642491986354969 
 178.66043880716583203 180.39166619660502988 
 162.66043880716583203 196.39166619660502988 
 156.03302180919632747 157.76424919863552532 
 108.03302180919634168 205.76424919863552532 
 146.66043880716586045 212.39166619660500146 
 130.66043880716586045 228.39166619660500146 
 124.03302180919632747 189.76424919863552532 
 236.03302180919629905 77.764249198635511107 
 114.66043880716586045 244.39166619660502988 
 92.033021809196355889 221.7642491986354969 
 249.2878558051353366 155.01908319457453445 
 217.2878558051353366 187.01908319457450602 
 74.895936819348719382 12.627164208787920785 
 58.895936819348719382 28.62716420878792789 
 233.28785580513536502 171.01908319457450602 
 185.28785580513536502 219.01908319457450602 
 42.895936819348712277 44.627164208787931443 
 26.89593681934873004 60.627164208787917232 
 201.28785580513536502 203.01908319457453445 
 153.28785580513536502 251.01908319457453445 
 10.895936819348724711 76.627164208787917232 
 169.28785580513536502 235.01908319457450602 
