 53.900846299841255416 104.36778402962519863 
 94.085667504950194484 137.77207733722411831 
 64.943792224215485476 145.5806192846254703 
 73.99325690239568587 121.06993068342465847 
 44.851381621660998178 128.87847263082602467 
 35.801916943480790678 153.38916123202682229 
 114.17807810750463204 154.47422399102356394 
 85.036202826769951457 162.28276593842491593 
 105.12861342932438902 178.98491259222433314 
 75.986738148589694219 186.79345453962571355 
 55.894327546035221133 170.09130788582626792 
 46.844862867854999422 194.60199648702703712 
 26.752452265300529888 177.89984983322764833 
 96.079148751144131779 203.49560119342515918 
 66.937273470409436982 211.30414314082651117 
 87.029684072963917174 228.00628979462598522 
 112.18459686131063791 88.750700134822494647 
 83.042721580575957319 96.559242082223860848 
 92.092186258756200345 72.048553481023034806 
 62.950310978021505548 79.857095428424401007 
 152.36941806641956987 122.15499344242141433 
 123.22754278568487507 129.96353538982276632 
 132.2770074638651181 105.45284678862195449 
 103.13513218313040909 113.26138873602329227 
 143.31995338823932684 146.66568204362218353 
 163.41236399079377861 163.36782869742162916 
 134.27048871005908381 171.17637064482300957 
 154.36289931261356401 187.87851729862242678 
  125.221024031878855 195.68705924602380719 
 145.31343463443332098 212.38920589982325282 
 116.17155935369862618 220.19774784722460481 
 136.26396995625307795 236.89989450102407886 
 107.12209467551839737 244.70843644842543085 
 141.3264721420453327 80.942158187421142657 
 121.23406153949088093 64.240011533621682815 
 161.41888274459978447 97.644304841220588287 
 181.51129334715426467 114.34645149502004813 
 172.46182866897402164 138.85714009622085996 
 192.55423927152844499 155.55928675002027717 
 183.50477459334823038 180.06997535122110321 
 174.45530991516801578 204.58066395242190083 
 165.40584523698777275 229.09135255362269845 
 201.60370394970871644 131.04859814881947955 
