 117.14693096890906077 135.79217267696103022 
 146.28880624964375556 143.60071462436238221 
 127.81359763557573217 154.26738129102906782 
 138.48026430224237515 172.74258990509707701 
 109.33838902150772299 164.93404795769572502 
 95.813597635575717959 98.841755448824983432 
 154.09734819704510755 114.45883934362768741 
 135.62213958297706995 125.12550601029435882 
 124.95547291631041276 106.65029739622634963 
 106.48026430224238936 117.31696406289300683 
 98.671722354841037372 146.45883934362771583 
 88.005055688174365969 127.98363072955967823 
  80.1965137407730424 157.12550601029437303 
 183.23922347777983077 122.2673812910290394 
 164.76401486371176475 132.93404795769572502 
 175.43068153037845036 151.4092565717637342 
 156.95547291631041276 162.07592323843039139 
 120.00505568817439439 183.4092565717637342 
 90.863180407439699593 175.60071462436241063 
  101.529847074106371 194.07592323843041981 
 72.387971793371661988 186.2673812910290394 
 167.62213958297709837 180.55113185249845742 
 149.14693096890908919 191.21779851916511461 
 159.81359763557574638 209.69300713323315222 
 130.67172235484105158 201.88446518583180023 
 114.28880624964374135 88.175088782158312029 
 85.146930968909046555 80.366546834756960038 
 77.338389021507694565 109.50842211549164062 
 172.57255681111314516 103.79217267696101601 
 143.43068153037845036 95.98363072955967823 
 69.529847074106370997 138.65029739622633542 
 61.72130512670499769 167.79217267696103022 
 201.71443209184783996  111.600714624362368 
 193.90589014444645954 140.74258990509704859 
 83.054638460038333392 204.74258990509704859 
 53.912763179303624383 196.93404795769575344 
 186.09734819704510755 169.88446518583177181 
 178.28880624964375556 199.0263404665664666 
 141.3383890215077372 220.35967379989980941 
 112.1965137407730424  212.551131852498429 
  170.480264302242432 228.16821574730118982 
