 37.201610100419557625 39.77905391582428507 
 73.604779586088895371 10.548232560503311817 
 19.042021843533120773 61.809559653387353251 
 55.327438251145032666 33.965979979377934228 
 15.522010345661010788 77.797277917140718273 
 35.923251549702250429 57.573978720371449924 
 92.370058541177016309 17.584906698531881375 
 104.8502556412410911 3.5016023589956604134 
 7.6325541158129457386 101.99259389373352747 
 43.156060138269253912 73.769054633494178574 
 30.785922794483258969 86.613824676229569377 
 73.356240037783209118 47.075581310657526046 
 26.069916543766474604 103.54736897049801314 
 72.490424553772911054 65.413021065148001298 
 59.578948885727513129 77.467551196646269318 
 103.57977143163907385  32.6890695833484628 
 123.24498801557042782 8.792526020796866959 
 1.867540813070263539 130.91269555883837938 
 94.632981260309932736 48.325972373965328188 
 122.8188684986646706 28.326322566803991521 
 38.918487992557494692 115.95081387210498747 
 64.530913840899145839 94.349957528499331261 
 87.724016263817901518 76.653688262063312209 
 17.335281034210265005 141.04869225791284748 
 102.42839794511439777 66.479677502432281244 
 56.465416306806922364 110.48529706074744183 
 34.294801603192389905 133.51720176497266834 
 82.907815810634090781 94.341449619708086516 
 136.34979233444647662 41.535575042542653534 
 15.679316148630846328 160.09717596414751029 
 119.70108196534843614 74.821591562571683198 
 172.85457702437025773 12.241695601531727533 
 132.5105532375669668 61.08855963816406387 
 71.210346319363765133 121.68061891399881347 
 48.957820366216594721 143.62794626667738385 
 87.35527987641899017 112.12261695472048473 
 156.63563371179810702 40.791495061981400738 
 173.07373713444582108  30.9890174384902366 
 66.990423558910450197 138.86387938225686867 
  31.4494491705317607 170.76871836872987842 
 148.53501842652502773 69.013314638528925116 
 47.165276391637462439 161.45826035140936483 
 126.78735540143654248 94.998640318997090048 
 162.39060044139367278 58.056214231432157646 
 103.18198144081479484 120.42887020567113154 
 120.32722784851623032 112.68703524431785468 
 77.372697064590823857 154.11702118058809674 
 189.18430417056453052 42.798329726498124614 
 33.78930510745775706 189.67564495422527671 
 154.96419167299208652 85.319264894941696298 
 64.466651976624888221 167.07302760528551744 
 205.4886343039202643 36.14902791650801106 
 145.61128462138339046 99.830136906071587077 
 104.68643314217578677 138.69661751580787268 
 177.19454275748122996 69.282128352464795285 
 95.649676360862713409 154.77068200282548105 
 192.88813175316138881 61.994896300534321654 
 132.86761387779492338 127.45685541557250531 
 173.10929838299981043 87.114343140224605122 
 52.339261562393154747 195.2790984996024406 
 67.799127442417869815 183.90882145812275894 
 122.44334388616637455 142.18540317822279917 
 159.79252042168681669 113.52750802129041574 
 220.79967513686591474 47.974233702215293818 
 151.78196225606566827 130.25342313718550713 
 109.33175134219095526 168.66545470393458572 
 178.4030278445088129 105.05553156824666416 
 207.30073741775248664 74.561774509634233254 
 61.73561325463798255 211.46403732991007018 
 126.3899274492842153 159.83515047531102482 
 85.73968230276398117 190.79796483732454249 
 223.61906939674653927 65.844625467934051244 
 80.360511714670693095 207.76020069634645893 
 104.88917479847756908 186.75743223883114297 
 57.803511238398847638 229.15958251900215714 
 158.58566450868312359 148.14419768013607381 
 210.47576226510673791 93.693400396886246995 
 144.81489005272283066 162.38616546766206739 
 198.16327957983162378 109.59567753405524115 
 239.66915787271304339 76.36944264973480756 
 91.536645518307793168 221.55477919498858341 
 230.59764537889114422 94.04824355024841509 
 119.28419443457785576 200.32953797354917924 
 79.009564410223902087 236.01894821743462671 
 176.65311392355383191 155.74492806909000819 
 151.69507297479347585 179.38261398118487477 
 206.50827096868277977 127.98090639324543361 
 140.20143125584087329 196.30068112222676291 
 110.79791745399136005 218.37562710677383393 
 197.44662402867191986 147.91258343974487843 
 171.33404175500714928 175.22441881430205513 
 237.8848864817883566 111.0523491816833257 
 226.29341286270332034  126.371372967345863 
 88.317578666508666174 251.86266559941287824 
 119.03348265424033059 235.12290250431502159 
 153.27338056523583987 210.42236156099153277 
 108.2869077348926794 250.92299422632123651 
 211.86653382346995045 161.08382185492692429 
 181.23878625236230278 190.55340771441046854 
 256.81322765473066738 115.7852264345138309 
 171.5207632000744411 206.17103194574505665 
 239.11302121773701401 140.52382669322793163 
 137.83062101246162001 239.64358889150543064 
 153.31039901944456005 229.39508867511705148 
 231.31135936584109913 156.90725322544176379 
 212.08248989129862139 180.94146199300902822 
 199.77100281237136414 194.84827247996111055 
 182.94425992633335909 220.65031608274574637 
 172.1508009989658774 236.14665735897119703 
 242.21361091413479016 172.1528827213297177 
 230.12767392784334675 185.75847703320479809 
 200.97496241599932887 214.60997236997178561 
 177.10756296654113839 254.39259183912190565 
