 135.96385279999998374 2.3695999999999912689 
 154.73223679999998126 1.7165440000000216081 
 68.541388799999950265 1.215808000000015543 
 37.28737279999994314                    1 
 86.716108799999986445 5.8734719999999924767 
 186.14343679999998926 4.4233600000000024011 
 204.69832959999999389 9.115455999999994674 
 53.407052799999959802 10.382272000000011047 
 248.73671679999998219 11.278656000000001569 
 5.7156607999999780034 7.8111360000000331638 
 160.45959679999998571 18.651200000000017099 
 23.411916799999971772 12.340416000000004715 
 126.70727680000000248 21.647679999999990486 
 178.00481279999999629 20.700736000000006243 
 92.03386879999997916 22.93804800000002686 
 109.63169279999996775 29.587264000000004671 
 240.27461119999998118 27.26854400000000922 
 49.962828799999975615 28.509248000000024348 
 207.73977599999997778 28.857792000000017651 
 153.47566080000001421 34.727359999999997342 
 31.675596799999937048 28.544576000000017046 
 223.97044479999999567 35.684928000000027737 
 136.60142079999999964 38.374592000000028236 
 80.180428799999987177 36.919104000000018573 
 180.53486080000001834 39.10662400000001071 
 251.0347776000000124 40.835776000000024055 
 62.424396799999975372 41.895232000000035555 
 196.78475520000000643 45.050816000000033057 
 108.05524479999994014 48.898496000000022832 
 165.0368767999999875 48.827199999999990609 
 3.1555327999999462918 39.913920000000018717 
 22.127308799999944711 42.805696000000047263 
 90.269516799999976797 51.942080000000032669 
 136.94356480000001852 58.087744000000022027 
 226.43530240000001186 54.873152000000018802 
 243.84354560000002721 57.299263999999979546 
 119.45223679999999433 64.250432000000003541 
 62.27399679999998483 61.395008000000004245 
 156.09377279999998223 65.256768000000008101 
 198.08988159999998402 64.128192000000041162 
 80.579916799999949717 67.21299200000002827 
 29.94183679999996528 60.362944000000027245 
 215.79263999999997736 69.50304000000001281 
 14.144076799999947269 68.553408000000047195 
 46.339660799999954577 71.046592000000003964 
 111.61249279999996986 81.712064000000012243 
 186.8068608000000097 79.901376000000027489 
 91.804492799999977137 82.045247999999986632 
 166.85601279999997359 82.439744000000018787 
 219.69959680000002322 88.294336000000015474 
 256.50708480000002965 88.183616000000029089 
 12.292556799999966088 86.210368000000016764 
 200.78426880000000665 94.380608000000023594 
 46.921548799999982293 90.82233599999999285 
 237.97498880000003396 97.464256000000020208 
 119.01358079999999973 99.862208000000009633 
 84.651212799999981939 98.92857600000002094 
 159.75649280000001795 101.34086400000001049 
 64.561100799999991295 102.76422400000001289 
 28.160332799999970632 97.582144000000013762 
 139.25511679999999615 109.02713600000001293 
 101.4783487999999636 109.87513600000002612 
 193.91340799999997557 111.55718400000000656 
 174.88481280000002016 114.19295999999999935 
 239.37281279999996286 116.63852799999999377 
 22.14164479999994839 115.24767999999998835 
 63.818828799999984369 121.99302400000001967 
 3.3703167999999550375 118.82105599999999868 
 256.46600960000000669 127.87782400000000393 
 140.1380608000000052 128.53702400000003081 
 97.64282879999996112 127.71808000000001471 
 223.28839680000001522 129.36441600000003405 
 203.9511167999999941 128.28819200000003775 
 79.727820799999975065 131.88972800000004781 
 173.94234879999999066 133.2650880000000484 
 32.236620799999947451 131.73587200000005737 
 50.429260799999973131 135.43494400000002997 
 156.84090879999999402 139.33331200000006334 
 126.24929279999996368 142.7312000000000296 
 249.31023360000000366 144.99449600000002647 
 107.71015679999996451 143.85926400000002445 
 191.05108479999998394 143.5296639999999968 
 2.5246207999999570326 137.93363200000007396 
 230.62279680000000326 146.51449600000000828 
 20.875212799999964375 146.43462400000004209 
 77.567052799999970603 150.20576000000005479 
 58.977356799999959946 153.53120000000004097 
 153.76967679999998495 157.82265600000005179 
 256.30453760000000329 161.73075200000008067 
 135.60302080000002434 158.89721600000007129 
 94.58785279999997897 158.68422400000002881 
 226.12953600000000165 165.23718400000001338 
 193.45392640000000029 163.52979200000004312 
 30.237900799999987811 164.01875200000009158 
 242.65219840000000318 174.17401600000007988 
 49.580492799999959175 169.93798400000008542 
 210.05807360000000017 174.11974400000002561 
 131.12698879999999235 176.28960000000000719 
 161.57703680000003033 175.62016000000008376 
 96.452556799999953796 177.65088000000008606 
 17.952972799999951548 177.30272000000007893 
 180.40199680000000626 178.39968000000004622 
 114.67335679999996501 184.08889600000006226 
 249.85905919999999014 191.3194880000000353 
 146.58119679999998652 188.09248000000002321 
 60.139852799999971467 189.53952000000003864 
 80.78369279999996877 190.53676800000008029 
 207.0407679999999857 194.65952000000001476 
 19.978316799999948472 195.89433600000006663 
 188.07674879999999007 196.14393600000008178 
 240.18453760000002717 207.73804800000002047 
 120.66414079999999842 201.84492800000003854 
 139.47348479999999427 207.01280000000002701 
 219.93483520000000908 211.6192640000000722 
 88.149964799999949605 208.14304000000007022 
 50.665804799999975216 207.86323200000001066 
 3.4791167999999741411 203.54822400000006155 
 32.187980799999969861 208.70470400000007771 
 253.90740479999999479 221.05900800000003414 
 106.79457279999996899 212.34156800000005205 
 177.84007680000001983 238.91539200000002552 
 143.22810880000002953 227.36902400000002444 
 81.85863679999997089 225.53593600000007768 
 213.95724799999999277 234.34963200000007078 
 52.227916799999967168 228.05664000000001579 
 246.45980159999999159 237.7427840000000856 
 24.48839679999996477 226.12179200000005608 
 111.07438079999997171 229.88230400000006171 
 158.72916480000000661 240.3889280000000781 
 195.74511360000002469 245.49830400000004715 
 7.8249727999999780792 232.5271680000000174 
 127.04826879999995981 238.31699200000008432 
 67.471692799999999579 236.39328000000008956 
 95.22081279999997605 237.69056000000006179 
 229.63269120000001067 245.99251200000003337 
 36.586444799999995325 239.03648000000006846 
