 35.590162839335441447 84.225546237872976008 
 27.599056681681876313 114.04876042691255122 
 76.802998094335691803 95.268492162247213173 
 68.811891936682130222 125.09170635128675997 
 63.217566336949978734 63.544343213569923989 
 98.379536009374959349 97.169426921884920034 
 90.388429851721411978 126.99264111092446683 
 55.226460179296424258 93.367557402609492101 
 19.607950524028336048 143.87197461595209802 
 11.616844366374774467 173.69518880499168745 
 60.820785779028582851 154.91492054032633519 
 52.829679621375035481 184.73813472936589619 
 47.235354021642869782 123.19077159164906732 
 82.397323694067850397 156.81585529996405626 
 74.406217536414303027 186.63906948900361726 
 39.244247863989315306 153.01398578068864254 
 51.572375154642529083 24.579117859793857548 
 43.581268996988988818 54.402332048833407896 
 92.785210409642772333 35.622063784168084055 
 84.794104251989239174 65.445277973207623745 
 31.253141706335771488 182.83719996972823196 
 114.36174832468205409 37.522998543805776706 
 106.37064216702850672 67.346212732845359028 
 71.20867249460353321 33.721129024530355878 
 118.01583334933593505 106.31143808662142192 
 110.02472719168237347 136.13465227566098292 
 159.2286686043361783 117.35438401099564487 
 151.23756244668263093 147.17759820003519167 
 145.64323684695045813 85.630235062318362793 
 180.80520651937544585 119.25531877063333752 
 172.81410036172189848 149.07853295967291274 
 137.65213068929693918 115.45344925135793801 
 102.0336210340288261 165.95786646470054393 
 94.042514876375264521 195.78108065374013336 
 143.24645628902908356 177.00081238907478109 
 135.25535013137553619 206.82402657811437052 
 129.66102453164336339 145.27666344039749902 
 164.82299420406835111 178.90174714871250217 
 156.83188804641480374 208.72496133775206317 
 121.66991837398980181 175.09987762943708844 
 133.9980456646430298 46.665009708542292799 
 126.00693950698948242  76.4882238975818467 
 175.21088091964327305 57.707955632916515754 
 167.21977476198972568 87.531169821956069654 
 113.67881221633626865 204.92309181847664945 
 196.78741883468256901 59.608890392554215509 
 188.79631267702902164 89.432104581593790726 
 153.63434300460403392 55.807020873278794681 
 200.44150385933644998 128.3973299353698394 
 192.45039770168290261 158.22054412440942883 
 241.65433911433672165 139.44027585974407657 
 233.66323295668311744 169.26349004878363758 
 228.06890735695097305 107.7161269110668087 
 15.953865499374462189 75.083535073136474125 
 7.9627593417209201476 104.90674926217604934 
 220.07780119929742568 137.53934110010638392 
 184.45929154402932681 188.04375831344898984 
 176.46818538637577944 217.86697250248857927 
 225.67212679902962691  199.086704237823227 
 217.68102064137605112 228.90991842686278801 
 212.08669504164387831 167.36255528914594493 
 204.09558888399030252 197.18576947818550593 
 216.42371617464357314 68.750901557290731603 
 208.43261001698999735 98.574115746330278398 
 249.64544527199029744 109.61706167070451556 
 196.10448272633681199 227.00898366722506694 
 31.936077814681564035 15.437106695057336125 
 23.94497165702802377 45.260320884096920224 
 236.06001351460454885 77.892912722027233485 
