 80.367330184640465518 69.168429503598957808 
 64.929698548050140516 95.907191846706098204 
 117.31774741277651231 90.501762836932286405 
 101.8801157761861873 117.24052518003944101 
 112.40604195461675374 56.342419575611693006 
 137.66708450752659587 97.922343755145760724 
 122.22945287093628508 124.66110609825290112 
 96.968410318026414529 83.081181918718840507 
 49.492066911459801304 122.64595418981325281 
 34.054435274869462091 149.38471653292040742 
 86.442484139595848092 143.97928752314658141 
 71.004852503005494668 170.7180498662537218 
 81.530778681436089528 109.8199442618259809 
 106.79182123434594587 151.39986844136004152 
 91.354189597755592445 178.13863078446718191 
 66.093147044845750315 136.55870660493314972 
 111.24259345782111552 15.690904817384689451 
 95.80496182123079052 42.429667160491824518 
 148.19301068595717652 37.024238150718034035 
 132.75537904936683731 63.763000493825153114 
 50.655515408255425314 163.29746894804029012 
 75.916557961165267443 204.87739312757435073 
 153.10471614411693508 71.183581412038634539 
 127.84367359120707874 29.603657232504556163 
 154.26816464091260173 111.83509617026562921 
 138.83053300432223409 138.5738585133727554 
 191.21858186904859167 133.16842950359895781 
 175.78095023245828088 159.9071918467060982 
 186.30687641088888995 99.009086242278357304 
 211.56791896379871787 140.58901042181241792 
 196.13028732720837866 167.32777276491955831 
 170.86924477429852232 125.74784858538551191 
 123.3929013677319233 165.31262085647989579 
 107.95526973114158409 192.05138319958706461 
 160.34331859586794167 186.6459541898132386 
 144.90568695927760245 213.38471653292035057 
 155.43161313770821153 152.4866109284926381 
 180.69265569061803944 194.06653510802672713 
 165.25502405402772865 220.80529745113386753 
 139.99398150111787231 179.22537327159980691 
 185.14342791409325173 58.357571484051369737 
 169.70579627750291252 85.096333827158488816 
 222.09384514222924167 79.690904817384677017 
 206.6562135056389593 106.42966716049181741 
 124.55634986452754731 205.96413561470691889 
 149.81739241743736102 247.5440597942409795 
 227.00555060038902866 113.85024807870529173 
 201.74450804747922916 72.270323899171231119 
 228.16899909718466688 154.50176283693230062 
 212.73136746059435609 181.24052518003944101 
 43.416912956504440047 47.835096170265657634 
 27.979281319914107939 74.573858513372798029 
 63.766250051254509401 55.255677088479096426 
 48.328618414664177294 81.994439431586243927 
 244.77007923057064431 168.41451525205218331 
 197.29373582400401688 207.97928752314655299 
 181.85610418741364924 234.71804986625375022 
 12.541649683323781161 101.31262085647992421 
 229.33244759398033352 195.15327759515929529 
 32.890986778073838082 108.73320177469338432 
 17.453355141483495316 135.47196411780055314 
 213.89481595738996589 221.89203993826649253 
 243.60663073377503451 127.76300049382516022 
 58.854544593094772154 21.096333827158503027 
 198.4571843207996551 248.6308022813736045 
 2.0157235048931703147 162.21072646090769354 
 79.203881687844827297 28.516914745371977347 
