 80.24609788773673813 94.681554785001480923 
 72.25499173008319076 124.50476897404104193 
 121.45893314273698138 105.72450070937568967 
 113.46782698508343401 135.54771489841525067 
 107.87350138535126121 74.000351760698407588 
 143.03547105777624893 107.62543546901339653 
 135.04436490012270156 137.44864965805297174 
 99.882395227697699625 103.82356594973798281 
 64.263885572429643389 154.32798316308060294 
 56.272779414776074702 184.15119735212016394 
 105.47672082742987243 165.3709290874548401 
 97.485614669776310848 195.19414327649437269 
 91.891289070044152254 133.64678013877755802 
 127.05325874246915419 167.27186384709253275 
 119.0621525848155926 197.09507803613209376 
 83.900182912390590673 163.46999432781711903 
 96.228310203043847082  35.0351264069223447 
 88.237204045390299711 64.858340595961877284 
 137.44114545804407612 46.078072331296553443 
 129.45003930039052875 75.901286520336100239 
 75.909076754737057513 193.29320851685668003 
 159.01768337308334367 47.979007090934281621 
 151.0265772154297963 77.802221279973821311 
 115.86460754300482279 44.177137571658832371 
 162.67176839773722463 116.76744663374989841 
 154.68066224008367726 146.59066082278948784 
 203.8846036527374963 127.81039255812413558 
 195.89349749508392051 157.63360674716369658 
 190.29917189535180455 96.086243609446853498 
 225.46114156777673543 129.71132731776182823 
 217.47003541012315964 159.53454150680138923 
 182.30806573769825718 125.90945779848642871 
 146.68955608243012989 176.41387501182904884 
 138.69844992477658252 206.23708920086860985 
 187.90239133743037314 187.45682093620325759 
 179.91128517977682577 217.28003512524281859 
 174.31695958004468139 155.73267198752600393 
 209.47892925246961227 189.35775569584095024 
 201.48782309481606489 219.18096988488051124 
 166.32585342239113402 185.55588617656559336 
 178.65398071304431937 57.121018255670769292 
  170.662874555390772 86.944232444710308982 
 219.86681596804456262 68.163964180044985142 
 211.87570981039104367 97.987178369084517726 
 158.33474726473758665 215.37910036560512594 
 241.44335388308383017 70.064898939682706214 
 233.45224772543022596 99.888113128722253009 
 198.2902780530053235 66.26302942040727828 
 245.09743890773771113 138.85333848249834432 
 237.10633275008422061 168.67655267153790533 
 39.033262632736516196 83.638608860627257968 
 31.04215647508297593 113.46182304966681897 
 25.447830875350778257 51.91445991194997589 
 60.609800547775762425 85.539543620264964829 
 52.618694390122200844 115.36275780930454005 
 17.456724717697220228 81.737674100989551107 
 229.11522659243061639 198.49976686057746633 
 221.12412043477709744 228.32298104961705576 
 23.051050317429417902 143.28503723870639419 
 15.05994415977587586 173.1082514277459552 
 9.4656185600436568706 111.56088829002911211 
 44.627588232468653473 145.18597199834411526 
 36.636482074815098997 175.00918618738367627 
 1.4745124023901161614 141.38410247906870154 
 253.08854506539128693 109.03012429345875489 
 55.015474948043632253 23.992180482548132403 
 47.024368790390077777 53.81539467158766854 
 76.592012863082857166 25.893115242185842817 
 68.600906705429309795 55.716329431225382507 
 33.438937033004322075 22.091245722910404226 
