 17.167045394398929403 49.083569541884557452 
 17.167045394398929403 83.216902875217883206 
 31.946923156505182106 57.616902875217888891 
 31.946923156505182106 74.683569541884551768 
 17.167045394398929403 100.28356954188456029 
 17.167045394398929403 134.41690287521788605 
 31.946923156505182106 108.81690287521789173 
 31.946923156505182106 125.88356954188455461 
 17.167045394398929403 151.48356954188454893 
 17.167045394398929403 185.6169028752179031 
 31.946923156505182106 160.01690287521788036 
 31.946923156505182106 177.08356954188457166 
 17.167045394398929403 202.68356954188456598 
 17.167045394398929403 236.81690287521789173 
 31.946923156505182106 211.21690287521789742 
 31.946923156505182106 228.28356954188456029 
 17.167045394398929403 253.88356954188455461 
 17.167045394398929403 32.016902875217873259 
 31.946923156505182106 6.4169028752178824959 
 31.946923156505182106 23.483569541884545373 
 46.726800918611438362 49.083569541884557452 
 46.726800918611438362 83.216902875217883206 
 61.506678680717698171 57.616902875217888891 
 61.506678680717698171 74.683569541884551768 
 46.726800918611438362 100.28356954188456029 
 46.726800918611438362 134.41690287521788605 
 61.506678680717698171 108.81690287521789173 
 61.506678680717698171 125.88356954188455461 
 46.726800918611438362 151.48356954188454893 
 46.726800918611438362 185.6169028752179031 
 61.506678680717698171 160.01690287521788036 
 61.506678680717698171 177.08356954188457166 
 46.726800918611438362 202.68356954188456598 
 46.726800918611438362 236.81690287521789173 
 61.506678680717698171 211.21690287521789742 
 61.506678680717698171 228.28356954188456029 
 46.726800918611438362 253.88356954188455461 
 46.726800918611438362 32.016902875217873259 
 61.506678680717698171 6.4169028752178824959 
 61.506678680717698171 23.483569541884545373 
 76.286556442823950874 49.083569541884557452 
 76.286556442823950874 83.216902875217883206 
 91.066434204930203578 57.616902875217888891 
 91.066434204930203578 74.683569541884551768 
 76.286556442823950874 100.28356954188456029 
 76.286556442823950874 134.41690287521788605 
 91.066434204930203578 108.81690287521789173 
 91.066434204930203578 125.88356954188455461 
 76.286556442823950874 151.48356954188454893 
 76.286556442823950874 185.6169028752179031 
 91.066434204930203578 160.01690287521788036 
 91.066434204930203578 177.08356954188457166 
 76.286556442823950874 202.68356954188456598 
 76.286556442823950874 236.81690287521789173 
 91.066434204930203578 211.21690287521789742 
 91.066434204930203578 228.28356954188456029 
 76.286556442823950874 253.88356954188455461 
 76.286556442823950874 32.016902875217873259 
 91.066434204930203578 6.4169028752178824959 
 91.066434204930203578 23.483569541884545373 
 105.84631196703647049 49.083569541884557452 
 105.84631196703647049 83.216902875217883206 
 120.62618972914272319 57.616902875217888891 
 120.62618972914272319 74.683569541884551768 
 105.84631196703647049 100.28356954188456029 
 105.84631196703647049 134.41690287521788605 
 120.62618972914272319 108.81690287521789173 
 120.62618972914272319 125.88356954188455461 
 105.84631196703647049 151.48356954188454893 
 105.84631196703647049 185.6169028752179031 
 120.62618972914272319 160.01690287521788036 
 120.62618972914272319 177.08356954188457166 
 105.84631196703647049 202.68356954188456598 
 105.84631196703647049 236.81690287521789173 
 120.62618972914272319 211.21690287521789742 
 120.62618972914272319 228.28356954188456029 
 105.84631196703647049 253.88356954188455461 
 105.84631196703647049 32.016902875217873259 
 120.62618972914272319 6.4169028752178824959 
 120.62618972914272319 23.483569541884545373 
 135.40606749124896169 49.083569541884557452 
 135.40606749124896169 83.216902875217883206 
 150.18594525335521439 57.616902875217888891 
 150.18594525335521439 74.683569541884551768 
 135.40606749124896169 100.28356954188456029 
 135.40606749124896169 134.41690287521788605 
 150.18594525335521439 108.81690287521789173 
 150.18594525335521439 125.88356954188455461 
 135.40606749124896169 151.48356954188454893 
 135.40606749124896169 185.6169028752179031 
 150.18594525335521439 160.01690287521788036 
 150.18594525335521439 177.08356954188457166 
 135.40606749124896169 202.68356954188456598 
 135.40606749124896169 236.81690287521789173 
 150.18594525335521439 211.21690287521789742 
 150.18594525335521439 228.28356954188456029 
 135.40606749124896169 253.88356954188455461 
 135.40606749124896169 32.016902875217873259 
 150.18594525335521439 6.4169028752178824959 
 150.18594525335521439 23.483569541884545373 
 164.96582301546146709 49.083569541884557452 
 164.96582301546146709 83.216902875217883206 
 179.7457007775677198 57.616902875217888891 
 179.7457007775677198 74.683569541884551768 
 164.96582301546146709 100.28356954188456029 
 164.96582301546146709 134.41690287521788605 
 179.7457007775677198 108.81690287521789173 
 179.7457007775677198 125.88356954188455461 
 164.96582301546146709 151.48356954188454893 
 164.96582301546146709 185.6169028752179031 
 179.7457007775677198 160.01690287521788036 
 179.7457007775677198 177.08356954188457166 
 164.96582301546146709 202.68356954188456598 
 164.96582301546146709 236.81690287521789173 
 179.7457007775677198 211.21690287521789742 
 179.7457007775677198 228.28356954188456029 
 164.96582301546146709 253.88356954188455461 
 164.96582301546146709 32.016902875217873259 
 179.7457007775677198 6.4169028752178824959 
 179.7457007775677198 23.483569541884545373 
 194.52557853967402934 49.083569541884557452 
 194.52557853967402934 83.216902875217883206 
 209.3054563017802252 57.616902875217888891 
 209.3054563017802252 74.683569541884551768 
 194.52557853967402934 100.28356954188456029 
 194.52557853967402934 134.41690287521788605 
 209.3054563017802252 108.81690287521789173 
 209.3054563017802252 125.88356954188455461 
 194.52557853967402934 151.48356954188454893 
 194.52557853967402934 185.6169028752179031 
 209.3054563017802252 160.01690287521788036 
 209.3054563017802252 177.08356954188457166 
 194.52557853967402934 202.68356954188456598 
 194.52557853967402934 236.81690287521789173 
 209.3054563017802252 211.21690287521789742 
 209.3054563017802252 228.28356954188456029 
 194.52557853967402934 253.88356954188455461 
 194.52557853967402934 32.016902875217873259 
 209.3054563017802252 6.4169028752178824959 
 209.3054563017802252 23.483569541884545373 
 224.08533406388647791 49.083569541884557452 
 224.08533406388647791 83.216902875217883206 
 238.86521182599275903 57.616902875217888891 
 238.86521182599275903 74.683569541884551768 
 224.08533406388647791 100.28356954188456029 
 224.08533406388647791 134.41690287521788605 
 238.86521182599275903 108.81690287521789173 
 238.86521182599275903 125.88356954188455461 
 224.08533406388647791 151.48356954188454893 
 224.08533406388647791 185.6169028752179031 
 238.86521182599275903 160.01690287521788036 
 238.86521182599275903 177.08356954188457166 
 224.08533406388647791 202.68356954188456598 
 224.08533406388647791 236.81690287521789173 
 238.86521182599275903 211.21690287521789742 
 238.86521182599275903 228.28356954188456029 
 224.08533406388647791 253.88356954188455461 
 224.08533406388647791 32.016902875217873259 
 238.86521182599275903 6.4169028752178824959 
 238.86521182599275903 23.483569541884545373 
