 89.057067432677854413 4.4884990708314713714 
 64.921155968177032491 28.624410535332295069 
 93.474041357246264283 20.973428727650279768 
 81.406085624995839112 33.04138445990070494 
 52.853200235926628636 40.69236626758270603 
 28.717288771425803162 64.828277732083535057 
 57.270174160495024296 57.177295924401526861 
 45.202218428244599124 69.245251656651944927 
 16.649333039175381543 76.896233464333946017 
 21.066306963743791414 93.381163121152752637 
 8.9983512314933697951 105.4491188534031636 
 122.02692674631545344 13.322446919968244927 
 150.57981213538465681 5.6714651122862091981 
 138.51185640313423164 17.739420844536631705 
 109.95897101406504248 25.390402652218647006 
 85.823059549564220561 49.526314116719490244 
 114.37594493863340972 41.875332309037453626 
 102.30798920638301297 53.943288041287878798 
 73.755103817313823811 61.594269848969886993 
 49.619192352812987679 85.730181313470723126 
 78.172077741882191049 78.079199505788693614 
 66.104122009631765877 90.147155238039104574 
 37.551236620562576718 97.798137045721134086 
 13.415325156061754797 121.93404851022198443 
 41.968210545130965272 114.2830667025399265 
 29.900254812880522337 126.35102243479033746 
 1.3473694238113544941 134.00200424247236697 
 5.7643433483797199557 150.48693389929115938 
 167.06474179220344922 10.088439036854573772 
 142.9288303277026273 34.224350501355417009 
 171.48171571677181646 26.573368693673383945 
 159.41375998452141971 38.641324425923805563 
 130.86087459545223055 46.29230623360582797 
 106.72496313095139442 70.428217698106664102 
 135.27784852002059779 62.777235890424627485 
 123.20989278777018683 74.845191622675045551 
 94.657007398700983458 82.496173430357060852 
 70.521095934200161537 106.63208489485791119 
 99.073981323269379118 98.981103087175853261 
 87.006025591018953946 111.04905881942627843 
 58.453140201949750576 118.70004062710830794 
 34.317228737448928655 142.83595209160915829 
 62.87011412651813913 135.18497028392710035 
 50.802158394267713959 147.25292601617752553 
 22.249273005198528352 154.90390782385955504 
 26.666246929766892038 171.38883748067834745 
 14.598291197516493511 183.4567932129287442 
 187.96664537359063729 30.990342618241768946 
 163.83073390908978695 55.126254082742590867 
 192.38361929815900453 47.47527227506055425 
 180.31566356590857936 59.543228007310979422 
 151.7627781768393902 67.194209814993001828 
 127.62686671233856828 91.33012127949383796 
 156.17975210140775744 83.679139471811808448 
 144.11179636915736069 95.747095204062219409 
 115.55891098008817153 103.39807701174423471 
 91.422999515587335395 127.53398847624508505 
 119.97588490465653877 119.88300666856302712 
 107.90792917240611359 131.95096240081343808 
 79.355043783336924434 139.60194420849549601 
 55.219132318836102513 163.73785567299631794 
 83.772017707905305883   156.08687386531426 
 71.704061975654880712 168.15482959756468517 
 43.151176586585698658 175.80581140524671468 
 19.015265122084901606 199.94172286974753661 
 47.568150511154065896 192.29074106206550709 
 35.500194778903669146 204.35869679431593227 
 208.86854895497776852 51.892246199628921488 
 184.73263749047697502 76.028157664129750515 
 213.28552287954616418 68.377175856447721003 
 201.21756714729576743 80.445131588698146174 
 172.66468175822657827 88.096113396380161475 
 148.52877029372575635 112.23202486088101182 
 177.08165568279494551 104.58104305319898231 
 165.01369995054452033 116.64899878544937906 
 136.46081456147533117 124.29998059313140857 
 112.32490309697449504 148.43589205763223049 
 140.87778848604369841 140.78491024995020098 
 128.80983275379327324 152.85286598220062615 
 100.25694736472409829 160.50384778988265566 
 76.121035900223262161 184.63975925438347758 
 104.67392128929247974 176.98877744670141965 
 92.60596555704205457 189.05673317895187324 
 64.053080167972865411 196.70771498663384591 
 39.917168703472050595 220.84362645113469625 
 68.47005409254124686 213.19264464345266674 
 56.402098360290843004 225.26060037570306349 
 229.77045253636498501 72.794149781016102452 
 205.63454107186413466 96.930061245516924373 
 234.18742646093335225 89.27907943783488065 
 222.11947072868289865 101.34703517008530582 
 193.56658533961373791 108.99801697776733533 
 169.43067387511288757 133.13392844226817147 
 197.98355926418210515 125.48294663458612774 
 185.9156035319317084 137.5509023668365387 
 157.36271814286249082 145.20188417451859664 
 133.2268066783616689 169.33779563901941856 
 161.77969206743088648 161.68681383133736063 
 149.71173633518046131 173.7547695635877858 
 121.15885094611127215 181.40575137126984373 
 97.022939481610436019 205.54166283577066565 
 125.5758248706796536 197.89068102808860772 
 113.50786913842921422 209.95863676033900447 
 84.954983749360039269 217.6096185680210624 
 60.819072284859224453 241.74553003252188432 
 89.371957673928420718 234.09454822483985481 
 77.304001941678009757 246.16250395709025156 
 250.67235611775217308 93.69605336240327631 
 226.53644465325132273 117.83196482690411244 
 255.08933004232051189 110.18098301922208293 
 243.02137431007011514 122.24893875147249389 
 214.46848892100092598 129.89992055915450919 
 190.33257745650010406 154.03583202365535954 
 218.88546284556932164 146.38485021597333002 
 206.81750711331892489 158.45280594822375519 
 178.26462172424967889 166.10378775590575628 
 154.12871025974885697 190.23969922040660663 
 182.68159564881807455 182.58871741272457712 
 170.61363991656764938 194.65667314497497387 
 142.06075452749846022 202.30765495265700338 
 117.92484306299762409 226.44356641715785372 
 146.47772845206685588 218.79258460947582421 
 134.40977271981643071 230.86054034172622096 
 105.85688733074722734 238.51152214940825047 
 110.27386125531560879 254.99645180622701446 
 247.43834823463853922 138.73386840829130051 
 235.37039250238814247 150.80182414054169726 
 211.23448103788729213 174.93773560504251918 
 239.78736642695650971 167.28675379736051809 
 227.71941069470608454 179.35470952961094326 
 199.16652530563689538 187.00569133729294435 
 175.03061384113604504 211.14160280179376628 
 203.58349923020526262 203.49062099411173676 
 191.51554349795483745 215.55857672636219036 
 162.96265810888564829 223.20955853404419145 
 138.82674664438482637 247.34546999854501337 
 167.37963203345404395 239.69448819086298386 
 155.31167630120361878 251.76244392311343745 
