 171.71331996120446206 3.4503770571500171904 
 200.26633496332493678 11.100875142339377888 
 183.7812008613248338 15.518053512089071688 
 155.22818585920435908 7.8675554268996892304 
 122.25791765520415311 16.701912166399075943 
 150.81093265732462783 24.352410251588459289 
 134.32579855532452484 28.769588621338133549 
 105.77278355320406433 21.119090536148750203 
 72.802515349203858364 29.953447275648137804 
 101.35553035132433308 37.603945360837506939 
 84.870396249324215887 42.021123730587206069 
 56.317381247203762484 34.370625645397822723 
 23.347113043203570726 43.204982384897199665 
 51.900128045324038339 50.855480470086583011 
 35.41499394332394246 55.272658839836260825 
 6.8619789412034748466 47.622160754646870373 
 2.4447257393237640244 64.107015579335637767 
 212.33421586344533694 23.168551597278455034 
 179.36394765944510254 32.002908336777821319 
 207.91696266156560569 39.65340642196721177 
 191.43182855956547428 44.070584791716896689 
 162.87881355744499956 36.420086706527513343 
 129.90854535344482201 45.254443446026904496 
 158.46156035556529673 52.904941531216273631 
 141.97642625356516533 57.322119900965965655 
 113.42341125144471903 49.671621815776582309 
 80.453143047444498848 58.505978555275966357 
 109.00615804956498778 66.156476640465328387 
 92.521023947564870582 70.573655010215034622 
 63.968008945444410074 62.923156925025644171 
 30.997740741444221868 71.757513664525021113 
 59.550755743564685929 79.408011749714404459 
 43.06562164156459005 83.825190119464082272 
 14.512606639444125989 76.174692034274698926 
 228.8193499654454115 18.751373227528759458 
 10.095353437564414278 92.65954685896346632 
  219.984843561685949 51.721082876906280035 
 187.01457535768577145 60.555439616405656977 
 215.56759035980624617 68.205937701595033218 
 199.08245625780611476 72.623116071344725242 
 170.52944125568564004 64.972617986155341896 
 137.55917305168543407 73.806974725654725944 
 166.11218805380590879 81.457472810844095079 
 149.62705395180583423 85.874651180593787103 
 121.0740389496853453 78.224153095404403757 
 88.103770745685139332 87.058509834903787805 
 116.65678574780562826 94.70900792009315694 
 100.17165164580551107 99.126186289842848964 
 71.618636643685050558 91.475688204653465618 
 38.648368439684858799 100.31004494415284967 
 67.201383441805333518 107.96054302934223301 
 50.716249339805230534 112.37772139909189661 
 22.163234337684777131 104.72722331390252748 
 236.4699776636860804 47.303904507156588011 
 17.745981135805067197 121.21207813859126645 
 1.2608470338049713177 125.62925650834095848 
 227.63547125992658948 80.273614156534108588 
 194.66520305592638351 89.107970896033478425 
 223.21821805804688665 96.75846898122284756 
 206.73308395604678367 101.17564735097253958 
 178.18006895392630895 93.525149265783170449 
 145.20980074992610298 102.3595060052825545 
 173.7628157520465777 110.01000409047190942 
 157.27768165004644629 114.42718246022160145 
     128.724666647926 106.7766843750322181 
 95.754398443925779816 115.61104111453161636 
 124.30741344604626875 123.26153919972097128 
 107.82227934404616576 127.67871756947066331 
 79.269264341925705253 120.02821948428127996 
 46.298996137925513494 128.86257622378067822 
 74.852011140045974003 136.51307430897003314 
 58.366877038045885229 140.93025267871973938 
 29.813862035925406957 133.27975459353035603 
 244.12060536192672089 75.856435786784416564 
 25.396608834045697023 149.76460941821912343 
 8.9114747320456011437 154.18178778796880124 
 235.28609895816725839 108.82614543616192293 
 202.31583075416708084 117.66050217566129277 
 230.86884575628755556 125.31100026085067611 
 214.38371165428739573 129.72817863060038235 
 185.83069665216692101 122.07768054541098479 
 152.86042844816674346 130.91203728491035463 
 181.41344345028721818 138.56253537009973797 
 164.9283093482871152 142.97971373984944421 
 136.37529434616664048 135.32921565466006086 
 103.40502614216643451 144.16357239415944491 
 131.95804114428690923 151.81407047934879984 
 115.47290704228679203 156.23124884909850607 
 86.919892040166345737 148.58075076390912272 
 53.949623836166153978 157.41510750340847835 
 82.502638838286614487 165.0656055885978617 
 66.017504736286525713 169.48278395834753951 
 37.464489734166058099 161.83228587315818459 
 251.77123306016736137 104.40896706641223091 
 33.047236532286348165 178.31714069784692356 
 16.562102430286252286 182.73431906759660137 
 242.93672665640789887 137.37867671578973727 
 209.9664584524076929 146.21303345528912132 
 238.51947345452816762 153.86353154047847624 
 222.03433935252803622 158.28070991022818248 
 193.48132435040758992 150.63021182503882756 
 160.51105614640738395 159.46456856453818318 
 189.06407114852785867 167.11506664972756653 
 172.57893704652775568 171.53224501947724434 
 144.02592204440728096  163.881746934287861 
 111.05565384040708921 172.71610367378724504 
 139.60866884252757814 180.36660175897659997 
 123.12353474052744673 184.7837801287263062 
 94.570519738406986221 177.13328204353692286 
 61.600251534406794462 185.9676387830363069 
 90.153266536527254971 193.61813686822569025 
 73.668132434527166197 198.03531523797536806 
 45.115117432406698583 190.38481715278598472 
 40.697864230526988649 206.86967197747475211 
 24.212730128526903428 211.28685034722442992 
 250.58735435464851093 165.93120799541756583 
 217.61708615064833339 174.76556473491694987 
 246.17010115276880811 182.4160628201063048 
 229.68496705076870512 186.83324118985601103 
 201.1319520486482304 179.18274310466662769 
 168.16168384464802443 188.01709984416601174 
 196.71469884676852757 195.66759792935536666 
 180.22956474476839617 200.08477629910507289 
 151.67654974264792145 192.43427821391568955 
 118.70628153864771548 201.2686349534150736 
 147.2592965407681902 208.9191330386044001 
 130.77416243876808721 213.33631140835410633 
 102.22114743664762671 205.68581332316477983 
 69.250879232647449157 214.52017006266413546 
 97.803894234767909666 222.17066814785349038 
 81.318760132767806681 226.58784651760316819 
 52.765745130647346173 218.93734843241381327 
 48.348491928767629133 235.42220325710258066 
 31.863357826767533254 239.83938162685225848 
 225.26771384888900229 203.31809601454477843 
 253.82072885100947701 210.96859409973416177 
 237.33559474900937403 215.38577246948386801 
 208.78257974688889931 207.73527438429445624 
 175.81231154288866492 216.56963112379381187 
 204.36532654500913964 224.22012920898322363 
 187.88019244300906507 228.63730757873290145 
 159.32717744088859035 220.98680949354348968 
 126.35690923688837017 229.82116623304290215 
 154.9099242390088591 237.4716643182322855 
 138.4247901370087277 241.88884268798199173 
 109.87177513488826719 234.23834460279257996 
 76.901506930888089641 243.07270134229196401 
 105.45452193300856436 250.72319942748137578 
 88.969387831008461376 255.14037779723108201 
 60.416372828887986657 247.48987971204167025 
