 235.32649045819746902 30.129306456420664517 
 201.19315712486411485 30.129306456420664517 
 226.79315712486413759 44.909184218526910115 
 209.72649045819747471 44.909184218526917221 
 184.12649045819745197 30.129306456420664517 
 149.99315712486412622 30.129306456420664517 
 175.59315712486412053 44.909184218526917221 
 158.52649045819745766 44.909184218526917221 
 132.92649045819746334 30.129306456420664517 
 98.793157124864123375 30.129306456420664517 
 124.39315712486414611 44.909184218526917221 
 107.32649045819745481 44.909184218526917221 
 81.726490458197460498 30.129306456420664517 
 47.593157124864113428 30.129306456420664517 
 73.19315712486414327 44.909184218526917221 
 56.126490458197451972 44.909184218526917221 
 30.526490458197464761 30.129306456420664517 
 252.3931571248641319 30.129306456420664517 
 21.993157124864133323 44.909184218526931431 
 4.926490458197472222 44.909184218526931431 
 235.32649045819746902 59.689061980633162818 
 201.19315712486411485 59.689061980633169924 
 226.79315712486413759 74.468939742739422627 
 209.72649045819747471 74.468939742739436838 
 184.12649045819748039 59.689061980633169924 
 149.99315712486412622 59.689061980633169924 
 175.59315712486412053 74.468939742739436838 
 158.52649045819745766 74.468939742739436838 
 132.92649045819746334 59.689061980633169924 
 98.793157124864123375 59.689061980633169924 
 124.39315712486414611 74.468939742739436838 
 107.32649045819745481 74.468939742739436838 
 81.726490458197460498 59.689061980633169924 
 47.593157124864120533 59.689061980633169924 
 73.19315712486414327 74.468939742739436838 
 56.126490458197451972 74.468939742739436838 
 30.526490458197464761 59.689061980633184135 
 252.3931571248641319 59.689061980633162818 
 21.993157124864133323 74.468939742739451049 
 4.926490458197472222 74.468939742739451049 
 235.32649045819746902 89.24881750484567533 
 201.19315712486411485 89.24881750484567533 
 226.79315712486413759 104.02869526695192803 
 209.72649045819747471 104.02869526695192803 
 184.12649045819748039 89.24881750484567533 
 149.99315712486412622 89.248817504845689541 
 175.59315712486412053 104.02869526695192803 
 158.52649045819745766 104.02869526695192803 
 132.92649045819746334 89.248817504845689541 
 98.793157124864123375 89.248817504845689541 
 124.39315712486414611 104.02869526695192803 
 107.32649045819745481 104.02869526695192803 
 81.726490458197460498 89.248817504845703752 
 47.593157124864120533 89.248817504845703752 
 73.19315712486414327 104.02869526695195646 
 56.126490458197451972 104.02869526695195646 
 30.526490458197464761 89.248817504845703752 
 252.3931571248641319 89.24881750484567533 
 21.993157124864133323 104.02869526695195646 
 4.926490458197472222 104.02869526695195646 
 235.32649045819746902 118.80857302905820916 
 201.19315712486411485 118.80857302905820916 
 226.79315712486413759 133.58845079116446186 
 209.72649045819747471 133.58845079116446186 
 184.12649045819748039 118.80857302905820916 
 149.99315712486412622 118.80857302905820916 
 175.59315712486412053 133.58845079116446186 
 158.52649045819745766 133.58845079116446186 
 132.92649045819746334 118.80857302905820916 
 98.793157124864123375 118.80857302905820916 
 124.39315712486414611 133.58845079116446186 
 107.32649045819745481 133.58845079116446186 
 81.726490458197460498 118.80857302905820916 
 47.593157124864120533 118.80857302905820916 
 73.19315712486414327 133.58845079116446186 
 56.126490458197451972 133.58845079116446186 
 30.526490458197464761 118.80857302905820916 
 252.3931571248641319 118.80857302905820916 
 21.993157124864133323 133.58845079116446186 
 4.926490458197472222 133.58845079116446186 
 235.32649045819746902 148.36832855327071456 
 201.19315712486411485 148.36832855327071456 
 226.79315712486413759 163.14820631537696727 
 209.72649045819747471 163.14820631537696727 
 184.12649045819748039 148.36832855327071456 
 149.99315712486412622 148.36832855327071456 
 175.59315712486412053 163.14820631537696727 
 158.52649045819745766 163.14820631537696727 
 132.92649045819746334 148.36832855327071456 
 98.793157124864123375 148.36832855327071456 
 124.39315712486414611 163.14820631537696727 
 107.32649045819745481 163.14820631537696727 
 81.726490458197460498 148.36832855327071456 
 47.593157124864120533 148.36832855327071456 
 73.19315712486414327 163.14820631537696727 
 56.126490458197451972 163.14820631537696727 
 30.526490458197464761 148.36832855327071456 
 252.3931571248641319 148.36832855327071456 
 21.993157124864133323 163.14820631537696727 
 4.926490458197472222 163.14820631537696727 
 235.32649045819746902 177.92808407748321997 
 201.19315712486411485 177.92808407748321997 
 226.79315712486413759 192.70796183958944425 
 209.72649045819747471 192.70796183958947267 
 184.12649045819748039 177.92808407748321997 
 149.99315712486412622 177.92808407748321997 
 175.59315712486414895 192.70796183958947267 
 158.52649045819745766 192.70796183958947267 
 132.92649045819746334 177.92808407748321997 
 98.793157124864123375 177.92808407748321997 
 124.39315712486414611 192.70796183958947267 
 107.32649045819745481 192.70796183958947267 
 81.726490458197460498 177.92808407748321997 
 47.593157124864120533 177.92808407748321997 
 73.19315712486414327 192.70796183958947267 
 56.126490458197451972 192.70796183958947267 
 30.526490458197464761 177.92808407748321997 
 252.3931571248641319 177.92808407748321997 
 21.993157124864133323 192.7079618395895011 
 4.926490458197472222 192.7079618395895011 
 235.32649045819746902 207.48783960169572538 
 201.19315712486411485 207.4878396016957538 
 226.79315712486413759 222.26771736380194966 
 209.72649045819747471 222.26771736380194966 
 184.12649045819748039 207.4878396016957538 
 149.99315712486412622 207.4878396016957538 
 175.59315712486414895 222.26771736380194966 
 158.52649045819745766 222.26771736380194966 
 132.92649045819746334 207.4878396016957538 
 98.793157124864123375 207.4878396016957538 
 124.39315712486414611 222.26771736380194966 
 107.32649045819745481 222.26771736380194966 
 81.726490458197460498 207.4878396016957538 
 47.593157124864120533 207.4878396016957538 
 73.19315712486414327 222.26771736380194966 
 56.126490458197466182 222.26771736380194966 
 30.526490458197464761 207.4878396016957538 
 252.3931571248641319 207.48783960169572538 
 21.993157124864133323 222.2677173638020065 
 4.926490458197472222 222.2677173638020065 
 235.32649045819746902 237.04759512590823078 
 201.19315712486417169 237.04759512590823078 
 226.79315712486413759 15.34942869431443313 
 209.72649045819744629 15.34942869431443313 
 184.12649045819750881 237.04759512590823078 
 149.99315712486412622 237.04759512590823078 
 175.59315712486412053 15.34942869431443313 
 158.52649045819745766 15.34942869431443313 
 132.92649045819746334 237.04759512590823078 
 98.793157124864123375 237.04759512590823078 
 124.39315712486414611 15.34942869431443313 
 107.32649045819745481 15.34942869431443313 
 81.726490458197460498 237.04759512590823078 
 47.593157124864134744 237.04759512590823078 
 73.193157124864129059 15.34942869431443313 
 56.126490458197444866 15.34942869431443313 
 30.526490458197464761 237.04759512590823078 
 252.3931571248641319 237.04759512590823078 
 21.993157124864133323 15.34942869431443313 
 4.926490458197472222 15.34942869431443313 
