 44.683267745491370704 34.814684123152026984 
 44.683267745491370704 77.481350789818691283 
 63.158476359559401203 45.481350789818691283 
 63.158476359559401203 66.81468412315203409 
 44.683267745491370704 98.814684123152019879 
 44.683267745491370704 141.48135078981869128 
 63.158476359559401203 109.48135078981869128 
 63.158476359559401203 130.81468412315203409 
 44.683267745491370704 162.81468412315203409 
 44.683267745491370704 205.48135078981869128 
 63.158476359559401203 173.48135078981869128 
 63.158476359559401203 194.81468412315206251 
 44.683267745491370704 226.81468412315200567 
 44.683267745491370704 13.481350789818696612 
 63.158476359559401203 237.48135078981866286 
 63.158476359559401203 2.8146841231520207671 
 81.633684973627424597 34.814684123152026984 
 81.633684973627424597 77.481350789818691283 
 100.10889358769543378 45.481350789818691283 
 100.10889358769543378 66.81468412315203409 
 81.633684973627424597 98.814684123152019879 
 81.633684973627424597 141.48135078981869128 
 100.10889358769543378 109.48135078981869128 
 100.10889358769543378 130.81468412315203409 
 81.633684973627424597 162.81468412315203409 
 81.633684973627424597 205.48135078981869128 
 100.10889358769543378 173.48135078981869128 
 100.10889358769543378 194.81468412315206251 
 81.633684973627424597 226.81468412315200567 
 81.633684973627424597 13.481350789818696612 
 100.10889358769543378 237.48135078981866286 
 100.10889358769543378 2.8146841231520207671 
 118.58410220176347138 34.814684123152026984 
 118.58410220176347138 77.481350789818691283 
 137.05931081583150899 45.481350789818691283 
 137.05931081583150899 66.81468412315203409 
 118.58410220176347138 98.814684123152019879 
 118.58410220176347138 141.48135078981869128 
 137.05931081583150899 109.48135078981869128 
 137.05931081583150899 130.81468412315203409 
 118.58410220176347138 162.81468412315203409 
 118.58410220176347138 205.48135078981869128 
 137.05931081583150899 173.48135078981869128 
 137.05931081583150899 194.81468412315206251 
 118.58410220176347138 226.81468412315200567 
 118.58410220176347138 13.481350789818696612 
 137.05931081583150899 237.48135078981866286 
 137.05931081583150899 2.8146841231520207671 
 155.53451942989951817 34.814684123152026984 
 155.53451942989951817 77.481350789818691283 
 174.00972804396752736 45.481350789818691283 
 174.00972804396752736 66.81468412315203409 
 155.53451942989951817 98.814684123152019879 
 155.53451942989951817 141.48135078981869128 
 174.00972804396752736 109.48135078981869128 
 174.00972804396752736 130.81468412315203409 
 155.53451942989951817 162.81468412315203409 
 155.53451942989951817 205.48135078981869128 
 174.00972804396752736 173.48135078981869128 
 174.00972804396752736 194.81468412315206251 
 155.53451942989951817 226.81468412315200567 
 155.53451942989951817 13.481350789818696612 
 174.00972804396752736 237.48135078981866286 
 174.00972804396752736 2.8146841231520207671 
 192.48493665803553654 34.814684123152026984 
 192.48493665803553654 77.481350789818691283 
 210.96014527210360257 45.481350789818691283 
 210.96014527210360257 66.81468412315203409 
 192.48493665803553654 98.814684123152019879 
 192.48493665803553654 141.48135078981869128 
 210.96014527210360257 109.48135078981869128 
 210.96014527210360257 130.81468412315203409 
 192.48493665803553654 162.81468412315203409 
 192.48493665803553654 205.48135078981869128 
 210.96014527210360257 173.48135078981869128 
 210.96014527210360257 194.81468412315206251 
 192.48493665803553654 226.81468412315200567 
 192.48493665803553654 13.481350789818696612 
 210.96014527210360257 237.48135078981866286 
 210.96014527210360257 2.8146841231520207671 
 229.43535388617164017 34.814684123152026984 
 229.43535388617164017 77.481350789818691283 
 26.208059131423361521 45.481350789818691283 
 26.208059131423361521 66.81468412315203409 
 229.43535388617164017 98.814684123152019879 
 229.43535388617164017 141.48135078981869128 
 26.208059131423361521 109.48135078981869128 
 26.208059131423361521 130.81468412315203409 
 229.43535388617164017 162.81468412315203409 
 229.43535388617164017 205.48135078981869128 
 26.208059131423361521 173.48135078981869128 
 26.208059131423361521 194.81468412315206251 
 229.43535388617164017 226.81468412315200567 
 229.43535388617164017 13.481350789818696612 
 26.208059131423361521 237.48135078981866286 
 26.208059131423361521 2.8146841231520207671 
