 96.904133420142755995 21.450458686730762281 
 133.85455064827880278 21.450458686730762281 
 115.37934203421077939 32.117125353397412368 
 78.428924806074732601 32.11712535339744079 
 41.478507577938678708 53.450458686730790703 
 78.428924806074746812 53.450458686730755176 
 59.953716192006709207 64.117125353397426579 
 23.003298963870680183 64.11712535339744079 
 23.003298963870658866 85.450458686730769386 
 4.5280903498026283671 96.11712535339744079 
 152.32975926234681197 32.117125353397412368 
 115.37934203421077939 53.450458686730769386 
 152.32975926234681197 53.45045868673074807 
 133.85455064827880278 64.117125353397426579 
 96.904133420142755995 64.117125353397426579 
 59.953716192006694996 85.450458686730769386 
 96.904133420142770206 85.450458686730755176 
 78.42892480607471839 96.117125353397426579 
 41.478507577938700024 96.117125353397426579 
 4.5280903498026496834 117.45045868673075518 
 41.478507577938685813 117.45045868673075518 
 23.003298963870658866 128.11712535339742658 
 170.80496787641484957 21.450458686730740965 
 207.75538510455089636 21.450458686730740965 
 189.28017649048288717 32.117125353397412368 
 170.80496787641484957 64.117125353397426579 
 133.85455064827880278 85.450458686730755176 
 170.80496787641487799 85.450458686730755176 
 152.32975926234684039 96.117125353397426579 
 115.37934203421077939 96.117125353397426579 
 78.42892480607471839 117.4504586867307836 
 115.37934203421080781 117.45045868673075518 
 96.904133420142755995 128.11712535339742658 
 59.953716192006730523 128.11712535339742658 
 23.003298963870701499 149.45045868673076939 
 59.953716192006716312 149.45045868673076939 
 41.478507577938678708  160.117125353397455 
 4.5280903498026496834 160.11712535339742658 
 189.28017649048288717 53.45045868673074807 
 226.23059371861893396 53.450458686730755176 
 207.75538510455092478 64.117125353397412368 
 189.28017649048288717 96.117125353397398158 
 152.32975926234684039 117.45045868673075518 
 189.28017649048288717 117.45045868673075518 
 170.80496787641487799 128.11712535339739816 
 133.85455064827880278 128.11712535339742658 
 96.904133420142755995 149.45045868673076939 
 133.8545506482788312 149.45045868673076939 
 115.37934203421077939 160.11712535339742658 
 78.428924806074761023 160.11712535339742658 
 41.47850757793872134 181.45045868673076939 
 78.428924806074746812 181.45045868673076939 
 59.953716192006709207  192.117125353397455 
 23.003298963870680183  192.117125353397455 
 207.75538510455089636 85.450458686730740965 
 244.70580233268699999 85.450458686730755176 
 226.23059371861893396 96.117125353397398158 
 207.75538510455089636 128.11712535339742658 
 170.80496787641487799 149.45045868673076939 
 207.75538510455092478 149.45045868673076939 
 189.2801764904829156 160.11712535339742658 
 152.32975926234684039 160.11712535339742658 
 115.37934203421077939 181.45045868673076939 
 152.32975926234686881 181.45045868673076939 
 133.85455064827880278  192.117125353397455 
 96.904133420142798627  192.117125353397455 
 59.953716192006758945 213.45045868673079781 
 96.904133420142770206 213.45045868673079781 
 78.428924806074746812  224.117125353397455 
 41.478507577938707129  224.117125353397455 
 226.23059371861893396 117.45045868673075518 
 244.70580233268699999 128.11712535339739816 
 226.23059371861893396 160.11712535339742658 
 189.2801764904829156 181.45045868673076939 
 226.23059371861893396 181.45045868673074096 
 207.75538510455092478  192.117125353397455 
 170.80496787641487799  192.117125353397455 
 133.85455064827880278 213.45045868673079781 
 170.80496787641490641 213.45045868673074096 
 152.32975926234684039 224.11712535339742658 
 115.37934203421082202 224.11712535339742658 
 78.428924806074789444 245.45045868673074096 
 115.37934203421080781 245.45045868673074096 
 96.904133420142755995 256.11712535339739816 
 59.953716192006751839 256.11712535339739816 
 244.70580233268699999 149.45045868673074096 
