 228.76095212984498062 39.752278584677640083 
 186.09428546317832343 39.752278584677654294 
  218.094285463178295 58.227487198745663477 
 196.76095212984498062 58.227487198745670582 
 164.76095212984498062 39.752278584677654294 
 122.09428546317832343 39.752278584677654294 
 154.09428546317832343 58.227487198745670582 
 132.76095212984500904 58.227487198745670582 
 100.76095212984499483 39.752278584677654294 
 58.094285463178323425 39.752278584677654294 
 90.094285463178309215 58.227487198745670582 
 68.760952129844980618 58.227487198745670582 
 36.760952129844966407 39.752278584677661399 
 250.09428546317832343 39.752278584677640083 
 26.094285463178305662 58.227487198745684793 
 4.7609521298449957172 58.227487198745684793 
 228.76095212984498062 76.702695812813686871 
 186.09428546317832343 76.702695812813701082 
  218.094285463178295 95.177904426881710265 
 196.76095212984498062 95.177904426881710265 
 164.76095212984498062 76.702695812813701082 
 122.09428546317832343 76.702695812813701082 
 154.09428546317832343 95.177904426881724476 
 132.76095212984500904 95.177904426881724476 
 100.76095212984499483 76.702695812813701082 
 58.094285463178330531 76.702695812813701082 
 90.094285463178309215 95.177904426881724476 
 68.760952129844980618 95.177904426881724476 
 36.760952129844980618 76.702695812813715293 
 250.09428546317832343 76.702695812813686871 
 26.094285463178305662 95.177904426881724476 
 4.7609521298449957172 95.177904426881724476 
 228.76095212984498062 113.65311304094976208 
 186.09428546317832343 113.65311304094976208 
  218.094285463178295 132.12832165501777126 
 196.76095212984498062 132.12832165501777126 
 164.76095212984498062 113.65311304094976208 
 122.09428546317832343 113.65311304094976208 
 154.09428546317832343 132.12832165501777126 
 132.76095212984500904 132.12832165501777126 
 100.76095212984499483 113.65311304094976208 
 58.094285463178330531 113.65311304094976208 
 90.094285463178309215 132.12832165501777126 
 68.760952129844980618 132.12832165501777126 
 36.760952129844980618 113.65311304094976208 
 250.09428546317832343 113.65311304094976208 
 26.094285463178305662 132.12832165501777126 
 4.7609521298449957172 132.12832165501777126 
 228.76095212984498062 150.60353026908578045 
 186.09428546317832343 150.60353026908578045 
  218.094285463178295 169.07873888315381805 
 196.76095212984498062 169.07873888315381805 
 164.76095212984498062 150.60353026908578045 
 122.09428546317832343 150.60353026908578045 
 154.09428546317832343 169.07873888315381805 
 132.76095212984500904 169.07873888315381805 
 100.76095212984499483 150.60353026908578045 
 58.094285463178330531 150.60353026908578045 
 90.094285463178309215 169.07873888315381805 
 68.760952129844980618 169.07873888315381805 
 36.760952129844980618 150.60353026908578045 
 250.09428546317832343 150.60353026908578045 
 26.094285463178305662 169.07873888315381805 
 4.7609521298449957172 169.07873888315381805 
 228.76095212984498062 187.55394749722182723 
 186.09428546317832343 187.55394749722182723 
  218.094285463178295 206.02915611128986484 
 196.76095212984498062 206.02915611128989326 
 164.76095212984498062 187.55394749722182723 
 122.09428546317832343 187.55394749722182723 
 154.09428546317832343 206.02915611128989326 
 132.76095212984500904 206.02915611128989326 
 100.76095212984499483 187.55394749722182723 
 58.094285463178330531 187.55394749722182723 
 90.094285463178309215 206.02915611128989326 
 68.760952129844980618 206.02915611128989326 
 36.760952129844980618 187.55394749722185566 
 250.09428546317832343 187.55394749722182723 
 26.094285463178305662 206.02915611128989326 
 4.7609521298449957172 206.02915611128989326 
 228.76095212984498062 224.50436472535787402 
 186.09428546317832343 224.50436472535787402 
  218.094285463178295 21.277069970609634453 
 196.76095212984498062 21.277069970609634453 
 164.76095212984498062 224.50436472535787402 
 122.09428546317832343 224.50436472535787402 
 154.09428546317832343 21.277069970609634453 
 132.76095212984500904 21.277069970609634453 
 100.76095212984499483 224.50436472535787402 
 58.094285463178344742 224.50436472535787402 
 90.094285463178309215 21.277069970609634453 
 68.760952129844980618 21.277069970609634453 
 36.760952129844987724 224.50436472535787402 
 250.09428546317832343 224.50436472535787402 
 26.094285463178305662 21.277069970609634453 
 4.7609521298449957172 21.277069970609634453 
