 180.02126946605463331 36.765310580242292815 
 153.90769626182330398 54.512729289185386961 
 111.22986981521948735 10.441513308156947559 
 59.001326660685109005 45.938050136535991896 
 85.114734220727584102 28.190013235064075303 
 32.887919100642626802 63.686087038007912042 
 196.58568835261596064 98.584563462742650586 
 170.47211514838460289 116.33198217168575184 
 127.79428870178081468 72.260766190657307106 
 75.565745547246436331 107.75730301903637098 
 101.67915310728891143 90.009266117564436627 
 49.452337987203954128 125.50533992050829113 
 213.15010723917728797 160.40381634524302967 
 187.03653403494593022 178.15123505418611671 
 144.35870758834212779 134.08001907315767198 
 92.130164433807763658 169.57655590153672165 
 118.24357199385023875 151.82851900006482992 
 66.01675687376528856 187.32459280300867022 
 229.71452612573861529 222.22306922774339455 
 203.60095292150728596 239.97048793668656685 
 160.92312647490345512 195.89927195565803686 
 108.69458332036909098 231.39580878403714337 
 134.80799088041158029 213.6477718825651948 
 82.581175760326601676 249.14384568550903509 
