 172.97075617589828767 75.882936023700295891 
 146.85718297166692992 93.630354732643411353 
 104.1793565250631417 49.559138751614945306 
 51.950813370528749147 85.055675579994002078 
 78.064220930571238455 67.307638678522081932 
 198.64085075304291195 56.501168959791890245 
 189.53517506245961499 137.70218890620068919 
 163.42160185822825724 155.44960761514377623 
 120.74377541162445482 111.37839163411530308 
 68.515232257090076473 146.87492846249438117 
 94.628639817132565781 129.1268915610224326 
 215.2052696396042677 118.32042184229226223 
 206.0995939490209139 199.52144178870102564 
 179.98602074478958457 217.26886049764414111 
 137.30819429818581057 173.19764451661566795 
  85.0796511436514038 208.69418134499474604 
 111.1930587036938789 190.9461444435228259 
 231.7696885261655666 180.1396747247926271 
 156.40633728933693192 14.063683141199890159 
 130.29276408510560259 31.811101850143014502 
 153.87261318474710947 235.01689739911603283 
 35.38639448396742182 23.236422697493630096 
 127.75747759025522043 252.76539732602319077 
