 80.828874605158887334 4.6156886463502537765 
 98.930808203534482459 35.969157353974928526 
 105.55657575815901339 11.241456200974797142 
 74.203107050534356404 29.343389799350408254 
 67.577339495909825473 54.071090952350559178 
 85.679273094285434809 85.424559659975230375 
 92.305040648909951528 60.696858506975083003 
 60.951571941285294542 78.798792105350699444 
 54.325804386660763612 103.52649325835085392 
 72.427737985036358737 134.87996196597552512 
 79.053505539660889667 110.15226081297537064 
 47.700036832036232681 128.25419441135102261 
 41.074269277411701751 152.98189556435113445 
 59.176202875787311086 184.33536427197580565 
 65.801970430411827806 159.60766311897566538 
 34.44850172278717082 177.70959671735127472 
 27.822734168162639889 202.43729787035141499 
 45.924667766538249225 233.79076657797608618 
 52.550435321162780156 209.06306542497594592 
 21.196966613538119617 227.16499902335158367 
 130.28427691115919629 17.867223755599315638 
 148.3862105095347772 49.220692463223997493 
 155.01197806415930813 24.492991310223857226 
 123.65850935653465115 42.594924908599466562 
 117.03274180191010601 67.322626061599621039 
 135.13467540028571534 98.676094769224292236 
 141.76044295491027469 73.94839361622415197 
 110.40697424728558929 92.050327214599761305 
 103.78120669266105836 116.77802836759990157 
 121.88314029103665348 148.1314970752246154 
 128.50890784566121283 123.4037959222244325 
 97.155439138036527424 141.50572952060005605 
 90.529671583411996494 166.23343067360019631 
 108.63160518178759162 197.58689938122486751 
 115.25737273641213676 172.85919822822472725 
 83.903904028787465563 190.96113182660033658 
 77.278136474162948844 215.68883297960044843 
 95.380070072538529757 247.04230168722511962 
 102.0058376271630749 222.31460053422500778 
 70.652368919538403702 240.41653413260061711 
 179.73967921715947682 31.118758864848388157 
 197.84161281553508616 62.472227572473059354 
 204.46738037015961709 37.744526419472919088 
 173.11391166253494589 55.846460017848528423 
 166.48814410791041496  80.5741611708486829 
 184.59007770628605272 111.9276298784733541 
 191.21584526091055523 87.199928725473213831 
 159.86237655328588403 105.30186232384882317 
 153.2366089986613531 130.02956347684897764 
 171.33854259703696243 161.38303218447367726 
 177.96431015166152179 136.65533103147350857 
 146.61084144403682217 154.75726462984911791 
 139.98507388941229124 179.4849657828492866 
 158.08700748778792899 210.83843449047395779 
 164.71277504241245992 186.11073333747378911 
 133.35930633478776031 204.21266693584939844 
 126.73353878016322938 228.94036808884953871 
 151.46123993316339806 235.56613564347406964 
 120.10777122553868423 253.6680692418497074 
 229.19508152315975735 44.370293974097450018 
 247.29701512153539511 75.723762681722107004 
 253.92278267615992604 50.996061528721980949 
 222.56931396853525484 69.097995127097590284 
 215.94354641391072391 93.825696280097744761 
 234.04548001228630483 125.17916498772241596 
 240.67124756691083576 100.45146383472226148 
 209.31777885928616456 118.55339743309787082 
 202.69201130466163363 143.2810985860980395 
 220.79394490303721454 174.63456729372273912 
 227.41971245766180232 149.90686614072254201 
 196.06624375003713112 168.00879973909817977 
 189.44047619541257177 192.73650089209832004 
 207.5424097937881811 224.08996959972299123 
 214.16817734841271204 199.36226844672285097 
 182.81470864078804084 217.4642020450984603 
 176.18894108616350991 242.19190319809862899 
 200.9166422391636786 248.8176707527231315 
 49.475405897534194821 22.717622244725866665 
 36.223870788285140065 72.173024550726168513 
 42.849638342909670996 47.445323397726021142 
 252.14741361066191416 156.53263369534710137 
 22.972335679036063993 121.62842685672647747 
 29.598103233660605582 96.90072570372632299 
 245.52164605603738323 181.26033484834724163 
 238.8958785014128523 205.9880360013473819 
 9.7208005697870039086 171.08382916272674379 
 16.346568124411547274 146.35612800972660352 
 232.27011094678834979 230.71573715434749374 
 225.64434339216381886 255.44343830734766243 
 3.0950330151624849684 195.81153031572688406 
