 97.343342268606903644 24.892328237348216646 
 115.44527586698252719 6.7903946389725824417 
 79.241408670231280098 6.7903946389725824417 
 61.139475071855677868 24.89232823734819533 
 61.139475071855677868 61.096195434099442423 
 79.24140867023130852 42.994261835723818876 
 43.037541473480054321 42.994261835723818876 
 24.935607875104441433 61.096195434099428212 
 24.935607875104441433 97.300062630850675305 
 43.037541473480075638 79.198129032475051758 
 6.8336742767288312095 79.198129032475051758 
 6.8336742767288543021 115.40199622922628464 
 133.54720946535815074 24.892328237348181119 
 133.54720946535815074 61.096195434099442423 
 151.64914306373376007 42.994261835723804666 
 115.44527586698249877 42.994261835723804666 
 97.343342268606903644 61.096195434099421107 
 97.343342268606917855 97.300062630850661094 
 115.44527586698252719 79.198129032475037548 
 79.241408670231280098 79.198129032475037548 
 61.139475071855677868 97.300062630850661094 
 61.139475071855677868 133.5039298276019224 
 79.24140867023130852 115.40199622922628464 
 43.037541473480054321 115.40199622922628464 
 24.935607875104441433 133.50392982760186555 
 24.935607875104441433 169.70779702435314107 
 43.037541473480075638 151.60586342597750331 
 6.8336742767288312095 151.60586342597750331 
 169.75107666210936941 24.892328237348205988 
 6.8336742767288312095 187.80973062272877883 
 151.64914306373373165 6.7903946389725824417 
 169.75107666210936941 61.096195434099406896 
 169.75107666210936941 97.300062630850661094 
 187.85301026048497874 79.198129032475037548 
 151.64914306373376007 79.198129032475037548 
 133.54720946535815074 97.300062630850646883 
 133.54720946535815074 133.50392982760189398 
 151.64914306373376007 115.40199622922628464 
 115.44527586698252719 115.40199622922628464 
 97.343342268606917855 133.50392982760186555 
 97.343342268606917855 169.70779702435314107 
 115.44527586698252719 151.60586342597750331 
 79.241408670231280098 151.60586342597750331 
 61.139475071855677868 169.70779702435308423 
 61.139475071855677868 205.91166422110435974 
 79.24140867023130852 187.80973062272872198 
 43.037541473480054321 187.80973062272872198 
 24.935607875104441433 205.91166422110435974 
 205.95494385886058808 61.096195434099428212 
 43.037541473480068532 224.0135978194799975 
 187.85301026048497874 42.994261835723804666 
 205.9549438588606165 97.300062630850646883 
 205.95494385886058808 133.50392982760186555 
 224.05687745723619742 115.4019962292262278 
 187.85301026048497874 115.40199622922628464 
 169.75107666210936941 133.50392982760186555 
 169.75107666210936941 169.70779702435308423 
 187.85301026048497874 151.60586342597747489 
 151.64914306373376007 151.60586342597750331 
 133.54720946535815074 169.70779702435308423 
 133.54720946535812232 205.91166422110433132 
 151.64914306373376007 187.80973062272872198 
 115.44527586698252719 187.80973062272872198 
 97.343342268606917855 205.91166422110433132 
 97.343342268606889434 242.11553141785557841 
 115.44527586698252719 224.01359781947994065 
 79.241408670231294309 224.0135978194799975 
 61.139475071855677868 242.11553141785557841 
 242.15881105561183517 97.300062630850646883 
 224.05687745723619742 79.198129032475037548 
 242.15881105561183517 133.50392982760186555 
 242.15881105561183517 169.70779702435314107 
 224.05687745723619742 151.60586342597750331 
 205.9549438588606165 169.70779702435311265 
 205.9549438588606165 205.91166422110435974 
 224.05687745723625426 187.80973062272872198 
 187.85301026048500717 187.80973062272872198 
 169.75107666210939783 205.91166422110435974 
 169.75107666210939783 242.11553141785557841 
 187.85301026048503559 224.0135978194799975 
 151.64914306373376007 224.0135978194799975 
 133.54720946535815074 242.11553141785557841 
