 84.592702737225465626 15.65987966243889673 
 62.422452400343843237 2.8598796624388915788 
 49.62245240034386029 25.030129999320521961 
 58.992702737225464205 60.000380336202141507 
 71.792702737225468468 37.830129999320512013 
 36.822452400343856027 47.200380336202151454 
 24.022452400343876633 69.370630673083780948 
 33.392702737225469889 104.34088100996540049 
 46.192702737225474152 82.170630673083763895 
 11.22245240034387237 91.540881009965417547 
 7.7927027372254817905 148.68138168372863106 
 20.592702737225486942 126.51113134684703709 
 119.56295307410711359 6.2896293255572590652 
 128.9332034109887104 41.259879662438891046 
 141.73320341098872177 19.089629325557240236 
 106.76295307410710222 28.459879662438900993 
 93.962953074107105067 50.630129999320516276 
 103.3332034109887303 85.600380336202135823 
 116.13320341098874167 63.430129999320513434 
 81.162953074107107909 72.800380336202152876 
 68.362953074107110751 94.970630673083761053 
 77.733203410988735982 129.94088100996540902 
 90.533203410988747351 107.77063067308375821 
 55.562953074107106488 117.14088100996542607 
 42.762953074107116436 139.31113134684704846 
 52.133203410988762982 174.28138168372862538 
 64.933203410988738824 152.11113134684703141 
 29.962953074107122831 161.48138168372864243 
 17.162953074107118567 183.65163202061029324 
 39.333203410988737403 196.45163202061030461 
 163.90345374787037258 31.889629325557244499 
 173.27370408475201202 66.859879662438885362 
 186.07370408475202339 44.689629325557248762 
 151.10345374787036121 54.059879662438888204 
 138.30345374787034984 76.230129999320510592 
 147.67370408475198928 111.20038033620215856 
 160.47370408475200065 89.03012999932050775 
 125.50345374787035269 98.400380336202147191 
 112.70345374787036974 120.57063067308376958 
 122.07370408475200918 155.54088100996540334 
 134.87370408475200634 133.37063067308378095 
 99.903453747870372581 142.74088100996542039 
 87.103453747870375423 164.91113134684701436 
 96.473704084752029075 199.88138168372861969 
 109.27370408475202623 177.71113134684702572 
 74.303453747870378265 187.08138168372860832 
 61.503453747870381108 209.25163202061028755 
 198.87370408475200634 22.519378988675629927 
 83.673704084752003496 222.05163202061029892 
 176.70345374787035553 9.7193789886756274399 
 208.24395442163361736 57.48962932555724592 
 217.6142047585152568 92.459879662438879677 
 230.41420475851523975 70.289629325557243078 
 195.44395442163363441 79.659879662438882519 
 182.64395442163362304 101.83012999932050491 
 192.01420475851523406 136.80038033620212445 
 204.81420475851524543 114.63012999932050207 
 169.84395442163361167 124.0003803362021273 
 157.04395442163362873 146.1706306730837639 
 166.41420475851523975 181.14088100996539765 
 179.21420475851525111 158.97063067308374684 
 144.24395442163361736 168.34088100996538628 
 131.44395442163363441 190.51113134684700867 
 140.81420475851527385 225.48138168372864243 
 153.6142047585152568 203.31113134684702004 
 118.64395442163363725 212.68138168372863106 
 105.8439544216336401 234.85163202061028187 
 243.21420475851525111 48.11937898867562069 
 128.01420475851526248 247.65163202061026482 
 221.04395442163362873 35.319378988675623532 
 252.58445509539691898 83.089629325557240236 
 239.78445509539685077 105.25987966243887684 
 226.98445509539689624 127.43012999932049922 
 236.35470543227850726 162.40038033620211877 
 249.15470543227851863 140.23012999932049638 
 214.18445509539688487 149.6003803362021074 
 201.38445509539690192 171.77063067308372979 
 210.75470543227851294 206.74088100996539197 
 223.55470543227852431 184.57063067308374116 
 188.58445509539689056 193.94088100996540902 
 175.78445509539687919 216.11113134684703141 
 185.15470543227854705 251.08138168372863674 
   197.95470543227853 228.91113134684701436 
 162.98445509539689624 238.28138168372859695 
