 223.23519436875707811 13.600263241997312846 
 197.63519436875711222 39.20026324199729828 
 223.23519436875707811 39.20026324199729828 
 197.63519436875711222 13.600263241997312846 
 172.03519436875708948 13.600263241997312846 
 146.43519436875712358 39.20026324199729828 
 172.03519436875708948 39.20026324199729828 
 146.43519436875712358 13.600263241997312846 
 120.83519436875710085 13.600263241997312846 
 95.23519436875709232 39.20026324199729828 
 120.83519436875710085 39.20026324199729828 
 95.23519436875709232 13.600263241997312846 
 69.635194368757098005 13.600263241997312846 
 44.035194368757146322 39.20026324199729828 
 69.635194368757112215 39.20026324199729828 
 44.035194368757139216 13.600263241997312846 
 18.435194368757137795 13.600263241997312846 
 248.83519436875712927 39.200263241997291175 
 18.435194368757137795 39.200263241997312491 
 248.83519436875712927 13.600263241997312846 
 223.23519436875707811 64.800263241997299701 
 197.63519436875711222 90.400263241997294017 
 223.23519436875707811 90.400263241997294017 
 197.63519436875711222 64.800263241997299701 
 172.03519436875708948 64.800263241997299701 
 146.43519436875712358 90.400263241997308228 
 172.03519436875708948 90.400263241997308228 
 146.43519436875712358 64.800263241997299701 
 120.83519436875710085 64.800263241997299701 
 95.23519436875709232 90.400263241997308228 
 120.83519436875710085 90.400263241997308228 
 95.23519436875709232 64.800263241997299701 
 69.635194368757112215 64.800263241997299701 
 44.035194368757146322 90.400263241997322439 
 69.635194368757112215 90.400263241997322439 
 44.035194368757146322 64.800263241997299701 
 18.435194368757137795 64.800263241997328123 
 248.83519436875712927 90.400263241997294017 
 18.435194368757137795 90.400263241997322439 
 248.83519436875712927 64.800263241997299701 
 223.23519436875707811 116.00026324199730254 
 197.63519436875711222 141.60026324199731107 
 223.23519436875707811 141.60026324199731107 
 197.63519436875711222 116.00026324199730254 
 172.03519436875708948 116.00026324199730254 
 146.43519436875712358 141.60026324199731107 
 172.03519436875708948 141.60026324199731107 
 146.43519436875712358 116.00026324199730254 
 120.83519436875710085 116.00026324199730254 
 95.23519436875709232 141.60026324199731107 
 120.83519436875710085 141.60026324199731107 
 95.23519436875709232 116.00026324199730254 
 69.635194368757112215 116.00026324199730254 
 44.035194368757146322 141.60026324199731107 
 69.635194368757112215 141.60026324199731107 
 44.035194368757146322 116.00026324199730254 
 18.435194368757137795 116.00026324199730254 
 248.83519436875712927 141.60026324199731107 
 18.435194368757137795 141.60026324199731107 
 248.83519436875712927 116.00026324199730254 
 223.23519436875707811 167.20026324199730539 
 197.63519436875711222 192.8002632419972997 
 223.23519436875707811 192.8002632419972997 
 197.63519436875711222 167.20026324199730539 
 172.03519436875708948 167.20026324199730539 
 146.43519436875712358 192.8002632419972997 
 172.03519436875708948 192.8002632419972997 
 146.43519436875712358 167.20026324199730539 
 120.83519436875710085 167.20026324199730539 
 95.23519436875709232 192.8002632419972997 
 120.83519436875710085 192.8002632419972997 
 95.23519436875709232 167.20026324199730539 
 69.635194368757112215 167.20026324199730539 
 44.035194368757146322 192.8002632419972997 
 69.635194368757112215 192.8002632419972997 
 44.035194368757146322 167.20026324199730539 
 18.435194368757137795 167.20026324199730539 
 248.83519436875712927 192.80026324199727128 
 18.435194368757137795 192.8002632419972997 
 248.83519436875712927 167.20026324199730539 
 223.23519436875707811 218.4002632419972656 
 197.63519436875711222 244.00026324199728833 
 223.23519436875710653 244.00026324199728833 
 197.63519436875711222 218.4002632419972656 
 172.03519436875708948 218.4002632419972656 
 146.43519436875712358 244.00026324199728833 
 172.03519436875708948 244.00026324199728833 
 146.43519436875712358 218.4002632419972656 
 120.83519436875710085 218.4002632419972656 
 95.23519436875709232 244.00026324199728833 
 120.83519436875710085 244.00026324199728833 
 95.23519436875709232 218.4002632419972656 
 69.635194368757112215 218.4002632419972656 
 44.035194368757160532 244.00026324199728833 
 69.635194368757126426 244.00026324199728833 
 44.035194368757146322 218.4002632419972656 
 18.435194368757137795 218.4002632419972656 
 248.83519436875712927 244.00026324199728833 
 18.435194368757137795 244.00026324199728833 
 248.83519436875712927 218.4002632419972656 
