 59.447592419047580847 20.867304461018942874 
 70.306950032863866795 50.280130782459892202 
 46.196057309798518986 70.322706767019226959 
 57.055414923614812039 99.735533088460186946 
 32.944522200549457125 119.77810907301953591 
 43.803879814365735967 149.1909353944604959 
 19.692987091300395264 169.23351137901983066 
 30.552344705116688317 198.64633770046074801 
 6.4414519820513342907 218.68891368502013961 
 94.417842755929200393 30.237554797900568104 
 105.27720036974548634 59.650381119341531644 
 81.166307646680138532 79.692957103900852189 
 92.025665260496438691 109.10578342534182639 
 67.914772537431076671 129.14835940990116114 
 78.77413015124737683 158.56118573134213534 
 54.663237428182029021 178.60376171590144168 
 65.522595041998314969 208.01658803734241587 
 41.411702318932960054 228.05916402190175063 
 118.5287354789945482 10.194978813341233348 
 129.38809309281083415 39.607805134782196887 
 140.2474507066271201 69.020631456223142663 
 116.1365579835617865 89.06320744078247742 
 126.99591559737805824 118.47603376222343741 
 102.88502287431271043 138.51860974678280058 
 113.74438048812896795 167.93143606822374636 
 89.633487765063662778 187.9740120527830527 
 100.49284537887993451 217.38683837422402689 
 76.381952655814600917 237.42941435878339007 
 153.49898581587618196 19.56522915022284792 
 164.35834342969246791 48.978055471663829223 
 175.21770104350875386 78.390881793104782105 
 151.10680832044340605 98.433457777664116861 
 161.96616593425969199 127.84628409910507685 
 137.85527321119434419 147.8888600836644116 
 148.71463082501063013 177.3016864051053858 
 124.60373810194528232 197.34426238966469214 
 135.46309571576156827 226.75708871110563791 
 111.35220299269622046 246.79966469566502951 
 188.46923615275781572 28.935479487104483809 
 199.32859376657410166 58.348305808545447348 
 210.18795138039038761 87.761132129986407335 
 186.0770586573250398 107.80370811454572788 
 196.93641627114132575 137.21653443598668787 
 172.82552354807597794 157.25911042054605105 
 183.68488116189226389 186.67193674198699682 
 159.57398843882691608 206.71451272654633158 
 170.43334605264320203 236.12733904798724893 
 146.32245332957785422 256.16991503254666895 
 223.43948648963942105 38.305729823986112592 
 234.29884410345573542 67.71855614542708679 
 245.15820171727204979 97.131382466868046777 
 221.04730899420664514 117.17395845142736732 
 231.90666660802295951 146.58678477286832731 
 207.79577388495758328 166.62936075742766207 
 218.65513149877389765 196.04218707886863626 
 194.54423877570852142 216.0847630634279426 
 205.40359638952483579 245.4975893848689168 
 35.336699695982296987 40.909880445578288288 
 256.01755933108836416 126.54420878830900676 
 22.085164586733231573 90.365282751578575926 
 242.76602422183924546 175.99961109430930151 
 8.8336294774841483957 139.82068505757888488 
 229.51448911259021202 225.45501340030955362 
