 136.43850455835178082 1.1815392159502775549 
 105.53657095997616011 6.4834728143258848476 
 100.23463736160051951 37.385406412701499335 
 69.332703763224898807 42.687340011077132829 
 64.03077016484928663 73.589273609452746427 
 33.128836566473680136 78.891207207828372816 
 27.826902968098075064 109.79314080620397931 
 162.03850455835174671 26.781539215950274979 
 131.13657095997612601 32.083472814325894262 
 125.83463736160052804 62.985406412701507861 
 94.932703763224921545 68.28734001107713425 
 89.630770164849280945 99.189273609452754954 
 58.728836566473681557 104.49120720782836713 
 53.426902968098083591 135.3931408062039452 
 22.524969369722466439 140.69507440457957159 
 17.223035771346857814 171.59700800295522072 
 192.94043815672736741 21.479605617574655696 
 187.63850455835176945 52.381539215950269295 
 156.73657095997614874 57.683472814325881473 
 151.43463736160055078 88.585406412701502177 
 120.53270376322490165 93.887340011077128565 
 115.23077016484928947 124.78927360945274927 
 84.328836566473682979 130.09120720782834724 
 79.026902968098085012 160.99314080620396794 
 48.124969369722464307 166.29507440457956591 
 42.823035771346859235 197.19700800295518661 
 218.54043815672739015 47.079605617574664223 
 213.23850455835176376 77.98153921595026361 
 182.33657095997617148 83.283472814325889999 
 177.03463736160051667 114.1854064127015107 
 146.13270376322492439 119.48734001107710867 
 140.83077016484926958 150.38927360945274359 
 109.92883656647369151 155.69120720782836997 
 104.62690296809807933 186.59314080620396226 
 73.724969369722472834 191.89507440457956022 
 68.423035771346860656 222.79700800295518093 
 244.14043815672735604 72.679605617574651433 
 238.83850455835175808 103.58153921595025793 
 207.93657095997613737 108.8834728143258701 
 202.63463736160053941 139.78540641270149081 
 171.73270376322489028 145.0873400110771172 
 166.43077016484926389 175.9892736094527379 
 135.52883656647367161 181.29120720782833587 
 130.22690296809807364 212.19314080620395657 
 99.32496936972246715 217.49507440457955454 
 94.023035771346840761 248.39700800295517524 
 233.53657095997613169 134.48347281432586442 
 228.2346373616005053 165.38540641270148512 
 197.33270376322491302 170.68734001107711151 
 192.03077016484928663 201.58927360945273222 
 161.12883656647369435 206.89120720782833018 
 155.82690296809806796 237.79314080620397931 
 124.92496936972246147 243.09507440457954885 
 74.634637361600553618 11.78540641270153877 
 222.93270376322490733 196.28734001107710583 
 38.43077016484931363 47.989273609452773428 
 186.72883656647368866 232.49120720782835292 
 2.2269029680980878538 84.193140806203984994 
