 226.99001002228430934 1.0783688864726403978 
 206.94743403772497459 25.189261609538004194 
 177.53460771628400039 14.329903995721702259 
 157.49203173172466563 38.440796718787069608 
 128.07920541028369144 27.581439104970773002 
 108.03662942572437089 51.692331828036124364 
 78.623803104283410903 40.832974214219824205 
 58.581227119724104568 64.943866937285179119 
 29.168400798283130371 54.084509323468886066 
 9.1258248137237849562 78.195402046534240981 
 236.36026035916592036 36.048619223354286589 
 216.31768437460658561 60.159511946419641504 
 186.90485805316563983 49.30015433260334845 
 166.86228206860630507 73.411047055668703365 
 137.44945574716533088 62.551689441852410312 
 117.40687976260601033 86.662582164917765226 
 87.994053441165050344 75.803224551101465067 
 67.951477456605729799 99.914117274166812877 
 38.538651135164755601 89.054759660350526929 
 18.496075150605420845 113.16565238341588895 
 245.7305106960475598 71.018869560235913241 
 225.68793471148819663 95.12976228330126105 
 196.27510839004725085 84.270404669484975102 
 176.23253240548791609 108.38129739255032291 
 146.8197060840469419 97.521939778734036963 
 126.77713009948763556 121.63283250179938477 
 97.364303778046675575 110.77347488798309882 
 77.321727793487355029 134.88436761104841821 
 47.908901472046395043 124.02500999723214647 
 27.866325487487035417 148.13590272029750849 
 255.10076103292917082 105.98911989711753279 
 235.05818504836986449 130.10001262018289481 
 205.64535872692889029 119.24065500636659465 
 185.60278274236955554 143.35154772943195667 
 156.18995642092858134 132.4921901156156423 
  136.147380436369275 156.60308283868101853 
 106.73455411492830081 145.74372522486470416 
 86.69197813036898026 169.85461794793005197 
 57.279151808928020273 158.99526033411376602 
  37.2365758243686642 183.10615305717914225 
 244.42843538525147551 165.07026295706450014 
 215.01560906381052973 154.21090534324821419 
 194.97303307925116655 178.32179806631353358 
 165.56020675781022078 167.46244045249727606 
 145.51763077325088602 191.57333317556262386 
 116.10480445180994025 180.71397556174633792 
 96.06222846725060549 204.8248682848116573 
 66.649402145809645504 193.96551067099539978 
 46.606826161250289431 218.07640339406074759 
 253.79868572213308653 200.0405132939461339 
 224.38585940069214075 189.18115568012984795 
  204.343283416132806 213.29204840319522418 
 174.9304570946918318 202.43269078937890981 
 154.88788111013252546 226.54358351244425762 
 125.47505478869155127 215.68422589862794325 
 105.43247880413224493 239.79511862169329106 
 76.019652482691270734 228.93576100787703353 
 55.977076498131921767 253.04665373094238134 
 233.75610973757380862 224.15140601701153855 
 148.12178139484305461 3.4705463819054784835 
 184.30070743157347124 237.40294112626057199 
 98.66637908884275987 16.722081491154540345 
 134.84530512557319071 250.65447623550960543 
 49.210976782842479338 29.973616600403587995 
