 67.165023120411618152 11.409797613079222245 
 91.892724273411786839 18.035565167703751399 
 85.266956718787255909 42.763266320703920087 
 60.539255565787094326 36.137498766079389156 
 53.913488011162563396 60.865199919079536528 
 78.641189164162724978 67.490967473704060353 
 72.015421609538194048 92.21866862670421483 
 47.287720456538039571  85.5929010720796839 
 40.66195290191350864 110.32060222507982417 
 65.389654054913663117 116.9463697797043551 
 58.763886500289125081 141.67407093270449536 
 34.036185347288977709 135.04830337807996443 
 27.410417792664450332 159.77600453108013312 
 52.13811894566459415 166.40177208570466405 
 45.512351391040070325 191.12947323870483274 
 20.784650238039901637 184.50370568408030181 
 14.158882683415372483 209.23140683708044207 
 38.886583836415539395  215.857174391704973 
 116.62042542641194132 24.661332722328300093 
 141.34812657941208158 31.287100276952820366 
 134.72235902478755065 56.014801429952974843 
 109.99465787178741039 49.389033875328443912 
 103.36889031716287946 74.116735028328591284 
 128.09659147016301972 80.742502582953122214 
  121.470823915538503 105.47020373595326248 
 96.743122762538334314 98.84443618132873155 
 90.117355207913803383 123.57213733432888603 
 114.84505636091394365 130.19790488895344538 
 108.21928880628941272 154.92560604195358565 
 83.491587653289272453 148.29983848732905471 
 76.865820098664741522 173.02753964032919498 
 101.59352125166488179 179.65330719495372591 
 94.967753697040365068 204.3810083479538946 
 70.240052544040210591 197.75524079332936367 
 63.614284989415686766 222.48294194632947551 
 88.341986142415834138 229.10870950095400644 
 147.97389413403661251 6.5593991239527067449 
 166.07582773241222185 37.912867831577358402 
 190.80352888541236211 44.538635386201889332 
 184.17776133078783118 69.266336539202043809 
 159.45006017778769092 62.640568984577512879 
 152.82429262316315999 87.368270137577653145 
 177.55199377616332868 93.994037692202184076 
 170.92622622153879774 118.72173884520235276 
 146.19852506853862906 112.09597129057779341 
 139.57275751391412655 136.82367244357797631 
 164.30045866691426681 143.44943999820247882 
 157.67469111228973588 168.17714115120264751 
 132.94698995928959562 161.55137359657811658 
 126.32122240466503627 186.27907474957825684 
 151.04892355766520495 192.90484230420278777 
 144.4231560030406456 217.63254345720295646 
 119.69545485004050533 211.00677590257842553 
 113.0696872954159744 235.73447705557853737 
 137.79738844841611467 242.36024461020306831 
 197.42929644003692147 19.810934233201763277 
 172.70159528703675278 13.185166678577234123 
 215.5312300384125308 51.164402940826413158 
 240.25893119141264265 57.790170495450944088 
 233.63316363678811172 82.517871648451105671 
 208.90546248378799987 75.89210409382657474 
 202.27969492916346894 100.61980524682672922 
 227.00739608216358079 107.24557280145123173 
 220.38162852753904986 131.97327395445137199 
 195.65392737453893801 125.34750639982686948 
 189.02815981991440708 150.07520755282700975 
 213.75586097291451892 156.70097510745154068 
 207.13009341828998799 181.42867626045168095 
 182.40239226528987615 174.80290870582717844 
 175.77662471066534522 199.5306098588273187 
 200.50432586366548549 206.15637741345184963 
 193.87855830904095455 230.88407856645201832 
 169.15085715604078587 224.25831101182748739 
 162.52508960141625494 248.98601216482765608 
 187.25279075441642362 255.61177971945213017 
 246.88469874603717358 33.062469342450832244 
 222.15699759303706173 26.436701787826315524 
 42.437321967411456569 4.7840300584546939788 
 35.811554412786925639 29.511731211454861779 
 251.73509723516374947 113.87134035607579108 
 29.185786858162398261 54.239432364454998492 
 22.560019303537870883 78.967133517455138758 
 245.10932968053921854 138.59904150907593134 
 238.48356212591468761 163.32674266207607161 
 15.934251748913341729 103.69483467045529324 
 9.3084841942888125743 128.42253582345546192 
 231.85779457129015668 188.05444381507621188 
 225.23202701666559733 212.78214496807638056 
 2.6827166396642843083 153.15023697645560219 
 218.6062594620410664 237.50984612107654925 
