 58.195905227518451852  25.1250463979579024 
 33.46820407451829027 18.499278843333371469 
 26.842436519893762892 43.226979996333518841 
 51.570137672893920922 49.852747550958049771 
 44.944370118269389991 74.580448703958197143 
 20.216668965269235514 67.954681149333666212 
 13.59090141064470636 92.682382302333806479 
 38.318602563644851955 99.308149856958337409 
 31.692835009020324577 124.03585100995847768 
 6.9651338560201789818 117.41008345533396096 
 25.067067454395797199 148.76355216295863215 
 18.441299899771266269 173.49125331595880084 
 11.815532345146738891 198.21895446895891268 
 5.1897647905222097364 222.94665562195908137 
 89.54937393514313726 7.0231127995822841825 
 114.27707508814327753 13.648880354206813337 
 107.65130753351873238 38.376581507206971366 
 82.923606380518592118 31.750813952582429778 
 76.297838825894061188 56.478515105582573597 
 101.02553997889420145 63.104282660207111633 
 94.399772424269670523 87.831983813207244793 
 69.672071271269544468 81.206216258582713863 
 63.046303716644999326 105.93391741158286834 
 87.774004869645139593 112.55968496620741348 
 81.148237315020608662 137.28738611920755375 
 56.420536162020468396 130.66161856458302282 
 49.794768607395944571 155.38931971758316308 
 74.522469760396091942 162.01508727220769401 
 67.896702205771561012 186.7427884252078627 
 43.16900105277141364 180.11702087058333177 
 36.54323349814688271 204.84472202358344362 
 61.270934651147030081 211.47048957820803139 
 54.645167096522499151 236.19819073120814323 
 29.917465943522355332 229.5724231765836123 
 139.00477624114341779 20.274647908831340715 
 163.73247739414355806 26.900415463455871645 
 157.10670983951905555 51.628116616456026122 
 132.37900868651888686 45.002349061831495192 
 125.75324113189437014 69.730050214831649669 
 150.48094228489452462 76.355817769456166388 
 143.85517473026999369 101.08351892245633508 
 119.12747357726983921 94.457751367831789935 
 112.50170602264530828 119.18545252083194441 
 137.22940717564546276 125.81122007545647534 
 130.60363962102090341 150.53892122845661561 
 105.87593846802076314 143.91315367383208468 
 99.250170913396232208 168.64085482683222494 
 123.97787206639637247 175.26662238145675587 
 117.35210451177185575 199.99432353445692456 
 92.624403358771701278 193.36855597983239363 
 85.998635804147170347 218.09625713283256232 
 110.72633695714732482 224.72202468745706483 
 104.10056940252279389 249.44972584045720509 
 79.372868249522639417 242.82395828583267416 
 188.46017854714372675 33.52618301808039547 
 213.18787970014389543 40.151950572704926401 
 206.5621121455193645 64.879651725705087983 
 181.83441099251919582 58.253884171080557053 
 175.20864343789466488 82.981585324080697319 
 199.93634459089483357 89.60735287870524246 
 193.31057703627027422 114.33505403170538273 
 168.58287588327013395 107.7092864770808518 
 161.95710832864560302 132.43698763008100627 
 186.68480948164571487 139.0627551847055372 
 180.05904192702118394 163.79045633770567747 
 155.33134077402107209 157.16468878308114654 
 148.70557321939654116 181.89238993608128681 
 173.43327437239668143 188.51815749070581774 
 166.8075068177721505  213.245858643705958 
 142.07980566477198181 206.62009108908142707 
 135.4540381101474793 231.34779224208159576 
 160.18173926314761957 237.97355979670612669 
 128.82827055552291995 256.0754933950817076 
 237.91558085314406412 46.777718127329464437 
 256.01751445151967346 78.131186834954149845 
 231.28981329851953319 71.505419280329618914 
 224.66404574389500226 96.233120433329773391 
 249.39174689689511411 102.85888798795430432 
 242.76597934227058317 127.58658914095444459 
 218.03827818927047133 120.96082158632991366 
 211.4125106346459404 145.68852273933006813 
 236.14021178764605224 152.31429029395459906 
 229.51444423302152131 177.04199144695473933 
 204.78674308002140947 170.4162238923302084 
 198.16097552539687854 195.14392504533037709 
 222.88867667839699038 201.76969259995490802 
 216.26290912377248787 226.49739375295507671 
 191.53520797077231919 219.87162619833048893 
 184.90944041614778826 244.59932735133065762 
 209.6371415691479001 251.22509490595518855 
