 91.70753517538612698 27.001519546467591226 
 71.593015462520313008 55.447386213134258526 
 111.82145146472903718 83.893252879800925825 
 81.650275318953219994 83.893252879800925825 
 61.536359029610316895 27.001519546467591226 
 101.7641916082961302 55.447386213134258526 
 91.70753517538612698 112.33485287980091982 
 71.593015462520313008 140.78071954646759423 
 111.82145146472903718 169.22658621313425442 
 81.650275318953219994 169.22658621313425442 
 61.536359029610316895 112.33485287980091982 
 101.7641916082961302 140.78071954646759423 
 91.70753517538612698 197.66818621313427684 
 71.593015462520313008 226.11405287980093703 
 111.82145146472903718 254.55991954646759723 
 81.650275318953219994 254.55991954646759723 
 61.536359029610316895 197.66818621313427684 
 101.7641916082961302 226.11405287980093703 
 152.04988746693777557 27.001519546467591226 
 131.93536775407193318 55.447386213134258526 
 172.16380375628065735 83.893252879800925825 
 141.99262761050485437 83.893252879800925825 
 121.87871132116195838 27.001519546467591226 
 162.10654389984776458 55.447386213134258526 
 152.04988746693777557 112.33485287980091982 
 131.93536775407193318 140.78071954646759423 
 172.16380375628065735 169.22658621313425442 
 141.99262761050485437 169.22658621313425442 
 121.87871132116195838 112.33485287980091982 
 162.10654389984776458 140.78071954646759423 
 152.04988746693777557 197.66818621313427684 
 131.93536775407193318 226.11405287980093703 
 172.16380375628065735 254.55991954646759723 
 141.99262761050485437 254.55991954646759723 
 121.87871132116195838 197.66818621313427684 
 162.10654389984776458 226.11405287980093703 
 212.39223975848940995 27.001519546467591226 
 192.27772004562356756 55.447386213134258526 
 232.50615604783232016 83.893252879800925825 
 202.33497990205648875 83.893252879800925825 
 182.22106361271357855 27.001519546467591226 
 222.44889619139939896 55.447386213134258526 
 212.39223975848940995 112.33485287980091982 
 192.27772004562356756 140.78071954646759423 
 232.50615604783232016 169.22658621313425442 
 202.33497990205648875 169.22658621313425442 
 182.22106361271357855 112.33485287980091982 
 222.44889619139939896 140.78071954646759423 
 212.39223975848940995 197.66818621313427684 
 192.27772004562356756 226.11405287980093703 
 232.50615604783232016 254.55991954646759723 
 202.33497990205648875 254.55991954646759723 
 182.22106361271357855 197.66818621313427684 
 222.44889619139939896 226.11405287980093703 
 31.36518288383453168 27.001519546467591226 
 11.250663170968703497 55.447386213134258526 
 51.479099173177402804 83.893252879800925825 
 21.307923027401617588 83.893252879800925825 
 242.56341590426524135 27.001519546467591226 
 41.421839316744531345 55.447386213134258526 
 31.36518288383453168 112.33485287980091982 
 11.250663170968703497 140.78071954646759423 
 51.479099173177402804 169.22658621313425442 
 21.307923027401617588 169.22658621313425442 
 242.56341590426524135 112.33485287980091982 
 41.421839316744531345 140.78071954646759423 
 31.36518288383453168 197.66818621313427684 
 11.250663170968703497 226.11405287980093703 
 51.479099173177402804 254.55991954646759723 
 21.307923027401617588 254.55991954646759723 
 242.56341590426524135 197.66818621313427684 
 41.421839316744531345 226.11405287980093703 
