 185.61800245028339873 37.19705760888636803 
 151.28062394427712434 43.088209536336819383 
 159.61215862123958686 91.648274646756021866 
 138.27791537218772078 70.314031397704155779 
 164.28375920123150422 15.862814359834480626 
 172.61486719332901885 64.422452785388713892 
 125.27822378903134393 97.536836270138422833 
 90.940845283025069534 103.4279881975888884 
 99.272379959987532061 151.98805330800809088 
 77.938136710935651763 130.65381005895622479 
 103.94398053997946363 76.202593021086542535 
 112.27508853207696404 124.7622314466407687 
 64.938445127779289123 157.87661493139049185 
 30.601066621773032495 163.76776685884092899 
 38.932601298735455941 212.32783196926015989 
 17.598358049683579196 190.99358872020829381 
 43.604201878727394615 136.54237168233862576 
 51.93530987082490924 185.1020101078928235 
 228.28648894838715933 79.865544106990114415 
 193.94911044238085651 85.756696034440579979 
 202.28064511934334746 134.31676114485978246 
 180.94640187029145295 112.98251789580790216 
 206.95224569933526482 58.531300857938234117 
 215.28335369143275102 107.09093928349246028 
 167.94671028713511873 140.20532276824218343 
 133.60933178112881592 146.09647469569262057 
 141.94086645809130687 194.65653980611185148 
 120.60662320903939815 173.32229655705995697 
 146.61246703808322422 118.87107951919028892 
 154.94357503018071043 167.43071794474451508 
 107.60693162588303551 200.54510142949425244 
 73.269553119876775327 206.43625335694468959 
 81.601087796839237853 254.99631846736394891 
 60.266844547787336239 233.6620752183120544 
 86.27268837683115521 179.21085818044235793 
 94.603796368928669835 227.77049660599658409 
 236.61759694048464553 128.42518253254434057 
 244.94913161744710806 176.98524764296354306 
 223.61488836839521355 155.65100439391164855 
 249.62073219743905383 101.19978735604199471 
 210.61519678523885091 182.8738092663459156 
 176.27781827923257651 188.76496119379638117 
 184.60935295619503904 237.32502630421558365 
 163.27510970714314453 215.99078305516368914 
 189.28095353618698482 161.53956601729404952 
 197.6120615282844426 210.09920444284824725 
 150.27541812398678189 243.21358792759798462 
 115.93803961798053592 249.10473985504842176 
 128.94117487493491581 221.87934467854611853 
 116.94367212313579785 48.97978814865226127 
 95.60942887408393176 27.645544899600395183 
 129.94638069522522983 21.75396628728497106 
 82.609737290927597542 54.868349772034669343 
 48.272358784921308938 60.759501699485127801 
 56.603893461883757254 109.31956680990433028 
 35.269650212831891167 87.985323560852464198 
 61.275494041875703033 33.534106522982774834 
 69.606602033973203447 82.09374494853702231 
 22.269958629675524975 115.20812843328674546 
 9.2668233727211415385 142.4335236097890629 
