 175.02255599029672339 38.223795720438580759 
 142.33993794100828723 26.156993694161183583 
 125.27522606855916365 72.377011027691850131 
 117.46635106888949451 43.233892778970314907 
 167.21368099062706847 9.0806774717170561928 
 150.14881294067794215 55.300111942882736571 
 92.596885480296222681 60.309687569187012457 
 59.914267431007793618 48.242885542909633045 
 42.849555558558641621 94.462902876440310251 
 35.040680558888986695 65.319784627718760817 
 84.788010480626581966 31.166569320465502102 
 67.723142430677441439 77.386003791631168269 
 10.171214970295688218 82.395579417935465472 
 224.76560845100880215 4.0711018454127581023 
 207.70089657855962173 50.291119178943432644 
 199.8920215788899668 21.148000930221900973 
 2.3623399706260448383 53.252461169213951564 
 232.57448345067842865 33.214220094134290662 
 190.64030598963600482 96.510032217881644101 
 157.95768794034759708 84.443230191604271795 
 140.89297606789844508 130.66324752513492058 
 133.08410106822881858 101.52012927641338536 
 182.83143098996637832 67.366913969160108877 
  165.766562940017252 113.58634844032579281 
 108.21463547963553253 118.5959240666300758 
 75.532017430347096365 106.52912204035268928 
 58.467305557897937263 152.74913937388336649 
 50.658430558228296547 123.60602112516183126 
 100.40576047996589182 89.452805817908540575 
 83.34089243001673708 135.67224028907423872 
 25.788964969634996294 140.68181591537853592 
 240.38335845034808358 62.35733834285581878 
   223.31864657789896 108.57735567638648888 
 215.50977157822930508 79.434237427664967868 
 17.980089969965352026 111.53869766665698648 
 248.19223345001771008 91.50045659157737532 
 206.25805598897528625 154.79626871532468613 
 173.57543793968687851 142.72946668904731382 
 156.51072606723775493 188.94948402257799103 
 148.70185106756810001 159.80636577385644159 
 198.44918098930565975 125.65315046660317932 
 181.38431293935653343 171.87258493776886326 
 123.83238547897481396 176.88216056407313204 
 91.149767429686392006 164.81535853779575973 
 74.085055557237225798 211.03537587132643694 
 66.276180557567585083 181.8922576226048875 
 116.02351047930517325 147.73904231535161102 
 98.958642429356046932 193.95847678651730916 
 41.406714968974291935 198.96805241282157795 
 256.00110844968742185 120.64357484029886791 
 238.93639657723821301 166.86359217382954512 
 231.12752157756858651 137.72047392510799568 
 33.597839969304637009 169.82493416410005693 
 221.87580598831462453  213.082505212767785 
 189.19318793902618836 201.01570318649038427 
 109.6574760692198538 14.090774530248793894 
 164.31960106690740986 218.09260227129951204 
 214.06693098864494118 183.93938696404623556 
 197.00206293869584329 230.1588214352119337 
 139.4501354783141096 235.16839706151623091 
 106.76751742902568765 223.1015950352388586 
 27.231805559219342427 36.176666378997239804 
 81.893930556906880724 240.17849412004798637 
 131.64126047864445468 206.02527881279468147 
 114.57639242869534257 252.24471328396040803 
 246.74527157690786794 196.00671042255109455 
 49.215589968643946861 228.11117066154309896 
