 90.735811245673943404 15.206318291952525712 
 47.022998324571901207 26.919131213054562579 
 58.735811245673957615 70.631944134156583459 
 15.022998324571922524 82.344757055258639866 
 26.735811245673946956 126.05756997636066785 
 134.44862416677597139 3.4935053708504870684 
 146.1614370878780278 47.206318291952520383 
 102.4486241667759856 58.919131213054569685 
 114.1614370878780278 102.63194413415658346 
  70.4486241667759856 114.34475705525862566 
 82.161437087878027796 158.05756997636066785 
 38.448624166775999811 169.77038289746272426 
 50.161437087878034902 213.48319581856475224 
 189.87425000898005578 35.493505370850478187 
 201.58706293008208377 79.206318291952513277 
 157.87425000898005578 90.919131213054555474 
 169.58706293008211219 134.63194413415658346 
 125.87425000898006999 146.34475705525861144 
 137.58706293008211219 190.05756997636066785 
 93.874250008980084203 201.77038289746269584 
 105.5870629300821264 245.48319581856475224 
 245.29987585118408333 67.493505370850471081 
 213.29987585118414017 122.91913121305452705 
 225.01268877228619658 166.63194413415655504 
 181.29987585118411175 178.34475705525861144 
 193.01268877228619658 222.05756997636066785 
 149.29987585118414017 233.77038289746269584 
