 28.715231897157153185 83.422237949694235226 
 47.000946182871444989 55.032724117801222974 
 28.715231897157153185 140.20126561348027394 
 47.000946182871444989 111.81175178158724748 
 28.715231897157153185 196.98029327726627002 
 47.000946182871444989 168.59077944537327198 
 28.715231897157153185 26.643210285908228485 
 47.000946182871444989 225.36980710915929649 
 65.286660468585736794 83.422237949694235226 
 83.572374754300028599 55.032724117801222974 
 65.286660468585736794 140.20126561348027394 
 83.572374754300028599 111.81175178158724748 
 65.286660468585736794 196.98029327726627002 
 83.572374754300028599 168.59077944537327198 
 65.286660468585736794 26.643210285908228485 
 83.572374754300028599 225.36980710915929649 
 101.85808904001430619 83.422237949694235226 
 120.14380332572858379 55.032724117801222974 
 101.85808904001430619 140.20126561348027394 
 120.14380332572858379 111.81175178158724748 
 101.85808904001430619 196.98029327726627002 
 120.14380332572858379 168.59077944537327198 
 101.85808904001430619 26.643210285908228485 
 120.14380332572858379 225.36980710915929649 
 138.4295176114428898 83.422237949694235226 
 156.71523189715713897 55.032724117801222974 
 138.4295176114428898 140.20126561348027394 
 156.71523189715713897 111.81175178158724748 
 138.4295176114428898 196.98029327726627002 
 156.71523189715713897 168.59077944537327198 
 138.4295176114428898 26.643210285908228485 
 156.71523189715713897 225.36980710915929649 
 175.00094618287144499 83.422237949694235226 
 193.28666046858572258 55.032724117801222974 
 175.00094618287144499 140.20126561348027394 
 193.28666046858572258 111.81175178158724748 
 175.00094618287144499 196.98029327726627002 
 193.28666046858572258 168.59077944537327198 
 175.00094618287144499 26.643210285908228485 
 193.28666046858572258 225.36980710915929649 
 211.5723747543000286 83.422237949694235226 
 229.85808904001427777 55.032724117801222974 
 211.5723747543000286 140.20126561348027394 
 229.85808904001427777 111.81175178158724748 
 211.5723747543000286 196.98029327726627002 
 229.85808904001427777 168.59077944537327198 
 211.5723747543000286 26.643210285908228485 
 229.85808904001427777 225.36980710915929649 
 248.14380332572858379 83.422237949694235226 
 10.429517611442891578 55.032724117801222974 
 248.14380332572858379 140.20126561348027394 
 10.429517611442891578 111.81175178158724748 
 248.14380332572858379 196.98029327726627002 
 10.429517611442891578 168.59077944537327198 
 248.14380332572858379 26.643210285908228485 
 10.429517611442891578 225.36980710915929649 
