 37.952895474449320545 72.816361270043685749 
 67.983545488168417137 57.373178233391755043 
 9.5633816425563100694 121.98844162906179633 
 39.594031656275397779 106.54525859240986563 
 11.204517824382380198 155.71733895142799042 
 66.342409306342332798 23.64428091102554319 
  96.3730593200614436 8.2010978743736373531 
 69.624681669994487265 91.102075555757949132 
 99.655331683713598068 75.658892519106032637 
 41.235167838101475013 140.27415591477608814 
 71.265817851820585815 124.83097287812415743 
 12.845654006208496511 189.44623627379414188 
 42.876304019927566458 174.00305323714226802 
 98.014195501887513728 41.929995196739824337 
 128.04484551560662453 26.486812160087922052 
 101.29646786553968241 109.38778984147222673 
 131.32711787925876479 93.944606804820324442 
 72.906954033646655944 158.55987020049033731 
 102.93760404736575254 143.11668716383843503 
 44.517440201753672113 207.7319505595084479 
 74.548090215472754494 192.28876752285654561 
 129.68598169743270887 60.215709482454109036 
 159.71663171115179125 44.772526445802192541 
 132.96825406108487755 127.67350412718653274 
 162.99890407480398835 112.23032109053460204 
 104.5787402291918653 176.84558448620464333 
 134.60939024291096189 161.40240144955271262 
 76.189226397298881466 226.01766484522272549 
 106.21987641101793542 210.57448180857085163 
 161.35776789297787559 78.501423768168407946 
 191.38841790669698639 63.058240731516484345 
 164.64004025663007269 145.95921841290081034 
 194.67069027034915507 130.51603537624887963 
 136.25052642473704623 195.13129877191892092 
 166.28117643845612861 179.68811573526699021 
 107.86101259284404819 244.30337913093697466 
 137.89166260656313057 228.86019609428512922 
 193.02955408852309915 96.78713805388268554 
 223.06020410224215311 81.343955017230769045 
 196.31182645217523941 164.24493269861505951 
 226.34247646589435021 148.80174966196315722 
 167.92231262028221295 213.41701305763317009 
 197.95296263400132375 197.97383002098129623 
 169.56344880210829729 247.14591037999937839 
 224.70134028406823745 115.07285233959696313 
 254.73199029778737668 99.629669302945046638 
 227.98361264772043455 182.53064698432936552 
 36.311759292623250417 39.08746394767749166 
 199.59409881582740809 231.70272734334747611 
 7.9222454607302381646 88.259544306695616456 
 256.37312647961346102 133.35856662531122652 
