 47.801863466801876257 37.862192101165547342 
 80.806233782191014825 30.717726926313009272 
 7.6530279765601889608 78.011027591407227533 
 40.65739829194934174 70.866562416554700121 
 73.661768607338473203 63.722097241702144288 
 106.66613892272761177 56.577632066849602666 
 33.512933117096800117 103.87093273194383869 
 66.51730343248593158 96.726467557091282856 
 26.368467942244254942 136.87530304733297726 
 113.81060409758015339 23.573261751460460545 
 146.81497441296929196 16.42879657660791537 
 99.521673747875070148 89.582002382238741234 
 132.52604406326420872 82.437537207386185401 
 59.372838257633397063 129.73083787248043564 
 92.377208573022528526 122.5863726976278798 
  19.2240027673917524 169.87967336272205898 
 52.228373082780848335 162.7352081878695742 
 139.67050923811675034 49.433166891997053938 
 172.67487955350588891 42.288701717144498105 
 125.38157888841165288 115.44190752277530976 
 158.38594920380077724 108.29744234792276814 
 85.232743398169986904 155.59074301301703258 
 118.23711371355912547 148.44627783816446254 
 45.083907907928335135 195.73957850325865593 
 78.088278223317445281 188.59511332840614273 
 165.53041437865334728 75.293072032533629567 
 198.53478469404248585 68.148606857681087945 
 151.24148402894826404 141.30181266331189249 
 184.24585434433737419 134.15734748845935087 
 111.09264853870658385 181.45064815355360111 
 144.09701885409572242 174.30618297870103106 
 70.943813048464932081 221.59948364379525287 
 103.94818336385402802 214.45501846894271125 
 191.39031951918994423 101.1529771730702123 
 224.3946898345790828 94.00851199821767068 
 177.10138916948483256 167.16171780384848944 
 210.10575948487399955 160.01725262899594782 
 136.9525536792431808 207.31055329409019805 
 169.95692399463229094 200.16608811923759959 
 96.803718189001514816 247.4593887843318214 
 129.80808850439063917 240.3149236094793082 
 217.25022465972651275 127.01288231360680925 
 250.25459497511565132 119.86841713875426763 
 202.96129431002145793 193.02162294438511481 
 235.96566462541062492 185.87715776953257318 
 162.81245881977977774 233.17045843462676658 
 195.81682913516891631 226.0259932597742818 
 243.1101298002631097 152.87278745414340619 
