 52.649578113744524899 29.175129780795867163 
 85.653948429133649256 22.030664605943318435 
 12.500742623502850037 69.323965271037550906 
 45.505112938891976171 62.179500096185009284 
 5.3562774486503039739 102.32833558642668947 
 78.509483254281121845 55.035034921332467661 
 111.51385356967027462 47.890569746479933144 
 38.360647764039441654 95.183870411574162063 
 71.365018079428580222 88.03940523672162044 
 31.216182589186907137 128.18824072696330063 
 118.65831874452278782 14.886199431090794576 
 151.6626890599119406 7.7417342562382485127 
 104.36938839481771879 80.894940061869064607 
 137.37375871020685736 73.750474887016522985 
  64.2205529045760386 121.0437755521107448 
 97.224923219965177168 113.89931037725818896 
 24.07171741433437262 161.19261104235241078 
 57.076087729723496977 154.04814586749989758 
 144.51822388505939898 40.746104571627384416 
 177.52259420044853755 33.601639396774842794 
 130.22929353535431574 106.75484520240564734 
 163.2336638507434543 99.61038002755310572 
 90.080458045112635546 146.90368069264732753 
 123.08482836050177411 139.75921551779478591 
 49.931622554870976671 187.05251618288900772 
 82.935992870260093923 179.9080510080364661 
 170.37812902559596751 66.606009712163981362 
 203.38249934098513449 59.461544537311432634 
 156.08919867589091268 132.61475034294224429 
 189.09356899128005125 125.47028516808968845 
 115.94036318564921828 172.76358583318392448 
 148.94473350103837106 165.61912065833138286 
 75.791527695407552301 212.91242132342557625 
 108.79589801079667666 205.76795614857309147 
 196.23803416613256445 92.465914852700578308 
 229.24240448152170302 85.321449677848022475 
 181.94910381642750963 158.47465548347884123 
 214.9534741318166482 151.33019030862629961 
 141.80026832618582944 198.62349097372052142 
 174.80463864157496801 191.4790257988679798 
 101.65143283594414925 238.77232646396220161 
 134.65580315133328781 231.62786128910965999 
 222.0979393066691614 118.32581999323716104 
 255.10230962205832839 111.18135481838461942 
 207.80900895696410657 184.33456062401543818 
 240.81337927235327356 177.19009544916292498 
 167.6601734667224548 224.48339611425711837 
 200.66454378211162179 217.33893093940460517 
 247.95784444720578676 144.18572513377378641 
