 165.81694913386695589 2.9998044998659487703 
 194.20646296575995393 21.285518785580254786 
 109.03792147008091717 2.9998044998659487703 
 137.42743530197392943 21.285518785580254786 
 52.258893806294885565 2.9998044998659487703 
 80.648407638187890711 21.285518785580254786 
 222.59597679765295197 2.9998044998659487703 
 23.869379974401876865 21.285518785580254786 
 165.81694913386695589 39.571233071294535932 
 194.20646296575998235 57.856947357008820632 
 109.03792147008091717 39.571233071294535932 
 137.42743530197392943 57.856947357008820632 
 52.25889380629489267 39.571233071294535932 
 80.648407638187890711 57.856947357008820632 
 222.59597679765300882 39.571233071294521721 
 23.869379974401876865 57.856947357008827737 
 165.81694913386695589 76.142661642723098225 
 194.20646296575998235 94.42837592843739003 
 109.03792147008091717 76.142661642723098225 
 137.42743530197392943 94.42837592843739003 
 52.25889380629489267 76.142661642723098225 
 80.648407638187890711 94.42837592843739003 
 222.59597679765300882 76.142661642723084015 
 23.869379974401876865 94.42837592843739003 
 165.81694913386695589 112.71409021415166762 
 194.20646296575998235 130.99980449986594522 
 109.03792147008091717 112.71409021415166762 
 137.42743530197392943 130.99980449986594522 
 52.25889380629489267 112.71409021415166762 
 80.648407638187890711 130.99980449986594522 
 222.59597679765300882 112.71409021415166762 
 23.869379974401876865 130.99980449986594522 
 165.81694913386695589 149.28551878558022281 
 194.20646296575998235 167.57123307129450041 
 109.03792147008091717 149.28551878558022281 
 137.42743530197392943 167.57123307129450041 
 52.25889380629489267 149.28551878558022281 
 80.648407638187890711 167.57123307129450041 
 222.59597679765300882 149.28551878558022281 
 23.869379974401876865 167.57123307129450041 
 165.81694913386695589 185.85694735700880642 
 194.20646296575998235 204.14266164272308401 
 109.03792147008091717 185.85694735700880642 
 137.42743530197392943 204.14266164272308401 
 52.25889380629489267 185.85694735700880642 
 80.648407638187890711 204.14266164272308401 
 222.59597679765300882  185.856947357008778 
 23.869379974401876865 204.14266164272308401 
 165.81694913386695589 222.42837592843739003 
 194.20646296575998235 240.71409021415169605 
 109.03792147008091717 222.42837592843739003 
 137.42743530197392943 240.71409021415169605 
 52.258893806294906881 222.42837592843739003 
 80.648407638187890711 240.71409021415169605 
 222.59597679765300882 222.42837592843739003 
 23.869379974401876865 240.71409021415169605 
