 77.393680631723526631 24.973975673605703918 
 93.229573729496124201 34.116832816462832056 
 57.319263212711319966 59.743886575680527073 
 37.244845793699106196 94.513797477755375098 
 53.080738891471696661 103.65665462061249968 
 73.155156310483917537 68.886743718537672976 
 17.170428374686903084 129.28370837983024444 
 12.931904053447279779 173.19647642476220994 
 33.006321472459482891 138.42656552268735481 
 129.13988424628090002 8.4897790572451263813 
 109.06546682726872177 43.259689959319985064 
 124.90135992504130513 52.402547102177123861 
 144.9757773440535118 17.632636200102279389 
 88.991049408256500897 78.029600861394811773 
 68.916631989244294232 112.79951176346965269 
 84.752525087016891803 121.9423689063268057 
 104.82694250602909847 87.17245800425195057 
 48.842214570232087567 147.56942266554449361 
 28.767797151219884455 182.33933356761932032 
 44.603690248992478473 191.48219071047648754 
 64.678107668004685138 156.71227980840166083 
 160.81167044182612358 26.775493342959407528 
 140.73725302281388849 61.545404245034255553 
 156.57314612058650027 70.688261387891415666 
 176.64756353959870694 35.918350485816560536 
 120.66283560380168183 96.315315147109089366 
 100.58841818478947516 131.0852260491839445 
 116.42431128256208694 140.22808319204108329 
 136.49872870157429361 105.45817228996622816 
 80.514000765777268498 165.85513695125877121 
 60.439583346765054728 200.62504785333359791 
 76.275476444537673615 209.76790499619073671 
 96.34989386354988028 174.99799409411593842 
 192.4834566373712903 45.061207628673699332 
 172.40903921835908363 79.831118530748554463 
 188.24493231613166699 88.97397567360569326 
 208.31934973514390208 54.204064771530845235 
 152.33462179934687697 114.60102943282338117 
 132.2602043803346703 149.37094033489822209 
 148.09609747810725366 158.51379747775538931 
 168.17051489711948875 123.74388657568051997 
 112.18578696132246364 184.1408512369730488 
 92.111369542310256975 218.91076213904790393 
 107.94726264008285455 228.05361928190504273 
  128.021680059095047 193.28370837983021602 
 224.15524283291648544 63.346921914387976926 
 204.08082541390425035 98.116832816462832056 
 219.91671851167689056 107.25968995931995664 
 239.9911359306890688 72.489779057245129934 
 184.00640799489207211 132.88674371853767298 
 163.93199057587983702 167.65665462061249968 
 179.76788367365244881 176.79951176346963848 
 199.84230109266465547 142.02960086139481177 
 143.85757315686763036 202.42656552268735481 
 123.78315573785543791 237.19647642476220994 
 139.61904883562803548 246.33933356761934874 
 159.69346625464024214 211.56942266554446519 
 255.82702902846168058 81.632636200102282942 
 235.75261160944947392 116.40254710217710965 
 251.58850470722205728 125.54540424503424845 
 215.67819419043726725 151.17245800425195057 
 195.60377677142506059 185.94236890632677728 
 211.43966986919764395 195.0852260491839445 
 231.51408728820982219 160.31531514710908937 
 175.52935935241285392 220.71227980840163241 
 155.45494193340064726 255.48219071047651596 
 191.36525245018540886 229.85513695125877121 
 61.557787533950957481 15.831118530748572226 
 247.34998038598243397 169.45817228996622816 
 227.27556296697022731 204.22808319204108329 
 21.408952695926547705 85.370940334898250512 
 41.483370114938750817 50.601029432823409593 
 207.20114554795802064 238.99799409411593842 
 1.334535276914321722 120.14085123697310564 
