 155.37101447134256205 10.345779925598280968 
 111.85752689543441818 3.0744193396402077489 
 73.076730429972343472 13.465702434396490617 
 77.809421540418426844 31.128346115110879566 
 116.59021800588051576 20.737063020354586484 
 34.295933964510254555 23.856985529152794356 
 39.028625074956352137 41.519629209867183306 
 198.88450204725074855 17.617140511556378613 
 160.10370558178865963 28.008423606312682352 
 164.83639669223475721 45.671067287027064197 
 203.61719315769684613 35.279784192270753351 
 121.32290911632661334 38.399706701068964776 
 82.542112650864524426 48.790989795825268516 
 87.274803761310622008 66.453633476539664571 
 126.05560022677269671 56.062350381783353725 
 43.761316185402442613 59.182272890581572256 
 4.9805197199403696828 69.573555985337875995 
 9.7132108303864637122 87.23619966605225784 
 48.49400729584853309 76.844916571295968311 
 208.34988426814294371 52.942427872985156512 
 169.56908780268085479 63.333710967741453146 
 174.30177891312695238 80.99635464845583499 
 213.08257537858904129 70.60507155369953125 
 130.7882913372187943 73.724994062497742675 
 92.00749487175671959 84.116277157254046415 
 96.740185982202802961 101.77892083796845668 
 135.52098244766489188 91.38763774321213873 
 53.226698406294630672 94.507560252010350155 
 14.445901940832555965 104.89884334676665389 
 19.178593051278628678 122.56148702748103574 
 57.959389516740721149  112.170203932724732 
 217.81526648903513887 88.267715234413941516 
 179.03447002357302154 98.658998329170245256 
 183.76716113401911912 116.32164200988464131 
 222.54795759948123646 105.93035891512833757 
 140.25367355811098946  109.050281423926549 
 101.47287709264891475 119.44156451868285274 
 106.20556820309499813 137.10420819939722037 
 144.98636466855708704 126.71292510464093084 
 62.692080627186818731 129.83284761343915648 
 23.911284161724744024 140.22413070819547443 
 28.643975272170838053 157.88677438890982785 
 67.424771737632909208 147.49549129415353832 
 227.28064870992730562 123.59300259584273363 
 188.4998522444652167 133.98428569059902316 
 193.23254335491131428 151.64692937131343342 
 232.0133398203734032 141.25564627655711547 
 149.71905577900318463 144.37556878535531268 
 110.9382593135410815 154.76685188011163063 
 115.67095042398716487 172.42949556082601248 
 154.45174688944925379 162.03821246606969453 
 72.15746284807900679 165.15813497486792016 
 33.376666382616917872 175.54941806962420969 
 38.109357493063015454 193.21206175033861996 
 76.890153958525090161 182.82077865558230201 
 236.74603093081950078 158.91828995727149731 
 197.96523446535741186 169.30957305202778684 
 202.69792557580350945 186.97221673274216869 
 241.47872204126554152 176.58093363798587916 
 159.18443799989535137 179.70085614678410479 
 120.40364153443326245 190.09213924154042274 
 125.13633264487936003 207.75478292225477617 
 163.91712911034144895 197.36349982749845822 
 81.622845068971187743 200.48342233629671227 
 42.842048603509105931 210.87470543105303022 
 47.574739713955189302 228.53734911176738365 
 86.355536179417285325 218.1460660170110657 
 246.21141315171169595  194.243577318700261 
 207.43061668624960703 204.63486041345660738 
 212.16330779669567619 222.29750409417098922 
 250.94410426215779353 211.90622099941469969 
 168.64982022078754653 215.02614350821286848 
 129.86902375532545761 225.41742660296915801 
 134.6017148657715552 243.08007028368362512 
 173.38251133123364411 232.68878718892730717 
 91.088227289863382907 235.80870969772547596 
 52.307430824401293989 246.19999279248176549 
 95.820918400309466278 253.47135337843991465 
