 33.07800408178657392 36.170684794208781909 
 55.705421079756092695 84.170684794208781909 
 33.07800408178657392 52.170684794208781909 
 55.705421079756092695 68.170684794208781909 
 33.07800408178657392 100.17068479420879612 
 55.705421079756092695 148.1706847942087677 
 33.07800408178657392 116.1706847942087677 
 55.705421079756092695 132.17068479420879612 
 33.07800408178657392 164.17068479420879612 
 55.705421079756092695 212.1706847942087677 
 33.07800408178657392 180.1706847942087677 
 55.705421079756092695 196.17068479420879612 
 33.07800408178657392 228.17068479420879612 
 55.705421079756092695 20.170684794208771251 
 33.07800408178657392 244.17068479420882454 
 55.705421079756092695 4.1706847942087916792 
 78.33283807772561147 36.170684794208781909 
 100.96025507569514446 84.170684794208781909 
 78.33283807772561147 52.170684794208781909 
 100.96025507569514446 68.170684794208781909 
 78.33283807772561147 100.17068479420879612 
 100.96025507569514446 148.1706847942087677 
 78.33283807772561147 116.1706847942087677 
 100.96025507569514446 132.17068479420879612 
 78.33283807772561147 164.17068479420879612 
 100.96025507569514446 212.1706847942087677 
 78.33283807772561147 180.1706847942087677 
 100.96025507569514446 196.17068479420879612 
 78.33283807772561147 228.17068479420879612 
 100.96025507569514446 20.170684794208771251 
 78.33283807772561147 244.17068479420882454 
 100.96025507569514446 4.1706847942087916792 
 123.58767207366463481 36.170684794208781909 
 146.21508907163416779 84.170684794208781909 
 123.58767207366463481 52.170684794208781909 
 146.21508907163416779 68.170684794208781909 
 123.58767207366463481 100.17068479420879612 
 146.21508907163416779 148.1706847942087677 
 123.58767207366463481 116.1706847942087677 
 146.21508907163416779 132.17068479420879612 
 123.58767207366463481 164.17068479420879612 
 146.21508907163416779 212.1706847942087677 
 123.58767207366463481 180.1706847942087677 
 146.21508907163416779 196.17068479420879612 
 123.58767207366463481 228.17068479420879612 
 146.21508907163416779 20.170684794208771251 
 123.58767207366463481 244.17068479420882454 
 146.21508907163416779 4.1706847942087916792 
 168.84250606960367236 36.170684794208781909 
 191.46992306757317692 84.170684794208781909 
 168.84250606960367236 52.170684794208781909 
 191.46992306757317692 68.170684794208781909 
 168.84250606960367236 100.17068479420879612 
 191.46992306757317692 148.1706847942087677 
 168.84250606960367236 116.1706847942087677 
 191.46992306757317692 132.17068479420879612 
 168.84250606960367236 164.17068479420879612 
 191.46992306757317692 212.1706847942087677 
 168.84250606960367236 180.1706847942087677 
 191.46992306757317692 196.17068479420879612 
 168.84250606960367236 228.17068479420879612 
 191.46992306757317692 20.170684794208771251 
 168.84250606960367236 244.17068479420882454 
 191.46992306757317692 4.1706847942087916792 
 214.09734006554270991 36.170684794208781909 
 236.72475706351227132 84.170684794208781909 
 214.09734006554270991 52.170684794208781909 
 236.72475706351227132 68.170684794208781909 
 214.09734006554270991 100.17068479420879612 
 236.72475706351227132 148.1706847942087677 
 214.09734006554270991 116.1706847942087677 
 236.72475706351227132 132.17068479420879612 
 214.09734006554270991 164.17068479420879612 
 236.72475706351227132 212.1706847942087677 
 214.09734006554270991 180.1706847942087677 
 236.72475706351227132 196.17068479420879612 
 214.09734006554270991 228.17068479420879612 
 236.72475706351227132 20.170684794208771251 
 214.09734006554270991 244.17068479420882454 
 236.72475706351227132 4.1706847942087916792 
