 129.03356549345829762 31.337587120668345619 
 111.09243999650404078 81.278712617622645098 
 117.71985699447353113 42.651295619653119218 
 122.40614849548877885 69.965004118637892816 
 83.778731497519245863 76.592421116607411591 
 65.837606000564989017 126.53354661356168265 
 72.465022998534507792 87.906129615592163873 
 77.151314499549727088 115.21983811457693037 
 38.523897501580208313 121.84725511254644914 
 20.582772004625951467 171.78838060950073441 
 27.210189002595470242 133.16096361153120142 
 31.896480503610700197 160.47467211051599634 
 156.34727399244306412 36.023878621683593337 
 167.66098249142780219 24.710170122698848161 
 161.03356549345829762 63.33758712066835983 
 143.09243999650402657 113.2787126176226451 
 149.71985699447353113 74.651295619653112112 
 154.40614849548879306 101.96500411863786439 
 115.77873149751926007 108.59242111660741159 
 97.837606000564989017 158.53354661356166844 
 104.46502299853450779 119.90612961559216387 
 109.1513144995497413 147.21983811457693037 
 70.523897501580222524 153.84725511254646335 
 52.582772004625958573 203.78838060950070599 
 59.210189002595470242 165.16096361153120142 
 63.896480503610703749 192.47467211051599634 
 25.269063505641177869 199.10208910848552932 
 188.34727399244306412 68.023878621683593337 
 194.97469099041256868 29.396461623714095879 
 199.66098249142783061 56.710170122698848161 
 193.03356549345829762 95.337587120668345619 
 175.09243999650402657 145.27871261762263089 
 181.71985699447355955 106.65129561965311211 
 186.40614849548876464 133.96500411863786439 
 147.77873149751926007 140.59242111660739738 
 129.83760600056498902 190.53354661356166844 
  136.465022998534522 151.90612961559216387 
 141.15131449954972709 179.21983811457690194 
 102.52389750158022252 185.84725511254646335 
 84.582772004625951467 235.78838060950070599 
 91.210189002595484453 197.16096361153122984 
 95.896480503610675328 224.47467211051593949 
 57.26906350564119208 231.10208910848552932 
 220.3472739924430357 100.02387862168357913 
 226.97469099041256868 61.396461623714095879 
 231.66098249142783061 88.710170122698826844 
 225.03356549345829762 127.33758712066834562 
 207.09243999650402657 177.27871261762263089 
 213.71985699447355955 138.6512956196530979 
 218.40614849548879306 165.96500411863786439 
 179.77873149751926007 172.59242111660739738 
 161.83760600056498902 222.53354661356166844 
  168.465022998534522 183.90612961559213545 
 173.15131449954975551 211.21983811457690194 
 134.52389750158022252 217.84725511254643493 
 123.21018900259547024  229.160963611531173 
 127.89648050361070375 256.47467211051599634 
 252.34727399244306412 132.02387862168356492 
 79.092439996504054989 49.27871261762267352 
 245.71985699447350271 170.6512956196530979 
 90.406148495488807271 37.965004118637907027 
 211.77873149751926007 204.59242111660739738 
 33.837606000565010334 94.533546613561711069 
  200.465022998534522 215.90612961559213545 
 45.151314499549762616 83.219838114576972998 
 166.52389750158022252 249.84725511254643493 
 124.34727399244307833 4.0238786216836182064 
