 174.72589482687575924 24.588502994522926315 
 190.18070804750087177 20.447398272882605141 
 153.41467514569967534 6.873201255612250371 
 112.90664194437538015 41.152921881084267852 
 137.95986192507456281 11.014305977252593749 
 128.36145516500047847 37.011817159443936021 
 91.595422263199267832 23.437620142173582138 
 51.087389061875008167 57.717340767645588073 
 76.140609042574183718 27.578724863813924628 
 66.542202282500099386 53.576236046005263347 
 29.776169380698899403 40.002039028734913018 
 14.321356160073783315 44.14314375037525906 
 4.7229493999997309572 70.140654932566590674 
 226.94674094930203978 34.021595290152959024 
 186.43870774797778722 68.301315915624968511 
 211.49192772867695567 38.162700011793290855 
 201.89352096860289976 64.16021119398465089 
 165.12748806680170333 50.58601417671428635 
 124.61945486547742235 84.865734802186295838 
 149.67267484617659079 54.727118898354618182 
 140.07426808610250646 80.724630080545978217 
 103.30823518430131003 67.150433063275613677 
 62.800201982977050363 101.43015368874762316 
 87.853421963676211703 71.291537784915945508 
 78.255015203602141582 97.289048967107305543 
 41.488982301800938046 83.714851949836955214 
 26.034169081175821958 87.855956671477287045 
 16.435762321101769601 113.85346785366863287 
 238.65955387040406777 77.73440821125500122 
 198.15152066907984363 112.0141288367269965 
 223.20474064977901207 81.875512932895318841 
 213.60633388970489932 107.87302411508667888 
 176.84030098790373131 94.298827097816328546 
 136.33226778657945033 128.57854772328835224 
 161.38548776727861878 98.439931819456646167 
 151.78708100720456287 124.4374430016480062 
 115.02104810540335222 110.86324598437765587 
 74.513014904079071243 145.14296660984965115 
  99.5662348847782539 115.00435070601797349 
 89.967828124704183779 141.00186188820933353 
 53.201795222902973137 127.4276648709389832 
 12.693762021578734789 161.7073854964110069 
 37.746982002277860602 131.56876959257931503 
 28.148575242203808244 157.56628077477066086 
 250.37236679150612417 121.44722113235702921 
 209.86433359018187161 155.7269417578290529 
 234.91755357088104006 125.58832585399736104 
 225.31914681080695573 151.58583703618870686 
 188.5531139090057593 138.01164001891837074 
 148.04508070768150674 172.29136064439038023 
 173.09830068838067518 142.15274474055868836 
 163.49989392830656243 168.15025592275006261 
 126.73386102650538021 154.57605890547969807 
 86.22582782518111344 188.85577953095170756 
 111.2790478058802961 158.71716362712001569 
 101.68064104580619755 184.71467480931138994 
 64.914608144005001122 171.1404777920410254 
 24.406574942680773432 205.42019841751303488 
 49.459794923379888587 175.28158251368134302 
 39.861388163305832677 201.27909369587271726 
 221.5771465112838996 199.43975467893108089 
 246.63036649198306804 169.30113877509938902 
 237.03195973190898371 195.29864995729076327 
 200.26592683010778728 181.72445294002039873 
 159.7578936287835063 216.00417356549240822 
 184.81111360948270317 185.86555766166071635 
 175.21270684940861884 211.86306884385203375 
 138.44667394760742241 198.28887182658172605 
 97.938640746283141425 232.56859245205370712 
 122.99186072698232408 202.42997654822204368 
 113.39345396690823975 228.42748773041341792 
 76.627421065107043319 214.85329071314305338 
 36.11938786378279076 249.13301133861506287 
 61.172607844481923678 218.99439543478339942 
 51.574201084407860662 244.99190661697471683 
