 251.59172688614086155 45.93488937348253387 
 203.59172688614088997 68.562306371452066855 
 235.59172688614088997 45.93488937348253387 
 219.5917268861409184 68.562306371452052645 
 187.59172688614088997 45.934889373482540975 
 139.59172688614088997 68.562306371452066855 
 171.59172688614088997 45.934889373482540975 
 155.59172688614088997 68.562306371452066855 
 123.59172688614088997 45.934889373482540975 
 75.591726886140889974 68.562306371452066855 
 107.59172688614088997 45.934889373482540975 
 91.591726886140889974 68.562306371452066855 
 59.59172688614091129 45.934889373482540975 
 11.591726886140932606 68.562306371452066855 
 43.591726886140889974 45.934889373482540975 
 27.59172688614091129 68.562306371452066855 
 251.59172688614086155 91.189723369421571419 
 203.59172688614088997 113.81714036739109019 
 235.59172688614088997 91.189723369421571419 
 219.5917268861409184 113.81714036739109019 
 187.59172688614088997 91.189723369421571419 
 139.59172688614088997 113.81714036739109019 
 171.59172688614088997 91.189723369421571419 
 155.59172688614088997 113.81714036739109019 
 123.59172688614088997 91.189723369421571419 
 75.591726886140889974 113.81714036739109019 
 107.59172688614088997 91.189723369421571419 
 91.591726886140889974 113.81714036739109019 
 59.59172688614091129 91.189723369421571419 
 11.591726886140932606 113.81714036739109019 
 43.591726886140889974 91.189723369421571419 
 27.59172688614091129 113.81714036739109019 
 251.59172688614086155 136.44455736536062318 
 203.59172688614088997 159.07197436333012774 
 235.59172688614088997 136.44455736536062318 
 219.5917268861409184 159.07197436333012774 
 187.59172688614088997 136.44455736536062318 
 139.59172688614088997 159.07197436333012774 
 171.59172688614088997 136.44455736536062318 
 155.59172688614088997 159.07197436333012774 
 123.59172688614088997 136.44455736536062318 
 75.591726886140889974 159.07197436333012774 
 107.59172688614088997 136.44455736536062318 
 91.591726886140889974 159.07197436333012774 
 59.59172688614091129 136.44455736536062318 
 11.591726886140932606 159.07197436333012774 
 43.591726886140889974 136.44455736536062318 
 27.59172688614091129 159.07197436333012774 
 251.59172688614086155 181.69939136129963231 
 203.59172688614088997 204.32680835926919372 
 235.59172688614088997 181.69939136129963231 
 219.5917268861409184 204.32680835926919372 
 187.59172688614088997 181.69939136129963231 
 139.59172688614088997 204.32680835926919372 
 171.59172688614088997 181.69939136129963231 
 155.59172688614088997 204.32680835926919372 
 123.59172688614088997 181.69939136129963231 
 75.591726886140889974 204.32680835926919372 
 107.59172688614088997 181.69939136129963231 
 91.591726886140889974 204.32680835926919372 
 59.59172688614091129 181.69939136129963231 
 11.591726886140932606 204.32680835926919372 
 43.591726886140889974 181.69939136129963231 
 27.59172688614091129 204.32680835926919372 
 251.59172688614086155 226.95422535723866986 
 203.59172688614088997 23.307472375513050622 
 235.59172688614088997 226.95422535723866986 
 219.59172688614086155 23.307472375513050622 
 187.5917268861409184 226.95422535723866986 
 139.59172688614088997 23.307472375513050622 
 171.59172688614088997 226.95422535723866986 
 155.59172688614088997 23.307472375513050622 
 123.59172688614088997 226.95422535723866986 
 75.591726886140875763 23.307472375513050622 
 107.59172688614088997 226.95422535723866986 
 91.591726886140889974 23.307472375513050622 
 59.591726886140925501 226.95422535723866986 
 11.591726886140932606 23.307472375513050622 
 43.591726886140904185 226.95422535723866986 
 27.59172688614091129 23.307472375513050622 
