 212.22575461481216053 56.585574329725403686 
 164.2257546148121321 79.21299132769490825 
 196.2257546148121321 56.585574329725403686 
 180.2257546148121321 79.21299132769490825 
 148.2257546148121321 56.585574329725403686 
 100.2257546148121321 79.21299132769490825 
 132.2257546148121321 56.585574329725403686 
 116.2257546148121321 79.21299132769490825 
 84.225754614812132104 56.585574329725403686 
 36.225754614812132104 79.212991327694922461 
 68.225754614812132104 56.585574329725403686 
 52.225754614812110788 79.21299132769490825 
 20.225754614812110788 56.585574329725417897 
 228.2257546148121321 79.21299132769490825 
 4.2257546148120885832 56.585574329725417897 
 244.22575461481210368 79.21299132769490825 
 212.22575461481216053 101.84040832566442703 
 164.2257546148121321 124.4678253236339458 
 196.2257546148121321 101.84040832566442703 
 180.2257546148121321 124.4678253236339458 
 148.2257546148121321 101.84040832566442703 
 100.2257546148121321 124.4678253236339458 
 132.2257546148121321 101.84040832566442703 
 116.2257546148121321 124.4678253236339458 
 84.225754614812132104 101.84040832566444124 
 36.225754614812132104 124.4678253236339458 
 68.225754614812132104 101.84040832566444124 
 52.225754614812110788 124.4678253236339458 
 20.225754614812110788 101.84040832566444124 
 228.2257546148121321 124.4678253236339458 
 4.2257546148120885832 101.84040832566444124 
 244.22575461481210368 124.4678253236339458 
 212.22575461481216053 147.09524232160347879 
 164.2257546148121321 169.72265931957298335 
 196.2257546148121321 147.09524232160347879 
 180.2257546148121321 169.72265931957298335 
 148.2257546148121321 147.09524232160347879 
 100.2257546148121321 169.72265931957298335 
 132.2257546148121321 147.09524232160347879 
 116.2257546148121321 169.72265931957298335 
 84.225754614812132104 147.09524232160347879 
 36.225754614812132104 169.72265931957298335 
 68.225754614812132104 147.09524232160347879 
 52.225754614812110788 169.72265931957298335 
 20.225754614812110788 147.09524232160347879 
 228.2257546148121321 169.72265931957298335 
 4.2257546148120885832 147.09524232160347879 
 244.22575461481210368 169.72265931957298335 
 212.22575461481216053 192.35007631754251634 
 164.2257546148121321 214.9774933155120209 
 196.2257546148121321 192.35007631754251634 
 180.22575461481216053 214.9774933155120209 
 148.2257546148121321 192.35007631754251634 
 100.2257546148121321 214.9774933155120209 
 132.2257546148121321 192.35007631754251634 
 116.2257546148121321 214.9774933155120209 
 84.225754614812132104 192.35007631754251634 
 36.225754614812139209 214.9774933155120209 
 68.225754614812132104 192.35007631754251634 
 52.225754614812117893 214.9774933155120209 
 20.225754614812110788 192.35007631754251634 
 228.2257546148121321 214.9774933155120209 
 4.2257546148120885832 192.35007631754251634 
 244.22575461481210368 214.9774933155120209 
 212.22575461481216053 237.60491031348155389 
 164.2257546148121321 33.958157331755884911 
 196.2257546148121321 237.60491031348155389 
 180.22575461481210368 33.958157331755884911 
 148.2257546148121321 237.60491031348155389 
 100.2257546148121321 33.958157331755884911 
 132.2257546148121321 237.60491031348155389 
 116.2257546148121321 33.958157331755884911 
 84.225754614812132104 237.60491031348155389 
 36.225754614812117893 33.958157331755884911 
 68.225754614812146315 237.60491031348155389 
 52.225754614812096577 33.958157331755884911 
 20.225754614812110788 237.60491031348155389 
 228.2257546148121321 33.958157331755884911 
 4.2257546148120885832 237.60491031348155389 
 244.22575461481210368 33.958157331755884911 
