 48.641181421204755964 36.664318283452537628 
 74.241181421204757385 62.264318283452539049 
 48.641181421204755964 87.864318283452533365 
 74.241181421204757385 113.46431828345254189 
 48.641181421204755964 139.06431828345253621 
 74.241181421204757385 164.66431828345253052 
 48.641181421204755964 190.26431828345255326 
 74.241181421204757385 215.86431828345254758 
 48.641181421204755964 241.46431828345257031 
 74.241181421204757385 11.064318283452529101 
 99.841181421204765911 36.664318283452537628 
 125.44118142120476023 62.264318283452539049 
 99.841181421204765911 87.864318283452533365 
 125.44118142120476023 113.46431828345254189 
 99.841181421204765911 139.06431828345253621 
 125.44118142120476023 164.66431828345253052 
 99.841181421204765911 190.26431828345255326 
 125.44118142120476023 215.86431828345254758 
 99.841181421204765911 241.46431828345257031 
 125.44118142120476023 11.064318283452529101 
 151.04118142120475454 36.664318283452537628 
 176.64118142120474886 62.264318283452539049 
 151.04118142120475454 87.864318283452533365 
 176.64118142120474886 113.46431828345254189 
 151.04118142120475454 139.06431828345253621 
 176.64118142120474886 164.66431828345253052 
 151.04118142120475454 190.26431828345255326 
 176.64118142120474886 215.86431828345254758 
 151.04118142120475454 241.46431828345257031 
 176.64118142120474886 11.064318283452529101 
 202.2411814212047716 36.664318283452537628 
 227.84118142120476591 62.264318283452539049 
 202.2411814212047716 87.864318283452533365 
 227.84118142120476591 113.46431828345254189 
 202.2411814212047716 139.06431828345253621 
 227.84118142120476591 164.66431828345253052 
 202.2411814212047716 190.26431828345255326 
 227.84118142120476591 215.86431828345254758 
 202.2411814212047716 241.46431828345257031 
 227.84118142120476591 11.064318283452529101 
 253.44118142120478865 36.664318283452537628 
 23.041181421204743884 62.264318283452539049 
 253.44118142120478865 87.864318283452533365 
 23.041181421204743884 113.46431828345254189 
 253.44118142120478865 139.06431828345253621 
 23.041181421204743884 164.66431828345253052 
 253.44118142120478865 190.26431828345255326 
 23.041181421204743884 215.86431828345254758 
 253.44118142120478865 241.46431828345257031 
 23.041181421204743884 11.064318283452529101 
