 99.858131863545494866 15.083708860445545596 
 63.654264666794247773 15.083708860445545596 
 63.654264666794261984 51.287576057196794466 
 27.450397470043021997 51.28757605719678736 
 27.450397470043021997 87.491443253948034453 
 136.06199906029669933 15.083708860445545596 
 136.06199906029669933 51.287576057196773149 
 99.858131863545494866 51.287576057196794466 
 99.858131863545480655 87.491443253948020242 
 63.654264666794261984 87.491443253948020242 
 63.654264666794247773 123.69531045069925312 
 27.450397470043021997 123.69531045069926734 
 27.450397470043011339 159.89917764745050022 
 172.26586625704794642 15.083708860445545596 
 172.26586625704794642 51.287576057196773149 
 172.26586625704794642 87.491443253948006031 
 136.06199906029672775 87.491443253948006031 
 136.06199906029672775 123.69531045069925312 
 99.858131863545494866 123.69531045069925312 
 99.858131863545494866 159.8991776474504718 
 63.654264666794247773 159.89917764745050022 
 63.654264666794247773 196.10304484420174731 
 27.450397470043032655 196.10304484420171889 
 208.46973345379919351 51.287576057196773149 
 208.46973345379919351 87.491443253948006031 
 208.46973345379919351 123.69531045069925312 
 172.26586625704794642 123.69531045069925312 
 172.26586625704794642 159.89917764745050022 
 136.06199906029672775 159.8991776474504718 
 136.06199906029675617 196.10304484420171889 
 99.858131863545494866 196.10304484420171889 
 99.858131863545494866 232.30691204095296598 
 63.654264666794276195 232.30691204095296598 
 244.67360065055046903 87.491443253948006031 
 244.67360065055041218 123.69531045069925312 
 244.67360065055046903 159.8991776474504718 
 208.46973345379919351 159.8991776474504718 
 208.46973345379919351 196.10304484420171889 
 172.26586625704794642 196.10304484420171889 
 172.26586625704797484 232.30691204095296598 
 136.06199906029672775 232.30691204095296598 
