 142.97635660617990538 35.768941216948917372 
 106.77248940942868671 35.768941216948917372 
 106.77248940942865829 71.972808413700150254 
 70.568622212677453831 71.972808413700136043 
 70.56862221267743962 108.17667561045138314 
 34.364755015926199633 108.17667561045138314 
 34.364755015926199633 144.38054280720263023 
 179.18022380293112406 35.768941216948903161 
 179.18022380293115248 71.972808413700136043 
 142.97635660617990538 71.972808413700136043 
 142.97635660617990538 108.17667561045138314 
 106.77248940942868671 108.17667561045138314 
 106.77248940942868671 144.38054280720260181 
 70.56862221267743962 144.38054280720260181 
 70.56862221267743962 180.5844100039538489 
 34.364755015926199633 180.5844100039538489 
 215.38409099968239957 35.768941216948881845 
 215.38409099968237115 71.972808413700136043 
 215.38409099968237115 108.17667561045138314 
 179.18022380293112406 108.17667561045135471 
 179.18022380293115248 144.38054280720260181 
 142.97635660617990538 144.38054280720257339 
 142.97635660617990538 180.5844100039538489 
 106.77248940942868671 180.5844100039538489 
 106.77248940942868671 216.78827720070509599 
 70.56862221267743962 216.78827720070509599 
 251.58795819643364666 71.972808413700107621 
 251.58795819643361824 108.17667561045138314 
 251.58795819643361824 144.38054280720257339 
 215.38409099968237115 144.38054280720260181 
 215.38409099968237115 180.5844100039538489 
 179.18022380293115248 180.5844100039538489 
 179.18022380293115248 216.78827720070509599 
 142.97635660617993381 216.78827720070509599 
 142.97635660617990538 252.99214439745628624 
 106.77248940942870092 252.99214439745634309 
 251.58795819643361824 180.5844100039538489 
 70.568622212677411198 35.768941216948903161 
 215.38409099968239957 216.78827720070509599 
 34.364755015926192527 71.972808413700136043 
 179.18022380293115248 252.99214439745628624 
