 154.63426923920349054 6.1962685804895407671 
 110.29376856544021734 31.796268580489549294 
 75.323518228558597798 22.426018243607909852 
 65.953267891676986778 57.396268580489547162 
 30.983017554795335258 48.026018243607921931 
 21.612767217913717133 82.996268580489569899 
 189.6045195760851243 15.566518917371178432 
 180.23426923920348486 50.536769254252789096 
 145.26401890232187952 41.166518917371178077 
 135.89376856544024008 76.136769254252797623 
 100.92351822855860632 66.766518917371186603 
 91.553267891676995305 101.73676925425279194 
 56.583017554795340232 92.366518917371180919 
 47.212767217913707896 127.33676925425281468 
 12.242516881032079468 117.96651891737121787 
 2.872266544150487988 152.93676925425279478 
 215.20451957608517546 59.907019591134421432 
 205.8342692392035076 94.877269928016048084 
 170.86401890232187384 85.507019591134422853 
 161.4937685654402344 120.47726992801605661 
 126.52351822855861485 111.10701959113443138 
 117.15326789167697541 146.07726992801605093 
 82.183017554795355863 136.70701959113443991 
 72.812767217913716422 171.67726992801607366 
 37.842516881032089771 162.30701959113446264 
 28.472266544150485856 197.27726992801606798 
 240.80451957608516977 104.24752026489768753 
 231.43426923920350191 139.21777060177933549 
 196.46401890232189658 129.84752026489769605 
 187.09376856544025713 164.81777060177932981 
 152.12351822855859496 155.44752026489769037 
 142.75326789167701236 190.41777060177932412 
 107.78301755479536439 181.04752026489768468 
 98.412767217913724949 216.01777060177931844 
 63.442516881032084086 206.64752026489770742 
 54.072266544150508594 241.61777060177931276 
 222.06401890232186247 174.18802093866094083 
 212.69376856544022303 209.15827127554257459 
 177.72351822855861769 199.78802093866096357 
 168.35326789167700667 234.75827127554259732 
 133.38301755479537292 225.38802093866092946 
 89.042516881032099718 250.98802093866098062 
