 221.52187108581404118 21.148436468937010346 
 195.92187108581404686 46.748436468937022426 
 170.32187108581405255 21.148436468937010346 
 144.72187108581405823 46.748436468937022426 
 119.12187108581404971 21.148436468937010346 
 93.521871085814026969 46.748436468937022426 
 67.921871085814018443 21.148436468937010346 
 42.321871085814017022 46.748436468937022426 
 16.721871085814051128 21.148436468937010346 
 247.1218710858140355 46.748436468937008215 
 221.52187108581404118 72.348436468937023847 
 195.92187108581404686 97.948436468937018162 
 170.32187108581405255 72.348436468937023847 
 144.72187108581405823 97.948436468937018162 
 119.12187108581404971 72.348436468937023847 
 93.521871085814026969 97.948436468937018162 
 67.921871085814018443 72.348436468937023847 
 42.321871085814017022 97.948436468937018162 
 16.721871085814051128 72.348436468937023847 
 247.1218710858140355 97.948436468937018162 
 221.52187108581404118 123.54843646893702669 
 195.92187108581404686 149.14843646893700679 
 170.32187108581405255 123.54843646893702669 
 144.72187108581405823 149.14843646893700679 
 119.12187108581404971 123.54843646893702669 
 93.521871085814026969 149.14843646893700679 
 67.921871085814018443 123.54843646893702669 
 42.321871085814017022 149.14843646893700679 
 16.721871085814051128 123.54843646893702669 
 247.1218710858140355 149.14843646893700679 
 221.52187108581404118 174.74843646893702953 
 195.92187108581404686 200.34843646893702385 
 170.32187108581405255 174.74843646893702953 
 144.72187108581405823 200.34843646893702385 
 119.12187108581404971 174.74843646893702953 
 93.521871085814026969 200.34843646893702385 
 67.921871085814018443 174.74843646893702953 
 42.321871085814017022 200.34843646893702385 
 16.721871085814051128 174.74843646893702953 
 247.1218710858140355 200.34843646893699542 
 221.52187108581404118 225.94843646893701816 
 195.92187108581407529 251.54843646893701248 
 170.32187108581405255 225.94843646893701816 
 144.72187108581405823 251.54843646893701248 
 119.12187108581404971 225.94843646893701816 
 93.521871085814026969 251.54843646893701248 
 67.921871085814032654 225.94843646893701816 
 42.321871085814024127 251.54843646893701248 
 16.721871085814051128 225.94843646893701816 
 247.1218710858140355 251.54843646893701248 
