 174.98388194385259453 32.283279595893517921 
 143.63041323622792333 14.181345997517908586 
 125.52847963785228558 45.534814705142586888 
 94.175010930227614381 27.432881106766977553 
 76.073077331852019256 58.786349814391648749 
 44.719608624227319638 40.684416216016032308 
 26.617675025851685433 72.037884923640717716 
 224.43928424985293191 19.031744486644466718 
 206.33735065147726573 50.385213194269134362 
 188.23541705310168481 81.738681901893826875 
 156.88194834547695677 63.636748303518203329 
 138.78001474710134744 94.990217011142902948 
 107.42654603947669045 76.88828341276726519 
 89.324612441101081117 108.24175212039193639 
 57.971143733476381499 90.139818522016327051 
 39.869210135100750847 121.49328722964101246 
 8.5157414274760494521 103.39135363126538891 
 237.69081935910199377 68.487146792644765014 
 219.58888576072632759 99.840615500269436211 
 201.48695216235071825 131.19408420789412162 
 170.13348345472601864 113.09215060951849807 
 152.0315498563504093 144.44561931714318348 
 120.67808114872572389 126.34368571876755993 
 102.57614755035014298 157.69715442639224534 
 71.222678842725429149 139.59522082801660758 
 53.120745244349805603 170.9486895356413072 
 21.767276536725116642 152.84675593726566944 
 250.94235446835099879 117.94254909864505976 
 232.84042086997541787 149.29601780626975938 
 214.73848727159980854 180.64948651389443057 
 183.3850185639750805 162.54755291551882124 
 165.28308496559949958 193.90102162314349243 
 133.92961625797479996 175.7990880247678831 
 115.82768265959921905 207.1525567323925543 
 84.474213951974505221 189.05062313401691654 
 66.372280353598881675 220.40409184164161616 
 35.018811645974182056 202.30215824326600682 
 246.09195597922447973 198.75142011227003991 
 227.99002238084881355 230.10488881989468268 
 196.63655367322417078 212.00295522151907335 
 178.5346200748485046 243.35642392914374454 
 147.18115136722386183 225.25449033076816363 
 129.07921776884825249 256.60795903839283483 
 97.725749061223567082 238.50602544001722549 
 48.270346755223251023 251.75756054926628735 
