 80.213682679398402797 52.976101802277170805 
 116.97971558119959923 39.40190478500681337 
 111.12330912064857102 61.258311245557827363 
 86.070089139949431001 31.119695341726156812 
 68.500869758296374812 96.688914723379213001 
 105.26690266009755703 83.114717706108848461 
 99.410496199546528828 104.97112416665986245 
 74.357276218847388805 74.832508262828199008 
 56.788056837194339721 140.40172764448124099 
 93.554089738995529046 126.82753062721087645 
 87.697683278444500843 148.68393708776190465 
 62.644463297745360819 118.54532118393021278 
 45.07524391609230463 184.11454056558329739 
 81.84127681789348685 170.54034354831293285 
 75.984870357342472857 192.39675000886396106 
 50.931650376643325728 162.25813410503226919 
 91.926495600500430783 9.2632888811751517011 
 70.128463896791458865 214.25315646941493242 
 122.83612204175061322 17.54549832445580293 
 39.218837455541283532 205.97094702613429718 
 142.03293556189876767 69.540520688838498131 
 178.7989684636999641 55.966323671568147802 
 172.9425620031489359 77.822730132119161794 
 147.88934202244979588 47.684114228287484138 
 130.32012264079673969 113.25333360994052612 
 167.08615554259793612 99.679136592670175787 
 161.22974908204693634 121.53554305322117557 
 136.17652910134773947 91.396927149389526335 
 118.6073097196947117 156.96614653104256831 
 155.37334262149587971 143.39194951377220377 
 149.51693616094487993 165.24835597432323198 
 124.46371618024573991 135.10974007049154011 
 106.89449679859266951 200.6789594521445963 
 143.66052970039385173 187.10476243487426018 
 137.80412323984285194 208.96116889542525996 
 112.75090325914369771 178.82255299159359652 
 153.74574848300079566 25.827707767736473699 
 131.94771677929182374 230.81757535597628817 
 184.65537492425099231 34.109917211017126704 
 101.03809033804165551 222.5353659126956245 
 203.85218844439918939 86.104939575399839669 
 240.61822134620032898 72.530742558129475128 
 234.7618148856493292 94.387149018680489121 
 209.70859490495018917 64.248533114848811465 
 192.13937552329713299 129.81775249650183923 
 228.90540842509832942 116.24355547923151732 
 223.04900196454732964 138.0999619397825029 
 197.99578198384813277 107.96134603595085366 
  180.426562602195105 173.53056541760389564 
 217.19259550399627301 159.9563684003335311 
 211.33618904344524481 181.8127748608845593 
 186.2829690627461332 151.67415895705286744 
 168.71374968109307702 217.24337833870595205 
 205.47978258289424502 203.66918132143558751 
 199.62337612234324524 225.52558778198658729 
 174.5701561416440768 195.38697187815492384 
 215.56500136550121738 42.392126654297804578 
 193.76696966179221704 247.38199424253758707 
 246.47462780675135718 50.67433609757845403 
 162.85734322054204881 239.09978479925692341 
 55.160462698699241457 22.837485898445482491 
 49.304056238148220359 44.693892358996507141 
 253.9586284057974126 146.38217138306316656 
 43.447649777597206366 66.550298819547535345 
 37.591243317046185268 88.406705280098535127 
 242.24581548469541303 190.09498430416519454 
 31.73483685649516417 110.26311174064956333 
 25.878430395944146625 132.11951820120057732 
 248.10222194524641282 168.23857784361416634 
 230.5330025635933282 233.80779722526725095 
 20.022023935393125527 153.97592466175160553 
 14.165617474842106205 175.83233112230260531 
 236.38940902414438483 211.95139076471627959 
 8.3092110142911081994 197.68873758285360509 
 224.67659610304232842 255.66420368581822231 
