 72.623854517357870009 108.84608706075782436 
 87.708799182670873051 130.17942039409115296 
 57.538909852044831439 130.17942039409115296 
 72.623854517357870009 151.51275372742446734 
 102.79374384798390452 66.179420394091152957 
 132.96363317860993902 108.84608706075782436 
 102.79374384798390452 108.84608706075782436 
 117.87868851329692177 87.512753727424481553 
 87.708799182670901473 87.512753727424481553 
 148.04857784392297049 130.17942039409115296 
 117.87868851329692177 130.17942039409115296 
 132.96363317860993902 151.51275372742446734 
 102.79374384798390452 151.51275372742446734 
 117.87868851329692177 172.84608706075781015 
 87.708799182670901473 172.84608706075781015 
 102.79374384798390452 194.17942039409115296 
 132.96363317860993902 66.179420394091152957 
 117.87868851329692177 44.846087060757817255 
 163.13352250923597353 108.84608706075782436 
 148.04857784392294207 87.512753727424481553 
 178.21846717454897657 130.17942039409115296 
 163.13352250923597353 151.51275372742446734 
 148.04857784392294207 172.84608706075781015 
 132.96363317860993902 194.17942039409115296 
 117.87868851329692177 215.51275372742449576 
