 117.58574580960102196 127.33503019454531113 
 146.72762109033570255 135.14357214194669154 
 128.25241247626769336 145.81023880861334874 
 138.91907914293435056 164.28544742268135792 
 109.77720386219966997 156.47690547528000593 
 96.252412476267679153 90.384612966409264345 
 154.53616303773708296 106.00169686121199675 
 136.06095442366904535 116.66836352787866815 
 125.39428775700237395 98.193154913810630546 
 106.91907914293435056 108.85982158047728774 
 99.110537195532998567 138.00169686121199675 
 88.443870528866327163 119.52648824714395914 
 80.635328581464975173 148.66836352787865394 
 183.67803831847177776 113.81023880861333453 
 165.20282970440374015 124.47690547528000593 
 175.86949637107036892 142.95211408934801511 
 157.39428775700235974 153.61878075601470073 
 120.44387052886632716 174.95211408934801511 
 91.301995248131646576 167.14357214194669154 
 101.96866191479831798 185.61878075601467231 
 72.826786634063608972 177.81023880861337716 
 168.06095442366904535 172.09398937008270991 
 149.58574580960100775 182.76065603674933868 
 160.25241247626769336 201.23586465081740471 
 131.11053719553299857 193.4273227034160243 
 114.72762109033570255 79.717946299742592942 
 85.58574580960100775 71.909404352341240951 
 77.777203862199655759 101.05127963307593575 
 173.01137165180509214 95.335030194545325344 
 143.86949637107039734 87.526488247143959143 
 69.968661914798303769 130.19315491381061634 
 62.160119967396951779 159.33503019454533955 
 202.15324693253978694 103.14357214194666312 
 194.34470498513840653 132.28544742268135792 
 83.493453300730280375 196.28544742268138634 
 54.351578019995578472 188.47690547528000593 
 186.53616303773708296 161.4273227034160243 
 178.72762109033570255 190.56919798415074752 
 141.77720386219968418 211.90253131748409032 
 112.63532858146496096 204.09398937008268149 
 170.91907914293435056 219.71107326488547073 
