 83.994914195303564952 92.426514471674877882 
 142.27866475677294034 108.04359836647759607 
 123.80345614270490273 118.71026503314426748 
 113.13678947603823133 100.23505641907624408 
 94.661580861970222145 110.90172308574290128 
 105.32824752863689355 129.37693169981093888 
 86.853038914568898576 140.04359836647759607 
 76.186372247902212962 121.56838975240957268 
 68.377830300500875182 150.71026503314425327 
 171.42054003750766356 115.85214031387893385 
 152.94533142343962595 126.51880698054560526 
 163.61199809010628314 144.99401559461361444 
 145.13678947603824554 155.66068226128030005 
 134.47012280937158835 137.18547364721229087 
 115.99491419530356495 147.85214031387894806 
 126.66158086197023636 166.32734892794695725 
 108.18637224790221296 176.99401559461364286 
 97.519705581235541558 158.51880698054563368 
 79.044496967167532375 169.18547364721226245 
 89.711163633834203779 187.66068226128027163 
 60.569288353099501876 179.85214031387897649 
 155.80345614270493115 174.13589087534833766 
 137.32824752863689355 184.80255754201502327 
 147.99491419530360758 203.27776615608303246 
 118.85303891456888437 195.46922420868165204 
 120.94533142343962595 71.093181138341549286 
 102.47012280937158835 81.759847805008220689 
 91.803456142704916942 63.284639190940204401 
 73.328247528636893549 73.951305857606868699 
 65.519705581235555769 103.09318113834154929 
 54.85303891456887726 84.617972524273540103 
 47.044496967167532375 113.75984780500820648 
 179.22908198490898712 86.710265033144253266 
 160.75387337084097794 97.37693169981092467 
 150.08720670417432075 78.901723085742887065 
 131.61199809010628314 89.568389752409572679 
 57.711163633834203779 132.23505641907621566 
 49.902621686432844683 161.37693169981093888 
 39.235955019766166174 142.90172308574290128 
 31.427413072364803526 172.0435983664776245 
 189.89574865157567274 105.18547364721226245 
 200.56241531824230151 123.66068226128028584 
 182.08720670417429233 134.32734892794695725 
 71.235955019766166174 198.32734892794698567 
 42.094079739031464271 190.51880698054560526 
 52.760746405698128569 208.99401559461361444 
 192.75387337084100636 152.80255754201499485 
 174.27866475677296876 163.46922420868168047 
 184.94533142343962595 181.94443282274968965 
 166.47012280937158835 192.61109948941637526 
 129.51970558123556998 213.94443282274971807 
 100.37783030050088939 206.13589087534836608 
 111.0444969671675608 224.61109948941637526 
 81.902621686432851789 216.80255754201499485 
 177.13678947603827396 211.08630810348441287 
 158.66158086197023636 221.75297477015107006 
 140.18637224790225559 232.41964143681775568 
 139.42054003750763513 60.426514471674863671 
 110.27866475677295455 52.617972524273532997 
 36.377830300500860972 95.284639190940183084 
 28.569288353099498323 124.42651447167487788 
 168.56241531824232993 68.235056419076229872 
 20.760746405698132122 153.56838975240955847 
 211.22908198490901555 142.13589087534833766 
 203.42054003750766356 171.27776615608303246 
 92.569288353099523192 235.27776615608300403 
 63.427413072364821289 227.46922420868170889 
 195.61199809010631157 200.41964143681775568 
 121.7111636338342322 243.08630810348441287 
