 132.7873869434772871 74.711131989857435087 
 106.04862460037014671  90.1487636264477743 
 154.12072027681062991 111.66154921799349609 
 127.38195793370348952 127.0991808545838353 
 166.94673020479788761 79.62283744801717944 
 168.03347269193051261 128.26262935137941668 
 141.29471034882337221 143.70026098796978431 
 140.20796786169077563 95.060469084607532864 
 79.309862257263020524 105.58639526303811351 
 52.571099914155858812 121.02402689962846694 
 100.64319559059636333 142.53681249117417451 
 73.904433247489208725 157.97444412776451372 
 113.46920551858360682 110.49810072119785787 
 114.5559480057162034 159.13789262456012352 
 87.817185662609063002 174.57552426115046273 
 86.730443175476452211 125.93573235778821129 
 186.2649116296915679 43.835868716676749557 
 159.52614928658445592 59.273500353267088769 
 207.5982449630249107 80.78628594481280345 
 180.85948261991779873 96.223917581403142663 
 59.991680832369326026 141.37336399437853629 
  61.0784233195019155 190.01315589774080195 
 194.77223503503762458 112.82499771478909167 
 193.68549254790505643 64.185205811426840228 
 175.4540536101439443 148.61196644612951445 
 148.71529126703683232 164.04959808271985366 
 196.7873869434772871 185.56238367426558966 
 170.04862460037017513 201.00001531085592887 
 209.6133968714645448 153.52367190428927302 
 210.7001393585971698 202.16346380765151025 
 183.96137701549005783 217.60109544424184946 
 182.87463452835743283 168.96130354087961223 
 121.97652892392967772 179.48722971931019288 
 95.23776658082252311 194.92486135590056051 
 143.30986225726303473 216.43764694744626809 
 116.57109991415586592 231.8752785840366073 
 156.13587218525026401 184.39893517746997986 
 157.22261467238286059 233.0387270808322171 
 130.48385232927574862 248.47635871742249947 
 129.39710984214312361 199.83656681406029065 
 228.93157829635822509 117.73670317294882182 
 202.19281595325111311 133.17433480953917524 
 250.26491162969159632 154.68712040108491124 
 223.52614928658448434 170.12475203767522203 
 102.65834749903599743 215.27419845065062987 
 237.43890170170428178 186.72583217106117104 
 236.35215921457174204 138.0860402676989338 
 218.12072027681062991 222.51280090240163645 
 191.38195793370348952 237.95043253899194724 
 111.45405361014395851  37.7607147617213883 
 84.715291267036818113 53.198346398311734617 
 124.28006353813121621 5.7220029917450840884 
 125.36680602526381278  54.3617948951073231 
 98.628043682156672389 69.799426531697676523 
 97.54130119502407581 21.15963462833542863 
 164.64319559059634912 253.38806417558228645 
 57.976528923929670611 68.635978034902066724 
 31.237766580822516005 84.073609671492420148 
 70.802538851916935414 36.597266264925771395 
 71.889281339049517783 85.237058168288015736 
 45.150518995942384493 100.67468980487835495 
 44.063776508809787913 52.034897901516117713 
 244.85948261991779873 207.07516926581126882 
 164.93157829635822509 6.885451488540722309 
 138.19281595325111311 22.323083125131045534 
 17.32501416570265107 67.472529538106456926 
 18.411756652835229886 116.11232144146870837 
 152.10556836837093897 38.924163258516990993 
