 101.11104916632109507 59.681971214046313889 
 74.372286823213954676 75.119602850636653102 
 122.44438249965443788 96.632388442182360677 
 95.705620156547297483 112.07002007877269989 
 135.27039242764169558 64.593676672206072453 
 136.35713491477432058 113.2334685755683239 
 109.61837257166716597 128.6711002121586489 
 108.53163008453456939 80.031308308796397455 
 47.633524480106821386 90.557234487227006525 
 20.894762136999645463 105.99486612381734574 
 68.966857813440157088 127.50765171536302489 
 42.22809547033298827 142.94528335195337831 
 81.792867741427414785 95.468939945386750878 
 82.879610228560011365 144.10873184874901654 
 56.14084788545288518 159.54636348533935575 
 55.054105398320260178 110.9065715819771043 
 154.58857385253537586 28.806707940865624806 
 127.84981150942826389 44.244339577455967571 
 175.92190718586871867 65.757125169001668041 
 149.18314484276157827 81.194756805592007254 
 28.315343055213119783 126.34420321856744351 
 189.83465960098860137 82.358205302387645474 
 163.09589725788146097 97.795836938977970476 
 162.00915477074886439 49.156045035615711924 
 143.77771583298778069 133.58280567031840746 
 117.03895348988064029 149.02043730690874668 
 165.11104916632109507 170.53322289845445425 
 138.37228682321395468 185.97085453504479347 
 177.93705909430838119 138.49451112847816603 
 179.02380158144097777 187.13430303184040326 
 152.2850392383338658 202.5719346684307709 
 151.1982967512012408 153.93214276506850524 
 90.300191146773485684 164.45806894349911431 
 63.561428803666331078 179.89570058008945352 
 111.63352448010682849 201.40848617163510426 
 84.894762136999659674 216.84611780822547189 
 124.4595344080941004 169.36977440165884445 
 125.54627689522669698 218.00956630502113853 
 98.807514552119556583 233.4471979416114209 
 97.720772064986945793 184.80740603824921209 
 197.25524051920206148 102.70754239713772904 
 170.51647817609492108 118.14517403372806825 
 218.58857385253540428 139.65795962527377583 
 191.84981150942826389 155.09559126186408662 
 70.982009721879805397 200.24503767483952288 
 232.50132626765528698 156.25903975865975326 
 205.76256392454811817 171.69667139525006405 
 204.67582143741555001 123.05687949188782682 
 186.44438249965443788 207.48364012659050104 
 159.70562015654729748 222.92127176318086867 
 79.777715832987780686 22.731553985910291971 
 53.038953489880633185 38.169185622500634736 
 220.60372576097503838 212.3953455847502596 
 93.690468248107634963 39.332634119296216113 
 66.951705905000494568 54.770265755886562431 
 193.86496341786792641 227.83297722134059882 
 132.96685781344018551 238.35890339977117947 
 106.22809547033301669 253.7965350363615471 
 26.300191146773496342 53.606817259090981054 
 167.12620107476075759 243.27060885793096645 
 40.212943561893347066 70.207897392476908749 
 13.474181218786208447 85.645529029067247961 
 239.92190718586871867 176.60837685340979419 
 213.1831448427616067 192.04600849000016183 
 106.5164781760949495 7.2939223493199492054 
 147.16799293432191575 8.4573708461155483462 
 120.42923059121478957 23.895002482705873348 
 247.34248810408223562 196.95771394815989197 
