 76.734391345654728411 7.1427264835940613708 
 98.067724678988057008 7.1427264835940613708 
 66.067724678988057008 25.617935097662090982 
 44.734391345654728411 62.56835232579813777 
 76.734391345654728411 44.09314371173010727 
 66.067724678988071219 62.568352325798130664 
 34.067724678988064113 81.043560939866168269 
 12.73439134565473374 117.99397816800221506 
 44.734391345654728411 99.518769553934191663 
 34.067724678988064113 117.99397816800221506 
 2.0677246789880796562 136.46918678207023845 
 12.73439134565473374 154.94439539613824763 
 2.0677246789880796562 173.41960401020625682 
 108.73439134565472841 25.617935097662090982 
 140.73439134565469999 7.1427264835940613708 
 130.06772467898807122 25.617935097662090982 
 98.067724678988057008 44.09314371173010727 
 76.734391345654728411 81.043560939866154058 
 108.73439134565472841 62.568352325798130664 
 98.067724678988057008 81.043560939866154058 
 66.067724678988057008 99.518769553934191663 
 44.734391345654742622 136.46918678207023845 
 76.734391345654728411 117.99397816800221506 
 66.067724678988057008 136.46918678207023845 
 34.067724678988064113 154.94439539613824763 
 12.734391345654755057 191.89481262427432284 
 44.734391345654742622 173.41960401020628524 
 34.067724678988085429 191.89481262427432284 
 162.06772467898807122 7.1427264835940400545 
 140.73439134565469999 44.093143711730100165 
 172.73439134565472841 25.617935097662090982 
 162.06772467898807122 44.09314371173010727 
 130.06772467898807122 62.568352325798130664 
 108.73439134565472841 99.518769553934191663 
 140.73439134565472841 81.043560939866154058 
 130.06772467898807122 99.518769553934191663 
 98.067724678988057008 117.99397816800220085 
 76.734391345654742622 154.94439539613824763 
 108.73439134565472841 136.46918678207023845 
 98.067724678988071219 154.94439539613824763 
 66.067724678988071219 173.41960401020625682 
 44.734391345654749728 210.37002123834233203 
 76.734391345654742622 191.89481262427432284 
 66.067724678988085429 210.37002123834233203 
 194.0677246789880428 25.617935097662048349 
 172.73439134565472841 62.568352325798116453 
 204.73439134565472841 44.093143711730100165 
 194.0677246789880428 62.568352325798130664 
 162.06772467898807122 81.043560939866154058 
 140.73439134565469999 117.99397816800220085 
 172.73439134565472841 99.518769553934163241 
 162.06772467898807122 117.99397816800220085 
 130.06772467898807122 136.46918678207023845 
 108.73439134565472841 173.41960401020625682 
 140.73439134565472841 154.94439539613824763 
 130.06772467898807122 173.41960401020628524 
 98.067724678988071219 191.89481262427432284 
 76.734391345654742622 228.84522985241034121 
 108.73439134565472841 210.37002123834233203 
 98.06772467898809964 228.84522985241034121 
 226.0677246789880428 44.093143711730085954 
 204.73439134565472841 81.043560939866154058 
 236.73439134565469999 62.568352325798130664 
 226.06772467898807122 81.043560939866154058 
 194.06772467898809964 99.518769553934191663 
 172.73439134565472841 136.46918678207023845 
 204.73439134565475683 117.99397816800220085 
 194.06772467898809964 136.46918678207023845 
 162.06772467898807122 154.94439539613824763 
 140.73439134565475683 191.89481262427432284 
 172.73439134565472841 173.41960401020628524 
 162.06772467898807122 191.89481262427432284 
 130.06772467898807122 210.37002123834233203 
 108.73439134565475683 247.32043846647837881 
 140.73439134565475683 228.84522985241034121 
 130.06772467898809964 247.32043846647837881 
 236.73439134565469999 99.518769553934163241 
 226.06772467898807122 117.99397816800220085 
 204.73439134565475683 154.94439539613824763 
 236.73439134565475683 136.46918678207023845 
 226.06772467898807122 154.94439539613824763 
 194.06772467898809964 173.41960401020625682 
 172.73439134565475683 210.37002123834233203 
 204.73439134565475683 191.89481262427432284 
 194.06772467898809964 210.37002123834233203 
 162.06772467898807122 228.84522985241034121 
 172.73439134565475683 247.32043846647837881 
