 116.11247778508943895 9.2486305946180458193 
 153.06289501322549995 9.2486305946180458193 
 134.58768639915743393 19.915297261284720776 
 97.63726917102142977 19.915297261284699459 
 60.686851942885361666 41.248630594618049372 
 97.63726917102142977 41.248630594618049372 
 79.162060556953392165 51.91529726128471367 
 42.211643328817338272 51.915297261284727881 
 5.2612261006813021424 73.248630594618063583 
 42.211643328817338272 73.248630594618063583 
 23.736434714749332642 83.915297261284706565 
 171.53810362729350913 19.915297261284720776 
 134.58768639915746235 41.248630594618049372 
 171.53810362729350913 41.248630594618028056 
 153.06289501322547153 51.915297261284706565 
 116.11247778508945316 51.91529726128471367 
 79.162060556953392165 73.248630594618063583 
 116.11247778508943895 73.248630594618035161 
 97.63726917102142977 83.915297261284706565 
 60.686851942885368771 83.915297261284734986 
 23.736434714749332642 105.24863059461806358 
 60.686851942885361666 105.24863059461803516 
 42.211643328817359588 115.91529726128469235 
 5.2612261006812808262 115.91529726128473499 
 190.01331224136154674 9.2486305946180262794 
 5.2612261006812808262 137.24863059461804937 
 208.48852085542961277 19.915297261284678143 
 190.01331224136154674 51.915297261284706565 
 153.06289501322549995 73.248630594618035161 
 190.01331224136154674 73.248630594618035161 
 171.53810362729350913 83.915297261284706565 
 134.58768639915749077 83.915297261284706565 
 97.63726917102142977 105.24863059461803516 
 134.58768639915746235 105.24863059461803516 
 116.11247778508945316 115.91529726128472078 
 79.162060556953392165 115.91529726128472078 
 42.211643328817359588 137.24863059461804937 
 79.162060556953392165 137.24863059461804937 
 60.686851942885390088 147.91529726128473499 
 23.736434714749311325 147.91529726128473499 
 208.48852085542955592 41.248630594618006739 
 23.736434714749311325 169.24863059461807779 
 226.96372946949762195 51.915297261284685248 
 208.48852085542955592 83.915297261284692354 
 171.53810362729353756 105.24863059461802095 
 208.48852085542955592 105.24863059461802095 
 190.01331224136154674 115.91529726128469235 
 153.06289501322549995 115.91529726128469235 
 116.11247778508943895 137.24863059461804937 
 153.06289501322549995 137.24863059461802095 
 134.58768639915746235 147.91529726128470656 
 97.63726917102142977 147.91529726128470656 
 60.686851942885382982 169.24863059461802095 
 97.63726917102142977 169.24863059461804937 
 79.162060556953406376 179.91529726128470656 
 42.211643328817338272 179.91529726128470656 
 226.96372946949762195 73.248630594618006739 
 42.211643328817331167 201.24863059461804937 
 245.43893808356565955 83.915297261284663932 
 226.96372946949762195 115.91529726128469235 
 190.01331224136154674 137.24863059461802095 
 226.96372946949762195 137.24863059461802095 
 208.48852085542955592 147.91529726128470656 
 171.53810362729353756 147.91529726128470656 
 134.58768639915746235 169.24863059461802095 
 171.53810362729353756 169.24863059461802095 
 153.06289501322549995 179.91529726128470656 
 116.11247778508945316 179.91529726128470656 
 79.162060556953420587 201.24863059461804937 
 116.11247778508943895 201.24863059461804937 
 97.637269171021443981 211.91529726128473499 
 60.686851942885368771 211.91529726128473499 
 245.43893808356565955 105.24863059461802095 
 60.686851942885368771 233.24863059461807779 
 245.43893808356565955 147.91529726128470656 
 208.48852085542955592 169.24863059461802095 
 245.43893808356563113 169.24863059461802095 
 226.96372946949762195 179.91529726128467814 
 190.01331224136157516 179.91529726128470656 
 153.06289501322549995 201.24863059461804937 
 190.01331224136154674 201.24863059461802095 
 171.53810362729353756 211.91529726128467814 
 134.58768639915749077 211.91529726128473499 
 97.637269171021443981 233.24863059461807779 
 134.58768639915746235 233.24863059461804937 
 116.11247778508948159 243.91529726128467814 
 79.162060556953406376 243.91529726128476341 
