 38.220420070903735166 195.87433943654474433 
 86.835892444006049118 54.559621626908587189 
 27.330186605462763794 69.484095517456609059 
 31.95681766794174905 132.46360910612474981 
 29.643270623984655288 100.97471632901539351 
 34.270364711898849919 163.95250188323410612 
 100.03967295340412136 212.43875832310607166 
 148.65514532650644242 71.12404051346990741 
 89.149439487963135775 86.048514404017950596 
 93.776070550442128138 149.02802799268607714 
 91.462523506485027269 117.53913521557670663 
 96.089617594399214795 180.51692076979540502 
 161.85892583590447202 229.00317720966742741 
 210.47439820900680729 87.688459400031234736 
 150.96869237046351486 102.61293329057926371 
 155.59532343294250722 165.59244687924737605 
 153.28177638898540636 134.10355410213801974 
 157.90887047689960809 197.08133965635676077 
 223.6781787184048369 245.56759609622869789 
 25.016639561505659373 37.995202740347245651 
 212.78794525296387974 119.17735217714057683 
 217.4145763154428721 182.15686576580873179 
 215.10102927148574281 150.66797298869934707 
 219.72812335939997297 213.6457585429180881 
