 76.594961192939408079 194.40234567870214732 
 125.21043356604170071 53.087627869066004394 
 65.704727727498422496 68.012101759614040475 
 70.331358789977414858 130.99161534828215281 
 68.01781174602031399 99.502722571172796506 
 72.644905833934515726 162.48050812539153753 
 138.41421407543975874 210.96676456526347465 
 187.02968644854209401 69.652046755627338825 
 127.52398060999878737 84.576520646175367801 
 132.15061167247779395 147.55603423484350856 
 129.83706462852069308 116.06714145773413804 
 134.46415871643489481 179.04492701195286486 
 200.23346695794015204 227.5311834518248304 
 248.84893933104245889 86.216465642188666152 
 189.34323349249916646 101.14093953273669513 
 193.96986455497815882 164.12045312140480746 
 191.65631751102108637 132.63156034429545116 
 196.28341159893525969 195.60934589851419219 
 14.775708310439021886   177.83792679214082 
 63.391180683541335839 36.523208982504684172 
 251.16248637499953134 117.70535841929802245 
 8.5121059074770606401 114.42719646172083969 
 253.47557039352145125 149.19597923085680691 
 10.825652951434140192 145.91608923883018178 
