 3.2857687887253352876 7.3923398085766702792 
 28.885768788725322054 32.992339808576666371 
 28.885768788725322054 7.3923398085766702792 
 3.2857687887253352876 32.992339808576666371 
 3.2857687887253352876 58.592339808576667792 
 28.885768788725322054 84.192339808576662108 
 28.885768788725322054 58.592339808576667792 
 3.2857687887253352876 84.192339808576662108 
 3.2857687887253352876 109.79233980857665642 
 28.885768788725322054 135.39233980857667916 
 28.885768788725322054 109.79233980857665642 
 3.2857687887253352876 135.39233980857667916 
 3.2857687887253352876 160.99233980857664505 
 28.885768788725322054 186.59233980857663937 
 28.885768788725322054 160.99233980857664505 
 3.2857687887253352876 186.59233980857663937 
 3.2857687887253352876 212.19233980857666211 
 28.885768788725322054 237.79233980857665642 
 28.885768788725322054 212.19233980857666211 
 3.2857687887253352876 237.79233980857665642 
 54.485768788725316369 7.3923398085766702792 
 80.085768788725317791 32.992339808576666371 
 80.085768788725317791 7.3923398085766702792 
 54.485768788725316369 32.992339808576666371 
 54.485768788725316369 58.592339808576667792 
 80.085768788725317791 84.192339808576662108 
 80.085768788725317791 58.592339808576667792 
 54.485768788725316369 84.192339808576662108 
 54.485768788725316369 109.79233980857665642 
 80.085768788725317791 135.39233980857667916 
 80.085768788725317791 109.79233980857665642 
 54.485768788725316369 135.39233980857667916 
 54.485768788725316369 160.99233980857664505 
 80.085768788725317791 186.59233980857663937 
 80.085768788725317791 160.99233980857664505 
 54.485768788725316369 186.59233980857663937 
 54.485768788725316369 212.19233980857666211 
 80.085768788725317791 237.79233980857665642 
 80.085768788725317791 212.19233980857666211 
 54.485768788725316369 237.79233980857665642 
 105.68576878872532632 7.3923398085766702792 
 131.28576878872533484 32.992339808576666371 
 131.28576878872533484 7.3923398085766702792 
 105.68576878872532632 32.992339808576666371 
 105.68576878872532632 58.592339808576667792 
 131.28576878872533484 84.192339808576662108 
 131.28576878872533484 58.592339808576667792 
 105.68576878872532632 84.192339808576662108 
 105.68576878872532632 109.79233980857665642 
 131.28576878872533484 135.39233980857667916 
 131.28576878872533484 109.79233980857665642 
 105.68576878872532632 135.39233980857667916 
 105.68576878872532632 160.99233980857664505 
 131.28576878872533484 186.59233980857663937 
 131.28576878872533484 160.99233980857664505 
 105.68576878872532632 186.59233980857663937 
 105.68576878872532632 212.19233980857666211 
 131.28576878872533484 237.79233980857665642 
 131.28576878872533484 212.19233980857666211 
 105.68576878872532632 237.79233980857665642 
 156.88576878872532916 7.3923398085766702792 
 182.48576878872529505 32.992339808576666371 
 182.48576878872529505 7.3923398085766702792 
 156.88576878872532916 32.992339808576666371 
 156.88576878872532916 58.592339808576667792 
 182.48576878872529505 84.192339808576662108 
 182.48576878872529505 58.592339808576667792 
 156.88576878872532916 84.192339808576662108 
 156.88576878872532916 109.79233980857665642 
 182.48576878872529505 135.39233980857667916 
 182.48576878872529505 109.79233980857665642 
 156.88576878872532916 135.39233980857667916 
 156.88576878872532916 160.99233980857664505 
 182.48576878872529505 186.59233980857663937 
 182.48576878872529505 160.99233980857664505 
 156.88576878872532916 186.59233980857663937 
 156.88576878872532916 212.19233980857666211 
 182.48576878872529505 237.79233980857665642 
 182.48576878872529505 212.19233980857666211 
 156.88576878872532916 237.79233980857665642 
 208.08576878872531779 7.3923398085766702792 
 233.68576878872531211 32.992339808576666371 
 233.68576878872531211 7.3923398085766702792 
 208.08576878872531779 32.992339808576666371 
 208.08576878872531779 58.592339808576667792 
 233.68576878872531211 84.192339808576662108 
 233.68576878872531211 58.592339808576667792 
 208.08576878872531779 84.192339808576662108 
 208.08576878872531779 109.79233980857665642 
 233.68576878872531211 135.39233980857667916 
 233.68576878872531211 109.79233980857665642 
 208.08576878872531779 135.39233980857667916 
 208.08576878872531779 160.99233980857664505 
 233.68576878872531211 186.59233980857663937 
 233.68576878872531211 160.99233980857664505 
 208.08576878872531779 186.59233980857663937 
 208.08576878872531779 212.19233980857666211 
 233.68576878872531211 237.79233980857665642 
 233.68576878872531211 212.19233980857666211 
 208.08576878872531779 237.79233980857665642 
