 34.978507678993921104 8.7439250824841323606 
 60.57850767899392963 34.343925082484140887 
 60.57850767899392963 8.7439250824841323606 
 34.978507678993921104 34.343925082484140887 
 34.978507678993921104 59.943925082484128097 
 60.57850767899392963 85.543925082484136624 
 60.57850767899392963 59.943925082484128097 
 34.978507678993921104 85.543925082484136624 
 34.978507678993921104 111.14392508248413094 
 60.57850767899392963 136.74392508248413947 
 60.57850767899392963 111.14392508248413094 
 34.978507678993921104 136.74392508248413947 
 34.978507678993921104 162.34392508248413378 
 60.57850767899392963 187.94392508248409968 
 60.57850767899392963 162.34392508248413378 
 34.978507678993921104 187.94392508248409968 
 34.978507678993921104 213.54392508248415083 
 60.57850767899392963 239.14392508248414515 
 60.57850767899392963 213.54392508248415083 
 34.978507678993921104 239.14392508248414515 
 86.178507678993909735 8.7439250824841323606 
 111.77850767899391826 34.343925082484140887 
 111.77850767899391826 8.7439250824841323606 
 86.178507678993909735 34.343925082484140887 
 86.178507678993909735 59.943925082484128097 
 111.77850767899391826 85.543925082484136624 
 111.77850767899391826 59.943925082484128097 
 86.178507678993909735 85.543925082484136624 
 86.178507678993909735 111.14392508248413094 
 111.77850767899391826 136.74392508248413947 
 111.77850767899391826 111.14392508248413094 
 86.178507678993909735 136.74392508248413947 
 86.178507678993909735 162.34392508248413378 
 111.77850767899391826 187.94392508248409968 
 111.77850767899391826 162.34392508248413378 
 86.178507678993909735 187.94392508248409968 
 86.178507678993909735 213.54392508248415083 
 111.77850767899391826 239.14392508248414515 
 111.77850767899391826 213.54392508248415083 
 86.178507678993909735 239.14392508248414515 
 137.37850767899391258 8.7439250824841323606 
 162.97850767899390689 34.343925082484140887 
 162.97850767899390689 8.7439250824841323606 
 137.37850767899391258 34.343925082484140887 
 137.37850767899391258 59.943925082484128097 
 162.97850767899390689 85.543925082484136624 
 162.97850767899390689 59.943925082484128097 
 137.37850767899391258 85.543925082484136624 
 137.37850767899391258 111.14392508248413094 
 162.97850767899390689 136.74392508248413947 
 162.97850767899390689 111.14392508248413094 
 137.37850767899391258 136.74392508248413947 
 137.37850767899391258 162.34392508248413378 
 162.97850767899390689 187.94392508248409968 
 162.97850767899390689 162.34392508248413378 
 137.37850767899391258 187.94392508248409968 
 137.37850767899391258 213.54392508248415083 
 162.97850767899390689 239.14392508248414515 
 162.97850767899390689 213.54392508248415083 
 137.37850767899391258 239.14392508248414515 
 188.57850767899390121 8.7439250824841323606 
 214.17850767899392395 34.343925082484140887 
 214.17850767899392395 8.7439250824841323606 
 188.57850767899390121 34.343925082484140887 
 188.57850767899390121 59.943925082484128097 
 214.17850767899392395 85.543925082484136624 
 214.17850767899392395 59.943925082484128097 
 188.57850767899390121 85.543925082484136624 
 188.57850767899390121 111.14392508248413094 
 214.17850767899392395 136.74392508248413947 
 214.17850767899392395 111.14392508248413094 
 188.57850767899390121 136.74392508248413947 
 188.57850767899390121 162.34392508248413378 
 214.17850767899392395 187.94392508248409968 
 214.17850767899392395 162.34392508248413378 
 188.57850767899390121 187.94392508248409968 
 188.57850767899390121 213.54392508248415083 
 214.17850767899392395 239.14392508248414515 
 214.17850767899392395 213.54392508248415083 
 188.57850767899390121 239.14392508248414515 
 239.77850767899391826 8.7439250824841323606 
 9.3785076789939338937 34.343925082484140887 
 9.3785076789939338937 8.7439250824841323606 
 239.77850767899391826 34.343925082484140887 
 239.77850767899391826 59.943925082484128097 
 9.3785076789939338937 85.543925082484136624 
 9.3785076789939338937 59.943925082484128097 
 239.77850767899391826 85.543925082484136624 
 239.77850767899391826 111.14392508248413094 
 9.3785076789939338937 136.74392508248413947 
 9.3785076789939338937 111.14392508248413094 
 239.77850767899391826 136.74392508248413947 
 239.77850767899391826 162.34392508248413378 
 9.3785076789939338937 187.94392508248409968 
 9.3785076789939338937 162.34392508248413378 
 239.77850767899391826 187.94392508248409968 
 239.77850767899391826 213.54392508248415083 
 9.3785076789939338937 239.14392508248414515 
 9.3785076789939338937 213.54392508248415083 
 239.77850767899391826 239.14392508248414515 
