 130.32837822465802446 19.528669609964445897 
 108.15812788777641629 6.7286696099644425217 
 95.358127887776404918 28.898919946846095996 
 104.72837822465803015 63.869170283727719095 
 117.52837822465802731 41.698919946846089601 
 82.558127887776407761 51.069170283727729043 
 69.758127887776410603 73.239420620609351431 
 79.128378224658035833 108.20967095749098519 
 91.928378224658032991 86.039420620609348589 
 56.95812788777640634 95.40967095749098803 
 44.158127887776409182 117.57992129437261042 
 53.528378224658048623 152.55017163125421575 
 66.328378224658038675 130.37992129437262179 
 31.358127887776429787 139.75017163125423281 
 18.558127887776425524 161.9204219681358552 
 27.928378224658061413 196.89067230501748895 
 40.728378224658065676 174.72042196813583814 
 5.7581278877764443536 184.09067230501747758 
 165.29862856153965822 10.158419273082833101 
 174.66887889842129766 45.128669609964447318 
 187.46887889842130903 22.95841927308283914 
 152.49862856153967527 32.32866960996445016 
 139.69862856153966391 54.498919946846093865 
 149.06887889842130335 89.469170283727720516 
 161.86887889842128629 67.298919946846083917 
 126.89862856153966675 76.669170283727709148 
 114.09862856153965538 98.839420620609345747 
 123.46887889842129482 133.80967095749096529 
 136.26887889842129198 111.63942062060932869 
 101.29862856153965822 121.00967095749096814 
 88.498628561539675275 143.17992129437260473 
 97.868878898421314716 178.15017163125421007 
 110.66887889842131187 155.97992129437258768 
 75.698628561539692328 165.3501716312541987 
 62.898628561539688064 187.52042196813582109 
  72.2688788984213204 222.49067230501748327 
 85.068878898421331769 200.32042196813583246 
 50.098628561539690907 209.69067230501750032 
  209.639129235302903 35.758419273082822087 
 219.00937957218451402 70.728669609964441634 
 231.80937957218452539 48.558419273082826351 
 196.83912923530292005 57.92866960996443737 
 184.03912923530290868 80.098919946846081075 
 193.40937957218457655 115.06917028372770062 
 206.20937957218455949 92.898919946846078233 
 171.23912923530289731 102.26917028372770346 
 158.43912923530291437 124.43942062060934006 
 167.80937957218455381 159.40967095749098803 
 180.60937957218456518 137.2394206206093088 
  145.639129235302903 146.60967095749097666 
 132.83912923530292005 168.77992129437259905 
 142.20937957218455949 203.75017163125423281 
 155.00937957218454244 181.57992129437261042 
 120.03912923530292289 190.95017163125422144 
 107.23912923530293995 213.12042196813584383 
 116.60937957218457939 248.09067230501744916 
 129.40937957218457655 225.9204219681358552 
 94.439129235302942789 235.29067230501746621 
 253.97962990906620462 61.358419273082830614 
 241.17962990906619325 83.528669609964453002 
 228.37962990906618188 105.6989199468460896 
 237.7498802459477929 140.66917028372768073 
 250.54988024594780427 118.49891994684607255 
 215.57962990906617051 127.86917028372771199 
 202.77962990906618757 150.03942062060932017 
 212.14988024594779858 185.00967095749095392 
 224.94988024594780995 162.83942062060933154 
 189.9796299090661762 172.20967095749097098 
 177.17962990906619325 194.37992129437259337 
 186.54988024594780427 229.3501716312541987 
 199.34988024594778722 207.17992129437257631 
 164.3796299090662103 216.55017163125421575 
 151.57962990906619893 238.72042196813583814 
 173.74988024594782132 251.52042196813579267 
 60.387877550894764056 38.26917028372772478 
 73.187877550894768319 16.098919946846102391 
 247.12013058282940392 175.63942062060931448 
 34.787877550894762635 82.609670957490976662 
 47.587877550894766898 60.439420620609340062 
 234.32013058282944939 197.80967095749096529 
 221.5201305828294096 219.97992129437255926 
 9.1878775508947878592 126.95017163125422144 
 21.98787755089476903 104.77992129437259905 
 208.72013058282945508 242.15017163125418165 
