 173.64072684260889901 5.2910801583455127073 
 124.18532453660859005 18.54261526759457368 
 94.772498215167644275 7.683257653778280627 
 74.729922230608295308 31.794150376843635541 
 45.317095909167342427 20.934792763027342488 
 25.274519924608018329 45.045685486092686745 
 203.05355316404984478 16.150437772161804872 
 183.01097717949053845 40.261330495227134918 
 153.59815085804953583 29.401972881410856075 
 133.55557487349022949 53.512865604476196779 
 104.14274855204926951 42.653507990659917937 
 84.100172567489920539 66.764400713725265746 
 54.687346246048967657 55.905043099908986903 
 34.644770261489654217 80.015935822974313396 
 5.2319439400486711378 69.156578209158041659 
 232.4663794854908474 27.009795385978073057 
 212.42380350093148422 51.120688109043427971 
 192.38122751637214947 75.23158083210876157 
 162.96840119493117527 64.372223218292475622 
 142.92582521037184051 88.483115941357823431 
 113.51299888893089474 77.623758327541551694 
 93.47042290437155998 101.73465105060688529 
 64.057596582930585782 90.875293436790613555 
 44.015020598371279448 114.98618615985594715 
 14.602194276930308803 104.12682854603967542 
 241.83662982237245842 61.980045722859699708 
 221.79405383781312366 86.090938445925047517 
 201.75147785325376049 110.20183116899040954 
 172.33865153181281471 99.342473555174109379 
 152.29607554725347995 123.4533662782394714 
 122.88324922581251997 112.59400866442317124 
  102.840673241253171 136.70490138748851905 
 73.427846919812225224 125.8455437736722331 
 53.385270935252904678 149.95643649673755249 
 23.972444613811923375 139.09707888292129496 
 251.20688015925406944 96.950296059741333465 
 231.16430417469473468 121.06118878280668127 
 211.12172819013542835 145.17208150587202908 
 181.70890186869442573 134.31272389205574314 
 161.6663258841351194 158.42361661512106252 
 132.2534995626941452  147.564259001304805 
 112.21092357813481044 171.67515172437015281 
 82.798097256693850454 160.81579411055386686 
 62.755521272134529909 184.92668683361918625 
 33.342694950693555711 174.06732921980292872 
 240.5345545115763457 156.03143911968828661 
 220.49197852701703937 180.14233184275363442 
 191.07915220557606517 169.28297422893734847 
 171.03657622101673041 193.39386695200269628 
 141.62374989957575622 182.53450933818641033 
 121.58117391501642146 206.64540206125178656 
 92.168347593575475685 195.78604444743547219 
 72.125771609016155139   219.89693717050082 
 42.712945287575188047 209.03757955668453405 
 249.90480484845801357 191.00168945656994879 
 229.86222886389865039 215.11258217963532502 
 200.44940254245770461 204.25322456581901065 
 180.40682655789836986 228.36411728888435846 
 150.99400023645739566 217.50475967506804409 
 130.95142425189808932 241.61565239813344874 
 101.53859793045711513 230.75629478431713437 
 81.496021945897794581 254.86718750738248218 
 52.083195624456813277 244.00782989356616781 
