  218.528693324761349 16.684521722924344544 
  218.528693324761349 42.284521722924331755 
 192.92869332476135469 42.28452172292433886 
 192.92869332476135469 16.684521722924344544 
 167.32869332476136037 16.684521722924344544 
 167.32869332476136037 42.28452172292433886 
 141.72869332476133764 42.28452172292433886 
 141.72869332476133764 16.684521722924344544 
 116.12869332476134332 16.684521722924344544 
 116.12869332476134332 42.28452172292433886 
 90.528693324761349004 42.28452172292433886 
 90.528693324761349004 16.684521722924344544 
 64.928693324761340477 16.684521722924344544 
 64.928693324761354688 42.28452172292433886 
 39.328693324761353267 42.284521722924353071 
 39.328693324761339056 16.684521722924344544 
 13.72869332476135007 16.684521722924344544 
 13.72869332476135007 42.284521722924353071 
 244.12869332476134332 42.284521722924331755 
 244.12869332476134332 16.684521722924344544 
  218.528693324761349 67.884521722924333176 
  218.528693324761349 93.484521722924341702 
 192.92869332476135469 93.484521722924341702 
 192.92869332476135469 67.884521722924347387 
 167.32869332476136037 67.884521722924347387 
 167.32869332476136037 93.484521722924341702 
 141.72869332476133764 93.484521722924341702 
 141.72869332476133764 67.884521722924347387 
 116.12869332476134332 67.884521722924347387 
 116.12869332476134332 93.484521722924341702 
 90.528693324761349004 93.484521722924341702 
 90.528693324761349004 67.884521722924347387 
 64.928693324761354688 67.884521722924347387 
 64.928693324761354688 93.484521722924341702 
 39.328693324761353267 93.484521722924341702 
 39.328693324761353267 67.884521722924347387 
 13.72869332476135007 67.884521722924347387 
 13.72869332476135007 93.484521722924341702 
 244.12869332476134332 93.484521722924341702 
 244.12869332476134332 67.884521722924333176 
  218.528693324761349 119.08452172292433602 
  218.528693324761349 144.68452172292433033 
 192.92869332476135469 144.68452172292433033 
 192.92869332476135469 119.08452172292433602 
 167.32869332476136037 119.08452172292433602 
 167.32869332476136037 144.68452172292433033 
 141.72869332476133764 144.68452172292433033 
 141.72869332476133764 119.08452172292433602 
 116.12869332476134332 119.08452172292433602 
 116.12869332476134332 144.68452172292433033 
 90.528693324761349004 144.68452172292433033 
 90.528693324761349004 119.08452172292433602 
 64.928693324761354688 119.08452172292433602 
 64.928693324761354688 144.68452172292433033 
 39.328693324761353267 144.68452172292433033 
 39.328693324761353267 119.08452172292433602 
 13.72869332476135007 119.08452172292433602 
 13.72869332476135007 144.68452172292433033 
 244.12869332476134332 144.68452172292433033 
 244.12869332476134332 119.08452172292433602 
  218.528693324761349 170.28452172292435307 
  218.528693324761349 195.88452172292434739 
 192.92869332476135469 195.88452172292434739 
 192.92869332476135469 170.28452172292435307 
 167.32869332476136037 170.28452172292435307 
 167.32869332476136037 195.88452172292434739 
 141.72869332476133764 195.88452172292434739 
 141.72869332476133764 170.28452172292435307 
 116.12869332476134332 170.28452172292435307 
 116.12869332476134332 195.88452172292434739 
 90.528693324761349004 195.88452172292434739 
 90.528693324761349004 170.28452172292435307 
 64.928693324761354688 170.28452172292435307 
 64.928693324761354688 195.88452172292434739 
 39.328693324761353267 195.88452172292434739 
 39.328693324761353267 170.28452172292435307 
 13.72869332476135007 170.28452172292435307 
 13.72869332476135007 195.88452172292434739 
 244.12869332476134332 195.88452172292434739 
 244.12869332476134332 170.28452172292435307 
  218.528693324761349 221.4845217229243417 
  218.528693324761349 247.08452172292433602 
 192.92869332476135469 247.08452172292433602 
 192.92869332476135469 221.4845217229243417 
 167.32869332476136037 221.4845217229243417 
 167.32869332476136037 247.08452172292433602 
 141.72869332476133764 247.08452172292433602 
 141.72869332476133764 221.4845217229243417 
 116.12869332476134332 221.4845217229243417 
 116.12869332476134332 247.08452172292433602 
 90.528693324761349004 247.08452172292433602 
 90.528693324761349004 221.4845217229243417 
 64.928693324761354688 221.4845217229243417 
 64.928693324761354688 247.08452172292433602 
 39.328693324761360373 247.08452172292433602 
 39.328693324761360373 221.4845217229243417 
 13.72869332476135007 221.4845217229243417 
 13.72869332476135007 247.08452172292433602 
 244.12869332476134332 247.08452172292433602 
 244.12869332476134332 221.4845217229243417 
