 91.752210995354190004 57.571394268716026943 
 71.637691282488376032 86.017260935382694242 
 111.86612728469711442 114.46312760204936865 
 81.694951138921283018 114.46312760204936865 
 61.581034849578387025 57.571394268716026943 
 101.80886742826419322 86.017260935382694242 
 91.752210995354190004 142.90472760204937686 
 71.637691282488376032 171.35059426871603705 
 111.86612728469711442 199.79646093538269724 
 81.694951138921283018 199.79646093538269724 
 61.581034849578387025 142.90472760204937686 
 101.80886742826419322 171.35059426871603705 
 91.752210995354190004 228.23806093538269124 
 71.637691282488376032 256.68392760204937986 
 111.86612728469711442 29.129794268716036498 
 81.694951138921283018 29.129794268716036498 
 61.581034849578387025 228.23806093538269124 
 101.80886742826419322 256.68392760204937986 
 152.09456328690583859 57.571394268716026943 
 131.9800435740399962 86.017260935382694242 
 172.20847957624872038 114.46312760204936865 
 142.0373034304729174 114.46312760204936865 
 121.9233871411300214 57.571394268716026943 
 162.1512197198158276 86.017260935382694242 
 152.09456328690583859 142.90472760204937686 
 131.9800435740399962 171.35059426871603705 
 172.20847957624872038 199.79646093538269724 
 142.0373034304729174 199.79646093538269724 
 121.9233871411300214 142.90472760204937686 
 162.1512197198158276 171.35059426871603705 
 152.09456328690583859 228.23806093538269124 
 131.9800435740399962 256.68392760204937986 
 172.20847957624872038 29.129794268716036498 
 142.0373034304729174 29.129794268716036498 
 121.9233871411300214 228.23806093538269124 
 162.1512197198158276 256.68392760204937986 
 212.4369155784575014 57.571394268716026943 
 192.32239586559163058 86.017260935382694242 
 232.5508318678004116 114.46312760204936865 
 202.3796557220245802 114.46312760204936865 
 182.26573943268164157 57.571394268716026943 
 222.4935720113674904 86.017260935382694242 
 212.4369155784575014 142.90472760204937686 
 192.32239586559163058 171.35059426871603705 
 232.5508318678004116 199.79646093538269724 
 202.3796557220245802 199.79646093538269724 
 182.26573943268164157 142.90472760204937686 
 222.4935720113674904 171.35059426871603705 
 212.4369155784575014 228.23806093538269124 
 192.32239586559163058 256.68392760204937986 
 232.5508318678004116 29.129794268716036498 
 202.3796557220245802 29.129794268716036498 
 182.26573943268164157 228.23806093538269124 
 222.4935720113674904 256.68392760204937986 
 31.409858703802619573 57.571394268716026943 
 11.29533899093679139 86.017260935382694242 
 51.523774993145451617 114.46312760204936865 
 21.352598847369705481 114.46312760204936865 
 242.60809172423330438 57.571394268716026943 
 41.466515136712622791 86.017260935382694242 
 31.409858703802619573 142.90472760204937686 
 11.29533899093679139 171.35059426871603705 
 51.523774993145451617 199.79646093538269724 
 21.352598847369705481 199.79646093538269724 
 242.60809172423330438 142.90472760204937686 
 41.466515136712622791 171.35059426871603705 
 31.409858703802619573 228.23806093538269124 
 11.29533899093679139 256.68392760204937986 
 51.523774993145451617 29.129794268716036498 
 21.352598847369705481 29.129794268716036498 
 242.60809172423330438 228.23806093538269124 
 41.466515136712622791 256.68392760204937986 
