 67.455893418639178094 16.124394292238896753 
 47.341373705773364122 44.570260958905571158 
 87.569809707982088298 73.016127625572238458 
 57.398633562206278214 73.016127625572238458 
 37.284717272863375115 16.124394292238896753 
 77.512549851549181312 44.570260958905571158 
 67.455893418639178094 101.45772762557224667 
 47.341373705773364122 129.90359429223892107 
 87.569809707982088298 158.34946095890558126 
 57.398633562206278214 158.34946095890558126 
 37.284717272863375115 101.45772762557224667 
 77.512549851549181312 129.90359429223892107 
 67.455893418639178094 186.79106095890557526 
 47.341373705773364122 215.23692762557223546 
 87.569809707982088298 243.68279429223892407 
 57.398633562206278214 243.68279429223892407 
 37.284717272863375115 186.79106095890557526 
 77.512549851549181312 215.23692762557223546 
 127.79824571019081247 16.124394292238896753 
 107.68372599732498429 44.570260958905571158 
 147.91216199953370847 73.016127625572238458 
 117.74098585375790549 73.016127625572238458 
 97.627069564414995284 16.124394292238896753 
 137.85490214310081569 44.570260958905571158 
 127.79824571019081247 101.45772762557224667 
 107.68372599732498429 129.90359429223892107 
 147.91216199953370847 158.34946095890558126 
 117.74098585375790549 158.34946095890558126 
 97.627069564414995284 101.45772762557224667 
 137.85490214310081569 129.90359429223892107 
 127.79824571019081247 186.79106095890557526 
 107.68372599732498429 215.23692762557223546 
 147.91216199953370847 243.68279429223892407 
 117.74098585375790549 243.68279429223892407 
 97.627069564414995284 186.79106095890557526 
 137.85490214310081569 215.23692762557223546 
 188.14059800174243264 16.124394292238896753 
 168.02607828887659025 44.570260958905571158 
 208.25451429108534285 73.016127625572238458 
 178.08333814530951145 73.016127625572238458 
 157.96942185596662966 16.124394292238896753 
 198.19725443465242165 44.570260958905571158 
 188.14059800174243264 101.45772762557224667 
 168.02607828887659025 129.90359429223892107 
 208.25451429108534285 158.34946095890558126 
 178.08333814530951145 158.34946095890558126 
 157.96942185596662966 101.45772762557224667 
 198.19725443465242165 129.90359429223892107 
 188.14059800174243264 186.79106095890557526 
 168.02607828887659025 215.23692762557223546 
 208.25451429108534285 243.68279429223892407 
 178.08333814530951145 243.68279429223892407 
 157.96942185596662966 186.79106095890557526 
 198.19725443465242165 215.23692762557223546 
 248.48295029329409545 16.124394292238896753 
 228.36843058042825305 44.570260958905571158 
 27.227457416430478787 73.016127625572238458 
 238.42569043686117425 73.016127625572238458 
 218.31177414751826404 16.124394292238896753 
 17.170197559997607328 44.570260958905571158 
 248.48295029329409545 101.45772762557224667 
 228.36843058042825305 129.90359429223892107 
 27.227457416430478787 158.34946095890558126 
 238.42569043686117425 158.34946095890558126 
 218.31177414751826404 101.45772762557224667 
 17.170197559997607328 129.90359429223892107 
 248.48295029329409545 186.79106095890557526 
 228.36843058042825305 215.23692762557223546 
 27.227457416430478787 243.68279429223892407 
 238.42569043686117425 243.68279429223892407 
 218.31177414751826404 186.79106095890557526 
 17.170197559997607328 215.23692762557223546 
