 184.65096161585591972 10.561570295379608453 
 149.95885859342470781 7.3648185724482795322 
 145.43823342853073655 56.42659943821087154 
 130.35264535564283506 30.297594433913946688 
 165.0444466663126093 33.493823576745192838 
 110.75012715958381193 53.228236962046281633 
 76.058024137152600019 50.031485239114942942 
 71.537398972258671392 99.093266104877528733 
 56.451810899370755692 72.964261100580614539 
 95.664539086695896231 27.099231957749363886 
 91.14361221004051572 76.160490243411871347 
 36.849292703311704145 95.894903628712967247 
 2.1571896808805215429 92.698151905781628557 
 21.763704630423791997 69.765898624416053053 
 17.242777753768436355 118.82715691007857117 
 214.8221377616317227 62.819580303973445723 
 180.13003473920051078 59.622828581042107032 
 175.60940957430656795 108.68460944680469993 
 160.52382150141866646 82.555604442507785734 
 199.73654968874382121 36.690575299676538634 
 195.2156228120884407 85.751833585339028332 
 140.92130330535965754 105.48624697064011002 
 106.22920028292841721 102.28949524770878554 
 101.70857511803447437 151.35127611347135712 
 86.622987045146572882 125.22227110917445714 
 125.83571523247172763 79.357241966343210038 
 121.31478835581633291 128.41850025200571395 
 67.020468849087521335 148.15291363730679564 
 32.328365826656330739 144.95616191437548537 
 27.807740661762370138 194.01794278013804274 
 12.722152588874454437 167.88893777584115696 
 51.934880776199619845 122.02390863300989565 
 47.41395389954424644 171.08516691867239956 
 244.9933139074075541 115.07759031256726701 
 210.30121088497631376 111.88083858963594253 
 205.78058572008239935 160.94261945539852832 
 190.69499764719446944 134.81361445110161412 
 229.90772583451965261 88.948585308270352812 
 225.38679895786424368 138.00984359393288514 
 171.09247945113546052 157.74425697923396683 
 136.40037642870422019 154.54750525630259972 
 131.87975126381030577 203.60928612206521393 
 116.79416319092239007 177.48028111776829974 
 156.00689137824753061 131.61525197493705264 
 151.4859645015921501 180.67651026059954233 
 97.191644994863338525 200.41092364590065245 
 62.499541972432133718 197.21417192296928533 
 57.97891680753817667 246.27595278873192797 
 42.893328734650260969 220.14694778443495693 
 82.106056921975422824 174.28191864160373825 
 77.585130045320056524 223.34317692726619953 
 240.47238703075217359 164.13884859822982776 
 115.26705728275493357 4.1685894296170378226 
 220.86617379297030084 187.07162445969549935 
 255.5579751036401035 190.26785360252674195 
 201.26365559691129192 210.00226698782785206 
 166.57155257448008001 206.80551526489648495 
 41.366222826482854202 46.835256096283714555 
 146.96533933669823568 229.73829112636215655 
 186.17806752402339043 183.87326198353090945 
 181.6571406473679815 232.93452026919345599 
 127.36282114063916993 252.66893365449453768 
 92.670718118207986436 249.47218193156317056 
 112.27723306775125423 226.53992865019759506 
