 178.5455968364198327 98.287375669925623356 
 150.0997301697531725 78.172855957059795173 
 121.6538635030864981 118.40129195926850514 
 121.6538635030864981 88.230115813492702159 
 178.5455968364198327 68.116199524149806166 
 150.0997301697531725 108.34403210283561236 
 93.212263503086489891 98.287375669925623356 
 64.766396836419858118 78.172855957059795173 
 36.320530169753162397 118.40129195926850514 
 36.320530169753162397 88.230115813492702159 
 93.212263503086489891 68.116199524149806166 
 64.766396836419858118 108.34403210283561236 
 7.8789301697531604063 98.287375669925623356 
 235.43306350308651531 78.172855957059795173 
 206.9871968364198267 118.40129195926850514 
 206.9871968364198267 88.230115813492702159 
 7.8789301697531604063 68.116199524149820377 
 235.43306350308651531 108.34403210283561236 
 178.5455968364198327 158.62972796147724353 
 150.0997301697531725 138.51520824861142955 
 121.6538635030864981 178.74364425082015373 
 121.6538635030864981 148.57246810504435075 
 178.5455968364198327 128.45855181570141212 
 150.0997301697531725 168.68638439438726095 
 93.212263503086489891 158.62972796147724353 
 64.766396836419858118 138.51520824861142955 
 36.320530169753162397 178.74364425082015373 
 36.320530169753162397 148.57246810504435075 
 93.212263503086489891 128.45855181570141212 
 64.766396836419858118 168.68638439438726095 
 7.8789301697531604063 158.62972796147724353 
 235.43306350308651531 138.51520824861142955 
 206.9871968364198267 178.74364425082015373 
 206.9871968364198267 148.57246810504435075 
 7.8789301697531604063 128.45855181570141212 
 235.43306350308651531 168.68638439438726095 
 178.54559683641986112 218.97208025302887791 
 150.0997301697531725 198.85756054016306393 
 121.6538635030864981 239.08599654237181653 
 121.6538635030864981 208.91482039659598513 
 178.5455968364198327 188.80090410725307493 
 150.0997301697531725 229.02873668593889533 
 93.212263503086489891 218.97208025302887791 
 64.766396836419858118 198.85756054016306393 
 36.320530169753176608 239.08599654237181653 
 36.320530169753162397 208.91482039659598513 
 93.212263503086489891 188.80090410725307493 
 64.766396836419858118 229.02873668593889533 
 7.8789301697531604063 218.97208025302887791 
 235.43306350308651531 198.85756054016300709 
 206.9871968364198267 239.08599654237181653 
 206.9871968364198267 208.91482039659598513 
 7.8789301697531604063 188.80090410725307493 
 235.43306350308651531 229.02873668593889533 
 178.5455968364198327 37.945023378374024503 
 150.0997301697531725 17.830503665508192768 
 121.6538635030864981 58.058939667716892075 
 121.6538635030864981 27.887763521941110412 
 178.54559683641986112 249.14325639880470931 
 150.0997301697531725 48.001679811284020616 
 93.212263503086489891 37.945023378374024503 
 64.766396836419829697 17.830503665508192768 
 36.320530169753162397 58.058939667716906285 
 36.320530169753155292 27.887763521941110412 
 93.212263503086489891 249.14325639880470931 
 64.766396836419858118 48.001679811284020616 
 7.8789301697531604063 37.945023378374031608 
 235.43306350308651531 17.830503665508192768 
 206.9871968364198267 58.058939667716892075 
 206.9871968364198267 27.887763521941110412 
 7.8789301697531604063 249.14325639880470931 
 235.43306350308651531 48.00167981128401351 
