 83.065995868225854792 26.714660413341665191 
 94.778808789327896989 70.427473334443703834 
 51.065995868225854792 82.140286255545731819 
  62.7788087893279112 125.85309917664778823 
 19.065995868225865451 137.56591209774984463 
 30.778808789327904094 181.27872501885187262 
 126.77880878932789699 15.001847492239603454 
 138.49162171042993918 58.714660413341668743 
 150.20443463153193875 102.42747333444370383 
 106.49162171042993918 114.14028625554573182 
 118.20443463153196717 157.85309917664778823 
 74.491621710429939185 169.56591209774981621 
 86.20443463153196717 213.2787250188518442 
 42.491621710429939185 224.99153793995392903 
 182.20443463153196717 47.001847492239598125 
 193.91724755263399516 90.714660413341661638 
 205.63006047373605156 134.42747333444370383 
 161.91724755263402358 146.14028625554573182 
 173.63006047373605156 189.85309917664778823 
 129.91724755263399516 201.56591209774981621 
 141.63006047373605156 245.27872501885187262 
 97.917247552634009367 256.9915379399539006 
 237.63006047373605156 79.00184749223959102 
 249.34287339483807955 122.71466041334166164 
 39.353182947123805491 38.427473334443718045 
 217.34287339483807955 178.1402862555457034 
 7.3531829471238259188 93.853099176647788227 
 185.34287339483807955 233.56591209774978779 
