 138.39112763972545395 15.458462809068082677 
 93.136293643786416396 15.458462809068082677 
 93.136293643786416396 60.713296805007111345 
 47.881459647847371741 60.713296805007111345 
 47.88145964784735753  105.968130800946156 
 2.6266256519083333032  105.968130800946156 
 2.6266256519083084342 151.22296479688520776 
 183.6459616356644915 15.458462809068082677 
 183.6459616356644915 60.713296805007097134 
 138.39112763972545395 60.713296805007111345 
 138.39112763972545395 105.96813080094614179 
 93.136293643786416396  105.968130800946156 
 93.136293643786402185 151.22296479688517934 
 47.881459647847385952 151.22296479688517934 
 47.881459647847350425 196.47779879282424531 
 228.90079563160352905 60.713296805007097134 
 228.90079563160352905  105.968130800946156 
 183.6459616356644915 105.96813080094614179 
 183.6459616356644915 151.22296479688517934 
 138.39112763972545395 151.22296479688517934 
 138.39112763972545395 196.47779879282424531 
 93.136293643786430607 196.47779879282421689 
 93.136293643786416396 241.73263278876328286 
 228.90079563160352905 151.22296479688517934 
 228.90079563160352905 196.47779879282421689 
 183.6459616356644915 196.47779879282421689 
 183.6459616356644915 241.73263278876325444 
 138.39112763972545395 241.73263278876325444 
