 181.91700855410365989 37.100952373071457657 
 138.20419563300157506 25.388139451969415461 
 126.4913827118995755 69.100952373071464763 
 82.77856979079751909 57.388139451969422566 
 71.065756869695505316 101.10095237307146476 
 27.352943948593480883 89.388139451969422566 
 15.640131027491454674 133.10095237307146476 
 225.62982147520565945 48.813765294173478537 
 213.91700855410365989 92.526578215275506523 
 170.20419563300160348 80.813765294173492748 
 158.4913827118995755 124.52657821527552073 
 114.77856979079756172 112.81376529417347854 
 103.0657568696954911 156.52657821527552073 
 59.352943948593484436 144.81376529417349275 
 47.640131027491449345 188.52657821527552073 
 245.91700855410365989 147.95220405747960513 
 202.2041956330016319 136.23939113637754872 
 190.4913827118995755 179.95220405747960513 
 146.77856979079757593 168.23939113637757714 
 135.0657568696954911 211.95220405747960513 
 91.352943948593505752 200.23939113637757714 
 79.640131027491463556 243.9522040574795767 
 234.20419563300160348 191.66501697858157627 
 94.491382711899575497 13.675326530867401686 
 178.77856979079754751 223.66501697858160469 
 39.065756869695505316 45.675326530867408792 
 123.35294394859349154 255.66501697858160469 
