 145.4285811454489874 28.600180698612522434 
 101.7157682243469452 16.887367777510483791 
 90.00295530324494564 60.600180698612511776 
 46.290142382142882127 48.887367777510476685 
 34.577329461040861247 92.600180698612533092 
 189.14139406655101538 40.312993619714532656 
 177.42858114544901582 84.025806540816574852 
 133.71576822434693099 72.312993619714546867 
 122.00295530324491722 116.02580654081658906 
 78.290142382142889232 104.31299361971454687 
 66.577329461040847036 148.02580654081660327 
 22.864516539938833262 136.31299361971454687 
 11.151703618836782184 180.02580654081660327 
 221.14139406655101538 95.738619461918602838 
 209.42858114544901582 139.45143238302065924 
 165.71576822434693099 127.73861946191861705 
 154.00295530324495985 171.45143238302065924 
 110.29014238214290344 159.73861946191860284 
 98.577329461040875458 203.45143238302068767 
 54.864516539938840367 191.73861946191860284 
 43.151703618836812382 235.45143238302068767 
 253.14139406655104381 151.16424530412268723 
 241.42858114544901582 194.87705822522474364 
 197.71576822434695941 183.16424530412268723 
 186.00295530324495985 226.87705822522474364 
 142.29014238214290344 215.16424530412268723 
 86.864516539938833262 247.16424530412268723 
