 216.37529215845790986 28.596574386194596684 
 184.37529215845790986 60.59657438619460379 
 152.37529215845790986 28.596574386194596684 
 120.37529215845790986 60.59657438619460379 
 88.375292158457909864 28.596574386194596684 
 56.375292158457902758 60.59657438619460379 
 24.375292158457945391 28.596574386194607342 
 248.37529215845788144 60.596574386194589579 
 216.37529215845790986 92.596574386194589579 
 184.37529215845790986 124.59657438619458958 
 152.37529215845790986 92.596574386194589579 
 120.37529215845790986 124.59657438619458958 
 88.375292158457909864 92.596574386194589579 
 56.375292158457902758 124.59657438619458958 
 24.375292158457945391 92.59657438619460379 
 248.37529215845788144 124.59657438619458958 
 216.37529215845790986 156.59657438619458958 
 184.37529215845790986 188.59657438619458958 
 152.37529215845790986 156.59657438619458958 
 120.37529215845790986 188.59657438619458958 
 88.375292158457909864 156.59657438619458958 
 56.375292158457902758 188.59657438619458958 
 24.375292158457945391 156.59657438619458958 
 248.37529215845788144 188.59657438619458958 
 216.37529215845790986 220.59657438619458958 
 184.37529215845790986 252.59657438619458958 
 152.37529215845790986 220.59657438619458958 
 120.37529215845790986 252.59657438619458958 
 88.375292158457909864 220.59657438619458958 
 56.375292158457916969 252.59657438619458958 
 24.375292158457945391 220.59657438619458958 
 248.37529215845788144 252.59657438619458958 
