 84.559004287127748967 41.171509423802227445 
 118.28790160949392885 42.812645605628304679 
 35.386923928109624171 69.561023255695246803 
 69.115821250475832471 71.202159437521316931 
 19.943740891457721887 99.591673269414343395 
 133.73108464614585955 12.781995591909204535 
 167.45998196851203943 14.423131773735297756 
 102.84471857284202656 72.843295619347401271 
 136.57361589520820644 74.48443180117348561 
 53.672638213823923081 101.23280945124042773 
 87.401535536190124276 102.87394563306649786 
 4.5005578548058364774 129.62232328313342578 
 38.22945517717199948 131.26345946495953854 
 152.01679893186013715 44.453781787454367702 
 185.74569625422631702 46.094917969280480463 
 121.13043285855633258 104.51508181489259641 
 154.85933018092248403 106.15621799671866654 
 71.95835249953820778 132.90459564678562288 
 105.68724982190440187 134.54573182861167879 
 22.786272140520139828 161.29410947867864934 
 56.51516946288628418 162.93524566050470526 
 170.30251321757444316 76.125567982999569949 
 204.03141053994059462 77.766704164825640078 
 139.41614714427061017 136.18686801043779155 
 173.14504446663679005 137.82800419226384747 
 90.244066785252499585 164.5763818423307896 
 123.97296410761870789 166.21751802415687393 
 41.071986426234424528 192.96589567422378764 
 74.80088374860058309 194.6070318560499004 
 188.58822750328872075 107.79735417854473667 
 222.31712482565490063 109.43849036037083522 
 157.70186142998488776 167.85865420598295827 
 191.43075875235109606 169.49979038780907104 
 108.5297810709668056 196.24816803787598474 
 142.25867839333298548 197.88930421970206908 
 59.357700711948709227 224.63768186976895436 
 93.086598034314874894 226.27881805159509554 
 206.87394178900302677 139.46914037408993181 
 240.6028391113691498 141.11027655591604457 
 175.98757571569916536 199.53044040152812499 
 209.71647303806540208 201.17157658335426618 
 126.81549535668108319 227.91995423342115146 
 160.54439267904726307 229.5610904152472358 
 77.643414997663001031 256.3094680653141495 
 225.15965607471730436 171.14092656963509853 
 194.27329000141347137 231.20222659707334856 
 100.00218732377966546 11.140859410083177039 
 50.830106964761561983 39.530373241976185739 
 1.6580266057434598359 67.919887073869219307 
 243.44537036043161038 202.81271276518032209 
