 46.094554556223613417 23.04094111916032972 
 71.694554556223607733 48.640941119160338246 
 46.094554556223613417 74.240941119160339667 
 71.694554556223607733 99.840941119160333983 
 46.094554556223613417 125.44094111916034251 
 71.694554556223607733 151.04094111916032261 
 46.094554556223613417 176.64094111916034535 
 71.694554556223607733 202.24094111916033967 
 46.094554556223613417 227.84094111916033398 
 71.694554556223607733 253.44094111916035672 
 97.29455455622361626 23.04094111916032972 
 122.89455455622362479 48.640941119160338246 
 97.29455455622361626 74.240941119160339667 
 122.89455455622362479 99.840941119160333983 
 97.29455455622361626 125.44094111916034251 
 122.89455455622362479 151.04094111916032261 
 97.29455455622361626 176.64094111916034535 
 122.89455455622362479 202.24094111916033967 
 97.29455455622361626 227.84094111916033398 
 122.89455455622362479 253.44094111916035672 
 148.4945545562236191 23.04094111916032972 
  174.094554556223585 48.640941119160338246 
 148.4945545562236191 74.240941119160339667 
  174.094554556223585 99.840941119160333983 
 148.4945545562236191 125.44094111916034251 
  174.094554556223585 151.04094111916032261 
 148.4945545562236191 176.64094111916034535 
  174.094554556223585 202.24094111916033967 
 148.4945545562236191 227.84094111916033398 
  174.094554556223585 253.44094111916035672 
 199.69455455622360773 23.04094111916032972 
 225.29455455622363047 48.640941119160338246 
 199.69455455622360773 74.240941119160339667 
 225.29455455622363047 99.840941119160333983 
 199.69455455622360773 125.44094111916034251 
 225.29455455622363047 151.04094111916032261 
 199.69455455622360773 176.64094111916034535 
 225.29455455622363047 202.24094111916033967 
 199.69455455622360773 227.84094111916033398 
 225.29455455622363047 253.44094111916035672 
 250.89455455622362479 23.04094111916032972 
 20.49455455622359068 48.640941119160338246 
 250.89455455622362479 74.240941119160339667 
 20.49455455622359068 99.840941119160333983 
 250.89455455622362479 125.44094111916034251 
 20.49455455622359068 151.04094111916032261 
 250.89455455622362479 176.64094111916034535 
 20.49455455622359068 202.24094111916033967 
 250.89455455622362479 227.84094111916033398 
 20.49455455622359068 253.44094111916035672 
