 93.808244105434994253 8.2821441625533473996 
 103.17849444231660527 43.252394499434984709 
 68.208244105434999938 52.62264483631660994 
 77.578494442316625168 87.592895173198229486 
 42.608244105434998517 96.963145510079868927 
 51.978494442316623747 131.93339584696150268 
 17.008244105435014859 141.30364618384314213 
 26.378494442316629431 176.27389652072477588 
 138.14874477919826745 33.882144162553331057 
 147.51899511607990689 68.852394499434979025 
 112.54874477919824471 78.222644836316604255 
 121.91899511607988416 113.19289517319823801 
 86.948744779198250399 122.56314551007987745 
 96.318995116079904051  157.533395846961497 
 61.348744779198256083 166.90364618384313644 
 70.718995116079895524 201.8738965207247702 
 35.748744779198254662 211.24414685760640964 
 173.11899511607990121 24.511893825671695168 
 182.48924545296151223 59.482144162553332478 
 191.85949578984312325 94.452394499434973341 
 156.88924545296151791 103.82264483631661278 
 166.25949578984315735 138.79289517319821812 
 131.28924545296149518 148.16314551007985756 
 140.65949578984316304 183.13339584696146289 
 105.68924545296151507 192.50364618384313076 
 115.05949578984315451 227.47389652072476451 
 80.089245452961506544 236.84414685760637553 
 217.45949578984314599 50.111893825671693037 
  226.829746126724757 85.082144162553333899 
 236.19999646360636802 120.05239449943498187 
 201.22974612672479111 129.4226448363166071 
 210.59999646360640213 164.39289517319821243 
 175.6297461267247968 173.76314551007985187 
 184.99999646360640781 208.73339584696148563 
 150.02974612672480248 218.10364618384315349 
 159.3999964636064135 253.07389652072475883 
 58.837993768553324969 17.652394499434961972 
 245.57024680048809273 155.02264483631660141 
 33.237993768553337759 61.992895173198228065 
 219.97024680048806999 199.36314551007987461 
 7.6379937685533514369 106.33339584696149416 
 194.37024680048807568 243.70364618384309097 
