 125.15020085383157777 34.649851756897433575 
 88.946333657080373314 34.649851756897447785 
 88.946333657080359103 70.853718953648666457 
 52.742466460329119116 70.853718953648694878 
 52.742466460329126221 107.05758615039989934 
 16.538599263577900444 107.05758615039992776 
 16.538599263577900444 143.26145334715116064 
 161.35406805058283908 34.649851756897419364 
 161.35406805058283908 70.853718953648666457 
 125.15020085383157777 70.853718953648666457 
 125.1502008538316062 107.05758615039992776 
 88.946333657080359103 107.05758615039992776 
 88.946333657080373314 143.26145334715116064 
 52.742466460329126221 143.26145334715116064 
 52.742466460329140432 179.46532054390237931 
 16.538599263577900444 179.46532054390237931 
 197.55793524733402933 34.649851756897447785 
 197.55793524733405775 70.853718953648652246 
 197.55793524733405775 107.05758615039989934 
 161.35406805058283908 107.05758615039989934 
 161.35406805058283908 143.26145334715113222 
 125.15020085383157777 143.26145334715113222 
 125.1502008538316062 179.46532054390237931 
 88.946333657080359103 179.46532054390237931 
 88.946333657080373314 215.66918774065356956 
 52.742466460329140432 215.66918774065356956 
 233.76180244408527642 70.853718953648666457 
 233.76180244408533326 107.05758615039989934 
 233.76180244408533326 143.26145334715116064 
 197.55793524733408617 143.26145334715113222 
 197.55793524733408617 179.46532054390237931 
 161.35406805058283908 179.46532054390237931 
 161.35406805058283908 215.66918774065362641 
 125.1502008538316062 215.66918774065362641 
 125.15020085383163462 251.8730549374048735 
 88.946333657080373314 251.8730549374048735 
 233.76180244408527642 179.46532054390232247 
 52.742466460329119116 34.649851756897447785 
 197.55793524733402933 215.66918774065356956 
 16.538599263577879128 70.853718953648666457 
 161.35406805058281066 251.87305493740484508 
