 167.67288729393189328 27.209580082510065324 
 136.31941858630722209 9.1076464841344400014 
 118.21748498793159854 40.46111519175912008 
 86.864016280306927342 22.359181593383507192 
 68.762082681931303796 53.712650301008189047 
 37.408613974306604177 35.610716702632572606 
  19.3066803759310055 66.964185410257243802 
 217.12828959993220224 13.958044973260998134 
 199.0263560015565929 45.311513680885681765 
 180.92442240318095514 76.664982388510367173 
 149.57095369555628395 58.563048790134736521 
 131.46902009718067461 89.916517497759429034 
 100.1155513895559892 71.814583899383805488 
 82.013617791180365657 103.16805260700847668 
 50.660149083555673144 85.066119008632867349 
 32.558215485180070914 116.41958771625753855 
 1.204746777555379067 98.31765411788192921 
 230.3798247091812641 63.413447279261291101 
 212.27789111080562634 94.766915986885962297 
  194.175957512430017 126.12038469451066192 
 162.82248880480534581 108.01845109613502416 
 144.72055520642973647 139.37191980375970957 
 113.36708649880506528 121.26998620538410023 
 95.265152900429427518 152.62345491300877143 
 63.911684192804742111 134.52152131463316209 
 45.809750594429139881 165.87499002225783329 
 14.456281886804445591 147.77305642388219553 
 243.63135981843035438 112.86884958526158584 
 225.52942622005474504 144.22231829288628546 
 207.42749262167907887 175.57578700051098508 
 176.07402391405440767 157.47385340213534732 
 157.97209031567876991 188.82732210976001852 
 126.61862160805412714 170.72538851138440918 
 108.51668800967850359 202.07885721900908038 
 77.163219302053803972 183.97692362063347105 
 59.061285703678208847 215.33039232825814224 
 27.707816996053512781 197.22845872988253291 
 256.88289492767944466 162.3242518912618948 
 238.78096132930375006 193.67772059888659442 
 220.67902773092816915 225.03118930651120877 
 189.32555902330349795 206.92925570813565628 
 171.22362542492783177 238.28272441576032747 
  139.870156717303189 220.18079081738474656 
 121.76822311892755124 251.53425952500936091 
 90.414754411302880044 233.43232592663380842 
 40.959352105302578195 246.68386103588281344 
