 11.694044430796468603 52.072565800680749248 
 43.694044430796466827 29.445148802711223368 
 43.694044430796466827 52.072565800680749248 
 11.694044430796468603 29.445148802711223368 
 11.694044430796468603 97.327399796619772587 
 43.694044430796466827 74.699982798650268023 
 43.694044430796466827 97.327399796619772587 
 11.694044430796468603 74.699982798650268023 
 11.694044430796468603 142.58223379255881014 
 43.694044430796466827 119.95481679458930557 
 43.694044430796466827 142.58223379255881014 
 11.694044430796468603 119.95481679458930557 
 11.694044430796468603 187.83706778849784769 
 43.694044430796466827 165.20965079052834312 
 43.694044430796466827 187.83706778849784769 
 11.694044430796468603 165.20965079052834312 
 11.694044430796468603 233.09190178443688524 
 43.694044430796466827 210.46448478646735225 
 43.694044430796466827 233.09190178443688524 
 11.694044430796468603 210.46448478646735225 
 75.694044430796466827 52.072565800680749248 
 107.69404443079645262 29.445148802711223368 
 107.69404443079645262 52.072565800680749248 
 75.694044430796466827 29.445148802711223368 
 75.694044430796466827 97.327399796619772587 
 107.69404443079645262 74.699982798650268023 
 107.69404443079645262 97.327399796619772587 
 75.694044430796466827 74.699982798650268023 
 75.694044430796466827 142.58223379255881014 
 107.69404443079645262 119.95481679458930557 
 107.69404443079645262 142.58223379255881014 
 75.694044430796466827 119.95481679458930557 
 75.694044430796466827 187.83706778849784769 
 107.69404443079645262 165.20965079052834312 
 107.69404443079645262 187.83706778849784769 
 75.694044430796466827 165.20965079052834312 
 75.694044430796466827 233.09190178443688524 
 107.69404443079645262 210.46448478646735225 
 107.69404443079645262 233.09190178443688524 
 75.694044430796466827 210.46448478646735225 
 139.69404443079648104 52.072565800680749248 
 171.69404443079648104 29.445148802711223368 
 171.69404443079648104 52.072565800680749248 
 139.69404443079648104 29.445148802711223368 
 139.69404443079648104 97.327399796619772587 
 171.69404443079648104 74.699982798650268023 
 171.69404443079648104 97.327399796619772587 
 139.69404443079648104 74.699982798650268023 
 139.69404443079648104 142.58223379255881014 
 171.69404443079648104 119.95481679458930557 
 171.69404443079648104 142.58223379255881014 
 139.69404443079648104 119.95481679458930557 
 139.69404443079648104 187.83706778849784769 
 171.69404443079648104 165.20965079052834312 
 171.69404443079648104 187.83706778849784769 
 139.69404443079648104 165.20965079052834312 
 139.69404443079648104 233.09190178443688524 
 171.69404443079648104 210.46448478646735225 
 171.69404443079648104 233.09190178443688524 
 139.69404443079648104 210.46448478646735225 
 203.69404443079645262 52.072565800680749248 
 235.69404443079645262 29.445148802711223368 
 235.69404443079645262 52.072565800680749248 
 203.69404443079645262 29.445148802711223368 
 203.69404443079645262 97.327399796619772587 
 235.69404443079645262 74.699982798650268023 
 235.69404443079645262 97.327399796619772587 
 203.69404443079645262 74.699982798650268023 
 203.69404443079645262 142.58223379255881014 
 235.69404443079645262 119.95481679458930557 
 235.69404443079645262 142.58223379255881014 
 203.69404443079645262 119.95481679458930557 
 203.69404443079645262 187.83706778849784769 
 235.69404443079645262 165.20965079052834312 
 235.69404443079645262 187.83706778849784769 
 203.69404443079645262 165.20965079052834312 
 203.69404443079645262 233.09190178443688524 
 235.69404443079645262 210.46448478646735225 
 235.69404443079645262 233.09190178443688524 
 203.69404443079645262 210.46448478646735225 
