 140.89959001682478856 16.536786002810163865 
 86.27217301885529821 25.909369004840627326 
 124.89959001682481698 32.536786002810146101 
 108.8995900168248312 48.536786002810153207 
  102.272173018855284 9.9093690048406237736 
 54.272173018855305315 57.909369004840620221 
 92.899590016824816985 64.536786002810160312 
 76.899590016824831196 80.536786002810146101 
 70.272173018855283999 41.909369004840634432 
 22.272173018855301763 89.909369004840627326 
 60.89959001682482409 96.536786002810146101 
 44.89959001682482409 112.53678600281016031 
 38.27217301885529821 73.909369004840627326 
 28.899590016824820538 128.53678600281011768 
 12.899590016824838301 144.53678600281011768 
 6.2721730188552964336 105.90936900484061312 
 163.52700701479432155 39.164203000779671981 
 202.15442401276388296 45.791619998749176546 
 186.15442401276385453 61.791619998749183651 
 179.52700701479434997 23.164203000779664876 
 131.52700701479434997 71.164203000779664876 
 170.15442401276385453 77.791619998749183651 
 154.15442401276385453 93.791619998749183651 
 147.52700701479434997 55.164203000779671981 
 99.52700701479433576 103.16420300077966488 
 138.15442401276385453 109.79161999874918365 
 122.15442401276386875 125.79161999874916944 
 115.52700701479434997 87.164203000779664876 
 67.527007014794349971 135.16420300077967909 
 106.15442401276386875 141.79161999874918365 
 90.154424012763854535 157.79161999874918365 
 83.527007014794349971 119.16420300077965067 
 35.527007014794364181 167.16420300077965067 
 74.154424012763868745 173.79161999874915523 
 58.154424012763890062 189.79161999874918365 
 51.527007014794357076 151.16420300077965067 
 208.7818410107333591 84.419036996718702426 
 247.40925800870292051 91.046453994688235412 
 231.40925800870289208 107.0464539946882212 
 224.78184101073338752 68.419036996718702426 
 176.78184101073338752 116.41903699671870243 
 215.40925800870292051 123.04645399468823541 
 199.40925800870292051 139.0464539946882212 
 192.78184101073338752 100.41903699671870243 
 144.78184101073338752 148.41903699671868821 
 183.40925800870289208 155.04645399468824962 
 167.40925800870292051 171.0464539946882212 
 160.78184101073338752 132.41903699671871664 
 112.78184101073338752 180.41903699671871664 
 151.40925800870292051 187.0464539946882212 
 135.40925800870292051 203.0464539946882212 
 128.78184101073338752 164.41903699671871664 
 80.781841010733415942 212.41903699671868821 
 119.40925800870292051 219.04645399468824962 
 103.40925800870293472 235.0464539946882212 
 96.781841010733401731 196.41903699671871664 
 254.03667500667242507 129.67387099265772576 
 222.03667500667242507 161.67387099265772576 
 244.66409200464192963 184.30128799062723033 
 238.03667500667239665 145.67387099265772576 
 190.03667500667239665 193.67387099265772576 
 228.66409200464195806 200.30128799062725875 
 212.66409200464195806 216.30128799062725875 
 206.03667500667242507 177.67387099265772576 
 158.03667500667242507 225.67387099265772576 
 196.66409200464192963 232.30128799062723033 
 180.66409200464195806 248.30128799062725875 
 174.03667500667242507 209.67387099265772576 
 142.03667500667242507 241.67387099265772576 
