 84.193568932887160372 189.33849412972577397 
 126.86023559955384599 159.16860479909976789 
 126.86023559955384599 189.33849412972577397 
 105.52690226622050318 174.25354946441279935 
 105.52690226622050318 204.42343879503880544 
 126.86023559955384599 219.50838346035178006 
 148.19356893288716037 144.08366013378676485 
 148.19356893288716037 174.25354946441277093 
 169.52690226622050318 159.16860479909976789 
 169.52690226622050318 189.33849412972577397 
 148.19356893288716037 204.42343879503880544 
 169.52690226622050318 219.50838346035178006 
 148.19356893288716037 234.59332812566481152 
 190.86023559955384599 174.25354946441279935 
 190.86023559955384599 204.42343879503880544 
 212.19356893288718879 189.33849412972577397 
 84.193568932887160372 128.99871546847373338 
 84.193568932887160372 159.16860479909976789 
 62.860235599553838881 144.08366013378676485 
 62.860235599553838881 174.25354946441277093 
 126.86023559955384599 98.828826137847698874 
 126.86023559955384599 128.99871546847373338 
 105.52690226622050318 113.91377080316071613 
 105.52690226622050318 144.08366013378676485 
 148.19356893288716037 113.91377080316073034 
 169.52690226622050318 98.828826137847698874 
 169.52690226622050318 128.99871546847373338 
 190.86023559955384599 113.91377080316071613 
 190.86023559955384599 144.08366013378676485 
 212.19356893288718879 128.99871546847373338 
 212.19356893288718879 159.16860479909976789 
 233.5269022662205316 144.08366013378676485 
 233.5269022662205316 174.25354946441277093 
 84.193568932887160372 98.828826137847698874 
 62.860235599553838881 113.91377080316073034 
 105.52690226622050318 83.743881472534695831 
 126.86023559955384599 68.658936807221678578 
 148.19356893288716037 83.743881472534695831 
 169.52690226622050318 68.658936807221678578 
 190.86023559955384599 83.743881472534695831 
 212.19356893288718879 98.828826137847698874 
 233.5269022662205316 113.91377080316073034 
 148.19356893288716037 53.573992141908661324 
