 74.761460569773134921 159.08666244825957392 
 98.492072531283383796   170.01939872967111 
 72.36418194159617201 185.10434339498414147 
 96.094793903106463517 196.03707967639564913 
 79.556017826127032322 107.05130055481049567 
 127.01724174914760113 128.91677311763356784 
 100.88935115946037513 144.00171778294657088 
 103.28662978763730962 117.98403683622204596 
 77.158739197950097832 133.06898150153503479 
 150.74785371065789263 139.84950939904504708 
 124.61996312097065243 154.93445406435807854 
 148.35057508248092972 165.8671903457695862 
 122.22268449279368951 180.95213501108261767 
 145.95329645430399523 191.88487129249415375 
 119.82540586461676924 206.96981595780712837 
 143.55601782612706074 217.90255223921869288 
 105.68390841581425832 91.966355889497506837 
 81.953296454303966811 81.033619608085984964 
 153.14513233883482712 113.83182845232053637 
 129.41452037732454983 102.8990921709090145 
 176.87574430034510442 124.76456473373202982 
 174.47846567216816993 150.78224568045655474 
 172.08118704399123544 176.79992662718112229 
 169.68390841581427253 202.81760757390568983 
 167.28662978763733804 228.83528852063022896 
