 46.960553410373002237 139.77270698314549691 
 159.72014640727820733 41.698307617922473867 
 100.72445653570171942 24.870428225983005177 
 73.241479775412670961 81.725602442996361674 
 86.982335651050107117 53.298647838996792814 
 59.50062389977524191 110.15255704699595185 
 92.215387406312046892 185.02754097908453446 
 204.97498040321727331 86.953141613861504311 
 145.97929053164077118 70.125262221922042727 
 118.49631377135170851 126.98043643893541343 
 132.23716964698914467 98.553481834935823258 
 104.75545789571427235 155.4073910429349894 
 137.47022140225109865 230.28237497502357201 
 250.22981439915633928 132.20797560980057028 
 191.23412452757983715 115.38009621786109449 
 163.75114776729074606 172.23527043487445098 
 177.49200364292821064 143.80831583087487502 
 150.01029189165333833 200.66222503887402695 
 1.7057194144339473674 94.517872987206445146 
 236.4889585235188747 160.63493021380011783 
 209.00598176322981203 217.49010443081348853 
 222.74683763886724819 189.06314982681391257 
 14.245789903836161727 64.897723051056885879 
