 157.71708505789959531 70.016404408729741249 
 137.08668024652564554 93.917784570597603988 
 84.456595435151669449 62.394093146519800541 
 43.194876499101319212 110.19885647922458816 
 63.824961310475288201 86.296922061098285894 
 177.4961219293662964 44.65114567643378507 
 189.71708505789959531 125.44203025093382564 
 169.08668024652564554 149.34341041280168838 
 116.45659543515168366 117.81971898872386362 
 75.194876499101312106 165.62448232142867255 
 95.824961310475288201 141.72254790330237029 
 209.4961219293662964 100.07677151863784104 
 221.71708505789962373 180.8676560931378674 
 201.08668024652567397 204.76903625500574435 
 148.45659543515168366 173.2453448309279338 
 107.19487649910131211 221.05010816363275694 
 127.82496131047530241 197.14817374550645468 
 241.4961219293662964 155.50239736084191122 
 125.7170850578995811 14.590778566525644422 
 105.08668024652563133 38.49215872839351249 
 180.45659543515168366 228.67097067313198977 
 11.194876499101306777 54.77323063702052508 
 159.8249613104752882 252.57379958771051065 
