 23.777317697208026459 37.266460168441497558 
 41.879251295583635795 62.866460168441498979 
 23.777317697208026459  88.4664601684415004 
 41.879251295583635795 114.0664601684414805 
 23.777317697208026459 139.66646016844148903 
 41.879251295583635795 165.26646016844151177 
 23.777317697208026459 190.86646016844147766 
 41.879251295583635795 216.46646016844147198 
 23.777317697208026459 242.06646016844146629 
 41.879251295583635795 11.666460168441489031 
 59.981184893959259341 37.266460168441497558 
 78.083118492334875782 62.866460168441498979 
 59.981184893959259341  88.4664601684415004 
 78.083118492334875782 114.0664601684414805 
 59.981184893959259341 139.66646016844148903 
 78.083118492334875782 165.26646016844151177 
 59.981184893959259341 190.86646016844147766 
 78.083118492334875782 216.46646016844147198 
 59.981184893959259341 242.06646016844146629 
 78.083118492334875782 11.666460168441489031 
 96.185052090710485118 37.266460168441497558 
 114.28698568908610866 62.866460168441498979 
 96.185052090710485118  88.4664601684415004 
 114.28698568908610866 114.0664601684414805 
 96.185052090710485118 139.66646016844148903 
 114.28698568908610866 165.26646016844151177 
 96.185052090710485118 190.86646016844147766 
 114.28698568908610866 216.46646016844147198 
 96.185052090710485118 242.06646016844146629 
 114.28698568908610866 11.666460168441489031 
 132.38891928746173221 37.266460168441497558 
 150.49085288583734155 62.866460168441498979 
 132.38891928746173221  88.4664601684415004 
 150.49085288583734155 114.0664601684414805 
 132.38891928746173221 139.66646016844148903 
 150.49085288583734155 165.26646016844151177 
 132.38891928746173221 190.86646016844147766 
 150.49085288583734155 216.46646016844147198 
 132.38891928746173221 242.06646016844146629 
 150.49085288583734155 11.666460168441489031 
 168.59278648421295088 37.266460168441497558 
 186.69472008258856022 62.866460168441498979 
 168.59278648421295088  88.4664601684415004 
 186.69472008258856022 114.0664601684414805 
 168.59278648421295088 139.66646016844148903 
 186.69472008258856022 165.26646016844151177 
 168.59278648421295088 190.86646016844147766 
 186.69472008258856022 216.46646016844147198 
 168.59278648421295088 242.06646016844146629 
 186.69472008258856022 11.666460168441489031 
 204.79665368096416955 37.266460168441497558 
 222.89858727933980731 62.866460168441498979 
 204.79665368096416955  88.4664601684415004 
 222.89858727933980731 114.0664601684414805 
 204.79665368096416955 139.66646016844148903 
 222.89858727933980731 165.26646016844151177 
 204.79665368096416955 190.86646016844147766 
 222.89858727933980731 216.46646016844147198 
 204.79665368096416955 242.06646016844146629 
 222.89858727933980731 11.666460168441489031 
 241.00052087771544507 37.266460168441497558 
 5.6753840988324606442 62.866460168441498979 
 241.00052087771544507  88.4664601684415004 
 5.6753840988324606442 114.0664601684414805 
 241.00052087771544507 139.66646016844148903 
 5.6753840988324606442 165.26646016844151177 
 241.00052087771544507 190.86646016844147766 
 5.6753840988324606442 216.46646016844147198 
 241.00052087771544507 242.06646016844146629 
 5.6753840988324606442 11.666460168441489031 
