 61.283214929512304536 11.030931476579594275 
 37.172322206446949622 31.073507461138941466 
 48.031679820263256886 60.486333782579890794 
 23.920787097197891313 80.528909767139225551 
 34.780144711014187919 109.94173608858018554 
 10.669251987948831228 129.98431207313950608 
 21.528609601765122505 159.39713839458045186 
 8.2770744925160624206 208.85254070058081766 
 96.25346526639395961 20.40118181346123194 
 72.14257254332859759 40.443757798020570249 
 83.001930157144897748 69.856584119461530236 
 58.891037434079549939 89.899160104020864992 
 69.750395047895821676 119.31198642546182498 
 45.639502324830488078 139.35456241002114552 
 56.498859938646766921 168.76738873146211972 
 32.387967215581412006 188.8099647160214829 
 43.247324829397697954 218.22279103746242868 
 131.22371560327556494 29.77143215034285717 
 107.11282288021021714 49.814008134902195479 
 117.97218049402651729 79.226834456343155466 
 93.861287770961155275 99.269410440902476012 
 104.72064538477745543 128.68223676234345021 
 80.609752661712093413 148.72481274690278497 
 91.469110275528393572 178.13763906834373074 
 67.358217552463045763 198.18021505290309392 
  78.2175751662793175 227.59304137434406812 
 155.33460832634091275 9.7288561657835206375 
 166.1939659401571987 39.141682487224478848 
 142.08307321709185089 59.18425847178382071 
 152.94243083090813684 88.597084793224780697 
 128.83153810784278903 108.63966077778411545 
 139.69089572165907498 138.05248709922508965 
 115.58000299859372717 158.09506308378439599 
 126.43936061241001312 187.50788940522534176 
 102.32846788934466531 207.55046538978470494 
 113.18782550316093705 236.96329171122565072 
 190.30485866322251809 19.099106502665158303 
 201.16421627703883246 48.511932824106111184 
 177.05332355397345623 68.55450880866544594 
 187.91268116778974218 97.967335130106405927 
 163.80178844472439437 118.00991111466572647 
 174.66114605854070874 147.42273743610670067 
 150.55025333547533251 167.46531342066603543 
 161.40961094929164688 196.8781397421069812 
 137.29871822622629907 216.9207157266663728 
 148.15807584004255659 246.33354204810731858 
 225.27510900010418027 28.469356839546772875 
 236.13446661392043779 57.882183160987736414 
 212.02357389085508999 77.924759145547085382 
 222.88293150467140435 107.33758546698804537 
 198.77203878160605655 127.38016145154736591 
 209.63139639542231407 156.79298777298834011 
 185.52050367235696626 176.83556375754764645 
 196.37986128617328063 206.24839007898862064 
 172.2689685631079044 226.29096606354798382 
 183.12832617692419035 255.70379238498895802 
 246.99382422773675216 87.295009482428710612 
 233.7422891184876903 136.75041178842900536 
 244.60164673230400467 166.16323810986995113 
 220.49075400923862844 186.20581409442928589 
 231.35011162305494281 215.61864041587023166 
 207.23921889998956658 235.66121640042959484 
