 129.50462104605907143 7.9883572781070917301 
 98.602687447683436517 13.290290876482698579 
 93.30075384930783855 44.192224474858313954 
 62.398820250932217846 49.494158073233933237 
 57.096886652556612773 80.396091671609568152 
 26.194953054180992069 85.698025269985166119 
 20.893019455805386997 116.5999588683607584 
 160.40655464443466371 2.6864236797314609007 
 155.10462104605906575 33.588357278107075388 
 124.20268744768344504 38.890290876482708882 
 118.90075384930784708 69.792224474858315375 
 87.998820250932226372 75.094158073233927553 
 82.696886652556599984 105.99609167160954826 
 51.794953054181000596 111.29802526998517465 
 46.493019455805395523 142.19995886836076693 
 15.591085857429778372 147.50189246673639332 
 10.289152259054148431 178.40382606511201402 
 186.00655464443468645 28.286423679731459657 
 180.70462104605906006 59.188357278107076809 
 149.80268744768346778 64.490290876482703197 
 144.50075384930784139 95.392224474858309691 
 113.59882025093220648 100.69415807323392187 
 108.29688665255660851 131.59609167160954257 
 77.394953054180987806 136.89802526998516896 
 72.093019455805375628 167.79995886836076124 
 41.191085857429762029 173.10189246673638763 
 35.889152259054142746 204.00382606511200834 
 211.60655464443468077 53.886423679731464631 
 206.30462104605905438 84.788357278107085335 
 175.4026874476834621 90.090290876482697513 
 170.10075384930783571 120.99222447485831822 
 139.19882025093224343 126.29415807323393039 
 133.89688665255661704 157.19609167160956531 
 102.99495305418101054 162.49802526998516328 
 97.693019455805398366 193.39995886836075556 
 66.791085857429791872 198.70189246673641037 
 61.489152259054158378 229.60382606511200265 
 237.20655464443464666 79.486423679731458947 
 231.90462104605907712 110.38835727810707965 
 201.00268744768345641 115.69029087648269183 
 195.70075384930785845 146.59222447485831253 
 164.79882025093223774 151.8941580732339105 
 159.49688665255661135 182.7960916716095312 
 128.59495305418101907 188.09802526998515759 
 123.29301945580540689 218.99995886836074988 
 92.391085857429786188 224.30189246673637626 
 87.089152259054145588 255.20382606511196855 
 226.60268744768345073 141.29029087648268614 
 221.30075384930782434 172.19222447485830685 
 190.39882025093220363 177.49415807323393324 
 185.09688665255660567 208.39609167160955394 
 154.19495305418098496 213.69802526998512349 
  148.893019455805387 244.59995886836077261 
 117.99108585742976629  249.901892466736399 
 252.20268744768350189 166.89029087648268046 
 67.700753849307872656 18.592224474858351613 
 215.99882025093222637 203.09415807323389913 
 31.496886652556625563 54.796091671609588047 
 179.7949530541810077 239.29802526998514622 
