 78.366679694563032399 31.884188288669211175 
 51.575213572725083111 54.154764768398116814 
 83.070566810695154913 92.043247424966324388 
  53.9274485619736339 84.234372425296683673 
 49.22356144584150428 24.075313288999566907 
 80.71833182144662544 61.96363976806777174 
 56.280787845814600701 114.30985879866972255 
 29.489321723976644307 136.58043527839862463 
 60.984674961946723215 174.46891793496678247 
 31.841556713225198649 166.66004293529715596 
 27.137669597093061924 106.50098379900008183 
 58.632439972698172426 144.38931027806827956 
 34.194895997066169002 196.73552930867020905 
 7.4034298752281975098 219.00610578839913956 
 105.15645865944358661 9.6175769149658414392 
 76.013340410722065599 1.8087019152961989477 
 5.0517777483446355546 188.92665430900055412 
 36.546548123949747833 226.81498078806879448 
 136.65291619200613127 47.501938288008517475 
 109.86145007016813224 69.772514767737419561 
 141.35680330813821115 107.66099742430562003 
 112.21368505941669014 99.852122424635979314 
 107.50979794328456762 39.69306328833887676 
 139.0045683188897101 77.581389767407074487 
 114.56702434325767115 129.9276087980090324 
 87.775558221419700544 152.19818527773790606 
 119.27091145938979366 190.0866679343060639 
 90.127793210668258439 182.27779293463643739 
 85.423906094536135924 122.11873379833936326 
 116.91867647014126419 160.00706027740758941 
 92.481132494509253661 212.35327930800949048 
 65.689666372671254635 234.62385578773844941 
 163.44269515688665706 25.235326914305147739 
 134.29957690816513605 17.426451914635507023 
 63.338014245787711332 204.54440430833986397 
 94.832784621392818281 242.43273078740807591 
 194.93915268944917329 63.119688287347813116 
 168.14768656761120269 85.390264767076715202 
 199.64303980558131002 123.27874742364492988 
 170.49992155685976059 115.46987242397526074 
 165.79603444072765228 55.310813287678172401 
 197.2908048163327237 93.199139766746370128 
 172.85326084070072739 145.54535879734831383 
 146.06179471886275678 167.81593527707721591 
 177.55714795683286411 205.70441793364540217 
 148.41402970811131468 197.89554293397574725 
 143.71014259197920637 137.73648379767868732 
 175.20491296758430622 175.62481027674687084 
 150.76736899195228148 227.97102930734880033 
 123.97590287011432508 250.24160578707770242 
 221.72893165432972751 40.853076913644436274 
 192.58581340560817807 33.044201913974795559 
 121.62425074323078888 220.1621543076791454 
 253.22538918689227216 78.737438286687108757 
 226.43392306505427314 101.00801476641602505 
 24.784330313252095124 76.425497425627028747 
 228.78615805430280261 131.0876224233145706 
 224.08227093817072273 70.928563287017468042 
 255.57704131377582257 108.81688976608566577 
 231.13949733814379783 161.16310879668762368 
 204.34803121630579881 183.43368527641652577 
 2.6984384645036678663 158.85116793562750104 
 206.70026620555438512 213.5132929333150571 
 201.9963790894222484 153.35423379701796875 
 233.49114946502737666 191.24256027608615227 
 209.05360548939538035 243.58877930668808176 
 250.87204990305124852  48.6619519133140912 
 179.91048724067383091 235.77990430701848368 
