 104.52507919363344513 78.301392034960002775 
 77.733613071795502947 100.57196851468890486 
 109.22896630976558185 138.46045117125709112 
 80.085848061044046631 130.65157617158743619 
 75.381960944911924116 70.49251703529036206 
 106.87673132051702396 108.38084351435855979 
 82.439187344885027642 160.72706254496048928 
 55.647721223047064143 182.99763902468941978 
 87.143074461017135945 220.88612168125757762 
 57.999956212295607827 213.07724668158795112 
 53.296069096163492418 152.91818754529086277 
 84.790839471768592261 190.80651402435904629 
 99.819504920543920434 18.146298004688446781 
 131.31485815851399934 56.034780661256640144 
 102.17173990979246412 48.225905661586999429 
 128.96262316926546987 25.955173004358091049 
  162.811315691076544 93.919142034299312627 
 136.01984956923857339 116.1897185140282005 
 167.51520280720862388 154.07820117059640097 
 138.37208455848710287 146.26932617092674604 
 133.66819744235499456 86.110267034629657701 
 165.16296781796012283 123.99859351369785543 
 140.72542384232806967 176.34481254429979913 
 113.93395772049011327 198.61538902402872964 
 145.42931095846017797 236.50387168059685905 
 116.28619270973867117 228.69499668092726097 
 111.58230559360657708 168.5359375446301442 
 143.07707596921167692 206.42426402369838456 
 184.89720753982496149 11.493471524298803033 
 158.10574141798699088 33.764048004027735317 
 189.60109465595706979 71.652530660595942891 
 160.45797640723552036 63.84365566092629507 
 155.75408929110341205 3.684596524629160097 
 187.24885966670854032 41.572923003697390243 
 221.09755218851958602 109.53689203363860827 
  194.306086066681587 131.80746851336749614 
 225.80143930465172275 169.69595116993571082 
 196.65832105593014489 161.8870761702660559 
 191.95443393979806501 101.72801703396895334 
 223.44920431540313643 139.61634351303715107 
 199.01166033977114012 191.96256254363908056 
 172.22019421793316951 214.23313902336801107 
 203.71554745590324842 252.12162167993619732 
 174.57242920718169898 244.3127466802665424 
 169.8685420910496191 184.15368754396945405 
 201.36331246665471895 222.04201402303766599 
 243.18344403726800351 27.111221523638111108 
 216.39197791543006133 49.381798003367030958 
 247.88733115340008339 87.270280659935238532 
 218.7442129046785908 79.461405660265583606 
 214.0403257885464825 19.30234652396846684 
 245.53509616415161076 57.190673003036685884 
 46.238842696190424419 62.683642035620721344 
 19.447376574352457368 84.95421851534960922 
 50.942729812322511407 122.84270117191780969 
 21.799611563600990394 115.03382617224816897 
 250.24067043724113546 117.34576703330824898 
 48.590494823073996145 92.763093515019264146 
 24.152950847441999827 145.10931254562120785 
 28.856837963574076156 205.26837168191829619 
 228.15477858849268955 199.77143754330873548 
 26.504602974325560893 175.18876402501979328 
 41.533268423100892619 2.5285480053491404817 
 73.028621661070928894 40.417030661917344503 
 43.885503412349414987 32.608155662247696682 
 70.676386671822427843 10.33742300501880429 
