 172.81499691897198545 42.793811894880832369 
 138.47761841296573948 48.684963822331290828 
 146.80915308992817359 97.245028932750500417 
 125.47490984087632171 75.91078568369863433 
 151.48075366992011936 21.459568645828941413 
 159.81186166201760557 70.019207071383164021 
 112.47521825771995907 103.13359055613287296 
 78.137839751713656256 109.02474248358336695 
 86.469374428676132993 157.58480759400256943 
 65.135131179624266906 136.25056434495067492 
 91.140975008668078772 81.799347307081006875 
 99.472083000765550764 130.35898573263523303 
 52.135439596467904266 163.47336921738494198 
 17.79806109046161211 169.36452114483540754 
 207.14893175118018576 36.90525027149846693 
 185.81468850212834809 15.571007022446586632 
 30.801196347416038179 142.13912596833307589 
 39.13230433951348175 190.69876439388730205 
 215.48348341707580289 85.462298392984592965 
 181.14610491106950008 91.353450320435058529 
 189.47763958803193418 139.91351543085426101 
 168.14339633898009652 118.57927218180239493 
 194.14924016802390838 64.128055143932698456 
 202.48034816012139459 112.68769356948693883 
 155.14370475582373388 145.80207705423666198 
 120.80632624981743106 151.69322898168712754 
 129.13786092677989359 200.2532940921063016 
 107.8036176777280275 178.91905084305446394 
 133.80946150677183937 124.46783380518476747 
 142.14056949886932557 173.02747223073902205 
 94.803926094571679073 206.14185571548870257 
 60.466547588565376259 212.03300764293919656 
 249.81741824928397477 79.57373676960222042 
 228.48317500023208027 58.239493520550361438 
 73.469682845519798775 184.80761246643680806 
 81.800790837617270768 233.36725089199109107 
 223.81459140917328909 134.0219368185387907 
 232.1461260861357232 182.58200192895802161 
 210.81188283708382869 161.24775867990615552 
 236.81772666612764056 106.79654164203645905 
 245.14883465822515518 155.35618006759068521 
 197.81219125392749447 188.47056355234042258 
 163.47481274792119166 194.36171547979085972 
 171.80634742488368261 242.92178059021009062 
 150.47210417583181652 221.58753734115819611 
 176.47794800487559996 167.13632030328852807 
 184.80905599697308617 215.69595872884275423 
 137.47241259267542546 248.81034221359246317 
 103.13503408666915107 254.70149414104292873 
 116.13816934362354516 227.47609896454059708 
 95.809131914861993096 6.0164773242275444431 
 104.1406665918244272 54.576542434646754032 
 82.806423342772575324 33.24229918559489505 
 117.14337516391387339 27.350720573279431846 
 69.806731759616212685 60.465104058029154999 
 35.469353253609924082 66.356255985479634774 
 43.800887930572379503 114.91632109589880884 
 22.466644681520513416 93.582077846846942748 
 48.472488510564332387 39.13086080897726049 
 56.803596502661811485 87.690499234531515071 
 9.4669530983641703159 120.8048827192812098 
