 147.37240314809557162 27.720037082667523975 
 112.68030012566435971 24.523285359736195943 
 108.15967496077041687 73.585066225498792392 
 93.074086887882515384 47.456061221201871092 
 132.28681507520764171 1.5910320783706126679 
 127.76588819855227541 50.652290364033127901 
 73.471568691823463837 70.386703749334202485 
 38.779465669392266136 67.189952026402878005 
 34.258840504498337509 116.2517328921654638 
 19.173252431610418256 90.122727887868549601 
 58.385980618935562347 44.25769874503728829 
 53.865053742280174731 93.318957030699792199 
 182.06050941704248203 30.918399558832128093 
 166.97492134415455212 4.789394554535217452 
 201.66672265482435478 7.9856236973664591616 
 177.54357929387140302 79.97804709126137368 
 142.85147627144016269 76.781295368330034989 
 138.33085110654621985 125.84307623409262078 
 123.24526303365833257 99.714071229795720797 
 162.45799122098347311 53.84904208696445238 
 157.9370643443280926 102.91030037262696339 
 103.64274483759930945 122.64471375792805929 
 68.950641815168083326 119.4479620349967206 
 64.430016650274140488 168.50974290075930639 
 49.344428577386238999 142.3807378964623922 
 88.557156764711393748  96.5157087536311451 
 84.036229888055999027 145.5769670392936348 
 29.74191038132719811 165.31138042459471649 
 216.75231072771222784 34.114628701663370691 
 212.23168556281828501 83.176409567425963587 
 197.1460974899303551 57.047404563129056498 
 14.656322308439303725 139.18237542029780229 
 231.83789880060015776 60.243633705960299096 
 207.71475543964717758 132.23605709985520207 
 173.02265241721596567 129.03930537692386338 
 168.50202725232205125 178.10108624268647759 
 153.41643917943414976 151.97208123838953497 
 192.62916736675930451 106.10705209555830209 
 188.10824049010389558 155.16831038122080599 
 133.81392098337511243 174.90272376652185926 
 99.121817960943886305 171.70597204359054899 
 94.601192796049971889 220.76775290935313478 
 79.515604723162041978 194.63874790505622059 
 118.72833291048719673 148.77371876222497349 
 114.20740603383180201 197.83497704788746319 
 59.913086527103025958 217.56939043318854488 
 246.92348687348805925 86.372638710257206185 
 242.40286170859411641 135.4344195760198204 
 227.3172736357061865 109.30541457172287778 
 44.827498454215110257 191.44038542889163068 
 237.88593158542306583 184.4940671084490873 
 203.19382856299179707 181.29731538551774861 
 77.988498814994599684 21.327056216904953345 
 183.58761532520998117 204.23009124698342021 
 222.80034351253513591 158.36506210415214468 
 218.27941663587972698 207.4263203898146628 
 163.98509712915097225 227.16073377511577291 
 129.29299410671973192 223.96398205218443422 
 4.0876643587225256482 63.993722883571628302 
 109.68678086893788759 246.89675791365010582 
 148.89950905626304234 201.0317287708188303 
 144.37858217960766183 250.09298705648134842 
 74.998674599990948764 243.69839543748554433 
