 200.75267297946777489 7.3617392851781353613 
 178.12525598149824191 46.553575169708992121 
 138.93342009696741002 23.926158171739462688 
 116.30600309899790545 63.117994056270305236 
 77.114167214467045142 40.490577058300793567 
 54.48675021649750505 79.682412942831646774 
 15.294914331966676713 57.054995944862120894 
 217.31709186602910222 69.180992167678496685 
 194.68967486805956923  108.372828052209357 
 155.49783898352873734 85.745411054239824011 
 132.87042198555920436 124.93724693877067011 
 93.678586101028358257 102.30982994080116555 
 71.051169103058839482 141.50166582533202586 
 31.859333218527993381 118.87424882736247866 
 9.2319162205584781589 158.06608471189332477 
 233.88151075259045797 131.00024505017887577 
 211.25409375462092498 170.19208093470973608 
 172.06225787009006467 147.5646639367402031 
 149.43484087212056011 186.75649982127106341 
 110.24300498758969979 164.12908282330155885 
 87.615587989620166809 203.32091870783241916 
 48.423752105089334918 180.69350170986285775 
 25.796335107119805485 219.88533759439371806 
 250.44592963915175687 192.81949793267924065 
 227.81851264118222389 232.01133381721012938 
  188.626676756651392 209.38391681924056797 
 165.99925975868185901 248.57575270377139987 
 126.80742387415101291 225.94833570580186688 
 64.988170991650648034 242.51275459236322263 
