 51.344149950748480649 38.222187594258507204 
 81.374799964467570135 22.779004557606587156 
 22.95463611885548616 87.394267953276610683 
 52.985286132574579199 71.951084916624679977 
 24.595772300681556288 121.12316527564280477 
 83.015936146293668685 56.507901879972777692 
 113.04658616001277949 41.064718843320868302 
 54.626422314400656433 105.67998223899088828 
 84.657072328119767235 90.236799202338971782 
 26.236908482507651286 154.85206259800898465 
 56.267558496226754983 139.40887956135711079 
 111.40544997818668094 7.3358215209546600022 
 27.87804466433374273 188.58095992037519295 
 114.68772234183884962 74.793616165687069497 
  144.718372355557932 59.350433129035138791 
 86.298208509945851574 123.96569652470518008 
 116.32885852366494817 108.52251348805324938 
 57.908694678052846427 173.13777688372326224 
 87.939344691771921703 157.69459384707135996 
 143.07723617373187608 25.621535806668941149 
 59.549830859878930767 206.86667420608947054 
 146.35950853738404476 93.079330451401347091 
 176.39015855110312714 77.636147414749430595 
 117.96999470549103251 142.25141081041945768 
 148.0006447192101291 126.80822777376752697 
 89.580480873598034464 191.42349116943753984 
 119.61113088731713106 175.98030813278566598 
 174.74902236927707122 43.907250092383236506 
 91.221617055424118803 225.15238849180377656 
 178.03129473292921148 111.36504473711562468 
 208.06194474664832228  95.9218617004637224 
 149.64178090103621344 160.53712509613373527 
 179.67243091475532424 145.09394205948180456 
 121.25226706914322961 209.70920545515184585 
 151.28291708286229778 194.26602241849991515 
 206.42080856482223794 62.192964378097521205 
 122.89340325096929973 243.43810277751805415 
 209.7030809284743782 129.65075902282990228 
  239.733730942193489 114.20757598617799999 
 181.31356709658138016 178.82283938184801286 
 211.34421711030049096 163.37965634519608216 
 152.92405326468838211 227.99491974086609503 
 182.95470327840749292 212.55173670421419274 
 238.09259476036740466 80.478678663811791694 
 241.37486712401963018 147.93647330854420829 
 212.98535329212660372 197.10855366756231888 
 243.01600330584574294 181.66537063091038817 
 184.59583946023360568 246.28063402658040104 
 214.62648947395271648 230.83745098992849876 
