 55.626344473705920279 47.138272430152973413 
 88.630714789095051742 39.993807255300431791 
 15.477508983464236536 87.28710792039467492 
 48.481879298853378657 80.142642745542119087 
 8.333043808611691361 120.29147823578381349 
 95.775179963947593365 6.9894369399113003283 
 81.48624961424251012 72.998177570689563254 
 114.49061992963164869 65.853712395837021631 
 41.337414124000829929 113.14701306093125766 
 74.341784439389968497 106.00254788607871603 
 1.1885786337591877082 153.29584855117292364 
 34.192948949148281201 146.15138337632041043 
 121.6350851044841761 32.849342080447897274 
 154.63945541987334309 25.704876905595344994 
 107.34615475477910707  98.8580827112261602 
 140.35052507016825984 91.713617536373618577 
 67.197319264537426875 139.00691820146784039 
 100.20168957992656544 131.86245302661529877 
 27.048483774295778659 179.15575369170949216 
 60.052854089684878147 172.01128851685700738 
 147.49499024502080147 58.709247220984472904 
 180.49936056040991161 51.56478204613191707 
 133.20605989531571822 124.71798785176275715 
 166.21043021070485679 117.57352267691021552 
 93.057224405074038032 164.86682334200443734 
 126.0615947204631766 157.72235816715189571 
 52.908388914832386263 205.01565883224611753 
 85.912759230221496409 197.8711936573935759 
 173.35489538555739841 84.569152361521076955 
 206.35926570094653698 77.424687186668535333 
 159.06596503585231517 150.57789299229935409 
 192.07033535124142531 143.43342781744681247 
 118.91712954561063498 190.72672848254103428 
 151.92149986099977355 183.58226330768849266 
 78.768294055368968998 230.87556397278268605 
 111.77266437075807914 223.73109879793017285 
 199.21480052609396694 110.4290575020576739 
 232.21917084148310551 103.28459232720510386 
 184.92587017638891211 176.43779813283595104 
 217.93024049177799384 169.29333295798338099 
 144.77703468614723192 216.58663362307763123 
 177.78140500153634207 209.44216844822508961 
 104.62819919590555173 256.73546911331931142 
 137.63256951129466188 249.59100393846674137 
 225.0747056666305923 136.28896264259427085 
 210.78577531692550906 202.29770327337254798 
 243.79014563231461921 195.15323809852000636 
 170.63693982668380045 242.44653876361419975 
 203.64131014207296744 235.30207358876171497 
 250.93461080716716083 162.14886778313086779 
