 129.88681730225323463 21.954629824951560124 
 158.27633113414623267 40.240344110665844823 
 73.107789638467167492 21.954629824951560124 
 101.49730347036020817 40.240344110665844823 
 16.328761974681142988 21.954629824951560124 
 44.718275806574162345 40.240344110665844823 
 186.66584496603920229 21.954629824951560124 
 215.05535879793231402 40.240344110665844823 
 129.88681730225323463 58.526058396380129523 
 158.27633113414623267 76.811772682094414222 
 73.107789638467181703 58.526058396380129523 
 101.49730347036020817 76.811772682094414222 
 16.328761974681142988 58.526058396380136628 
 44.718275806574162345 76.811772682094414222 
 186.66584496603923071 58.526058396380129523 
 215.05535879793231402 76.811772682094414222 
 129.88681730225323463 95.097486967808706027 
 158.27633113414623267 113.38320125352299783 
 73.107789638467181703 95.097486967808720237 
 101.49730347036020817 113.38320125352299783 
 16.328761974681142988 95.097486967808720237 
 44.718275806574162345 113.38320125352299783 
 186.66584496603923071 95.097486967808691816 
 215.05535879793231402 113.38320125352299783 
 129.88681730225323463 131.66891553923727542 
 158.27633113414623267 149.95462982495155302 
 73.107789638467181703 131.66891553923727542 
 101.49730347036020817 149.95462982495155302 
 16.328761974681142988 131.66891553923727542 
 44.718275806574162345 149.95462982495155302 
 186.66584496603923071 131.66891553923727542 
 215.05535879793231402 149.95462982495155302 
 129.88681730225323463 168.24034411066583061 
 158.27633113414623267 186.52605839638013663 
 73.107789638467181703 168.24034411066583061 
 101.49730347036020817 186.52605839638013663 
 16.328761974681142988 168.24034411066583061 
 44.718275806574162345 186.52605839638013663 
 186.66584496603923071 168.24034411066583061 
 215.05535879793231402 186.52605839638013663 
 129.88681730225323463 204.8117726820943858 
 158.27633113414623267 223.09748696780869182 
 73.107789638467181703 204.8117726820943858 
 101.49730347036020817 223.09748696780869182 
 16.328761974681142988 204.8117726820943858 
 44.718275806574169451 223.09748696780869182 
 186.66584496603923071 204.8117726820943858 
 215.05535879793231402 223.09748696780869182 
 129.88681730225323463 241.38320125352299783 
 158.27633113414623267 3.6689155392373007381 
 73.107789638467195914 241.38320125352299783 
 101.49730347036020817 3.6689155392373007381 
 16.328761974681142988 241.38320125352299783 
 44.718275806574148135 3.6689155392373007381 
 186.66584496603923071 241.38320125352299783 
 215.05535879793225718 3.6689155392373007381 
