 61.673193094610596177 17.405487873133274945 
 30.319724386985914322 35.507421471508891386 
 48.421657985361541421 66.860890179133576794 
 17.068189277736848908 84.962823777509171919 
 35.170122876112472454 116.31629248513387154 
 3.8166541684877817175 134.41822608350949508 
 21.91858776686340704 165.7716947911341947 
 8.6670526576143629427 215.22709709713444681 
 111.12859540061090513 30.657022982382343912 
 79.775126692986205512 48.758956580757946142 
 97.877060291361829059 80.112425288382638655 
 66.523591583737157862 98.21435888675823378 
 84.625525182112767197 129.56782759438291919 
 53.272056474488088895 147.66976119275855694 
 71.373990072863705336 179.02322990038325656 
 40.020521365239034139 197.12516349875883748 
 58.122454963614657686 228.47863220638350867 
 142.48206410823556212 12.555089384006716813 
 160.58399770661117145 43.908558091631398668 
 129.23052899898650026 62.010491690007015109 
 147.33246259736210959 93.363960397631686305 
 115.97899388973746682 111.46589399600730985 
 134.08092748811307615 142.81936270363200947 
 102.72745878048839074 160.92129630200761881 
 120.82939237886400008 192.27476500963231842 
 89.475923671239343093 210.37669860800787092 
 107.57785726961492401 241.73016731563259896 
 191.93746641423587107 25.806624493255785779 
 210.03940001261148041 57.160093200880467634 
 178.68593130498680921 75.26202679925607697 
 196.78786490336241854 106.61549550688077659 
 165.43439619573774735 124.71742910525637171 
 183.53632979411335668 156.07089781288107133 
 152.18286108648868549 174.17283141125668067 
 170.28479468486429482 205.52630011888138029 
 138.93132597723962363 223.62823371725693278 
 157.03325957561523296 254.98170242488166082 
 241.3928687202361516 39.058159602504836982 
 228.14133361098708974 88.513561908505138831 
 246.24326720936275592 119.86703061612981003 
 214.88979850173802788 137.96896421450540515 
 232.99173210011366564 169.32243292213010477 
 201.63826339248896602 187.42436652050574253 
 219.74019699086460378 218.77783522813041373 
 188.38672828323990416 236.87976882650599464 
