 149.60290370225618517 5.2156918302254444697 
 113.39903650550498071 5.2156918302254675623 
 113.39903650550495229 41.419559026976692451 
 77.195169308753733617 41.419559026976706662 
 77.195169308753747828 77.623426223727918227 
 40.991302112002500735 77.623426223727932438 
 40.991302112002500735 113.82729342047917953 
 4.7874349152512749583 113.82729342047917953 
 4.7874349152512749583 150.03116061723036978 
 185.80677089900743226 5.2156918302254444697 
 185.80677089900743226 41.419559026976685345 
 149.60290370225618517 41.419559026976692451 
 149.60290370225618517 77.623426223727932438 
 113.39903650550495229 77.623426223727918227 
 113.39903650550498071 113.82729342047915111 
 77.195169308753733617 113.82729342047915111 
 77.195169308753733617 150.0311606172303982 
 40.991302112002500735 150.0311606172303982 
 40.991302112002522051 186.23502781398161687 
 222.01063809575865093 41.419559026976656924 
 222.01063809575865093 77.623426223727904016 
 185.80677089900743226 77.623426223727918227 
 185.80677089900743226 113.82729342047915111 
 149.60290370225618517 113.82729342047915111 
 149.60290370225621359 150.03116061723036978 
 113.39903650550495229 150.03116061723036978 
 113.39903650550498071 186.23502781398161687 
 77.195169308753733617 186.23502781398161687 
 77.195169308753747828 222.43889501073286397 
 222.01063809575867936 113.82729342047915111 
 222.01063809575867936 150.0311606172303982 
 185.80677089900743226 150.0311606172303982 
 185.80677089900746068 186.23502781398161687 
 149.60290370225621359 186.23502781398161687 
 149.60290370225621359 222.43889501073286397 
 113.39903650550498071 222.43889501073286397 
 77.195169308753719406 5.2156918302254675623 
 222.01063809575865093 186.23502781398161687 
 40.991302112002500735 41.419559026976685345 
 185.80677089900743226 222.43889501073286397 
 4.7874349152512518657 77.623426223727932438 
