 135.60992200038390365 12.542590169882483764 
 100.63967166350226989 3.1723398330008687473 
 91.269421326620644663 38.142590169882481632 
 56.299170989739010906 28.77233983300086706 
 46.928920652857399887 63.742590169882475948 
 11.958670315975771459 54.372339833000864928 
 2.588419979094110257 89.342590169882498685 
 170.58017233726553741 21.912840506764098336 
 161.20992200038389797 56.883090843645746304 
 126.23967166350226421 47.512840506764106863 
 116.86942132662063898 82.48309084364574062 
 81.899170989739005222 73.112840506764115389 
 72.528920652857408413 108.08309084364573494 
 37.558670315975760445 98.712840506764123916 
 28.188419979094121004 133.68309084364577188 
 205.55042267414717116 31.283090843645727119 
 196.18017233726556015 66.253341180527343113 
 186.80992200038389228 101.22359151740899108 
 151.83967166350225853 91.85334118052736585 
 142.46942132662064751 126.82359151740899961 
 107.49917098973901375 117.45334118052736017 
 98.128920652857402729 152.42359151740899392 
 63.158670315975768972 143.05334118052735448 
 53.78841997909412953 178.02359151740901666 
 18.818169642212481563 168.65334118052740564 
 231.1504226741471939 75.623591517408982554 
 221.78017233726555446 110.59384185429063052 
 212.40992200038391502 145.56409219117227849 
 177.43967166350228126 136.19384185429063905 
 168.06942132662067024 171.16409219117227281 
 133.09917098973903649 161.79384185429063336 
 123.72892065285742547 196.76409219117226712 
 88.758670315975777498 187.39384185429062768 
 79.388419979094138057 222.36409219117228986 
  44.4181696422125043 212.99384185429067884 
 256.75042267414721664 119.96409219117226996 
 247.3801723372655772 154.93434252805388951 
 238.00992200038390934 189.90459286493549484 
 203.03967166350227558 180.53434252805388383 
 193.66942132662066456 215.50459286493551758 
 158.69917098973905922 206.13434252805390656 
 149.32892065285741978 241.10459286493554032 
 114.35867031597578602 231.7343425280539293 
