 183.14701870637267689 30.101024892307357561 
 165.04508510799703913 61.454493599932035863 
 133.69161640037236793 43.352560001556426528 
 115.58968280199674439 74.706028709181111935 
 84.236214094372073191 56.604095110805488389 
 66.134280495996463856 87.957563818430159586 
 34.780811788371785553 69.85563022005455025 
 16.678878189996137138 101.20909892767923566 
 214.50048741399737651 48.202958490682981108 
 196.39855381562173875 79.556427198307645199 
 178.29662021724610099 110.90989590593234482 
 146.9431515096214298 92.807962307556721271 
 128.84121791124582046 124.16143101518140668 
 97.487749203621120841 106.05949741680578313 
 79.385815605245525717 137.41296612443048275 
 48.032346897620840309 119.3110325260548592 
 29.930413299245191894 150.66450123367954461 
 227.75202252324638152 97.658360796683282956 
 209.65008892487080061 129.01182950430793994 
 191.54815532649519128 160.36529821193263956 
 160.19468661887052008 142.2633646135570018 
 142.09275302049488232 173.61683332118170142 
 110.73928431287019691 155.51489972280609209 
 92.637350714494587578 186.86836843043076328 
 61.283882006869895065 168.76643483205515395 
 43.181948408494250202 200.11990353967982514 
 11.828479700869602098 182.01796994130418739 
 241.00355763249550023 147.1137631026835777 
 222.90162403411983405 178.46723181030827732 
 204.79969043574425314 209.82070051793294851 
 173.44622172811958194 191.71876691955733918 
 155.34428812974394418 223.07223562718201038 
 123.99081942211925877 204.97030202880640104 
 105.88888582374366365 236.32377073643110066 
 74.535417116118964032 218.2218371380554629 
 56.433483517743319169 249.5753058456801341 
 25.080014810118669288 231.47337224730449634 
 254.25509274174450525 196.56916540868391508 
 236.15315914336892433 227.92263411630852943 
 151.79354999874797727 11.999091293931732238 
 186.69775683736861538 241.17416922555759129 
 102.33814769274769674 25.250626403180799429 
 137.24235453136833485 254.42570433480668157 
 52.882745386747401994 38.502161512429857737 
 3.4273430807470703918 51.753696621678933809 
