 4.6917760000000043874 22.655551999999989476 
 5.0968960000000151922                    1 
 10.069184000000017676 67.316928000000004317 
 6.8867200000000137194 86.575039999999987117 
                    1 243.13183999999992579 
 3.201344000000017509 155.2288639999999873 
 23.014336000000003679 29.319487999999999772 
 6.4375680000000103931 174.20115199999992228 
 11.17216000000000875 125.09561599999997838 
 28.840128000000003539 61.922112000000012699 
 16.723264000000018115 142.42348799999999187 
 24.063808000000015852 96.073408000000014795 
 15.148991999999998015 215.13247999999992999 
 32.84614400000000245 14.635071999999990311 
 17.398720000000004404 234.63788799999991852 
 34.40262400000001719 44.259648000000012757 
 25.604672000000029186 114.23059199999997304 
 22.344384000000012236 183.83468799999991461 
 28.16390400000000227 202.35526399999997693 
 31.888448000000018112 248.03603199999997742 
 44.345024000000009323 72.465088000000008606 
 42.064064000000009003 90.205119999999993752 
 34.724800000000001887 141.58444799999998054 
 50.680000000000021032 12.998079999999982093 
 37.19251200000003621 174.40889599999991333 
 41.560128000000034376 124.25606399999996654 
 53.33164799999999417 42.079552000000013834 
 42.585024000000018418 157.28799999999992565 
 61.425088000000002353 26.08300800000001729 
 47.30643199999999382 203.24025599999995961 
 50.174528000000009342 248.24684799999994311 
 63.313088000000014688 69.830591999999981567 
 59.496000000000002217  98.5630079999999964 
 51.470656000000005292 185.70156799999995201 
 68.417472000000003618 52.754496000000017375 
 59.089984000000001174 117.08947199999992961 
 60.179264000000010526 157.58393599999999424 
 60.819776000000004501 233.22041599999994332 
 62.026944000000000301 214.88927999999995677 
 65.744064000000022929 175.52275199999994015 
 74.02668800000000715 85.240127999999998565 
 79.438272000000011985 24.173759999999994363 
 73.369280000000031805 145.41766399999997361 
 87.585087999999998942 7.4811520000000202302 
 75.562559999999990623 126.34438399999999092 
 84.51692800000000716 41.997888000000010322 
 77.423296000000021877 239.90649599999997577 
 81.690432000000015478 210.72825599999995916 
 83.436223999999995726 177.59007999999994354 
 86.349247999999988679 158.90156799999994064 
 94.262719999999987408 82.978623999999996386 
 93.811264000000022634 118.09324799999994582 
 91.618879999999990105 194.67692799999994691 
 90.569151999999988334 227.97945599999994215 
 106.28217600000002108 3.8759039999999913562 
 101.81036800000001108 46.703936000000020101 
 105.34393599999998514 65.584576000000012641 
 104.65747200000001271 99.868991999999977338 
 101.39052799999998911 151.95923199999998587 
 104.24070400000000802 133.48153599999994867 
 105.96742400000002249 238.68473599999998669 
 121.30592000000001462 15.590592000000015105 
 118.32646399999998721 34.669887999999993156 
 110.61599999999998545 196.91129599999993616 
 115.13260800000003314 164.11871999999993932 
 124.20921600000001206 63.896511999999987097 
 121.77004800000000273 134.56121599999997329 
 124.82489599999999541 96.342207999999942558 
 120.82348799999999756 212.44537599999995336 
 121.22912000000000887 181.39308799999997746 
 121.70873600000000181 231.32627199999996037 
 133.02598400000002243 46.114751999999995746 
 127.3077119999999951 151.94988799999993034 
 133.28019199999999955 79.426496000000000208 
 138.38496000000000663 6.4360320000000230678 
 136.12575999999998544 124.81055999999998107 
 140.15878400000002557 107.79155199999995318 
 138.34195199999999204 209.94451199999994628 
 139.33766399999998953 239.6936319999999796 
 156.47366400000001363 11.236288000000012488 
 140.0397440000000131 181.29977599999992322 
 153.15692800000002194 42.924992000000017356 
 151.44876800000002959 76.269248000000018806 
 144.41337600000002794 153.45683199999993462 
 148.99308800000000019 136.71276799999995433 
 150.30150400000002264 254.92473599999993894 
 148.95558399999998755  196.256448000000006 
 148.07328000000001111 224.47238399999997682 
 160.26387199999999211 59.845184000000017477 
 158.9756800000000112 106.15161599999991893 
 166.20588800000001584 26.529343999999991155 
  153.022656000000012 168.63276799999994182 
 164.24326400000001058 89.308608000000006655 
 165.40230400000001509 135.06809599999996863 
 164.65068800000000238 219.64703999999991879 
 166.27168000000000347 201.43340799999995738 
 172.76192000000000348 119.00639999999994245 
 178.23212800000001721 64.31379200000000651 
 186.05113599999998542 16.384704000000009927 
 181.21542399999998452 83.627199999999987767 
 174.91641600000002654 150.06265599999997562 
 171.8119039999999984 167.28159999999996899 
 177.67852800000000002 231.05823999999992679 
 182.48876800000002163 248.71519999999992478 
 182.47916800000001558 193.65331199999991441 
 193.92915200000001619 55.740992000000005646 
 189.68812800000000607 125.99263999999993757 
 188.0836479999999824 176.67129599999998391 
 191.89830399999999599 221.40051199999999199 
 203.83609599999999773 21.006143999999995486 
 191.16870400000001951 144.6446719999999857 
 199.75660799999999995 89.446591999999967015 
 205.02457600000002458 39.91993600000000697 
 195.94771199999999567 204.57555199999995921 
 204.99449600000002647 71.624384000000006267 
 201.21337600000001089 248.40134399999996617 
 217.29209599999998659 6.2212480000000143221 
 206.32735999999999876 122.18899199999995631 
 205.82688000000001693 231.37273599999997487 
 212.20844800000000419 105.32806399999999769 
 206.96671999999998093 153.70668799999992871 
 207.39577600000001212 172.47353599999996732 
 221.46297600000002603 47.087935999999992021 
 220.71494400000000269 65.360064000000008377 
 213.95142400000000293 202.64377599999997415 
 217.51430399999998144 138.6422399999999584 
 219.36211200000002464 220.30892799999992349 
 222.9738879999999881 186.85356799999999566 
 229.64166399999999157 114.65964799999991897 
 236.40467200000006187 7.0669440000000118829 
 238.6460800000000404 41.841087999999992064 
 236.15904000000006135 72.815551999999982513 
 232.50988799999998946 247.76940799999994169 
 234.75052799999997433 228.27039999999996667 
 234.81952000000006819 134.7143039999999985 
 244.08697599999999284 24.064192000000002025 
 243.39884800000004361 105.36223999999992884 
 245.07385600000003478 88.005951999999979307 
 247.35481600000008484 58.557504000000015765 
 242.98361600000004046 193.33075199999993288 
 247.07142400000006432 213.67724799999996321 
 248.75564800000006471 256.19590399999998453 
 252.57696000000001391 145.3921919999999659 
