 107.26553316291881401 6.1687016239784346894 
 127.87195079041892143 11.690174586165518633 
 92.180588497605796761 21.253646289291442173 
 62.010699166979769359 51.423535619917466022 
 97.702061459792886922 41.86006391679155314 
 82.617116794479883879 56.945008582104563288 
 46.925754501666759211 66.508480285230490381 
 16.755865171040724704 96.678369615856510677 
 52.447227463853856477 87.114897912730597795 
 37.362282798540839224 102.19984257804361505 
 1.6709205057277380924 111.76331428116952793 
 7.1923934679148224802 132.36973190866964956 
 163.56331308323206031 2.1267028830396155215 
 133.3934237526060258 32.296592213665647364 
 169.08478604541917889 22.733120510539727377 
 153.99984138010617585 37.818065175852737525 
 118.30847908729302276 47.381536878978657512 
 88.138589756666988251 77.551426209604699125 
 123.82995204948012713 67.987954506478772032 
 108.74500738416712409 83.072899171791789286 
 73.053645091353985208 92.636370874917702167 
 42.883755760727964912 122.80626020554373667 
 78.57511805354108958 113.24278850241782379 
 63.490173388228079432 128.32773316773085526 
 27.798811095414954764 137.89120487085673972 
 33.320284057602037819 158.49762249835686134 
 18.23533939228905254 173.58256716366986439 
 189.69120367291930052 28.254593472726853065 
 159.52131434229326601 58.424482803352873361 
 195.21267663510644752 48.861011100226967585 
 180.12773196979341606 63.945955765539984839 
 144.43636967698026297 73.509427468665890615 
 114.26648034635422846 103.67931679929191091 
 149.95784263916738155 94.115845096166026451 
 134.87289797385435008 109.2007897614790437 
 99.181535681041225416 118.76426146460494238 
 69.011646350415190909 148.93415079523094846 
  104.703008643228344 139.37067909210509242 
 89.618063977915312535 154.45562375741809547 
 53.926701685102187867 164.01909546054397993 
 23.756812354476178228 194.18898479116998601 
 59.448174647289299344 184.62551308804410155 
 44.363229981976303407 199.71045775335713302 
 215.81909426260654072 54.382484062414086168 
 185.64920493198050622 84.552373393040113569 
 221.34056722479368773 74.988901689914186477 
 206.25562255948065626 90.073846355227217941 
 170.56426026666747475 99.637318058353116612 
 140.39437093604146867 129.80720738897915112 
 176.08573322885459334 120.24373568585325245 
 161.00078856354159029 135.3286803511662697 
 125.30942627072846562 144.89215205429215416 
 95.139536940102431117 175.06204138491818867 
 130.83089923291555579 165.49856968179230421 
 115.74595456760255274 180.58351434710530725 
 80.054592274789428075 190.14698605023122013 
 49.884702944163407778 220.31687538085722622 
 85.576065236976532447 210.75340367773134176 
 70.491120571663529404 225.83834834304431638 
 241.94698485229378093 80.51037465210130506 
 211.77709552166774643 110.68026398272735378 
 247.46845781448087109 101.11679227960142669 
 232.38351314916789647 116.20173694491445815 
 196.69215085635471496 125.76520864804035682 
 166.52226152572870888 155.93509797866639133 
 202.21362381854183354 146.37162627554047845 
 187.1286791532288305 161.45657094085350991 
 151.43731686041570583 171.02004264397939437 
 121.26742752978965711 201.18993197460542888 
 156.95878982260279599 191.62646027147954442 
 141.87384515728979295 206.71140493679257588 
 106.18248286447666828 216.27487663991846034 
 76.012593533850647987 246.44476597054446643 
 111.70395582666377265 236.88129426741858197 
 96.619011161350769612 251.96623893273155659 
 237.90498611135495821 136.80815457241456556 
 222.82004144604195517 151.89309923772756861 
 192.65015211541594908 182.06298856835360311 
 228.34151440822907375 172.49951686522769023 
 213.25656974291604229 187.58446153054069327 
 177.56520745010291762 197.14793323366663458 
 147.39531811947691153 227.31782256429266909 
 183.08668041229000778 217.75435086116672778 
 168.00173574697700474 232.83929552647975925 
 132.31037345416388007 242.40276722960570055 
