 122.90605503139224197 23.715239002737313001 
 158.59741732420536664 14.151767299611410778 
 143.5124726588923636 29.236711964924417373 
 107.82111036607923893 38.800183668050330255 
 77.651221035453204422 68.970072998676357656 
 113.3425833282663433 59.406601295550444775 
 98.257638662953326048 74.491545960863462028 
 62.566276370140187169 84.05501766398937491 
 32.396387039514173978 114.22490699461540942 
 68.08774933232729154 104.66143529148949654 
 53.002804667014288498 119.74637995680251379 
 17.311442374201185146 129.30985165992839825 
 22.832915336388268202 149.91626928742849145 
 7.7479706710752616061 165.00121395274152292 
 179.20383495170548827 19.673240261798493833 
 149.03394562107948218 49.843129592424531893 
 184.72530791389260685 40.279657889298640328 
 169.64036324857960381 55.364602554611650476 
 133.94900095576645072 64.928074257737549146 
 103.77911162514043042 95.097963588363583654 
 139.4704739179535693 85.534491885237670772 
 124.38552925264056626 100.61943655055068803 
 88.694166959827413166 110.1829082536765867 
 58.52427762920139287 140.35279758430263541 
 94.215639922014531749 130.78932588117672253 
 79.130695256701514495 145.87427054648972558 
 43.439332963888404038 155.43774224961561004 
 13.269443633262346438 185.60763158024167296 
 48.96080592607550841 176.04415987711573166 
 33.875861260762476945 191.12910454242876312 
 205.33172554139272847 45.801130851485744699 
 175.16183621076672239 75.971020182111772101 
 210.85319850357984706 66.40754847898587343 
 195.76825383826684401 81.492493144298890684 
 160.07689154545369092 91.055964847424789355 
 129.90700221482768484 121.22585417805080965 
 165.59836450764080951 111.66238247492491098 
 150.51341984232780646 126.74732714023791402 
 114.82205754951466758 136.31079884336381269 
 84.652168218888647289 166.4806881739898472 
 120.34353051170177196 156.91721647086396274 
 105.25858584638876891 172.00216113617696578 
 69.567223553575644246 181.56563283930285024 
 39.397334222949595528 211.73552216992891317 
 75.088696515762748618 202.17205046680297187 
 60.003751850449731364 217.25699513211600333 
 231.45961613107996868 71.929021441172963591 
 201.2897268004539626 102.09891077179898389 
 236.98108909326703042 92.535439068673113638 
 221.8961444279540558 107.62038373398611668 
 186.20478213514093113 117.18385543711201535 
 156.03489280451489662 147.35374476773802144 
 191.72625509732804971 137.79027306461213698 
 176.64131043201501825 152.87521772992516844 
 140.94994813920189358 162.4386894330510529 
 110.78005880857587329 192.60857876367705899 
 146.47142110138898374 183.04510706055117453 
 131.3864764360759807 198.13005172586420599 
 95.695114143262870243 207.69352342899009045 
 65.525224812636821525 237.86341275961609654 
 101.21658710544998883 228.29994105649018366 
 86.131642440136957362 243.38488572180324354 
 227.4176173901412028 128.2268013614862241 
 248.02403501764132443 133.74827432367334268 
 212.33267272482817134 143.31174602679922714 
 182.16278339420216525 173.48163535742526165 
 217.8541456870152615 163.91816365429937719 
 202.76920102170228688 179.00310831961238023 
 167.07783872888913379 188.56658002273829311 
 136.90794939826309928 218.73646935336432762 
 172.59931169107622395 209.17299765023841474 
 157.51436702576322091 224.25794231555138936 
 121.82300473295012466 233.82141401867733066 
 127.34447769513722903 254.42783164617745228 
 253.54550797982838617 154.35469195117343588 
 117.3845820692051376 3.1088213752371793852 
 238.46056331451541155 169.43963661648646735 
 208.29067398388934862 199.60952594711250185 
 87.214692738579103093 33.278710705863218777 
 72.129748073266085839 48.36365537117622182 
  193.205729318576374 214.69447061242553332 
 163.03583998795033949 244.8643599430515394 
 41.959858742640065543 78.533544701802270538 
 26.87491407732704829 93.618489367115273581 
