 169.27148011929415361 24.729885242582319904 
 128.05864486429391036 35.772831166956542859 
 163.75000715710703503 45.336302870082462846 
 143.1435895296069134 50.857775832269567218 
 107.45222723679376031 41.294304129143654336 
 66.239391981793517061 52.337250053517877291 
 101.93075427460665594 61.900721756643790172 
 81.324336647106548526 67.422194718830894544 
 45.632974354293381225 57.858723015704995873 
 4.4201390992931735013 68.901668940079190406 
 40.111501392106255537 78.46514064320513171 
 19.50508376460615878 83.986613605392236082 
 189.87789774679427524 19.208412280395215532 
 225.5692600396073999 28.771883983521139072 
 204.9628424121073067 34.293356945708246997 
 178.83495182242003807 60.421247535395487205 
 137.62211656741979482 71.464193459769688843 
 173.31347886023291949 81.027665162895587514 
 152.70706123273279786 86.549138125082706097 
 117.01569893991965898 76.985666421956807426 
 75.802863684919429943 88.02861234633103038 
 111.49422597773255461 97.59208404945691484 
 90.887808350232447197 103.11355701164401921 
 55.196446057419279896 93.550085308518134752 
 13.983610802419075725 104.5930312328923435 
 49.674973095232154208 114.15650293601824217 
 29.068555467732064557 119.67797589820534654 
 199.44136944992018812 54.899774573208368622 
 235.13273174273331279 64.463246276334260187 
 214.52631411523319116 69.984719238521364559 
 188.39842352554595095 96.112609828208604767 
 147.1855882705457077 107.15555575258281351 
 182.87695056335883237 116.7190274557087406 
 162.27053293585871074 122.24050041789584498 
 126.57917064304557186 112.6770287147699463 
 85.366335388045314403 123.71997463914415505 
 121.05769768085846749 133.28344634227005372 
 100.45128005335834587 138.8049193044571723 
 64.759917760545192777 129.24144760133125942 
 23.547082505544977948 140.28439352570546816 
 59.238444798358059984 149.84786522883138105 
 38.63202717085796678 155.36933819101849963 
 2.9406648780448447766 145.80586648789258675 
 209.00484115304607258 90.591136866021486185 
 244.69620344585925409 100.15460856914739907 
 224.08978581835910404 105.67608153133450344 
 197.96189522867183541 131.80397212102172944 
 156.74905997367159216 142.8469180453959666 
 192.44042226648471683 152.41038974852185106 
 171.83400463898462363 157.93186271070899807 
 136.14264234617147054 148.36839100758305676 
 94.929807091171227285 159.41133693195726551 
 130.62116938398435195 168.97480863508320681 
 110.01475175648424454 174.49628159727029697 
 74.323389463671091448 164.93280989414441251 
 33.110554208670883725 175.97575581851859283 
 68.801916501483958655 185.53922752164450571 
 48.195498873983865451 191.0607004838316243 
 12.504136581170747888 181.49722878070571142 
 218.56831285617195704 126.28249915883462506 
 254.25967514898508171 135.84597086196052373 
 233.65325752148504534 141.36744382414764232 
 207.52536693179774829 167.49533441383488253 
 166.31253167679750504 178.53828033820909127 
 202.00389396961065813 188.10175204133500415 
 181.39747634211050809 193.62322500352209431 
 145.70611404929738342 184.05975330039623827 
 104.49327879429712596 195.10269922477044702 
 140.18464108711026483 204.66617092789633148 
 119.57822345961015742 210.18764389008347848 
 83.886861166796990119 200.62417218695753718 
 42.674025911796782395 211.66711811133174592 
 78.365388204609857326 221.23058981445768723 
 57.758970577109771227 226.75206277664477739 
 22.067608284296650112 217.1885910735188645 
 228.13178455929789834 161.97386145164776394 
 243.2167292246109298 177.05880611696079541 
 217.0888386349236896 203.18669670664803562 
 175.87600337992341792 214.22964263102224436 
 154.18653545398112215 9.644940577269354165 
 133.58011782648100052 15.166413539456460313 
 155.26958575242326788 219.75111559320939136 
 114.05675049742305305 230.79406151758360011 
 92.367282571480757269 26.209359463830669057 
 71.760864943980635644 31.730832426017794745 
 93.450332869922903001 236.31553447977069027 
 52.237497614922695277 247.35848040414492743 
 30.548029688980371077 42.773778350392014147 
 9.9416120614802778732 48.295251312579111413 
 31.631079987422573652 252.87995336633201759 
 237.69525626242381122 197.66522374446091703 
