 80.553990706050882409 178.70240110387419463 
 117.32002360785207884 165.12820408660383009 
 111.46361714730105064 186.98461054715482987 
 98.937007156951480624 171.91530259523898394 
 93.080600696400452421 193.77170905579004057 
 105.60721068675002243 208.84101700770585808 
 135.70304005875266284 158.34110557796864782 
 129.84663359820166306 180.1975120385196476 
 148.22965004910227549 173.41041352988449376 
 142.37324358855124729 195.26681999043549354 
 123.99022713765064907 202.05391849907067581 
 136.51683712800021908 217.12322645098652174 
 118.13382067709962087 223.91032495962173243 
 160.75626003945188813 188.47972148180031127 
 154.89985357890083151 210.33612794235136789 
 173.28287002980144393 203.5490294337161572 
 55.500770725351699753 148.56378520004247434 
 92.266803627152924605 134.98958818277213823 
 86.410397166601910612 156.84599464332313801 
 73.883787176252297968 141.77668669140729207 
 68.027380715701298186 163.6330931519583487 
 129.03283652895410683 121.41539116550175947 
 123.17643006840307862 143.27179762605280189 
 110.64982007805350861 128.20248967413695595 
 104.79341361750249462 150.05889613468798416 
 147.41585297985471925 114.62829265686660563 
 141.55944651930369105 136.4846991174175912 
 159.9424629702043319 129.69760060878243735 
 154.08605650965327527 151.55400706933349397 
 172.4690729605538877 144.76690856069828328 
 166.61266650000288791 166.62331502124931149 
 184.99568295090350034 159.83621651261410079 
 179.13927649035247214 181.69262297316515742 
 197.52229294125305614 174.90552446452994673 
 191.66588648070205636 196.76193092508100335 
 210.04890293160266879 189.97483241644579266 
 67.213583646453727738 104.85097227894046057 
 61.357177185902720851 126.70737873949144614 
 48.830567195553115312 111.63807078757562863 
 42.974160735002108424 133.49447724812665683 
 103.97961654825495259 91.276775261670124451 
 98.123210087703924387 113.13318172222113844 
 85.596600097354354375 98.063873770305278299 
 79.740193636803326172 119.92028023085629229 
 140.74564945005613481 77.702578244399731489 
 134.88924298950513503 99.558984704950745481 
 122.36263299915555081 84.48967675303492797 
 116.5062265386045226 106.34608321358594196 
 153.27225944040571903 92.771886196315591633 
 171.65527589130633146 85.984787687680409363 
 165.79886943075533168 107.84119414823142336 
 184.18188588165591568 101.0540956395962553 
 178.3254794211049159 122.91050210014726929 
 196.70849587200552833 116.12340359151211544 
 190.85208941145450012 137.97981005206310101 
 209.23510586235508413 131.19271154342791874 
 203.37869940180405592 153.04911800397891852 
 221.76171585270466835 146.2620194953437931 
 215.90530939215364015 168.11842595589479288 
 234.28832584305422415 161.33132744725961061 
 228.43191938250322437 183.18773390781061039 
 73.069990107004741731 82.994565818389446576 
 54.68697365610413641 89.781664327024614636 
 109.83602300880598079 69.420368801119082036 
 91.453006557905354157 76.207467309754264306 
 128.21903945970655059 62.633270292483892661 
 146.60205591060716301 55.84617178384871039 
 159.12866590095674724 70.915479735764549218 
 177.51168235185735966 64.128381227129381159 
 190.03829234220694389 79.197689179045227093 
 202.56490233255655653 94.266997130961073026 
 215.09151232290611233 109.33630508287691896 
 227.61812231325569655 124.4056130347927791 
 240.14473230360528078 139.4749209867085824 
 164.98507236150777544 49.059073275213521015 
