 68.964583326858686974 174.27411189147770187 
 105.7306162286598834 160.69991487420736576 
 99.874209768108855201 182.55632133475839396 
 87.347599777759285189 167.4870133828425196 
 81.491193317208271196 189.34341984339354781 
 94.017803307557841208 204.41272779530939374 
 124.11363267956048162 153.91281636557221191 
 118.25722621900946763 175.76922282612318327 
 136.64024266991009426 168.98212431748802942 
 130.78383620935906606 190.83853077803905762 
 112.40081975845846785 197.62562928667423989 
 124.92742974880803786 212.6949372385900574 
 106.54441329790743964 219.48203574722523967 
 149.16685266025967849 184.05143226940387535 
 143.31044619970865028 205.90783872995490356 
 161.69346265060926271 199.12074022131972129 
 43.911363346159518528 144.13549598764601001 
 80.67739624796072917 130.56129897037567389 
 74.820989787409729388 152.41770543092667367 
 62.294379797060116744 137.34839747901085616 
 56.437973336509095645 159.20480393956185594 
 117.4434291497619256 116.98710195310530935 
 111.5870226892108974 138.84350841365636597 
 99.060412698861327385 123.77420046174049162 
 93.204006238310313393 145.63060692229151982 
 135.82644560066253803 110.20000344447012708 
 129.97003914011150982 132.05640990502115528 
 148.35305559101209383 125.26931139638597301 
 142.49664913046109405 147.12571785693700122 
 160.87966558136170647 140.33861934830184737 
 155.02325912081070669 162.19502580885284715 
 173.40627557171131912 155.40792730021766488 
 167.54986911116029091 177.26433376076866466 
 185.93288556206087492 170.47723525213351081 
 180.07647910150984671 192.33364171268451059 
 198.45949555241048756 185.54654320404932832 
 55.624176267261546514 100.42268306654398202 
 49.767769806710539626 122.27908952709499601 
 37.241159816360962509 107.2097815751791785 
 31.384753355809952069 129.0661880357301925 
 92.390209169062771366 86.848486049273645904 
 86.533802708511743162 108.7048925098246599 
 74.007192718162144729 93.635584557908813963 
 68.150786257611130736 115.49199101845982796 
 129.15624207086395359 73.274289032003281363 
 123.29983561031293959 95.130695492554295356 
 110.77322561996335537 80.061387540638463634 
 104.91681915941232717 101.91779400118947763 
 141.68285206121353781 88.343596983919113086 
 160.06586851211415023 81.556498475283945027 
 154.20946205156315045 103.41290493583495902 
 172.59247850246373446 96.625806427199805171 
 166.73607204191273468 118.48221288775080495 
 185.1190884928133471 111.69511437911563689 
 179.2626820322623189 133.55152083966663668 
 197.6456984831629029 126.76442233103146862 
 191.7892920226118747 148.62082879158248261 
 210.17230847351248713 141.83373028294732876 
 204.31590201296148734 163.69013674349832854 
 222.69891846386204293 156.90303823486314627 
 216.84251200331104315 178.75944469541417448 
 61.480582727812560506 78.56627660599298224 
 43.097566276911983607 85.353375114628164511 
 98.246615629613785359  64.9920795887226177 
 79.863599178713172932 71.77917809735779997 
 116.62963208051438357 58.204981080087442535 
 135.01264853141495337 51.417882571452260265 
 147.53925852176456601 66.487190523368113304 
 165.92227497266515002 59.700092014732923928 
 178.44888496301476266 74.769399966648776967 
 190.97549495336434688 89.83870791856460869 
 203.50210494371393111 104.90801587048045462 
 216.02871493406351533 119.97732382239630056 
 228.55532492441307113 135.04663177431211807 
 153.39566498231559422 44.630784062817063784 
