 91.71422567832573236 194.56343704884051249 
 123.71422567832571815 171.93602005087100792 
 123.71422567832571815 194.56343704884051249 
 107.71422567832570394  183.249728549855746 
 107.71422567832570394 205.8771455478253074 
 123.71422567832571815 217.19085404681004547 
 139.71422567832573236 160.62231155188626985 
 139.71422567832573236  183.249728549855746 
 155.71422567832573236 171.93602005087100792 
 155.71422567832573236 194.56343704884051249 
 139.71422567832573236 205.8771455478253074 
 155.71422567832573236 217.19085404681004547 
 139.71422567832573236 228.50456254579481197 
 171.71422567832573236  183.249728549855746 
 171.71422567832573236 205.8771455478253074 
 187.71422567832573236 194.56343704884051249 
 59.714225678325711044 171.9360200508709795 
 91.71422567832573236 149.30860305290147494 
 91.71422567832573236 171.9360200508709795 
 75.71422567832571815 160.62231155188624143 
 75.71422567832571815  183.249728549855746 
 123.71422567832571815 126.68118605493192774 
 123.71422567832571815 149.30860305290150336 
 107.71422567832570394 137.99489455391670845 
 107.71422567832570394 160.62231155188624143 
 139.71422567832573236 115.36747755594717546 
 139.71422567832573236 137.99489455391670845 
 155.71422567832573236 126.68118605493192774 
 155.71422567832573236 149.30860305290150336 
 171.71422567832573236 137.99489455391670845 
 171.71422567832573236 160.62231155188624143 
 187.71422567832573236 149.30860305290147494 
 187.71422567832573236 171.9360200508709795 
 203.71422567832573236 160.62231155188624143 
 203.71422567832573236  183.249728549855746 
 219.71422567832573236 171.9360200508709795 
 59.714225678325711044 126.68118605493194195 
 59.714225678325711044 149.30860305290147494 
 43.714225678325703939 137.99489455391670845 
 43.714225678325703939 160.62231155188624143 
 91.71422567832573236 104.05376905696242318 
 91.71422567832573236 126.68118605493194195 
 75.71422567832571815 115.36747755594718967 
 75.71422567832571815 137.99489455391670845 
 123.71422567832571815 81.426352058992890193 
 123.71422567832571815 104.05376905696240897 
 107.71422567832570394 92.740060557977670896 
 107.71422567832570394 115.36747755594718967 
 139.71422567832573236 92.740060557977656686 
 155.71422567832573236 81.426352058992890193 
 155.71422567832573236 104.05376905696240897 
 171.71422567832573236 92.740060557977670896 
 171.71422567832573236 115.36747755594718967 
 187.71422567832573236 104.05376905696242318 
 187.71422567832573236 126.68118605493194195 
 203.71422567832573236 115.36747755594718967 
 203.71422567832573236 137.99489455391670845 
 219.71422567832573236 126.68118605493194195 
 219.71422567832573236 149.30860305290147494 
 235.71422567832570394 137.99489455391670845 
 235.71422567832570394 160.62231155188624143 
 59.714225678325711044 104.05376905696242318 
 43.714225678325703939 115.36747755594718967 
 91.71422567832573236 81.426352058992890193 
 75.71422567832571815 92.740060557977670896 
 107.71422567832570394 70.112643560008137911 
 123.71422567832571815 58.798935061023392734 
 139.71422567832573236 70.112643560008137911 
 155.71422567832573236 58.798935061023392734 
 171.71422567832573236 70.112643560008137911 
 187.71422567832573236 81.426352058992890193 
 203.71422567832573236 92.740060557977670896 
 219.71422567832573236 104.05376905696242318 
 235.71422567832570394 115.36747755594718967 
 139.71422567832573236 47.485226562038619136 
