 53.92845798690175485 151.58958738568856006 
 92.555874984871252309 158.21700438365806463 
 76.555874984871252309 174.21700438365806463 
 73.242166485886514238 154.90329588467329813 
 57.242166485886500027 170.90329588467329813 
 60.55587498487126652 190.21700438365806463 
 111.86958348385600459 161.5307128826428027 
 95.869583483856018802 177.53071288264283112 
 115.18329198284078529 180.84442138162759761 
 99.183291982840785295 196.84442138162756919 
 79.869583483856018802 193.53071288264283112 
 83.183291982840785295 212.84442138162756919 
 63.869583483856011696 209.53071288264283112 
  118.497000481825566 200.15812988061233568 
 102.49700048182553758 216.1581298806123641 
 121.81070898081030407 219.47183837959710218 
 47.30104098893222897 112.96217038771901287 
 85.928457986901776167 119.58958738568853164 
 69.928457986901761956 135.58958738568853164 
 66.614749487916995463 116.27587888670377936 
 50.614749487916988357 132.27587888670379357 
 124.55587498487126652 126.2170043836580362 
 108.55587498487125231 142.21700438365806463 
 105.24216648588650003 122.90329588467329813 
 89.242166485886514238 138.90329588467329813 
 143.8695834838560188 129.5307128826428027 
 127.8695834838560188 145.5307128826428027 
 147.18329198284078529 148.84442138162756919 
 131.18329198284078529 164.84442138162756919 
 150.49700048182555179 168.1581298806123641 
 134.49700048182555179 184.15812988061233568 
 153.81070898081031828 187.47183837959710218 
 137.8107089808103467 203.47183837959707375 
 157.12441747979505635 206.78554687858184025 
 141.12441747979508477 222.78554687858184025 
 160.43812597877982284 226.09925537756660674 
 79.301040988932214759 80.962170387719027076 
 63.301040988932221865 96.962170387718998654 
 59.987332489947455372 77.648461888734274794 
 43.987332489947462477 93.648461888734260583 
 117.92845798690174774 87.589587385688545851 
 101.92845798690174774 103.58958738568854585 
 98.614749487916981252 84.275878886703793569 
 82.614749487916981252 100.27587888670377936 
 156.55587498487125231 94.217004383658036204 
 140.55587498487128073 110.21700438365805041 
 137.24216648588651424 90.903295884673298133 
 121.24216648588650003 106.90329588467331234 
 159.8695834838560188 113.5307128826428027 
 179.18329198284075687 116.84442138162755498 
 163.18329198284078529 132.84442138162756919 
 182.49700048182555179 136.15812988061233568 
 166.49700048182555179 152.15812988061233568 
 185.81070898081031828 155.47183837959707375 
 169.81070898081028986 171.47183837959710218 
 189.12441747979505635 174.78554687858184025 
 173.12441747979505635 190.78554687858184025 
 192.43812597877985127 194.09925537756660674 
 176.43812597877985127 210.09925537756657832 
 195.75183447776458934 213.41296387655134481 
 179.75183447776458934 229.41296387655134481 
 95.301040988932214759 64.962170387719012865 
 75.987332489947462477 61.648461888734260583 
 133.92845798690174774 71.589587385688545851 
 114.61474948791696704 68.275878886703779358 
 153.24216648588651424 74.903295884673298133 
 172.55587498487125231 78.217004383658050415 
 175.8695834838560188 97.530712882642816908 
 195.18329198284078529 100.84442138162756919 
 198.49700048182555179 120.15812988061233568 
 201.81070898081031828 139.47183837959707375 
 205.12441747979505635 158.78554687858184025 
 208.43812597877982284 178.09925537756660674 
 211.75183447776458934 197.41296387655134481 
 191.86958348385604722 81.530712882642788486 
