 61.940081704163581833 92.193555540792701208 
 105.65289462526564535 80.480742619690673223 
 97.652894625265659556 94.337149080241687216 
 83.796488164714617142 86.337149080241687216 
 75.796488164714617142 100.19355554079271542 
 89.652894625265659556 108.19355554079271542 
 81.652894625265645345 122.04996200134372941 
 67.796488164714617142 114.04996200134372941 
 73.652894625265645345 135.90636846189477183 
 149.36570754636767333 68.767929698588631027 
 141.36570754636767333 82.624336159139645019 
 127.50930108581664513 74.62433615913965923 
 119.50930108581665934 88.480742619690687434 
 133.36570754636767333 96.480742619690673223 
 125.36570754636768754 110.33714908024168722 
 111.50930108581667355 102.33714908024170143 
 103.50930108581665934 116.19355554079271542 
 117.36570754636767333 124.19355554079271542 
 109.36570754636767333 138.0499620013437152 
 95.509301085816659338 130.0499620013437152 
 87.509301085816659338 143.90636846189477183 
 101.36570754636767333 151.9063684618947434 
 93.365707546367673331 165.76277492244577161 
 79.509301085816659338 157.76277492244577161 
 85.365707546367687542 179.61918138299677139 
 171.22211400691867311 62.911523238037595718 
 163.22211400691867311 76.767929698588631027 
 177.07852046746972974 84.767929698588645238 
 169.07852046746967289 98.62433615913965923 
 155.22211400691867311 90.624336159139645019 
 147.22211400691870153 104.48074261969065901 
 161.07852046746970132 112.48074261969065901 
 153.07852046746970132  126.337149080241673 
 139.22211400691870153  118.337149080241673 
 131.22211400691870153 132.19355554079271542 
 145.07852046746970132  140.193555540792687 
 137.07852046746972974 154.0499620013437152 
 123.22211400691868732 146.04996200134374362 
 115.22211400691868732 159.9063684618947434 
 129.07852046746970132 167.9063684618947434 
 121.07852046746970132 181.76277492244580003 
 107.22211400691868732 173.76277492244574319 
 99.222114006918701534 187.61918138299677139 
 113.07852046746971553 195.61918138299677139 
 91.222114006918701534 201.47558784354777117 
 182.93492692802072952 106.62433615913965923 
 174.93492692802072952 120.48074261969067322 
 188.79133338857175772 128.48074261969065901 
 180.79133338857175772 142.33714908024168722 
 166.93492692802075794 134.33714908024168722 
 158.93492692802075794  148.193555540792687 
 172.79133338857175772  156.193555540792687 
 164.79133338857175772 170.0499620013437152 
 150.93492692802072952 162.04996200134374362 
 142.93492692802072952 175.9063684618947434 
 156.79133338857175772 183.9063684618947434 
 134.93492692802072952 189.76277492244577161 
 194.64773984912278593 150.33714908024165879 
 186.64773984912278593 164.19355554079271542 
 200.50414630967381413 172.19355554079271542 
 178.64773984912275751 178.0499620013437152 
 77.940081704163574727 64.480742619690673223 
 69.940081704163574727 78.337149080241687216 
 56.083675243612574945 70.337149080241701427 
 48.083675243612589156 84.19355554079272963 
 53.940081704163581833 106.0499620013437152 
 40.083675243612582051 98.049962001343743623 
 45.940081704163574727 119.90636846189475762 
 121.65289462526564535 52.767929698588638132 
 113.65289462526563113 66.624336159139673441 
 99.796488164714602931 58.624336159139666336 
 91.796488164714617142 72.480742619690673223 
 59.796488164714617142 127.90636846189475762 
 65.652894625265645345 149.76277492244577161 
 51.796488164714617142 141.76277492244577161 
 57.652894625265666662 163.61918138299679981 
 165.36570754636767333 41.055116777486595936 
 157.36570754636767333 54.911523238037602823 
 143.50930108581664513 46.911523238037602823 
 135.50930108581664513 60.767929698588645238 
 71.509301085816673549 171.61918138299677139 
 77.365707546367687542 193.47558784354779959 
 63.509301085816673549 185.47558784354779959 
 69.365707546367687542 207.3319943040988278 
 179.22211400691867311 49.055116777486581725 
 193.07852046746970132 57.05511677748658883 
 185.07852046746970132 70.911523238037602823 
 105.07852046746971553 209.47558784354779959 
 83.222114006918701534 215.33199430409879938 
 97.078520467469743949 223.33199430409879938 
 198.93492692802072952 78.911523238037602823 
 190.93492692802072952 92.767929698588631027 
 204.79133338857175772 100.76792969858863103 
 196.79133338857175772 114.62433615913965923 
 148.79133338857175772 197.76277492244580003 
 126.93492692802074373 203.61918138299677139 
 140.79133338857178614 211.61918138299677139 
 118.93492692802074373 217.47558784354779959 
 210.64773984912275751 122.62433615913963081 
 202.64773984912275751 136.48074261969065901 
 216.50414630967378571 144.48074261969065901 
 208.50414630967378571 158.33714908024165879 
 192.50414630967378571 186.0499620013437152 
 170.64773984912275751 191.90636846189471498 
 184.50414630967381413 199.9063684618947434 
 162.64773984912275751 205.76277492244577161 
 222.36055277022481391 166.33714908024165879 
 214.36055277022478549  180.193555540792687 
 206.36055277022478549 194.04996200134368678 
 93.940081704163574727 36.767929698588631027 
 85.940081704163560516 50.62433615913965923 
 72.083675243612560735 42.62433615913965923 
 64.083675243612589156 56.480742619690680328 
 32.083675243612574945 111.9063684618947434 
 37.940081704163574727 133.76277492244577161 
 24.083675243612574945 125.76277492244578582 
 29.940081704163585385 147.61918138299677139 
 137.65289462526564535 25.055116777486599489 
 129.65289462526564535 38.911523238037609929 
 115.79648816471461714 30.911523238037609929 
 107.79648816471461714 44.767929698588638132 
 43.796488164714624247 155.61918138299677139 
 49.652894625265666662 177.47558784354779959 
 35.796488164714624247 169.47558784354782802 
 41.652894625265659556 191.33199430409879938 
 151.50930108581664513 33.05511677748658883 
 55.509301085816673549 199.33199430409879938 
 206.93492692802072952 65.05511677748658883 
 220.79133338857175772 73.05511677748658883 
 212.79133338857175772 86.911523238037602823 
 132.79133338857175772 225.47558784354782802 
 110.93492692802075794 231.33199430409879938 
 124.79133338857178614 239.33199430409879938 
 226.64773984912275751 94.911523238037574401 
 218.64773984912275751 108.76792969858861682 
 232.50414630967375729 116.76792969858863103 
 224.50414630967378571 130.62433615913963081 
 176.50414630967378571 213.76277492244577161 
 154.64773984912278593 219.61918138299674297 
 168.50414630967378571 227.61918138299674297 
 146.64773984912278593 233.47558784354779959 
 238.36055277022478549 138.62433615913963081 
 230.36055277022478549 152.48074261969065901 
 198.36055277022478549 207.9063684618947434 
 190.36055277022478549 221.76277492244574319 
 101.94008170416357473 22.911523238037606376 
 80.083675243612574945 28.767929698588645238 
 16.083675243612599814 139.61918138299677139 
 21.940081704163581833 161.47558784354779959 
 123.79648816471460293 17.055116777486595936 
 27.796488164714649116 183.33199430409879938 
 234.64773984912275751 81.055116777486560409 
 240.50414630967381413 102.91152323803758861 
 160.50414630967378571 241.47558784354779959 
 138.64773984912278593 247.33199430409877095 
 246.36055277022478549 124.76792969858861682 
 182.36055277022481391 235.61918138299677139 
