 57.524473869701942874 94.301254008574233012 
 101.23728679080399218 82.588441087472205027 
 93.237286790803977965 96.444847548023219019 
 79.380880330252963972 88.444847548023219019 
 71.380880330252963972 102.30125400857424722 
 85.237286790803977965 110.30125400857424722 
 77.237286790803977965 124.15766046912527543 
 63.380880330252963972 116.15766046912526122 
 69.237286790803992176 138.01406692967628942 
 144.95009971190600595 70.87562816637016283 
 136.95009971190600595 84.732034626921191034 
 123.09369325135499196 76.732034626921176823 
 115.09369325135500617 90.588441087472190816 
 128.95009971190600595 98.588441087472190816 
 120.95009971190600595 112.44484754802320481 
 107.09369325135499196 104.44484754802320481 
 99.093693251354991958 118.30125400857424722 
 112.95009971190600595 126.30125400857423301 
 104.95009971190600595 140.15766046912526122 
 91.093693251354991958 132.15766046912526122 
 83.093693251355006169 146.01406692967628942 
 96.95009971190600595 154.01406692967628942 
 88.95009971190600595 167.87047339022731762 
 75.093693251354991958 159.87047339022731762 
 80.950099711906020161 181.72687985077828898 
 166.80650617245703415 65.019221705819134627 
 158.80650617245703415 78.87562816637016283 
 172.66291263300803394 86.87562816637016283 
 164.66291263300806236 100.73203462692119103 
 150.80650617245703415 92.732034626921191034 
 142.80650617245703415 106.58844108747220503 
 156.66291263300806236 114.58844108747220503 
 148.66291263300806236 128.44484754802323323 
 134.80650617245706258 120.44484754802321902 
 126.80650617245703415 134.30125400857423301 
 140.66291263300806236 142.30125400857423301 
 132.66291263300806236 156.15766046912526122 
 118.80650617245704836 148.15766046912526122 
 110.80650617245703415 162.01406692967628942 
 124.66291263300804815 170.01406692967628942 
 116.66291263300804815 183.87047339022731762 
 102.80650617245703415 175.87047339022731762 
 94.806506172457048365 189.7268798507783174 
 108.66291263300807657 197.7268798507783174 
 86.806506172457048365 203.58328631132934561 
 178.51931909355909056 108.73203462692119103 
 170.51931909355909056 122.58844108747220503 
 184.37572555411011876 130.58844108747220503 
 176.37572555411011876 144.44484754802323323 
 162.51931909355906214 136.44484754802323323 
 154.51931909355909056 150.30125400857423301 
 168.37572555411011876 158.30125400857423301 
 160.37572555411011876 172.15766046912528964 
 146.51931909355906214 164.15766046912526122 
 138.51931909355909056 178.01406692967628942 
 152.37572555411011876 186.01406692967628942 
 130.51931909355906214 191.87047339022731762 
 190.23213201466109012 152.44484754802320481 
 182.23213201466111855 166.30125400857423301 
 196.08853847521214675 174.30125400857423301 
 174.23213201466109012 180.15766046912526122 
 73.524473869701935769 66.588441087472205027 
 65.52447386970194998 80.444847548023219019 
 51.668067409150928881 72.444847548023219019 
 43.668067409150928881 86.301254008574247223 
 49.524473869701935769 108.15766046912526122 
 35.668067409150921776 100.15766046912527543 
 41.524473869701928663 122.01406692967628942 
 117.23728679080397796 54.87562816637016283 
 109.23728679080397796 68.732034626921191034 
 95.380880330252949761 60.732034626921191034 
 87.380880330252963972 74.588441087472205027 
 55.380880330252956867 130.01406692967628942 
 61.23728679080398507 151.87047339022731762 
 47.380880330252956867 143.87047339022731762 
 53.237286790803992176 165.7268798507783174 
 160.95009971190600595 43.162815245268113529 
 152.95009971190600595 57.019221705819127521 
 139.09369325135497775 49.019221705819141732 
 131.09369325135500617 62.875628166370169936 
 67.093693251355006169 173.7268798507783174 
 72.950099711906020161 195.58328631132934561 
 59.093693251355006169 187.58328631132934561 
 64.950099711906034372 209.43969277188031697 
 174.80650617245703415 51.162815245268120634 
 188.66291263300806236 59.162815245268120634 
 180.66291263300809078 73.019221705819134627 
 100.66291263300807657 211.58328631132934561 
 78.806506172457048365 217.43969277188037381 
 92.662912633008076568 225.43969277188034539 
 194.51931909355909056 81.019221705819134627 
 186.51931909355909056 94.87562816637016283 
 200.37572555411011876 102.87562816637017704 
 192.37572555411009034 116.73203462692120524 
 144.37572555411009034 199.87047339022731762 
 122.51931909355909056 205.7268798507783174 
 136.37572555411011876 213.7268798507783174 
 114.51931909355907635 219.58328631132934561 
 206.23213201466111855 124.73203462692119103 
 198.23213201466111855 138.5884410874721766 
 212.08853847521214675 146.5884410874721766 
 204.08853847521214675 160.44484754802320481 
 188.08853847521214675 188.15766046912526122 
 166.23213201466111855 194.01406692967628942 
 180.08853847521214675 202.01406692967628942 
 158.23213201466111855 207.87047339022731762 
 217.94494493576311811 168.44484754802320481 
 209.94494493576314653 182.30125400857423301 
 201.94494493576311811 196.15766046912526122 
 89.524473869701935769 38.875628166370155725 
 81.524473869701935769 52.732034626921198139 
 67.668067409150921776 44.732034626921198139 
 59.668067409150921776 58.588441087472205027 
 27.668067409150918223 114.01406692967630363 
 33.524473869701928663 135.87047339022734604 
 19.668067409150914671 127.87047339022733183 
 25.524473869701939321 149.7268798507783174 
 133.23728679080397796 27.162815245268124187 
 125.23728679080397796 41.019221705819134627 
 111.38088033025294976 33.019221705819134627 
 103.38088033025294976 46.87562816637016283 
 39.380880330252963972 157.7268798507783174 
 45.237286790803992176 179.58328631132937403 
 31.380880330252963972 171.58328631132934561 
 37.237286790803999281 193.43969277188034539 
 147.09369325135497775 35.16281524526812774 
 51.093693251355013274 201.43969277188034539 
 202.51931909355906214 67.162815245268120634 
 216.37572555411011876 75.162815245268134845 
 208.37572555411009034 89.019221705819148838 
 128.37572555411011876 227.58328631132934561 
 106.51931909355910477 233.43969277188037381 
 120.37572555411011876 241.43969277188034539 
 222.23213201466111855 97.019221705819134627 
 214.23213201466111855 110.87562816637016283 
 228.08853847521214675 118.87562816637016283 
 220.08853847521211833 132.73203462692117682 
 172.08853847521211833 215.87047339022731762 
 150.23213201466111855 221.72687985077828898 
 164.08853847521214675 229.7268798507783174 
 142.23213201466111855 235.58328631132937403 
 233.94494493576314653 140.73203462692117682 
 225.94494493576311811 154.58844108747220503 
 193.94494493576314653  210.014066929676261 
 185.94494493576311811 223.8704733902272892 
 97.52447386970194998 25.019221705819145285 
 75.668067409150921776 30.875628166370166383 
 11.668067409150927105 141.7268798507783174 
 17.524473869701935769 163.58328631132934561 
 119.38088033025296397 19.162815245268120634 
 23.38088033025297463 185.43969277188034539 
 230.23213201466109012 83.162815245268120634 
 236.08853847521211833 105.01922170581912042 
 156.08853847521214675 243.58328631132934561 
 134.23213201466114697 249.43969277188034539 
 241.94494493576314653 126.87562816637013441 
 177.94494493576314653 237.72687985077828898 
