 91.876316671617075826 114.52007534026974156 
 135.58912959271907539 102.80726241916769936 
 127.5891295927190896 116.66366887971871336 
 113.73272313216807561 108.66366887971871336 
 105.73272313216808982 122.52007534026972735 
 119.58912959271910381 130.52007534026972735 
 111.58912959271910381 144.37648180082075555 
 97.732723132168089819 136.37648180082078397 
 103.58912959271910381 158.23288826137178376 
 157.44553605327013202 96.950855958616699581 
 149.44553605327013202 110.80726241916771357 
 163.30194251382116022 118.80726241916771357 
 155.30194251382116022 132.66366887971872757 
 141.44553605327016044 124.66366887971872757 
 133.44553605327013202 138.52007534026972735 
 147.30194251382116022 146.52007534026972735 
 139.30194251382116022 160.37648180082075555 
 125.44553605327014623 152.37648180082078397 
 117.44553605327013202 166.23288826137178376 
 131.30194251382116022 174.23288826137178376 
 109.44553605327013202 180.08929472192281196 
 169.15834897437218842 140.66366887971872757 
 161.15834897437218842 154.52007534026975577 
 175.01475543492321663 162.52007534026975577 
 153.15834897437218842 168.37648180082078397 
 64.163503750515047841 98.520075340269741559 
 107.87631667161706162 86.807262419167713574 
 99.876316671617061616 100.66366887971872757 
 86.019910211066033412 92.663668879718727567 
 78.019910211066047623 106.52007534026974156 
 83.876316671617075826 128.37648180082078397 
 70.019910211066047623 120.37648180082076976 
 75.876316671617075826 142.23288826137178376 
 151.58912959271910381 75.094449498065671378 
 143.58912959271907539 88.950855958616699581 
 129.73272313216807561 80.950855958616685371 
 121.73272313216808982 94.807262419167699363 
 89.732723132168089819 150.23288826137178376 
 95.589129592719089601 172.08929472192281196 
 81.732723132168075608 164.08929472192278354 
 87.589129592719103812 185.94570118247381174 
 173.44553605327013202 69.238043037514643174 
 165.44553605327013202 83.094449498065685589 
 179.3019425138211318 91.094449498065685589 
 171.30194251382116022 104.95085595861669958 
 123.30194251382116022 188.08929472192284038 
 101.44553605327014623 193.94570118247381174 
 115.30194251382117443 201.94570118247381174 
 93.445536053270146226 207.80210764302483994 
 185.15834897437218842 112.95085595861669958 
 177.15834897437218842 126.80726241916771357 
 191.01475543492321663 134.80726241916772778 
 183.01475543492321663 148.66366887971872757 
 167.01475543492321663 176.37648180082075555 
 145.15834897437218842 182.23288826137178376 
 159.01475543492321663 190.23288826137181218 
 137.15834897437218842 196.08929472192281196 
 196.87116189547418799 156.66366887971869915 
 188.87116189547421641 170.52007534026972735 
 202.72756835602524461 178.52007534026975577 
 180.87116189547421641 184.37648180082075555 
 80.16350375051503363 70.807262419167727785 
 72.16350375051503363 84.663668879718727567 
 58.307097289963998321 76.663668879718727567 
 50.307097289964012532 90.520075340269741559 
 56.16350375051503363 112.37648180082076976 
 42.307097289964005427 104.37648180082076976 
 48.16350375051503363 126.23288826137179797 
 123.87631667161706162 59.094449498065671378 
 115.87631667161706162 72.950855958616699581 
 102.01991021106603341 64.950855958616699581 
 94.019910211066047623 78.807262419167713574 
 62.019910211066047623 134.23288826137178376 
 67.876316671617061616 156.08929472192281196 
 54.019910211066040517 148.08929472192281196 
 59.876316671617075826 169.94570118247384016 
 167.58912959271907539 47.381636576963629182 
 159.58912959271910381 61.238043037514636069 
 145.73272313216807561 53.23804303751465028 
 137.73272313216807561 67.094449498065671378 
 73.732723132168089819 177.94570118247381174 
 79.589129592719103812 199.80210764302483994 
 65.732723132168089819 191.80210764302481152 
 71.589129592719118023 213.65851410357583973 
 181.44553605327013202 55.381636576963629182 
 195.30194251382116022 63.381636576963636287 
 187.30194251382116022 77.238043037514643174 
 107.30194251382117443 215.80210764302486837 
 85.445536053270146226 221.65851410357583973 
 99.30194251382117443 229.65851410357583973 
 201.15834897437218842 85.238043037514643174 
 193.15834897437218842 99.094449498065671378 
 207.0147554349231882 107.09444949806568559 
 199.0147554349231882 120.95085595861671379 
 151.01475543492321663 204.08929472192284038 
 129.15834897437218842 209.94570118247381174 
 143.01475543492321663 217.94570118247384016 
 121.15834897437220263 223.80210764302483994 
 212.87116189547421641 128.95085595861667116 
 204.87116189547421641 142.80726241916769936 
 218.72756835602524461 150.80726241916769936 
 210.72756835602521619 164.66366887971872757 
 194.72756835602524461 192.37648180082075555 
 172.87116189547421641 198.23288826137178376 
 186.72756835602524461 206.23288826137178376 
 164.87116189547421641 212.08929472192281196 
 224.58397481657621597 172.66366887971872757 
 216.58397481657624439 186.52007534026972735 
 208.58397481657621597 200.37648180082072713 
 88.163503750515019419 56.950855958616706687 
 66.307097289964005427 62.80726241916772068 
 34.307097289964005427 118.23288826137179797 
 40.163503750515026525 140.08929472192281196 
 131.87631667161707583 45.238043037514643174 
 110.01991021106603341 51.094449498065671378 
 46.019910211066054728 161.94570118247381174 
 51.876316671617075826 183.80210764302483994 
 153.73272313216807561 39.381636576963622076 
 57.732723132168096924 205.65851410357583973 
   209.15834897437216 71.381636576963643392 
 215.01475543492321663 93.238043037514657385 
 135.01475543492321663 231.80210764302486837 
 113.15834897437220263 237.65851410357583973 
 220.87116189547421641 115.09444949806567138 
 226.72756835602521619 136.95085595861669958 
 178.72756835602521619 220.08929472192281196 
 156.87116189547421641 225.94570118247381174 
 232.58397481657621597 158.80726241916769936 
 200.58397481657624439 214.23288826137178376 
