 126.16666164182618104 64.606989336110927979 
 158.16666164182618104 96.60698933611094219 
 142.16666164182618104 96.60698933611094219 
 142.16666164182618104 80.606989336110927979 
 126.16666164182618104 80.606989336110927979 
 126.16666164182618104 96.60698933611094219 
 110.16666164182618104 96.60698933611094219 
 110.16666164182618104 80.606989336110927979 
 94.166661641826166829 96.60698933611094219 
 190.16666164182618104 128.60698933611092798 
 174.16666164182618104 128.60698933611092798 
 174.16666164182618104 112.60698933611092798 
 158.16666164182618104 112.60698933611092798 
 158.16666164182618104 128.60698933611092798 
 142.16666164182618104 128.60698933611092798 
 142.16666164182618104 112.60698933611092798 
 126.16666164182618104 112.60698933611092798 
 126.16666164182618104 128.60698933611092798 
 110.16666164182618104 128.60698933611092798 
 110.16666164182618104 112.60698933611092798 
 94.166661641826166829 112.60698933611092798 
 94.166661641826166829 128.60698933611092798 
 78.166661641826166829 128.60698933611092798 
 78.166661641826166829 112.60698933611092798 
 62.16666164182618104 128.60698933611092798 
 206.16666164182618104 144.60698933611092798 
 190.16666164182618104 144.60698933611092798 
 190.16666164182618104 160.60698933611092798 
 174.16666164182618104 160.60698933611092798 
 174.16666164182618104 144.60698933611092798 
 158.16666164182618104 144.60698933611092798 
 158.16666164182620946 160.60698933611092798 
 142.16666164182618104 160.60698933611092798 
 142.16666164182618104 144.60698933611092798 
 126.16666164182618104 144.60698933611092798 
 126.16666164182618104 160.60698933611092798 
 110.16666164182618104 160.60698933611092798 
 110.16666164182618104 144.60698933611092798 
 94.166661641826166829 144.60698933611092798 
 94.166661641826166829 160.60698933611092798 
 78.166661641826166829 160.60698933611092798 
 78.166661641826166829 144.60698933611092798 
 62.16666164182618104 144.60698933611092798 
 62.16666164182618104 160.60698933611092798 
 46.166661641826173934 144.60698933611092798 
 174.16666164182618104 176.6069893361109564 
 158.16666164182620946 176.6069893361109564 
 158.16666164182620946 192.6069893361109564 
 142.16666164182618104 192.6069893361109564 
 142.16666164182618104 176.6069893361109564 
 126.16666164182618104 176.6069893361109564 
 126.16666164182618104 192.6069893361109564 
 110.16666164182618104 192.6069893361109564 
 110.16666164182618104 176.6069893361109564 
 94.166661641826166829 176.6069893361109564 
 94.166661641826166829 192.6069893361109564 
 78.166661641826166829 176.6069893361109564 
 142.16666164182618104 208.60698933611092798 
 126.16666164182618104 208.60698933611092798 
 126.16666164182618104 224.60698933611092798 
 110.16666164182618104 208.60698933611092798 
 158.16666164182618104 64.606989336110927979 
 142.16666164182618104 64.606989336110927979 
 142.16666164182618104 48.606989336110920874 
 126.16666164182618104 48.606989336110920874 
 110.16666164182618104 64.606989336110927979 
 110.16666164182618104 48.606989336110920874 
 94.166661641826166829 64.606989336110927979 
 190.16666164182618104 96.60698933611094219 
 174.16666164182618104 96.60698933611094219 
 174.16666164182618104 80.606989336110927979 
 158.16666164182618104 80.606989336110927979 
 94.166661641826166829 80.606989336110927979 
 78.166661641826166829 96.60698933611094219 
 78.166661641826166829 80.606989336110927979 
 62.16666164182618104 96.60698933611094219 
 222.16666164182620946 128.60698933611092798 
 206.16666164182618104 128.60698933611092798 
 206.16666164182618104 112.60698933611092798 
 190.16666164182618104 112.60698933611092798 
 62.16666164182618104 112.60698933611092798 
 46.166661641826173934 128.60698933611092798 
 46.166661641826173934 112.60698933611092798 
 30.16666164182619525 128.60698933611092798 
 222.16666164182620946 144.60698933611092798 
 222.16666164182620946 160.60698933611092798 
 206.16666164182618104 160.60698933611092798 
 46.166661641826173934 160.60698933611092798 
 30.16666164182619525 144.60698933611092798 
 30.16666164182619525 160.60698933611092798 
 206.16666164182618104 176.6069893361109564 
 190.16666164182618104 176.6069893361109564 
 190.16666164182618104 192.6069893361109564 
 174.16666164182618104 192.6069893361109564 
 78.166661641826166829 192.6069893361109564 
 62.16666164182618104 176.6069893361109564 
 62.16666164182618104 192.6069893361109564 
 46.166661641826173934 176.6069893361109564 
 174.16666164182618104 208.60698933611092798 
 158.16666164182620946 208.60698933611092798 
 158.16666164182620946 224.60698933611092798 
 142.16666164182618104 224.60698933611092798 
 110.16666164182618104 224.60698933611092798 
 94.166661641826166829 208.60698933611092798 
 94.166661641826166829 224.60698933611092798 
 78.166661641826166829 208.60698933611092798 
 142.16666164182618104 240.60698933611092798 
 126.16666164182618104 240.60698933611092798 
 110.16666164182618104 240.60698933611092798 
 190.16666164182618104 64.606989336110913769 
 174.16666164182618104 64.606989336110927979 
 174.16666164182618104 48.606989336110920874 
 158.16666164182618104 48.606989336110920874 
 94.166661641826166829 48.606989336110920874 
 78.166661641826166829 64.606989336110927979 
 78.166661641826166829 48.606989336110920874 
 62.16666164182618104 64.606989336110927979 
 222.16666164182620946 96.60698933611094219 
 206.16666164182618104 96.60698933611094219 
 206.16666164182618104 80.606989336110927979 
 190.16666164182618104 80.606989336110927979 
 62.16666164182618104 80.606989336110927979 
 46.166661641826173934 96.60698933611094219 
 46.166661641826173934 80.606989336110927979 
 30.16666164182619525 96.60698933611094219 
 222.16666164182620946 112.60698933611091377 
 30.16666164182619525 112.60698933611094219 
 222.16666164182620946 176.6069893361109564 
 222.16666164182620946 192.6069893361109564 
 206.16666164182618104 192.6069893361109564 
 46.166661641826173934 192.6069893361109564 
 30.16666164182619525 176.6069893361109564 
 30.16666164182619525 192.6069893361109564 
 206.16666164182618104 208.60698933611092798 
 190.16666164182618104 208.60698933611092798 
 190.16666164182618104 224.60698933611092798 
 174.16666164182618104 224.60698933611092798 
 78.166661641826166829 224.60698933611092798 
 62.16666164182618104 208.60698933611092798 
 62.16666164182618104 224.60698933611092798 
 46.166661641826173934 208.60698933611092798 
 174.16666164182618104 240.60698933611092798 
 158.16666164182620946 240.60698933611092798 
 94.166661641826166829 240.60698933611092798 
 78.166661641826166829 240.60698933611092798 
 206.16666164182618104 64.606989336110913769 
 190.16666164182618104 48.606989336110920874 
 62.16666164182618104 48.606989336110920874 
 46.166661641826173934 64.606989336110927979 
 222.16666164182620946 80.606989336110927979 
 30.16666164182619525 80.606989336110927979 
 222.16666164182620946 208.60698933611092798 
 206.16666164182618104 224.60698933611092798 
 46.166661641826173934 224.60698933611092798 
 30.16666164182619525 208.60698933611092798 
 190.16666164182618104 240.60698933611092798 
 62.16666164182618104 240.60698933611092798 
