 1.2309802666666656012 108.55268266666668353 
 1.1271807999999965411 8.3778346666666951847 
                    1 73.886442666666667378 
 1.7501823999999941428 156.75057066666664696 
 8.0516735999999884399 31.173440000000027794 
 2.7342975999999907799 201.80162133333334396 
 9.5117269333333300807 128.26493866666669419 
 3.5677397333333220608 181.48179199999998445 
 12.146564266666654675  115.560512000000017 
 12.592260266666668755 43.167296000000014544 
 10.748377599999988874 56.315626666666688038 
 5.4652799999999990277 213.93457066666667288 
 6.8221056000000013242 169.44885333333334643 
 12.947076266666666555 7.8665173333333466843 
 8.658052266666663499 242.21710933333332605 
 15.446318933333335721 19.893994666666671378 
 21.159214933333320374 97.600832000000025346 
 13.440302933333320823 149.23005866666665042 
 10.923822933333333651 192.96134399999999687 
 14.950190933333320942 252.38466133333335506 
 18.52198826666666065 136.87421866666667825 
 23.664857599999990612 110.4402560000000193 
 16.237358933333325695 219.31364266666662388 
 22.86067626666666186 63.359893333333339172 
 16.207236266666662061 231.7598506666666367 
 24.613508266666666913 42.492992000000022301 
 27.287001599999999968 19.803626666666694689 
 19.052078933333330468 169.5438293333332922 
 29.421188266666664646 31.619648000000022847 
 22.369668266666668188 157.59741866666666965 
 30.058372266666658845 89.344149333333334084 
 30.328452266666666048 74.907114666666686276 
 30.782425599999989174 53.39748266666668286 
 22.193284266666658766 198.6099839999999972 
 33.643310933333332002 119.11840000000002249 
 26.294660266666657122 248.39259733333332747 
 31.521668266666665659 131.95714133333333962 
 25.594841599999988091 211.55991466666665701 
 27.59718826666665592 236.32834133333329873 
 38.747780266666659088 12.36366933333335183 
 29.064750933333336036 177.72635733333333974 
 40.572548266666657923 31.30946133333333492 
 42.273412266666660742 93.786773333333343317 
 44.552068266666672969 1.0787626666666862985 
 31.22223359999999559 190.37454933333327745 
 42.739502933333326951 51.455040000000010991 
 34.378628266666659385 157.63752533333334327 
 43.210542933333350391 73.321877333333333127 
 35.27795626666666351 255.45469866666664416 
 46.449881600000011872 40.505493333333348005 
 46.533764266666658216 21.354901333333359048 
 46.157273599999989244 115.52185600000002808 
 38.079364266666665628 169.18944000000001893 
 42.973060266666671225 138.28938666666670088 
 37.029849599999991483  217.662101333333311 
 48.827950933333326589 83.997162666666682185 
 38.529668266666661225 230.66570666666663669 
 49.865604266666665012 103.74688000000001864 
 44.000302933333344413 150.39417599999998743 
 41.826777599999999779 196.79690666666661514 
 54.136537599999989823 55.630400000000008731 
 57.57777493333334462 25.579754666666666196 
 53.994116266666679849 66.767082666666681234 
 57.801518933333333905 37.466176000000025681 
 46.463790933333335431 251.84117333333333022 
 45.706457599999993135 209.14395733333333283 
 48.189486933333334662 239.59780266666666648 
 56.493870933333333539 122.55050666666669201 
 54.97323093333332622 134.3771946666666679 
 50.080388266666659547 168.63007999999999242 
 60.717188266666667573 82.905834666666663679 
 63.560921600000000353 47.67187200000001468 
 51.725529600000008656 190.51304533333328095 
 54.637273600000007434 157.07782399999999257 
 67.467054933333344025 7.812330666666669643 
 62.484953599999990104 102.29348266666669076 
 67.063086933333323714 19.581418666666682071 
 65.05195093333333034 71.981120000000004211 
 55.320537600000001532 179.0991146666666225 
 67.88058026666665512 91.629120000000028767 
 58.468142933333318467 209.73395199999998795 
 60.380206933333326447 239.73834666666664361 
 69.139246933333339484 120.79417600000000732 
 75.464836266666665665 47.462037333333348954 
  66.5945215999999931 139.94912000000002195 
 61.244292266666661817 198.04149333333330674 
 72.542169599999994034 109.41011200000002646 
 77.355908266666645545 25.205482666666679137 
 66.323844266666654335 152.30009599999996794 
 79.947140266666650632 5.9300480000000179714 
 77.121668266666659974 69.467712000000034323 
 67.616473599999991961 250.64488533333329201 
 67.050030933333331973 179.29640533333335384 
 67.477038933333318482 229.72072533333329147 
 81.160068266666669956 36.613866666666673666 
 68.28181759999999656 217.49996799999999553 
 81.566084266666663893 57.922538666666696372 
 86.014852266666650848 16.538517333333341952 
 70.759897600000002171 191.25561599999997497 
 76.281646933333334459 131.06720000000001392 
 79.889369599999994875 90.356288000000006377 
 75.843374933333336685 171.18555733333332114 
 85.320580266666652847 79.227882666666701539 
 77.305561599999975897 158.47003733333335163 
 83.275140266666667799 102.23904000000001702 
 78.54605226666667761 234.17811199999999872 
 78.819374933333335775 246.2561066666666818 
 93.388420266666656744 34.940565333333353237 
 93.244548266666654968 55.776576000000019917 
 96.493529599999973811 22.824085333333339776 
 81.390809599999997204 214.72595199999997817 
 82.554670933333312632 192.6338346666666439 
 84.496686933333322145 180.17482666666666091 
 89.772334933333311824 129.5595306666666886 
 99.499396266666664701 45.030122666666677844 
 89.471364266666668641 152.96927999999996928 
 88.009774933333318359 204.02506666666664614 
 87.309956266666645774 226.22675199999997631 
 97.785305600000000936 76.824384000000009109 
 88.971566933333321003 252.13753599999998301 
 94.804100266666665675 105.37640533333336634 
 100.80482559999998671 65.026880000000019777 
 97.159812266666648384 117.9634986666666947 
 107.86991360000000384 19.278912000000005378 
 96.702169599999990623 140.81977599999999029 
 94.524206933333317693 175.54660266666667212 
  96.4243242666666589 163.22813866666666627 
 112.30272426666665808 7.5470293333333451358 
 111.58404693333334023 47.326272000000003004 
 97.575470933333335211 233.36360533333333933 
 107.80113493333332997 84.634176000000024942 
 105.81483093333331169 97.353706666666681713 
 99.102766933333342081 245.49297066666667888 
 111.60759893333332116 59.517760000000031084 
 100.67452159999997718 205.51464533333330564 
 117.19061759999999595 27.181205333333341656 
 103.68559360000000424 183.65292799999997442 
 109.73666559999999492 116.83812266666667767 
 108.11055359999998871 163.9479253333333304 
 110.14711893333331716 138.46858666666665272 
 120.50803626666667867 39.018560000000007904 
 107.47951359999998999 215.87069866666664097 
 107.74993493333333561 195.16917333333333318 
 108.06967893333332142 228.45796266666667407 
 108.93171626666666896 253.26308266666666213 
 125.17687893333332738 8.5979946666666968724 
 115.61451093333333517 104.98361600000001204 
 111.80232959999997888 175.54037333333329229 
 115.78398293333331992 127.19144533333334834 
 119.18716159999999604 78.531136000000032027 
 121.11501226666668174 65.883285333333361677 
 127.20593493333333868 20.455146666666678357 
 117.68102826666664384 157.44748799999999278 
 120.36971093333333727 146.10148266666664085 
 135.41150293333330978                    1 
 119.15848959999998158 214.20345599999998853 
 119.82229759999998464 234.03620266666666794 
 133.50788693333331025 39.118826666666670633 
 121.25274026666667737 254.67133866666665654 
 131.24629759999999123 81.73130666666669697 
 120.29035093333332895 195.10696533333330649 
 137.38654293333334522 26.914880000000025007 
 132.81984426666664945 60.673600000000014631 
 129.03514026666667291 102.85710933333335504 
 127.89636693333333994 125.08661333333336074 
 123.20610560000000078 176.54500266666664743 
 126.25924693333331561 165.38229333333330828 
 127.13152426666667338 244.19027199999996469 
 126.23424426666664999 205.07808000000002835 
 125.64604160000000377 223.88870399999998995 
 138.28015360000003398 71.20544000000002427 
 133.7731029333333197 114.13723733333335986 
 139.94227626666665287  49.7417173333333551 
 132.91430826666666576 145.00819199999995135 
 137.73444693333331657 91.926677333333344677 
 147.05259093333333453 6.2264960000000124651 
 128.94562559999999962 186.66229333333330942 
 147.27471359999998413 19.43182933333334006 
 136.42603093333332254 133.77952000000001931 
 137.19872426666665888 164.28584533333332729 
 136.69764693333331707 220.67180799999997021 
 137.77830826666667008 208.52938666666665313 
 139.59582293333332359 247.78510933333330968 
 142.10513493333334623 153.57804799999996703 
 150.05146026666668035 72.439786666666677206 
 145.75194026666667924 117.11630933333336202 
 153.12610559999998827 49.353792000000005658 
 150.96461226666664857 85.163584000000028595 
 147.74080426666665744 129.99191466666667338 
 159.15268693333334227 1.2924373333333278868 
 143.54146560000000932 174.28221866666666529 
 141.47179093333332389 185.76151466666667034 
 158.53026559999997858 24.20068266666667256 
 145.38287360000001058 228.27927466666662326 
 161.0873642666666683 37.594090666666673428 
 157.63264426666665941 61.861269333333346765 
 148.58970026666665376 240.05058133333329806 
 148.5833002666666971 203.34265599999994834 
 156.21662293333332627 111.40110933333335197 
 165.82797226666667711 12.98259200000002167 
 153.38927359999996725 158.23554133333331606 
 152.31962026666667498 192.02131199999999467 
 154.86272426666667457 221.84078933333333339 
 162.82125226666667572 88.244544000000004758 
 154.37632426666667129 170.67022933333333867 
 160.10159359999997264 133.87150933333333569 
 163.6135722666666652 100.85373866666668619 
 157.56232959999996979 210.62414933333332101 
 169.40966826666664247 65.87372800000002826 
 163.59351893333331418 121.99003733333334765 
 161.0727722666666466 239.84134399999999232 
 173.90656426666663492 38.08893866666667094 
 171.79191893333330654 78.387946666666692863 
 164.48209493333331466 155.69977599999998574 
 164.14844159999998396 228.48893866666668373 
 177.72326826666667898 15.539605333333353698 
 168.40282026666665161 144.45915733333333719 
 164.90833493333332171 176.71157333333331962 
 165.19437226666667584 189.22280533333332642 
 180.50436693333332983 27.482944000000014029 
 174.5725055999999995 105.63240533333333815 
 170.96538026666664223 246.58694400000001679 
 174.07381760000001236 117.81382400000002519 
 169.5648042666666413 209.3362986666666643 
  180.401796266666679 59.143744000000033623 
 171.94005759999998872 166.66860799999997766 
 182.86784426666665127 47.015317333333342731 
 173.17192959999999857   221.11306666666664 
 188.48405759999999987 8.8280533333333544022 
 175.57978026666665983 198.80949333333333584 
 180.0249642666666432 150.68021333333328471 
 184.53363626666669006 78.951744000000019241 
 186.0279082666666568 102.13450666666668099 
 184.36988160000001358 122.78414933333333181 
 181.93711359999997512 239.42005333333329986 
 190.20096426666665934 66.718016000000019972 
 192.71505493333333447 28.923456000000019372 
 183.43087359999995556 226.42071466666666879 
 183.4768682666666848 164.04998400000002334 
 189.65517226666665351 90.28324266666668052 
 194.93201493333333474 41.316586666666687222 
 189.19642026666667789 144.48194133333331024 
 190.31309226666664358 132.91108266666665827 
 191.83373226666668643 113.27878400000003012 
 198.36736426666666944 17.576256000000011426 
 188.91959893333333298 203.12761599999996065 
 191.64480426666668222 216.69194666666666649 
 192.76762026666668248 245.03771733333331895 
 195.31516159999998195 171.16857600000000161 
 201.92371626666670181 60.476224000000001979 
 201.55652693333334469 90.482410666666694965 
 199.29579093333333617 150.36337066666663986 
 205.86987093333337384 47.581162666666692473 
 202.11912960000003636 119.24264533333334271 
 199.63447893333335514 195.97907200000000216 
 202.24456960000000549 131.0840960000000166 
 201.97022293333333209 235.90346666666667375 
 202.37939626666667436 182.90950399999999831 
 211.01180160000004093 16.333120000000022287 
 202.46874026666671398 222.60486399999999207 
 203.23238826666667478 161.7984639999999672 
 208.75874559999999747 80.769770666666687475 
 208.64038826666669024 100.48723200000000588 
 210.77969493333336004 68.666176000000021418 
 207.52499626666667609 142.06094933333329777 
 215.30381226666668226 4.1859200000000171826 
 210.60612693333331435 112.1871146666666732 
 218.93756160000000932 40.541589333333348577 
 211.01905493333336494 202.26182400000001849 
 219.60239360000002762 26.779029333333348006 
 212.36621226666665052 214.7181013333333226 
 212.79398826666667333 241.19293866666663462 
 213.43979093333334163 254.05361066666668535 
 215.55315626666669004 160.84742399999998952 
 219.57960959999999773 85.671744000000003894 
 215.60546560000003069 182.36968533333330811 
 217.70637226666670472 148.45779200000001197 
 219.90660693333333597 97.02500266666669404 
 223.17410560000001851 67.315946666666690135 
 221.55584426666669629 116.64313600000001259 
 222.26667093333333014 232.74596266666665656 
 222.14225493333336203 171.30843733333333034 
 221.29045760000002474 194.46082133333331399 
 223.6181802666666556 219.95893333333330588 
 231.33990826666666862 21.868181333333360783 
 227.41227093333333187 106.10097066666666876 
 231.15336959999999067 46.85762133333334134 
 228.27669760000000565 78.315413333333339096 
 226.31394560000001093 127.79193600000002107 
 231.71435093333334976 59.176170666666685349 
 226.08695893333333515 140.3238186666666536 
 234.1389269333333516 9.4384426666666811911 
 232.28053760000003081 238.83108266666667419 
 233.22824959999996963 251.03699199999999792 
 238.86886826666668071 83.315349333333358572 
 234.61252693333335628 212.9640746666666189 
 238.7806336000000158 104.83214933333334784 
 233.79605760000001169 199.21047466666661307 
 234.52531626666666398 169.26376533333328211 
 242.93517226666668307 26.062400000000010891 
 236.95074560000000474 145.31940266666663319 
 244.61564159999997514 45.816213333333358548 
 243.32574293333334481 64.309226666666688743 
 238.20113493333332144 125.87364266666666879 
 245.83275093333335803 6.5852373333333469319 
 243.90711893333337912 94.23980800000002489 
 239.48676693333334242 157.12296533333335447 
 243.7812522666667121 115.52774400000001265 
 247.59599359999998569 75.418176000000002546 
 242.99413760000001616 233.31803733333330797 
 244.7824682666666547 254.3478399999999624 
 250.1734016000000338 35.653696000000003608 
 244.55548159999997893 135.90841600000001677 
 251.03825493333334862 17.15428266666667767 
 245.12721493333330613 220.94820266666661723 
 251.93553493333334359 56.243861333333342145 
 244.07420160000000919 177.58905599999999936 
 245.09342293333332918 190.83270399999997835 
 250.35140693333335093 243.21457066666664559 
 255.25628160000002254 115.15167999999999893 
 251.7204949333333559 157.45448533333330943 
 255.95848960000003558 93.225962666666688961 
 256.33361493333336512 135.98043733333332739 
 254.00136960000000386 169.45892266666666615 
