 22.519034978408718928 47.472618829999582601 
 28.352239985187665638 35.883031087084496846 
 9.2618788019936655331 86.557100409037346367 
 41.706099255389226244 20.867957982586510468 
 20.887575658488366059  68.7401599781816941 
 7.1383531240692565945 110.33002494784514624 
 28.994033473268927992 58.12057196217101307 
 40.803276759227991022 33.918397261217009486 
 5.450357998222868261 137.15963512569928184 
 2.199946066825487101 149.17395255244227315 
 21.050544301859282825 89.814190200077547388 
 27.347048121096317885 79.133498908984691411 
 52.439011879366866253 15.195886358610307454 
 56.436468653069674417 1.320683566747675286 
 16.561841263374056155 118.70294342836771762 
 48.195653596972746868 44.883454438405927078 
 7.6387778194548596744 167.85076956712327956 
 42.823393378870996173 56.735604740282106206 
 16.495804651953175579 132.09200372882867214 
 12.019382471911860932 156.53471217493972745 
 28.60424869333605713 100.30937552557575998 
 63.087998783091329358 22.648616605391058698 
 1.8145620305778720205 218.44459575369026538 
 27.414623945127065241 113.08498843785041288 
 9.8250369656767819748 187.70934357198828479 
 38.936432362799770601 82.28038653399875102 
 5.3025901500986796222 207.46334135768876195 
 69.289902337474600813 3.1235922909541540271 
 14.488169107543566128 176.99728372545371258 
 61.214067409672480835 44.648311571256193986 
 39.521213318344990739 94.39650021131610913 
 52.245682968102784116 65.815922388681855182 
 25.961812076871275679 140.94586127829845168 
 71.952934645307109918 14.889018271936993898 
 24.044944946491675353 153.89456113976899587 
 67.84362781745068105 34.234344750993308537 
  50.1049731732816781 77.774120993612172015 
 35.995598478425335998 122.03316720360174941 
 19.742438486841002998 195.60194310442673782 
 18.327747358350567453 207.89046188777641078 
 26.228104876903579168 176.4019933291386053 
 36.547429724783384586 134.96363739393811443 
 31.063816716410201479 165.02244839223249073 
 69.379305075983992879 54.112775025576020482 
 64.849507532610360272 65.142907811494310977 
 51.258085362928476059 96.962293513055470839 
 83.719512511307598857 16.912037425395162415 
 29.763877512900776878 188.40515649322060199 
 47.183441673105910752 118.52540879326248557 
 58.649642460532895427 86.983079801367637174 
 80.409150159448955719 36.096598675135446399 
 90.734095939918759655 7.4814925181555889111 
  53.6100953820347641 108.43085492055227803 
 26.678876993173584964 219.32417563372933955 
 88.381065467809932557 27.192106296085526651 
 48.721569318982226093 138.83649569171640792 
 42.802772541593988365 168.31339398107465399 
 82.048372163550908454 55.689154016421497317 
 74.632691928199918152 73.532785746320797671 
 54.429354644691436249 128.26096821228099998 
 88.281755626014671634 45.573733785838264509 
 41.326060295194658067 192.34461816834715364 
 71.174569886938058971 85.392855995652979573 
 103.04306548670729171 8.1775995338247255972 
 46.96964947776162802 180.72118498340216775 
 64.888853340032554229 111.65723933484117936 
 52.250537042920662145 160.47391009871665801 
 39.825127151980908025 217.58063103843110753 
 56.190858284943423939 148.87785701966404872 
 45.118903846338270114 205.27394925454123609 
 65.37703788052829168 124.16913392793051685 
 86.288546523242672492 67.460722359849185636 
 100.31009839015720786 29.070748382849007641 
 75.481813343408276751 106.09864667587409315 
 108.43648828299434683 19.727235024466654778 
 80.185195951979096662 94.194839270007221899 
 100.50501919315243526 41.424907357919892092 
 61.788726332406007202 167.6442864589669739 
 58.926720708669520832 179.38147454887348431 
 51.804678123062771533 227.37416971979709501 
 69.571140386579330084 149.59122011442153166 
 76.41320481917139773 128.55310290367151538 
 57.514633259064339654 207.47314660365725558 
 81.513676782122658437 117.02125603322323855 
 99.709764014034348634 69.496072599214528509 
 93.360159705602910662 92.030257126683920887 
 78.734162869082922498 140.96807289393694873 
 72.311970947590438641 162.23212774549526216 
 121.0985596298724829 20.631741897120491558 
 67.210759231023487814 187.69007967657165636 
 110.82912950769497229 47.439283978115753371 
 61.254218646036470375 219.38727458918592106 
 127.06861070074201336 10.01773738083985954 
 66.605730578860274704 199.7725578659077712 
 109.84679309064436836 60.207185637069898121 
 103.48910434568755079 82.166207568177156872 
 92.397389839953376622 115.14604809291878951 
 97.421015334809354158 103.73911212890271827 
 80.380543119502945615 171.78270940211174889 
 128.75178494675347451 30.767709071829404621 
 123.54110583299328141 42.539738936475217201 
 78.716487017017954031 183.8940699263826275 
 138.92915363671073692 7.4922995713065576595 
 90.581837429712905418 145.68477303709150306 
 73.340323788190289633 221.87587650161501074 
 99.14853844384334991 125.34729843756841206 
 78.329006414956438675 203.02475967948515745 
 122.28636928046213939 62.375285064511793109 
 108.52275156206869156 107.45899137655698041 
 117.08446071801077437 83.374942016520179777 
 94.474611115439287801 157.44921394155548455 
 100.0937670842244529 137.52306616978009401 
 91.786843403753124448 169.76032334950008362 
 86.199470055191724782 193.94334106115562122 
 131.03210398648960222 52.446009233696166518 
 82.372685504266698331 213.97049437205654954 
 79.17962546720163175 232.42911727903882024 
 109.08838702358222861 119.61193822872240844 
 125.4479921862693601 73.940987713794385172 
 141.32942514792529209 27.819545666332668787 
 146.46509052823321895 16.101624528998868868 
 119.44955719580939046 103.6570721885212123 
 124.98318748833996494 93.393554892211383844 
 106.18714981339032022 158.86152260722636242 
 101.69524655026074811  178.190290971499536 
 97.736181869939258604 198.49252756794740549 
 152.14939093694582084 34.031807226080140083 
 112.22297938619085755 140.70867635028665177 
 159.11945583266586368 14.098888360018236199 
 93.954575523214799659 218.87332257372841582 
 92.232552671866230298 231.32234853689860188 
 144.54581688947970974 53.865475993315186543 
 137.6924273181411138 75.04279178578978815 
 119.84357157446237352 123.53385006251970424 
 125.68180141004998518 113.5417119505513881 
 106.12735082903674311 189.89013584880055419 
 115.38362508893051483 151.87842632043430058 
 109.94691720064254525 169.89585579813385152 
 161.66786886528726086 25.685096661980228561 
 146.20282543561225452 65.987517925479693304 
 102.99999310577062772 210.35179697134117305 
 137.38330247936977457 95.584297904646206234 
 155.77770584241977758 45.559035676539345161 
 122.7689746635936956 134.79189949527321346 
 143.68156026267720904 85.647134332168874948 
 100.84945994072958797 240.74802298305033332 
 136.53230671678508656 115.31396958750241311 
 121.45454216497732602 169.64893881047106561 
 125.6410707510417808 158.19995618529364378 
 117.2365264518382304 196.58847994915461754 
 144.04291737506324012 106.24090412419398888 
 116.15900453101205869 209.14288161782442899 
 172.7186055581971118 29.924022336982975645 
 157.00245321446294611 71.965431748706080839 
 170.30748158243329726 42.450607918391078499 
 155.59109643954926128 84.917067350596781239 
 140.07167257950132466 126.61134701462204077 
 135.10145993778255047 137.16382426773930092 
 127.87486965116926285 179.24508940880326691 
 114.27942525648138883 240.09035495382801173 
 182.7793887324604043 21.668114044496253001 
 127.92578799785948718 191.44528634298120551 
 137.42031625503921077 155.98649679213514219 
 168.58976307268579831 69.153431641386362116 
 153.73711036351900816 113.66024721514092732 
 143.95950368167669353 146.01794900882984507 
 124.46301298099449184 229.66662543403089103 
 127.08247607141001367 216.98004081499954054 
 138.69810486534615279 175.47955604041442257 
 180.96270524624623022 48.495310995078988014 
 151.47219402000038713 125.92670100720218329 
 166.52658910292288397 91.86367572663017711 
 178.46452787379314486 60.879925278134344069 
 144.20880343165924842 165.34382305475438102 
 193.11661965026652865 28.591969603376462317 
 172.97468120331495811 81.290831847842412117 
 140.03766424089855036 194.47403537387674533 
 192.17877896838345464 41.296348452080046343 
 165.10825733797341286   114.08191941525196 
 145.94675139108056783 184.30449567181275938 
 135.44254873887760482 235.44458837413839092 
 171.80467338489410167 104.23907392853425335 
 133.17206854984684128 247.24813288578380366 
 160.08172024046979232 134.4880761460548797 
 142.46500022560087473 214.79819717533229095 
 157.11986596872327482 146.64703016302615879 
 187.81323466551006618 68.332143487369876311 
 147.84730004680881166 203.5501799838258421 
 184.17875589974892137 79.969420426378889033 
 156.13562397135416404 167.20632386751131548 
 205.47604800377703782  24.9362763198689521 
 169.47315346507645017 126.60726030407482767 
 156.57178764132851256 179.51540096326436924 
 164.67018233861654153 158.59500107236175381 
 181.42067465789534708 113.25618479784877479 
 204.34041132448055578 45.138733970319208311 
 148.12770888356939736 234.22107797039237198 
 143.2849920358631266 253.21157615413721942 
 152.69980986294228842 222.86030240660107893 
 199.78362674455610204 67.918309206945977508 
 192.83757516985187408 87.435203483698813898 
 160.30010843133294429 199.46718873915523318 
 212.98095160473567944 34.78867256456626933 
 165.10744621428145251 187.29740533315617768 
 181.29460660417956319 127.06381007340974065 
 206.35462755266254931 57.409672239990854337 
 153.13937944041933292 245.59076926102818561 
 191.88385171329488799 109.6428612788041761 
 195.95723262871163683 98.755286041062888103 
 202.50727087127404502 80.185512322253842399 
 176.43784532154072053 166.21858640632672177 
 175.55948442434657863 180.02605875566649729 
 169.30761610027545316 207.69657687361276999 
 165.9274042134992726 220.44885569113841939 
 190.88709269011744141 137.00381770920134272 
 225.91975516188605866 31.793635948055420926 
 217.79890492144687641 60.682351005214300699 
 162.78192700216732192 253.32022986323337932 
 200.11686874560322735 117.93779523944802179 
 210.89864089376823131 88.608216724840602296 
 188.63780397108226339 162.08683814635108433 
 207.95501367524266811 100.07864600551948797 
 180.56076572035914296 201.25537708552590743 
 194.67184362403989439 150.17304175980859782 
 184.48422813086310157 188.53893909641629989 
 200.95970984037904827 130.00211357890708541 
 227.26953014838593958 53.164732545692245935 
 222.0519512292493971 72.17970454442078676 
 232.3542581170089818 41.996618042878225197 
 176.36748488457979533 228.70068707040456957 
 210.21449546843774669 112.04814711917393311 
 220.92255651551957385 83.989693981333687134 
 175.45779295851042434  253.661885692649264 
 198.00836407757702773 171.10205565253744453 
 181.81222762484927102 242.58167884563243888 
 196.08569633297287282 183.48256560283940075 
 189.64670410138162993 209.16601130574585454 
  186.941914729384564 221.75561256348990469 
 213.10680511594921427 132.27232888976286063 
 236.45295809149624233 60.700320875803463139 
 207.58696092523163657 153.0747756034753877 
 218.39332478333972176 120.86215667176483635 
 233.83037369398195437 71.751359772041411134 
 244.67580454829774794 43.900306191753649898 
 230.34586809190150802 91.127875454051292081 
 200.98285119567967172 203.45856971564776927 
 216.76387620831138747 144.08227606257679554 
 209.94882524655363909 166.2253003359043646 
 205.59783568696829548 191.4570441961656968 
 238.73125502388907648 82.460680451154914294 
 196.55127767347758549 229.57265254978872804 
 246.75765848281005788 55.845623109480449386 
 232.05631928382962315 103.12827654977721181 
 255.03177713027750428 38.248264475260292272 
 195.06271082244876425 242.13556047236926361 
 228.59357709514952717 115.17439719721716074 
 209.08055868229396879 211.92812368816660751 
 206.83685638071673907 223.96341266144824544 
 255.6948310251111991 63.416645919182514035 
  218.027961716210541 187.54607586458320156 
 250.04064525214192827 84.177441926107533732 
 220.79900651949290591 174.04980060692506072 
 229.25419501328738647 145.3122466812259006 
 237.79423692716827077 122.8115156914777657 
 205.94501680158202817 250.35384648631392679 
 244.03495331164407389 104.35197846891858831 
 237.18885861086056366 134.86925233328554441 
 252.10264837126817383 95.80284839038900202 
 220.85598274360478399 209.37581454080782351 
 217.14046407560175567 230.15189809377807251 
 247.57559041421765755 115.68945112905913675 
 226.11792602584597489 197.97955280789179255 
 236.3229661884793984 155.82529333128940152 
 233.87975006801693212 168.88146886101239375 
 218.52811719144270342 242.35733947810160771 
 225.40114789647742555 220.83933310162052521 
 248.91992874802389224 138.35579786222083953 
 248.0161074874792746 150.54152771578139891 
 238.93594030702993791 199.13786902560630665 
 245.40514743695300126 175.67331715436691297 
