 79.163512018110878898 40.163754255222670508 
 67.585288290668117384 60.217826012553040016 
 106.87632493921290688 56.163754255222663403 
 95.29810121177015958 76.217826012553032911 
 103.19254584559310217 30.544246809232216577 
 122.13832776027548732 61.729189943882758485 
 110.56010403283272581 81.783261701213120887 
 91.614322118150354868 50.598318566562582532 
 56.007064563225362974 80.271897769883381102 
 44.42884083578261567 100.3259695272137435 
 83.719877484327412276 96.271897769883381102 
 72.141653756884650761 116.32596952721372929 
 80.036098390707593353 70.652390323892930724 
 98.981880305389964292 101.83733345854348329 
 87.403656577947216988 121.89140521587384569 
 68.457874663264846049 90.706462081223307337 
 32.85061710833984705 120.38004128454413433 
 21.272393380897103299 140.43411304187446831 
 60.563430029441889246 136.38004128454412012 
 48.985206301999149048 156.43411304187446831 
 56.87965093582209164 110.76053383855365553 
 75.825432850504483895 141.94547697320419388 
 64.247209123061708169 161.99954873053459892 
 45.301427208379330125 130.81460559588404635 
 9.6941696534543577712 160.4881847992048165 
 37.406982574556401744 176.4881847992048165 
 25.828758847113629571 196.54225655653522153 
 33.723203480936589926 150.86867735321436612 
 52.668985395618960865 182.05362048786491869 
 41.090761668176213561 202.10769224519526688 
 22.144979753493846175 170.92274911054471431 
 90.741735745553626202 20.109682497892332975 
 130.03277239409842991 16.055610740561931493 
 118.45454866665565419 36.109682497892322317 
 10.566756026051072226 190.97682086787511935 
 145.29477521516099614 21.621046429222023022 
 133.71655148771822041 41.675118186552360555 
 114.7707695730358779 10.490175051901838188 
 134.58913786031493487 72.163754255222656298 
 123.01091413287220178  92.2178260125530187 
 162.30195078141696285 88.163754255222656298 
 150.72372705397421555 108.2178260125530187 
 158.61817168779717235 62.54424680923222013 
 177.5639536024795575 93.729189943882758485 
 165.9857298750368102 113.78326170121310668 
 147.03994796035442505 82.598318566562582532 
 111.43269040542945447 112.2718977698833811 
 99.854466677986707168 132.32596952721371508 
 139.14550332653146825 128.27189776988336689 
 127.56727959908872094 148.3259695272137435 
 135.46172423291167775 102.65239032389291651 
 154.4075061475940629 133.83733345854346908 
 142.82928242015128717 153.89140521587384569 
 123.88350050546891623 122.70646208122330734 
 88.276242950543931443 152.38004128454412012 
 76.698019223101184139 172.43411304187446831 
 115.98905587164594522 168.38004128454412012 
 104.41083214420321212 188.43411304187446831 
 112.30527677802616893 142.76053383855366974 
 131.25105869270853987 173.94547697320416546 
 119.67283496526577835 193.99954873053454207 
 100.72705305058340741 162.81460559588401793 
 65.119795495658451046 192.4881847992048165 
 53.54157176821567532 212.54225655653522153 
 92.832608416760479031 208.4881847992048165 
 81.254384689317703305 228.54225655653519311 
 89.148829323140674319 182.86867735321436612 
 108.09461123782303105 214.05362048786491869 
 96.516387510380297954 234.10769224519523846 
 77.570605595697941226 202.92274911054468589 
 157.7455853152004579 32.055610740561924388 
 146.16736158775768217 52.109682497892315212 
 185.45839823630248588 48.055610740561917282 
 173.88017450885971016 68.109682497892308106 
  65.9923818682551655 222.97682086787509093 
 200.72040105736505211 53.621046429222019469 
 189.14217732992230481 73.67511818655235345 
 170.19639541523994808 42.490175051901822201 
 190.01476370251901926 104.1637542552226563 
 178.43653997507627196 124.2178260125530187 
 217.72757662362107567 120.1637542552226563 
 206.14935289617832836 140.2178260125530187 
 214.04379753000125675 94.544246809232205919 
 232.9895794446836419 125.72918994388275848 
 221.41135571724086617 145.78326170121309246 
 202.46557380255848102 114.59831856656256832 
 166.85831624763355308 144.27189776988336689 
 155.28009252019077735 164.32596952721371508 
 194.57112916873558106 160.27189776988339531 
 182.99290544129283376 180.3259695272137435 
 190.88735007511573372 134.65239032389294493 
 209.83313198979811887 165.8373334585434975 
 198.25490826235537156 185.89140521587381727 
 179.30912634767298641 154.70646208122329313 
 143.70186879274800162 184.38004128454412012 
 132.12364506530525432 204.43411304187443989 
 171.41468171385005803 200.38004128454412012 
 159.83645798640731073 220.43411304187446831 
 167.73090262023023911 174.76053383855364132 
 186.67668453491262426 205.94547697320416546 
 175.09846080746984853 225.9995487305345705 
 156.1526788927874918 194.81460559588401793 
 120.54542133786252123 224.4881847992048165 
 108.9671976104197455 244.54225655653522153 
 148.25823425896456342 240.4881847992048165 
 144.5744551653447445 214.8686773532143377 
 163.52023708002710123 246.05362048786489026 
 132.9962314379019972 234.92274911054468589 
 213.17121115740454229 64.055610740561917282 
 201.59298742996176657 84.109682497892322317 
 240.8840240785065987 80.055610740561917282 
 229.30580035106382297 100.10968249789230811 
 121.41800771045922147 254.97682086787509093 
 256.14602689956916493 85.621046429222019469 
 244.5678031721263892 105.67511818655235345 
 225.62202125744403247 74.490175051901829306 
 245.44038954472310365 136.16375425522264209 
 233.86216581728038477 156.2178260125530187 
 51.450699097008815386 24.163754255222663403 
 39.872475369566075187 44.217826012553032911 
 66.712701918071374507 29.729189943882740721 
 55.134478190628620098 49.783261701213106676 
 222.28394208983760905 176.27189776988336689 
 210.70571836239486174 196.32596952721371508 
 28.294251642123317225 64.271897769883381102 
 16.716027914680573474 84.325969527213729293 
 246.31297591731981811 166.65239032389291651 
 43.556254463185858583 69.837333458543469078 
 31.978030735743118385 89.89140521587383148 
 234.7347521898770708 186.70646208122329313 
 199.12749463495208602 216.38004128454412012 
 187.54927090750933871 236.43411304187446831 
 5.1378041872378004129 104.38004128454413433 
 223.1565284624343235 206.7605338385536129 
 20.399807008300374633 109.94547697320417967 
 8.821583280857600684 129.9995487305345705 
 211.5783047349915762 226.81460559588401793 
 175.97104718006659141 256.48818479920475966 
 200.00008100754882889 246.86867735321436612 
 63.02892282445156269 4.1096824978923249816 
 78.290925645514136022 9.6751181865523463443 
