 153.89802128732824826 28.600160699696690614 
 131.53061064554859172 34.593490317936847589 
 162.18023073060891193 59.50978714094688371 
 139.81282008882922696 65.503116759187037133 
 177.69113299883622403 38.789234517735984298 
 169.03673910416131321 74.237010145917636805 
 146.66932846238159982 80.230339764157804439 
 155.32372235705653907 44.782564135976151931 
 109.16320000376889254 40.586819936177015222 
 86.795789361989193367 46.580149554417189961 
  117.445409447049542 71.496446377427190555 
 95.07799880526985703 77.48977599566738661 
 132.95631171527682568 50.775893754216305354 
 124.30191782060191485 86.223669382397957861 
 101.93450717882225831 92.216999000638111283 
 110.58890107349714071 56.769223372456480092 
 64.428378720209508401 52.573479172657343383 
 42.060968078429866068 58.566808790897518122 
 72.710588163490186275 83.483105613907540032 
 50.343177521710522626 89.476435232147693455 
 88.221490431717498382 62.762552990696633515 
 79.567096537042559135 98.210328618878278917 
 57.19968589526288838 104.20365823711846076 
 65.854079789937813416 68.755882608936801148 
 19.69355743665017755 64.56013840913767865 
 27.975766879930834108 95.469764850387861088 
 5.6083562381511411488 101.46309446862802872 
 43.486669148158121345 74.74921222717695457 
 34.832275253483238941 110.19698785535861418 
 12.464864611703559305 116.19031747359876761 
 21.119258506378457696 80.742541845417122204 
 198.63284257088758977 16.613501463216366005 
 176.26543192910790481 22.606831081456533639 
 206.91505201416825344 47.523127904466541338 
 184.54764137238856847 53.516457522706716077 
 213.77156038772065472 62.250350909437287328 
 191.40414974594099817 68.243680527677454961 
 200.05854364061588058 32.795904899495809559 
 170.46244017388957559 90.419413582197080359 
 148.09502953210989062 96.412743200437233781 
 178.74464961717023925 121.3290400234472628 
 156.37723897539055429 127.32236964168741622 
 194.25555188539752294 100.60848740023635628 
 185.60115799072261211 136.05626302841801589 
 163.23374734894292715 142.04959264665816931 
 171.88814124361783797 106.60181701847652391 
 125.72761889033021987 102.4060728186773872 
 103.36020824855052069 108.39940243691755484 
 134.00982833361089774 133.31569925992758385 
 111.64241769183119857 139.30902887816773728 
 149.52073060183815301 112.59514663671669155 
 140.86633670716324218 148.04292226489832274 
 118.49892606538358564 154.03625188313850458 
 127.15331996005848225 118.58847625495684497 
 80.992797606770849939 114.39273205515773668 
 58.625386964991186289 120.3860616733978901 
 89.275007050051499391 145.30235849640791912 
 66.907596408271842847 151.29568811464807254 
 104.78590931827882571 124.5818058731970126 
 96.131515423603900672  160.029581501378658 
 73.764104781824215706 166.02291111961881143 
 82.418498676499126532 130.57513549143718024 
 36.257976323211508429 126.37939129163805774 
 13.890565681431812806 132.37272090987823958 
 44.540185766492164987 157.28901773288822596 
 22.172775124712469363 163.28234735112837939 
 60.051088034719448672 136.56846510967736208 
 51.396694140044566268 172.01624073785899327 
 29.029283498264888408 178.00957035609914669 
 37.683677392939785022 142.5617947279175155 
 215.1972614574489171 78.432754345716730882 
 192.82985081566926056 84.426083963956912726 
 223.47947090072958076 109.34238078696692753 
 201.1120602589498958 115.33571040520708095 
 15.316266751160080517 148.55512434615769735 
 230.33597927428201046 124.06960379193766641 
 207.96856863250235392 130.06293341017780563 
 216.6229625271772079 94.615157781996202857 
 187.02685906045090292 152.23866646469744524 
 164.65944841867121795 158.23199608293759866 
 195.30906850373156658 183.14829290594764188 
 172.94165786195191004 189.14162252418779531 
 210.81997077195885026 162.42774028273674958 
 202.16557687728393944 197.87551591091832393 
 179.79816623550428289 203.86884552915850577 
 188.45256013017919372 168.42106990097693142 
 142.29203777689153299 164.22532570117775208 
 119.92462713511184802 170.21865531941793392 
 150.57424722017219665 195.13495214242797715 
 128.20683657839251168 201.12828176066813057 
 166.08514948839948033 174.41439951921708484 
 157.43075559372456951 209.86217514739865919 
 135.06334495194491296 215.85550476563884104 
 143.71773884661979537 180.40772913745723827 
 97.557216493332163054 176.21198493765808735 
 75.18980585155250651 182.20531455589824077 
 105.83942593661282672  207.121611378908284 
 83.472015294833184385 213.11494099714846584 
 121.35032820484015303 186.40105875569739169 
  112.695934310165228 221.84883438387902288 
 90.328523668385528822 227.8421640021191763 
 98.982917563060468069 192.39438837393754511 
 52.822395209772821545 188.19864417413842261 
 30.454984567993129474 194.19197379237857604 
 61.104604653053492314 219.10827061538861926 
 38.737194011273800243 225.10160023362877268 
 76.615506921280783104 198.38771799217772696 
 67.961113026605886489 233.83549362035932973 
 45.593702384826201524 239.82882323859948315 
 54.248096279501119454 204.38104761041788038 
  231.761680344010216 140.25200722821708155 
 209.39426970223055946 146.24533684645729181 
 240.04388978729090809 171.1616336694672782 
 217.67647914551122312 177.15496328770746004 
 31.88068563772140962 210.3743772286580338 
 246.90039816084330937 185.88885667443801708 
 224.53298751906365283 191.8821862926781705 
 233.18738141373853523 156.43441066449659616 
 203.59127794701223024 214.05791934719781011 
 181.22386730523254528 220.05124896543799196 
 123.24840120226789963 3.6838638766866536045 
 227.38438965852017759 224.24699316523705761 
 152.47232021759995746 12.417757263417257718 
 130.10490957582027249 18.411086881657414693 
 205.01697901674049263 230.24032278347726788 
 158.85645666345286031 226.04457858367814538 
 136.48904602167317535 232.03790820191832722 
 100.88099056048821467 9.6771934949268096915 
 78.513579918708529704 15.670523113166980878 
 182.64956837496080766 236.2336524017174213 
 107.73749893404058753 24.404416499897585879 
 85.370088292260945195 30.397746118137742855 
 160.28215773318112269 242.22698201995757472 
 114.12163537989350459 238.03123782015848064 
 91.754224738113848048 244.02456743839863407 
 56.146169276928844738 21.663852731407150287 
 33.778758635149181089 27.657182349647307262 
 137.91474709140146615 248.22031163819775657 
 63.002677650481253124 36.391075736377914041 
 40.635267008701553948 42.384405354618067463 
 115.54733644962178118 254.21364125643790999 
 69.386814096334163082 250.01789705663881591 
 47.019403454554471011 256.01122667487896933 
 11.411347993369505005 33.650511967887460685 
 18.267856366921908062 48.377734972858235096 
 248.32609923057160017 202.07126011071750327 
 225.95868858879188679 208.06458972895765669 
 174.83973085937967085 6.4244276451770732095 
 249.75180030029986256 218.25366354699690419 
