 142.59978308936433677 11.205914500433268088 
 122.54571133203397437 22.784138227876024274 
 158.59978308936430835 38.918727421535301403 
 138.54571133203396016 50.496951148978055812 
 168.21929053535475873 14.889693594053081682 
 169.03434740070420617 51.369537521574756056 
 148.9802756433738864 62.947761249017531782 
 148.16521877802441054 26.467917321495839644 
 102.49163957470362618 34.362361955318782236 
 82.437567817373249568 45.940585682761543751 
 118.49163957470361197 62.075174876420803116 
 98.437567817373249568 73.653398603863564631 
 128.11114702069403393 38.046141048938601159 
 128.92620388604350978 74.525984976460293296 
 108.87213212871314738  86.1042087039030406 
 108.05707526336369995 49.624364776381355568 
 62.383496060042887166 57.51880941020429816 
 42.32942430271254608 69.097033137647045464 
 78.383496060042872955 85.231622331306326146 
 58.329424302712538974 96.80984605874907345 
 88.003003506033351755 61.202588503824117083 
  88.8180603713828134 97.682432431345787904 
 68.763988614052436787 109.26065615878854942 
 67.948931748702989353 72.780812231266864387 
 22.275352545382183678 80.67525686508982119 
 2.2212807880518301573 92.253480592532554283 
 38.275352545382176572 108.38806978619183496 
 18.221280788051810617 119.96629351363459648 
 47.894859991372626951 84.359035958709611691 
 48.709916856722102807 120.83887988623131093 
 28.655845099391736852 132.41710361367404403 
 27.840788234042275207 95.937259686152358995 
 178.65385484669468497 27.340503694092539888 
 7.7867164767118941526 107.51548341359513472 
 8.6017733420613708972 143.99532734111681975 
 189.0884191580346112 39.791313794132015857 
 188.27336229268516377 3.3114698666103095093 
 174.5997830893643652 66.631540342637322283 
 154.54571133203396016 78.209764070080098008 
 190.59978308936433677 94.344353263739364479 
 170.54571133203396016 105.92257699118211178 
 200.21929053535475873 70.315319436257155417 
 201.03434740070423459 106.79516336377882624 
 180.98027564337385797 118.37338709122158775 
 180.16521877802443896 81.893543163699902721 
 134.49163957470361197 89.787987797522845312 
 114.43756781737324957 101.36621152496562104 
 150.49163957470364039 117.5008007186248733 
 130.43756781737326378 129.0790244460676206 
 160.11114702069406235 93.471766891142678446 
 160.92620388604350978 129.95161081866433506 
 140.87213212871316159 141.52983454610711078 
 140.05707526336368574 105.04999061858542575 
 94.383496060042887166 112.94443525240836834 
 74.329424302712553185 124.52265897985111565 
 110.38349606004288717 140.65724817351039633 
 90.329424302712553185 152.23547190095314363 
 120.00300350603336597 116.62821434602818726 
 120.8180603713828134 153.10805827354985809 
 100.76398861405243679 164.68628200099263381 
 99.948931748702989353 128.20643807347093457 
 54.275352545382183678 136.10088270729389137 
 34.221280788051828381 147.67910643473663868 
 70.275352545382190783 163.81369562839591936 
 50.221280788051821276 175.39191935583863824 
 79.894859991372641161 139.78466180091371029 
 80.709916856722102807 176.26450572843535269 
 60.655845099391740405    187.8427294558781 
 59.84078823404229297 151.3628855283564576 
 14.167209030721464202 159.25733016217938598 
 194.65385484669468497 55.053316615194582084 
 30.167209030721455321 186.97014308328141396 
 210.65385484669465654 82.766129536296617175 
 39.786716476711909252 162.94110925579923332 
 40.601773342061370897 199.42095318332087572 
 221.0884191580346112 95.216939636336078934 
 220.27336229268516377 58.737095708814386796 
 206.59978308936433677 122.05716618484140668 
 186.54571133203396016 133.63538991228415398 
 222.59978308936433677 149.76997910594343466 
 202.54571133203398858 161.34820283338621039 
 232.21929053535478715 125.74094527846121139 
 233.03434740070423459 162.22078920598289642 
 212.9802756433738864 173.79901293342564372 
 212.16521877802443896 137.3191690059039729 
 166.49163957470364039 145.21361363972690128 
 146.43756781737326378 156.79183736716967701 
 182.49163957470364039 172.92642656082895769 
 162.43756781737326378 184.50465028827173342 
 192.11114702069409077 148.89739273334672021 
 192.92620388604350978 185.37723666086841945 
 172.87213212871316159 196.95546038831116675 
 172.05707526336371416 160.47561646078949593 
 126.38349606004290138 168.37006109461245273 
 106.3294243027125674 179.94828482205520004 
 142.38349606004291559 196.08287401571450914 
 122.3294243027125674 207.66109774315722802 
 152.00300350603336597 172.05384018823224324 
 152.8180603713828134 208.53368411575391406 
 132.76398861405243679 220.11190784319668978 
 131.94893174870301777 183.63206391567499054 
 86.275352545382190783 191.52650854949794734 
 66.221280788051828381 203.10473227694072307 
 102.27535254538220499 219.23932147060000375 
 82.221280788051842592 230.81754519804277948 
 111.89485999137264116 195.21028764311776627 
 112.70991685672210281 231.69013157063943709 
 92.655845099391740405 243.26835529808221281 
 91.840788234042307181 206.78851137056051357 
 46.167209030721465979 214.68295600438347037 
 226.65385484669471339 110.47894245739865937 
 62.167209030721473084 242.39576892548552678 
 242.65385484669471339 138.19175537850071578 
 71.786716476711902146 218.36673509800328929 
 72.601773342061378003 254.84657902552493169 
 253.0884191580346112 150.64256547854012069 
 252.27336229268519219 114.16272155101844987 
 238.5997830893643652 177.48279202704549107 
 218.54571133203398858 189.06101575448823837 
 116.98027564337382955 7.5221354068134100856 
 244.16521877802446738 192.74479484810805729 
 198.49163957470364039 200.63923948193098568 
 178.43756781737326378 212.21746320937373298 
 86.491639574703597759 6.6495490342167391518 
 66.437567817373235357 18.227772761659498002 
 224.11114702069409077 204.3230185755508046 
 96.926203886043481361 19.100359134256184035 
 76.87213212871313317 30.678582861698927786 
 204.05707526336371416 215.90124230299358032 
 158.38349606004291559 223.79568693681650871 
 138.3294243027125674 235.37391066425925601 
 46.383496060042865849 29.805996489102255964 
 26.329424302712528316 41.384220216544996163 
 184.00300350603336597 227.47946603043632763 
 56.818060371382777873 42.256806589141682196 
 36.763988614052415471 53.83503031658444371 
 163.94893174870301777 239.05768975787904651 
 118.27535254538219078 246.95213439170203173 
 6.2753525453821614732 52.962443943987757677 
 143.89485999137266958 250.63591348532182224 
 16.709916856722074385 65.41325404402719812 
