 175.61668965121515384 2.3461553757761488548 
 152.46024219632963081 2.3461553757761488548 
 175.61668965121515384 34.346155375776149299 
 152.46024219632963081 34.346155375776149299 
 195.96194438507754398 18.346155375776142193 
 178.42788237223822989 50.346155375776142193 
 155.27143491735270686 50.346155375776142193 
 172.80549693019204938 18.346155375776142193 
 129.30379474144410779 2.3461553757761488548 
 106.14734728655862739 2.3461553757761488548 
 129.30379474144413621 34.346155375776149299 
 106.14734728655862739 34.346155375776149299 
 149.64904947530652635 18.346155375776142193 
 132.11498746246721225 50.346155375776142193 
 108.95854000758171765 50.346155375776142193 
 126.49260202042101753 18.346155375776142193 
 82.990899831673090148 2.3461553757761488548 
 59.834452376787581329 2.3461553757761488548 
 82.990899831673090148 34.346155375776149299 
 59.83445237678759554 34.346155375776149299 
 103.33615456553552292 18.346155375776142193 
 85.802092552696223038 50.346155375776142193 
 62.645645097810685797 50.346155375776142193 
 80.17970711064999989 18.346155375776142193 
 36.678004921902093827 2.3461553757761488548 
 13.521557467016551257 2.3461553757761488548 
 36.678004921902108038 34.346155375776149299 
 13.521557467016565468 34.346155375776149299 
 57.023259655764512388 18.346155375776142193 
 39.489197642925198295 50.346155375776142193 
 16.332750188039710793 50.346155375776142193 
 33.866812200879024886 18.346155375776142193 
 221.92958456098617148 2.3461553757761488548 
 198.77313710610064845 2.3461553757761488548 
 221.92958456098617148 34.346155375776149299 
 198.77313710610064845 34.346155375776149299 
 242.27483929484859004 18.346155375776142193 
 224.74077728200927595 50.346155375776142193 
 201.58432982712378134 50.346155375776142193 
 219.11839183996309544 18.346155375776142193 
 175.61668965121515384 66.346155375776149299 
 152.46024219632963081 66.346155375776149299 
 175.61668965121515384 98.346155375776149299 
 152.46024219632963081 98.346155375776149299 
 195.96194438507754398 82.346155375776135088 
 178.42788237223822989 114.34615537577613509 
 155.27143491735273528 114.34615537577613509 
 172.80549693019204938 82.346155375776149299 
 129.30379474144413621 66.346155375776149299 
 106.14734728655862739 66.346155375776149299 
 129.30379474144413621 98.346155375776149299 
 106.14734728655862739 98.346155375776149299 
 149.64904947530652635 82.346155375776149299 
 132.11498746246721225 114.34615537577613509 
 108.95854000758171765 114.34615537577613509 
 126.49260202042101753 82.346155375776149299 
 82.990899831673090148 66.346155375776149299 
 59.83445237678759554 66.34615537577616351 
 82.990899831673090148 98.346155375776149299 
 59.83445237678759554 98.346155375776149299 
 103.33615456553552292 82.346155375776149299 
 85.802092552696223038 114.34615537577613509 
 62.645645097810685797 114.34615537577613509 
 80.17970711064999989 82.346155375776149299 
 36.678004921902108038 66.34615537577616351 
 13.521557467016565468 66.34615537577616351 
 36.678004921902108038 98.346155375776149299 
 13.521557467016565468 98.346155375776149299 
 57.023259655764512388 82.34615537577616351 
 39.489197642925198295 114.34615537577613509 
 16.332750188039710793 114.3461553757761493 
 33.866812200879024886 82.34615537577616351 
 221.92958456098617148 66.346155375776135088 
 198.77313710610064845 66.346155375776135088 
 221.92958456098617148 98.346155375776149299 
 198.77313710610064845 98.346155375776149299 
 242.27483929484859004 82.346155375776135088 
 224.74077728200927595 114.34615537577613509 
 201.58432982712378134 114.34615537577613509 
 219.11839183996309544 82.346155375776135088 
 175.61668965121515384 130.34615537577613509 
 152.46024219632963081 130.34615537577613509 
 175.61668965121515384 162.34615537577613509 
 152.46024219632963081 162.34615537577613509 
 195.96194438507754398 146.34615537577613509 
 178.42788237223822989 178.34615537577613509 
 155.27143491735273528 178.34615537577613509 
 172.80549693019204938 146.34615537577613509 
 129.30379474144413621 130.34615537577613509 
 106.14734728655862739 130.34615537577613509 
 129.30379474144413621 162.34615537577613509 
 106.14734728655862739 162.34615537577613509 
 149.64904947530652635 146.34615537577613509 
 132.11498746246724068 178.34615537577613509 
 108.95854000758171765 178.34615537577613509 
 126.49260202042101753 146.34615537577613509 
 82.990899831673090148 130.34615537577613509 
 59.83445237678759554 130.34615537577613509 
 82.990899831673090148 162.34615537577613509 
 59.83445237678759554 162.34615537577613509 
 103.33615456553552292 146.34615537577613509 
 85.802092552696223038 178.34615537577613509 
 62.645645097810685797 178.34615537577613509 
 80.17970711064999989 146.34615537577613509 
 36.678004921902108038 130.34615537577613509 
 13.521557467016565468 130.34615537577613509 
 36.678004921902108038 162.34615537577613509 
 13.521557467016565468 162.34615537577613509 
 57.023259655764512388 146.34615537577613509 
 39.489197642925198295 178.34615537577613509 
 16.332750188039710793 178.34615537577613509 
 33.866812200879024886 146.34615537577613509 
 221.92958456098617148 130.34615537577613509 
 198.77313710610064845 130.34615537577613509 
 221.92958456098617148 162.34615537577613509 
 198.77313710610064845 162.34615537577613509 
 242.27483929484859004 146.34615537577613509 
 224.74077728200927595 178.34615537577613509 
 201.58432982712378134 178.34615537577613509 
 219.11839183996309544 146.34615537577613509 
 175.61668965121515384 194.34615537577613509 
 152.46024219632963081 194.34615537577613509 
 175.61668965121515384 226.34615537577610667 
 152.46024219632963081 226.34615537577610667 
 195.96194438507754398 210.34615537577613509 
 178.42788237223822989 242.34615537577613509 
 155.27143491735273528 242.34615537577613509 
 172.80549693019204938 210.34615537577613509 
 129.30379474144413621 194.34615537577613509 
 106.14734728655862739 194.34615537577613509 
 129.30379474144413621 226.34615537577610667 
 106.14734728655862739 226.34615537577610667 
 149.64904947530655477 210.34615537577613509 
 132.11498746246724068 242.34615537577613509 
 108.95854000758171765 242.34615537577613509 
 126.49260202042101753 210.34615537577613509 
 82.990899831673090148 194.34615537577613509 
 59.83445237678759554 194.34615537577613509 
 82.990899831673090148 226.34615537577610667 
 59.83445237678759554 226.34615537577610667 
 103.33615456553552292 210.34615537577613509 
 85.802092552696223038 242.34615537577613509 
 62.645645097810685797 242.34615537577613509 
 80.17970711064999989 210.34615537577613509 
 36.678004921902108038 194.34615537577613509 
 13.521557467016565468 194.34615537577613509 
 36.678004921902108038 226.34615537577610667 
 13.521557467016565468 226.34615537577610667 
 57.023259655764512388 210.34615537577613509 
 39.489197642925198295 242.34615537577613509 
 16.332750188039710793 242.34615537577613509 
 33.866812200879024886 210.34615537577613509 
 221.92958456098617148 194.34615537577613509 
 198.77313710610064845 194.34615537577613509 
 221.92958456098617148 226.34615537577610667 
 198.77313710610064845 226.34615537577610667 
 242.27483929484859004 210.34615537577613509 
 224.74077728200927595 242.34615537577613509 
 201.58432982712378134 242.34615537577613509 
 219.11839183996309544 210.34615537577613509 
