 21.160889087040327894 14.238897140571133093 
 21.160889087040327894 38.619849521523519797 
 31.717944631401937983 20.334135235809238651 
 31.717944631401937983 32.524611426285424898 
 21.160889087040327894 50.810325711999702492 
 21.160889087040327894 75.191278092952089196 
 31.717944631401937983 56.905563807237797391 
 31.717944631401937983 69.096039997714001402 
 21.160889087040327894 87.381754283428264785 
 21.160889087040327894 111.76270666438065859 
 31.717944631401937983 93.47699237866636679 
 31.717944631401937983 105.66746856914255659 
 21.160889087040327894 123.95318285485683418 
 21.160889087040327894 148.3341352358092422 
 31.717944631401937983 130.04842095009493619 
 31.717944631401937983 142.2388971405711402 
 21.160889087040327894 160.52461142628541779 
 21.160889087040327894 184.90556380723779739 
 31.717944631401937983 166.6198495215235198 
 31.717944631401937983 178.81032571199969539 
 21.160889087040327894 197.09603999771397298 
 21.160889087040327894 221.47699237866635258 
 31.717944631401937983 203.19127809295207499 
 31.717944631401937983 215.38175428342825057 
 21.160889087040327894 233.66746856914255659 
 21.160889087040327894 2.0484209500949326355 
 31.717944631401937983 239.76270666438065859 
 31.717944631401937983 251.95318285485683418 
 42.27500017576355873 14.238897140571133093 
 42.27500017576355873 38.619849521523519797 
 52.832055720125168818 20.334135235809238651 
 52.832055720125168818 32.524611426285424898 
 42.27500017576355873 50.810325711999702492 
 42.27500017576355873 75.191278092952089196 
 52.832055720125168818 56.905563807237797391 
 52.832055720125168818 69.096039997714001402 
 42.27500017576355873 87.381754283428264785 
 42.27500017576355873 111.76270666438065859 
 52.832055720125168818 93.47699237866636679 
 52.832055720125168818 105.66746856914255659 
 42.27500017576355873 123.95318285485683418 
 42.27500017576355873 148.3341352358092422 
 52.832055720125168818 130.04842095009493619 
 52.832055720125168818 142.2388971405711402 
 42.27500017576355873 160.52461142628541779 
 42.27500017576355873 184.90556380723779739 
 52.832055720125168818 166.6198495215235198 
 52.832055720125168818 178.81032571199969539 
 42.27500017576355873 197.09603999771397298 
 42.27500017576355873 221.47699237866635258 
 52.832055720125168818 203.19127809295207499 
 52.832055720125168818 215.38175428342825057 
 42.27500017576355873 233.66746856914255659 
 42.27500017576355873 2.0484209500949326355 
 52.832055720125168818 239.76270666438065859 
 52.832055720125168818 251.95318285485683418 
 63.389111264486771802 14.238897140571133093 
 63.389111264486771802 38.619849521523519797 
 73.946166808848388996 20.334135235809238651 
 73.946166808848388996 32.524611426285424898 
 63.389111264486771802 50.810325711999702492 
 63.389111264486771802 75.191278092952089196 
 73.946166808848388996 56.905563807237797391 
 73.946166808848388996 69.096039997714001402 
 63.389111264486771802 87.381754283428264785 
 63.389111264486771802 111.76270666438065859 
 73.946166808848388996 93.47699237866636679 
 73.946166808848388996 105.66746856914255659 
 63.389111264486771802 123.95318285485683418 
 63.389111264486771802 148.3341352358092422 
 73.946166808848388996 130.04842095009493619 
 73.946166808848388996 142.2388971405711402 
 63.389111264486771802 160.52461142628541779 
 63.389111264486771802 184.90556380723779739 
 73.946166808848388996 166.6198495215235198 
 73.946166808848388996 178.81032571199969539 
 63.389111264486771802 197.09603999771397298 
 63.389111264486771802 221.47699237866635258 
 73.946166808848388996 203.19127809295207499 
 73.946166808848388996 215.38175428342825057 
 63.389111264486771802 233.66746856914255659 
 63.389111264486771802 2.0484209500949326355 
 73.946166808848388996 239.76270666438065859 
 73.946166808848388996 251.95318285485683418 
 84.503222353209991979 14.238897140571133093 
 84.503222353209991979 38.619849521523519797 
 95.060277897571594963 20.334135235809238651 
 95.060277897571594963 32.524611426285424898 
 84.503222353209991979 50.810325711999702492 
 84.503222353209991979 75.191278092952089196 
 95.060277897571594963 56.905563807237797391 
 95.060277897571594963 69.096039997714001402 
 84.503222353209991979 87.381754283428264785 
 84.503222353209991979 111.76270666438065859 
 95.060277897571594963 93.47699237866636679 
 95.060277897571594963 105.66746856914255659 
 84.503222353209991979 123.95318285485683418 
 84.503222353209991979 148.3341352358092422 
 95.060277897571594963 130.04842095009493619 
 95.060277897571594963 142.2388971405711402 
 84.503222353209991979 160.52461142628541779 
 84.503222353209991979 184.90556380723779739 
 95.060277897571594963 166.6198495215235198 
 95.060277897571594963 178.81032571199969539 
 84.503222353209991979 197.09603999771397298 
 84.503222353209991979 221.47699237866635258 
 95.060277897571594963 203.19127809295207499 
 95.060277897571594963 215.38175428342825057 
 84.503222353209991979 233.66746856914255659 
 84.503222353209991979 2.0484209500949326355 
 95.060277897571594963 239.76270666438065859 
 95.060277897571594963 251.95318285485683418 
 105.61733344193321216 14.238897140571133093 
 105.61733344193321216 38.619849521523519797 
 116.17438898629481514 20.334135235809238651 
 116.17438898629481514 32.524611426285424898 
 105.61733344193321216 50.810325711999702492 
 105.61733344193321216 75.191278092952089196 
 116.17438898629481514 56.905563807237797391 
 116.17438898629481514 69.096039997714001402 
 105.61733344193321216 87.381754283428264785 
 105.61733344193321216 111.76270666438065859 
 116.17438898629481514 93.47699237866636679 
 116.17438898629481514 105.66746856914255659 
 105.61733344193321216 123.95318285485683418 
 105.61733344193321216 148.3341352358092422 
 116.17438898629481514 130.04842095009493619 
 116.17438898629481514 142.2388971405711402 
 105.61733344193321216 160.52461142628541779 
 105.61733344193321216 184.90556380723779739 
 116.17438898629481514 166.6198495215235198 
 116.17438898629481514 178.81032571199969539 
 105.61733344193321216 197.09603999771397298 
 105.61733344193321216 221.47699237866635258 
 116.17438898629481514 203.19127809295207499 
 116.17438898629481514 215.38175428342825057 
 105.61733344193321216 233.66746856914255659 
 105.61733344193321216 2.0484209500949326355 
 116.17438898629481514 239.76270666438065859 
 116.17438898629481514 251.95318285485683418 
 126.73144453065641812 14.238897140571133093 
 126.73144453065641812 38.619849521523519797 
 137.28850007501802111 20.334135235809238651 
 137.28850007501802111 32.524611426285424898 
 126.73144453065641812 50.810325711999702492 
 126.73144453065641812 75.191278092952089196 
 137.28850007501802111 56.905563807237797391 
 137.28850007501802111 69.096039997714001402 
 126.73144453065641812 87.381754283428264785 
 126.73144453065641812 111.76270666438065859 
 137.28850007501802111 93.47699237866636679 
 137.28850007501802111 105.66746856914255659 
 126.73144453065641812 123.95318285485683418 
 126.73144453065641812 148.3341352358092422 
 137.28850007501802111 130.04842095009493619 
 137.28850007501802111 142.2388971405711402 
 126.73144453065641812 160.52461142628541779 
 126.73144453065641812 184.90556380723779739 
 137.28850007501802111 166.6198495215235198 
 137.28850007501802111 178.81032571199969539 
 126.73144453065641812 197.09603999771397298 
 126.73144453065641812 221.47699237866635258 
 137.28850007501802111 203.19127809295207499 
 137.28850007501802111 215.38175428342825057 
 126.73144453065641812 233.66746856914255659 
 126.73144453065641812 2.0484209500949326355 
 137.28850007501802111 239.76270666438065859 
 137.28850007501802111 251.95318285485683418 
 147.84555561937966672 14.238897140571133093 
 147.84555561937966672 38.619849521523519797 
 158.4026111637412555 20.334135235809238651 
 158.4026111637412555 32.524611426285424898 
 147.84555561937966672 50.810325711999702492 
 147.84555561937966672 75.191278092952089196 
 158.4026111637412555 56.905563807237797391 
 158.4026111637412555 69.096039997714001402 
 147.84555561937966672 87.381754283428264785 
 147.84555561937966672 111.76270666438065859 
 158.4026111637412555 93.47699237866636679 
 158.4026111637412555 105.66746856914255659 
 147.84555561937966672 123.95318285485683418 
 147.84555561937966672 148.3341352358092422 
 158.4026111637412555 130.04842095009493619 
 158.4026111637412555 142.2388971405711402 
 147.84555561937966672 160.52461142628541779 
 147.84555561937966672 184.90556380723779739 
 158.4026111637412555 166.6198495215235198 
 158.4026111637412555 178.81032571199969539 
 147.84555561937966672 197.09603999771397298 
 147.84555561937966672 221.47699237866635258 
 158.4026111637412555 203.19127809295207499 
 158.4026111637412555 215.38175428342825057 
 147.84555561937966672 233.66746856914255659 
 147.84555561937966672 2.0484209500949326355 
 158.4026111637412555 239.76270666438065859 
 158.4026111637412555 251.95318285485683418 
 168.95966670810287269 14.238897140571133093 
 168.95966670810287269 38.619849521523519797 
 179.51672225246451831 20.334135235809238651 
 179.51672225246451831 32.524611426285424898 
 168.95966670810287269 50.810325711999702492 
 168.95966670810287269 75.191278092952089196 
 179.51672225246451831 56.905563807237797391 
 179.51672225246451831 69.096039997714001402 
 168.95966670810287269 87.381754283428264785 
 168.95966670810287269 111.76270666438065859 
 179.51672225246451831 93.47699237866636679 
 179.51672225246451831 105.66746856914255659 
 168.95966670810287269 123.95318285485683418 
 168.95966670810287269 148.3341352358092422 
 179.51672225246451831 130.04842095009493619 
 179.51672225246451831 142.2388971405711402 
 168.95966670810287269 160.52461142628541779 
 168.95966670810287269 184.90556380723779739 
 179.51672225246451831 166.6198495215235198 
 179.51672225246451831 178.81032571199969539 
 168.95966670810287269 197.09603999771397298 
 168.95966670810287269 221.47699237866635258 
 179.51672225246451831 203.19127809295207499 
 179.51672225246451831 215.38175428342825057 
 168.95966670810287269 233.66746856914255659 
 168.95966670810287269 2.0484209500949326355 
 179.51672225246451831 239.76270666438065859 
 179.51672225246451831 251.95318285485683418 
 190.07377779682610708 14.238897140571133093 
 190.07377779682610708 38.619849521523519797 
 200.63083334118772427 20.334135235809238651 
 200.63083334118772427 32.524611426285424898 
 190.07377779682610708 50.810325711999702492 
 190.07377779682610708 75.191278092952089196 
 200.63083334118772427 56.905563807237797391 
 200.63083334118772427 69.096039997714001402 
 190.07377779682610708 87.381754283428264785 
 190.07377779682610708 111.76270666438065859 
 200.63083334118772427 93.47699237866636679 
 200.63083334118772427 105.66746856914255659 
 190.07377779682610708 123.95318285485683418 
 190.07377779682610708 148.3341352358092422 
 200.63083334118772427 130.04842095009493619 
 200.63083334118772427 142.2388971405711402 
 190.07377779682610708 160.52461142628541779 
 190.07377779682610708 184.90556380723779739 
 200.63083334118772427 166.6198495215235198 
 200.63083334118772427 178.81032571199969539 
 190.07377779682610708 197.09603999771397298 
 190.07377779682610708 221.47699237866635258 
 200.63083334118772427 203.19127809295207499 
 200.63083334118772427 215.38175428342825057 
 190.07377779682610708 233.66746856914255659 
 190.07377779682610708 2.0484209500949326355 
 200.63083334118772427 239.76270666438065859 
 200.63083334118772427 251.95318285485683418 
 211.18788888554931304 14.238897140571133093 
 211.18788888554931304 38.619849521523519797 
 221.74494442991093024 20.334135235809238651 
 221.74494442991093024 32.524611426285424898 
 211.18788888554931304 50.810325711999702492 
 211.18788888554931304 75.191278092952089196 
 221.74494442991093024 56.905563807237797391 
 221.74494442991093024 69.096039997714001402 
 211.18788888554931304 87.381754283428264785 
 211.18788888554931304 111.76270666438065859 
 221.74494442991093024 93.47699237866636679 
 221.74494442991093024 105.66746856914255659 
 211.18788888554931304 123.95318285485683418 
 211.18788888554931304 148.3341352358092422 
 221.74494442991093024 130.04842095009493619 
 221.74494442991093024 142.2388971405711402 
 211.18788888554931304 160.52461142628541779 
 211.18788888554931304 184.90556380723779739 
 221.74494442991093024 166.6198495215235198 
 221.74494442991093024 178.81032571199969539 
 211.18788888554931304 197.09603999771397298 
 211.18788888554931304 221.47699237866635258 
 221.74494442991093024 203.19127809295207499 
 221.74494442991093024 215.38175428342825057 
 211.18788888554931304 233.66746856914255659 
 211.18788888554931304 2.0484209500949326355 
 221.74494442991093024 239.76270666438065859 
 221.74494442991093024 251.95318285485683418 
 232.30199997427251901 14.238897140571133093 
 232.30199997427251901 38.619849521523519797 
 242.85905551863416463 20.334135235809238651 
 242.85905551863416463 32.524611426285424898 
 232.30199997427251901 50.810325711999702492 
 232.30199997427251901 75.191278092952089196 
 242.85905551863416463 56.905563807237797391 
 242.85905551863416463 69.096039997714001402 
 232.30199997427251901 87.381754283428264785 
 232.30199997427251901 111.76270666438065859 
 242.85905551863416463 93.47699237866636679 
 242.85905551863416463 105.66746856914255659 
 232.30199997427251901 123.95318285485683418 
 232.30199997427251901 148.3341352358092422 
 242.85905551863416463 130.04842095009493619 
 242.85905551863416463 142.2388971405711402 
 232.30199997427251901 160.52461142628541779 
 232.30199997427251901 184.90556380723779739 
 242.85905551863416463 166.6198495215235198 
 242.85905551863416463 178.81032571199969539 
 232.30199997427251901 197.09603999771397298 
 232.30199997427251901 221.47699237866635258 
 242.85905551863416463 203.19127809295207499 
 242.85905551863416463 215.38175428342825057 
 232.30199997427251901 233.66746856914255659 
 232.30199997427251901 2.0484209500949326355 
 242.85905551863416463 239.76270666438065859 
 242.85905551863416463 251.95318285485683418 
 253.4161110629957534 14.238897140571133093 
 253.4161110629957534 38.619849521523519797 
 10.603833542678721358 20.334135235809238651 
 10.603833542678721358 32.524611426285424898 
 253.4161110629957534 50.810325711999702492 
 253.4161110629957534 75.191278092952089196 
 10.603833542678721358 56.905563807237797391 
 10.603833542678721358 69.096039997714001402 
 253.4161110629957534 87.381754283428264785 
 253.4161110629957534 111.76270666438065859 
 10.603833542678721358 93.47699237866636679 
 10.603833542678721358 105.66746856914255659 
 253.4161110629957534 123.95318285485683418 
 253.4161110629957534 148.3341352358092422 
 10.603833542678721358 130.04842095009493619 
 10.603833542678721358 142.2388971405711402 
 253.4161110629957534 160.52461142628541779 
 253.4161110629957534 184.90556380723779739 
 10.603833542678721358 166.6198495215235198 
 10.603833542678721358 178.81032571199969539 
 253.4161110629957534 197.09603999771397298 
 253.4161110629957534 221.47699237866635258 
 10.603833542678721358 203.19127809295207499 
 10.603833542678721358 215.38175428342825057 
 253.4161110629957534 233.66746856914255659 
 253.4161110629957534 2.0484209500949326355 
 10.603833542678721358 239.76270666438065859 
 10.603833542678721358 251.95318285485683418 
