 79.66962187168698506 2.7204739447495862592 
 67.479145681210781049 23.834998075113045246 
 85.764681114648411153 13.277632749521247391 
 79.669443019410323359 23.834894814702977328 
 61.383907585972686149 34.392260140294773407 
 49.193431395496503455 55.506784270658236835 
 67.478966828934133559 44.94941894506641944 
 61.383728733696045765 55.506681010248165364 
 43.098193300258408556 66.064046335839947233 
 30.907717109782208098 87.178570466203424871 
 49.193252543219863071 76.621205140611607476 
 43.098014447981768171 87.178467205793353401 
 24.812479014544116751 97.735832531385156585 
 12.622002824067932281 118.8503566617486058 
 30.907538257505571266 108.29299133615681683 
 24.812300162267479919 118.85025340133853433 
 6.5267647288298400454 129.40761872693030909 
 12.621823971791293673 139.96477753170196934 
 6.5265858765532174246 150.52203959688370105 
 104.05021654808606968 2.720267423929478845 
 116.24051388628564041 2.7201641635194100388 
 97.954978452847981885 13.277529489111177696 
 85.764502262371792085 34.392053619474651782 
 104.05003769580945061 23.834688293882855703 
 97.954799600571362816 34.391950359064601628 
 79.669264167133704291 44.949315684656369285 
 67.478787976657514491 66.063839815019832713 
 85.764323410095173017 55.506474489428029528 
 79.669085314857085223 66.063736554609775453 
 61.383549881419426697 76.621101880201564427 
 49.193073690943222687 97.735626010565027855 
 67.478609124380895423 87.17826068497322467 
 61.383371029142793418 97.735522750154970595 
 43.097835595705134892 108.29288807574675957 
 30.907359405228948646 129.40741220611019457 
 49.192894838666603619 118.85004688051841981 
 43.097656743428508719 129.40730894570015153 
 24.812121309990857299 139.96467427129192629 
 12.621645119514687039 161.07919840165536129 
 30.907180552952326025 150.52183307606358653 
 24.811942457714248889 161.07909514124531825 
 6.5264070242765637175 171.63646046683712143 
 12.621466267238032444 182.19361927160878167 
 6.5262281719999410967 192.75088133679051339 
 122.33557312924710914 13.277322968291072058 
 140.62110856268475345 2.7199576426992879696 
 134.52587046744665145 13.277219707881018351 
 116.24033503400900713 23.834585033472787785 
 104.04985884353283154 44.949109163836261871 
 122.33539427697047586 34.391743838244465792 
 116.24015618173237385  44.9490059034261904 
 97.954620748294729538 55.506371229017972269 
 85.764144557818553949 76.620895359381435696 
 104.04967999125618405 66.063530033789632512 
 97.954441896018096259 76.620792098971378437 
 79.668906462580451944 87.17815742456316741 
 67.478430272104247933 108.29268155492664505 
 85.763965705541906459 97.735316229334827653 
 79.668727610303804454 108.29257829451657358 
 61.383192176866153034 118.84994362010837676 
 49.192715986389977445 139.96446775047181177 
 67.478251419827614654 129.40710242488003701 
 61.38301332458952686 139.96436449006176872 
 43.097477891151889651 150.52172981565354348 
 30.907001700675703404 171.63625394601695007 
 49.192537134113344166 161.07888862042520373 
 43.097299038875249266 171.63615068560690702 
 24.811763605437594293 182.1935160111987102 
 12.621287414961409823 203.30804014156217363 
 30.90682284839906302 192.75067481597039887 
 24.811584753160971673 203.30793688115210216 
 152.81140590088432418 2.7198543822892191635 
 140.62092971040809175 23.834378512652680371 
 158.90646514384579291 13.27701318706089495 
 152.8112270486076909 23.834275252242626664 
 134.52569161517001817 34.391640577834394321 
 122.33521542469384258 55.50616470819787196 
 140.62075085813151532 44.948799382606068775 
 134.52551276289341331  55.5060614477878147 
 116.23997732945575478 66.063426773379589463 
 104.04950113897955077 87.17795090374303868 
 122.33503657241722351 76.620585578151249706 
 116.23979847717912151 87.177847643333009842 
 97.95426304374146298 97.735212968924770394 
 85.76378685326527318 118.84973709928824803 
 104.04932228670294592 108.29237177369643064 
 97.954084191464829701 118.84963383887817656 
 79.668548758027185386 129.40699916446996554 
 67.478072567550995586 150.52152329483342896 
 85.763608000988654112 139.9641579692416542 
 79.668369905750552107 150.52142003442335749 
 61.382834472312900687 161.07878536001516068 
 49.192358281836717993 182.19330949037859568 
 67.477893715274376518 171.63594416478682092 
 61.382655620036288724 182.19320622996852421 
 43.097120186598608882 192.75057155556035582 
 30.906643996122426188 213.86509568592379082 
 49.192179429560098924 203.30773036033201606 
 43.096941334322004025 213.86499242551371935 
 171.0967624820453068 13.276909926650827032 
 158.90628629156913121 34.391434057014286907 
 177.19182172500677552 23.834068731422501486 
 171.09658362976870194 34.391330796604229647 
 152.8110481963310292 44.94869612219600441 
 140.62057200585485361 66.063220252559474943 
 158.90610743929249793 55.505854926967678864 
 152.81086934405442435 66.063116992149417683 
 134.52533391061675161 76.620482317741192446 
 122.33485772014056181 97.735006448104655874 
 140.62039315357824876  87.1776411225128669 
 134.52515505834014675 97.734903187694598614 
 116.23961962490248823 108.29226851328638759 
 104.04914343442627001 129.40679264364985102 
 122.33467886786395695 118.84942731805806204 
 116.23944077262586916 129.40668938323977954 
 97.953905339188182211 139.96405470883158273 
 85.763429148712006622 161.07857883919501774 
 104.04896458214966515 150.52121351360324297 
 97.953726486911577354 161.07847557878497469 
 79.668191053473918828 171.63584090437674945 
 67.477714862997729028 192.75036503474021288 
 85.763250296435387554 182.19299970914843811 
 79.668012201197313971 192.75026177433014141 
 61.382476767759627023 203.30762709992197301 
 49.192000577283444329 224.42215123028540802 
 67.47753601072110996 213.86478590469360483 
 61.382297915483015061 224.42204796987536497 
 189.38211906320634625 23.833965471012433568 
 177.19164287273017067 44.948489601375896996 
 195.47717830616781498 34.391124275784108022 
 189.3819402109297414 44.948386340965839736 
 171.09640477749204024 55.505751666557607393 
 158.90592858701586465 76.620275796921063716 
 177.19146402045353739 66.062910471329288953 
 171.0962259252154638 76.620172536511034878 
 152.81069049177779107 87.17753786210279543 
 140.62021430130158706 108.29206199246625886 
 158.90574973473925979 97.734696666874455673 
 152.81051163950112937 108.2919587320562016 
 134.52497620606351347 118.84932405764799057 
 122.33450001558730946 139.96384818801143979 
 140.6200354490249822 129.4064828624196366 
 134.52479735378688019 139.96374492760136832 
 116.23926192034920746 150.5211102531931715 
 104.04878572987303187 171.63563438355663493 
 122.33432116331067618 161.07826905796483175 
 116.23908306807258839 171.63553112314656346 
 97.953547634634929864 182.19289644873836664 
 85.763071444158754275 203.30742057910180165 
 104.04860687759639859 192.75005525351002689 
 97.953368782358310796 203.3073173186917586 
 79.667833348920638059 213.86468264428356179 
 67.47735715844446247 234.97920677464699679 
 85.762892591882120996 224.42184144905522203 
 79.667654496644033202 234.97910351423695374 
 207.66747564436738571 34.391021015374057868 
 195.47699945389121012 55.50554514573751419 
 213.76253488732882602 44.948179820145718111 
 207.66729679209075243 55.505441885327449825 
 189.38176135865310812 66.062807210919231693 
 177.19128516817693253 87.177331341282695121 
 195.47682060161457684 76.619966015690891936 
 189.38158250637644642 87.17722808087262365 
 171.09604707293883052 97.734593406464426835 
 158.90557088246265494 118.84911753682787605 
 177.19110631590027083 108.29175221123608708 
 171.09586822066216882 118.84901427641781879 
 152.81033278722455293 129.40637960200962198 
 140.61985659674834892 150.52090373237305698 
 158.90539203018599324 139.96353840678128222 
 152.81015393494789123 150.52080047196301393 
 134.52461850151024692 161.0781657975547887 
 122.33414231103407133 182.19268992791825212 
 140.61967774447171564 171.63532460232644894 
 134.52443964923361364 182.19258666750818065 
 116.23890421579598353 192.74995199309998384 
 104.04842802531979373 213.86447612346341884 
 122.33396345875743805 203.30711079787161566 
 116.23872536351935025 213.86437286305334737 
 97.953189930081691728 224.42173818864517898 
 85.762713739605501928 245.53626231900861399 
 104.04824917304314624 234.97889699341683922 
 97.953011077805044238 245.53615905859854252 
 225.95283222552842517 44.948076559735667956 
 213.76235603505222116 66.062600690099131384 
 232.0478914684898939 55.50523536450734241 
 225.95265337325179189 66.062497429689074124 
 207.66711793981411915 76.619862755280834676 
 195.47664174933791514 97.734386885644298104 
 213.7621771827756163 87.17702156005250913 
 207.6669390875375143 97.734283625234240844 
 189.38140365409986998 108.29164895082602982 
 177.19092746362363755 129.40617308118947903 
 195.47646289706133871 118.84880775559769006 
 189.38122480182320828 129.40606982077943599 
 171.09568936838556397 139.96343514637121075 
 158.90521317790935996 161.0779592767347026 
 177.19074861134703269 150.52059395114289941 
 171.09551051610893069 161.07785601632463113 
 152.80997508267128637 171.63522134191640589 
 140.61949889219508236 192.7497454722798409 
 158.9050343256327551 182.19238014668809456 
 152.80979623039465309 192.74964221186979785 
 134.52426079695700878 203.30700753746157261 
 122.33378460648081898 224.42153166782500762 
 140.61932003991847751 213.86416634223323285 
 134.5240819446803755 224.42142840741496457 
 116.23854651124270276 234.97879373300676775 
 104.04807032076652717 256.09331786337020276 
 122.3336057542041857 245.53595253777845642 
 116.23836765896609791 256.09321460296018813 
 244.23818880668940778 55.50513210409727094 
 232.0477126162132322 76.619656234460734368 
 250.33324804965087651 66.062290908868945394 
 244.23800995441280293 76.619552974050677108 
 225.95247452097513019 87.176918299642451871 
 213.7619983304989546 108.29144243000590109 
 232.04753376393659892 97.734077104414112114 
 225.95229566869852533 108.29133916959585804 
 207.6667602352608526 118.8487044951876328 
 195.47628404478467701 139.96322862555109623 
 213.76181947822232132 129.40586329995929304 
 207.66658138298424774 139.96312536514102476 
  189.381045949546575 150.52049069073282794 
 177.19056975907037099 171.63501482109629137 
 195.47610519250804373 161.07764949550448819 
 189.38086709726997015 171.6349115606862199 
 171.09533166383226899 182.19227688627802308 
 158.9048554733560934 203.30680101664148651 
 177.19039090679376613 192.74943569104968333 
 171.09515281155566413 203.30669775623141504 
 152.80961737811799139 213.86406308182316138 
 140.6191411876418158 234.97858721218662481 
 158.90467662107948854 224.42122188659487847 
 152.80943852584141496 234.97848395177655334 
 134.5239030924037138 245.53584927736838495 
 140.61896233536518253 256.09300808214004519 
 250.33306919737427165 87.176711778822337351 
 244.23783110213616965 97.733973844004040643 
 232.04735491165999406 118.84849797436751828 
 250.33289034509763837 108.29113264877572931 
 244.23765224985950795 118.84839471395746102 
 225.95211681642186363 129.40576003954922157 
 213.76164062594568804  150.520284169912685 
 232.04717605938333236 139.96291884432088182 
 225.95193796414525877 150.52018090950264195 
 207.66640253070761446 161.07754623509441672 
 195.47592634023141045 182.19207036545788014 
 213.76146177366908319 171.63470503986610538 
 207.66622367843095276 182.19196710504783709 
 189.38068824499330844 192.74933243063964028 
 177.19021205451713286 213.86385656100307529 
 195.47574748795477717 203.30649123541130052 
 189.38050939271667517 213.86375330059303224 
 171.09497395927903085  224.421118626184807 
 158.90449776880285526 245.53564275654821358 
 177.19003320224049958 234.97827743095646724 
 171.09479510700239757 245.53553949613819896 
 152.80925967356475326 256.09290482173003056 
 250.33271149282097667 129.40555351872913548 
 244.23747339758290309 139.96281558391083877 
 232.04699720710669908 161.0773397142743022 
 250.33253264054437182 150.51997438868249901 
 244.23729454530626981 161.07723645386423073 
 225.9517591118686255 171.63460177945603391 
 213.76128292139242149 192.74912590981949734 
 232.04681835483009422 182.19176058422769415 
 225.95158025959199222 192.74902264940942587 
 207.66604482615431948 203.30638797500122905 
 195.47556863567811547 224.42091210536466406 
 213.76110406911578821 213.86354677977288929 
 207.66586597387771462 224.42080884495462101 
 189.38033054044007031 234.97817417054639577 
 177.1898543499638663 256.09269830090988762 
 195.47538978340153903 245.53533297531808444 
 189.38015168816343703 256.09259504049975931 
 67.479324533487414328 2.7205772051596239791 
 61.384086438249312323 13.277839270341369016 
 250.33235378826773854 171.63439525863589097 
 49.193610247773122524 34.392363400704816456 
 43.098372152535034729 44.949625465886562381 
 244.23711569302960811 182.19165732381762268 
 232.04663950255343252 203.30618145418111453 
 30.907895962058848482 66.064149596250004493 
 24.812657866820753583 76.621411661431736206 
 225.95140140731533052 213.86344351936281782 
 213.76092521683915493 234.97796764972628125 
 12.622181676344554901 97.735935791795199634 
 6.5269435811064626662 108.29319785697691714 
 207.66568712160105292 245.53522971490801297 
