 98.759400510560695352 9.1261851788031655985 
 119.15431864561011821 3.6611981733159986163 
 110.53435026543124309 12.281166553494886173 
 90.139432130381848651 17.746153558982022957 
 72.899495370024098406 34.986090319339766097 
 93.294413505073521264 29.521103313852613326 
 84.674445124894660353 38.141071694031467132 
 64.279526989845237495 43.606058699518619903 
 47.03959022948750146 60.845995459876363043 
 67.434508364536938529 55.381008454389196061 
 58.814539984358063407 64.000976834568064078 
 38.419621849308647654 69.465963840055223955 
 21.179685088950915173 86.705900600412945778 
  41.5746032240003629 81.240913594925785901 
 32.954634843821480672 89.860881975104661024 
 12.55971670877205959  95.3258689805918209 
 15.714698083463764178 107.10081873546238285 
 7.0947297032848934961 115.72078711564125797 
 130.92926840048068016 6.8161795480077032039 
 113.68933164012294412 24.056116308365432133 
 134.0842497751723954 18.591129302878279361 
 125.46428139499352028 27.211097683057150931 
 105.06936325994409742 32.676084688544307255 
 87.829426499586361388 49.916021448902029078 
 108.22434463463579846 44.451034443414876307 
 99.604376254456937545 53.07100282359375143 
 79.209458119407500476 58.535989829080904201 
 61.969521359049757336 75.775926589438626024 
 82.364439494099215722 70.310939583951466147 
 73.744471113920340599 78.930907964130355481 
 53.349552978870896425 84.395894969617501147 
 36.109616218513181707 101.63583172997522297 
 56.504534353562625881 96.170844724488048882 
 47.884565973383757864 104.79081310466693822 
 27.489647838334310137 110.25580011015408388 
 10.249711077976597196 127.49573687051180571 
 30.644629213026028935 122.03074986502466004 
 22.024660832847171577 130.65071824520350674 
 1.6297426977977409468 136.11570525069066662 
 4.7847240724894604114 147.89065500556125698 
 151.32418653553014565 1.3511925425205353335 
 145.85919953004292893 21.746110677569966185 
 128.61926276968523553 38.986047437927695114 
 149.01418090473467259 33.521060432440528132 
 140.39421252455579747 42.141028812619417465 
 119.99929438950637461 47.606015818106570237 
 102.75935762914862437 64.84595257846429206 
 123.15427576419806144 59.380965572977146394 
 114.53430738401920053 68.000933953155993095 
 94.139389248969777668 73.465920958643152971 
 76.899452488612027423 90.705857719000889006 
 97.294370623661478703 85.240870713513729129 
 88.674402243482603581 93.860839093692604251 
 68.279484108433166512 99.325826099179764128 
 51.039547348075444688 116.56576285953750016 
 71.434465483124895968 111.10077585405031186 
 62.814497102946020846 119.72074423422918699 
 42.419578967896590882 125.18573123971634686 
 25.179642207538861953 142.42566800007406869 
 45.574560342588291917 136.96068099458690881 
 36.954591962409438111 145.58064937476578393 
 16.559673827360008147 151.04563638025291539 
 19.714655202051726945 162.82058613512350576 
 11.094686821872869587 171.44055451530235246 
 154.47916791022186089 13.126142297391066194 
 174.87408604527126954 7.6611552919039285214 
 166.25411766509239442 16.281123672082784992 
 160.78913065960520612 36.676041807132229167 
 143.5491938992474843 53.915978567489958095 
 163.94411203429692137 48.450991562002791113 
 155.32414365411804624 57.070959942181680447 
 134.9292255190686376 62.535946947668833218 
 117.68928875871090156 79.775883708026555041 
 138.08420689376032442 74.310896702539409375 
 129.46423851358147772 82.930865082718270287 
 109.06932037853204065 88.395852088205415953 
 91.829383618174290405 105.63578884856318041 
 112.22430175322374168 100.17080184307599211 
 103.60433337304486656 108.79077022325486723 
 83.209415237995443704 114.25575722874202711 
 65.96947847763772188 131.49569398909974893 
 86.364396612687158949 126.03070698361257485 
 77.744428232508269616 134.65067536379143576 
 57.349510097458853863 140.11566236927862406 
 40.109573337101139145 157.35559912963631746 
 60.504491472150562004 151.89061212414915758 
 51.884523091971701092 160.51058050432806112 
 31.489604956922271128  165.975567509815221 
 14.249668196564558187 183.2155042701729144 
 34.644586331613972163 177.75051726468575453 
 26.024617951435118357 186.37048564486462965 
 186.64903580014180307 10.81613666659561801 
 169.40909903978413809 28.056073426953329175 
 189.80401717483351831 22.591086421466194167 
 181.18404879465467161 31.211054801645051526 
 175.71906178916748331 51.605972936694499253 
 158.47912502880976149 68.845909697052235288 
 178.87404316385919856 63.380922691565068305 
 170.25407478368032343 72.000891071743950533 
 149.85915664863091479 77.465878077231096199 
 132.61921988827316454 94.705814837588818023 
 153.01413802332260161 89.240827832101658146 
 144.39416964314372649 97.860796212280533268 
 123.99925150809430363 103.32578321776767893 
 106.7593147477365676 120.56571997812544339 
 127.15423288278600467 115.10073297263825509 
 118.53426450260712954 123.72070135281713021 
 98.139346367557706685 129.1856883583043043 
 80.899409607199984862 146.42562511866202613 
 101.29432774224942193 140.96063811317483783 
 92.674359362070532597 149.58060649335371295 
 72.27944122702112395 155.04559349884087283 
 55.039504466663409232 172.28553025919859465 
 75.434422601712824985 166.82054325371146319 
 66.814454221533964073 175.44051163389030989 
 46.41953608648453411 180.90549863937744135 
 29.179599326126822945 198.14543539973516317 
 49.57451746117624225 192.68044839424803172 
 40.954549080997381338 201.30041677442687842 
 201.57896692970410868 25.746067796157880991 
 184.33903016934638686 42.986004556515581498 
 204.7339483043957955 37.521017551028442938 
 196.1139799242169488 46.14098593120731806 
 190.64899291872973208 66.535904066256748024 
 173.40905615837203868 83.775840826614484058 
 193.80397429342144733 78.310853821127324181 
 185.18400591324257221 86.930822201306199304 
 164.78908777819316356 92.39580920679334497 
 147.54915101783541331 109.63574596715109521 
 167.94406915288485038 104.17075896166392113 
 159.32410077270600368 112.79072734184279625 
 138.92918263765656661 118.25571434732994192 
 121.68924587729883058 135.49565110768767795 
 142.08416401234825344 130.03066410220051807 
 133.46419563216940674 138.65063248237936477 
 113.06927749711996967 144.11561948786655307 
 95.829340736762262054 161.35555624822430332 
 116.22425887181168491 155.8905692427370866 
 107.60429049163279558 164.51053762291599014 
 87.209372356583386932 169.97552462840315002 
 69.969435596225650897 187.21546138876087184 
 90.364353731275087966 181.75047438327368354 
 81.744385351096227055 190.37044276345255867 
 61.349467216046797091 195.83542976893971854 
 44.109530455689089479 213.07536652929746879 
 64.504448590738505231 207.61037952381028049 
 55.884480210559651425 216.23034790398915561 
 216.50889805926632903 40.675998925720143973 
 199.26896129890866405 57.91593568607784448 
 219.66387943395804427 52.450948680590705919 
 211.04391105377919757 61.070917060769581042 
 205.57892404829200927 81.465835195819025216 
 188.33898728793428745 98.705771956176775461 
 208.73390542298372452 93.240784950689587163 
 200.11393704280487782 101.86075333086846229 
 179.71901890775544075 107.32574033635562216 
 162.47908214739771893 124.5656770967133582 
 182.87400028244712757 119.10069009122618411 
 174.25403190226825245 127.72065847140504502 
 153.8591137672188438 133.18564547689223332 
 136.61917700686109356 150.42558223724998356 
 157.01409514191053063 144.96059523176279527 
 148.39412676173165551 153.58056361194164197 
 127.99920862668223265 159.04555061742883026 
 110.75927186632452504 176.28548737778655209 
 131.1541900013739621 170.82050037229936379 
 122.53422162119507277 179.44046875247823891 
 102.13930348614566412 184.90545575796539879 
 84.899366725787956511 202.14539251832312061 
 105.29428486083735095 196.68040551283596074 
 96.674316480658504247 205.30037389301483586 
 76.279398345609081389 210.76536089850196731 
 59.039461585251366671 228.00529765885971756 
 79.434379720300768213 222.54031065337255768 
 70.814411340121907301 231.16027903355140438 
 231.43882918882863464 55.60593005528242827 
 214.19889242847091282 72.845866815640121672 
 234.59381056352032147 67.380879810152976006 
 225.97384218334147477 76.000848190331851129 
 220.50885517785428647 96.395766325381288198 
 203.26891841749656464 113.63570308573902423 
 223.66383655254603013 108.17071608025186435 
 215.04386817236712659 116.79068446043073948 
 194.64895003731768952 122.25567146591788514 
 177.4090132769599677 139.49560822627560697 
 197.80393141200937634 134.03062122078847551 
 189.18396303183052964 142.65058960096735063 
 168.78904489678109258 148.11557660645448209 
 151.54910813642334233 165.35551336681223233 
 171.94402627147280782 159.89052636132504404 
 163.32405789129396112 168.51049474150394758 
 142.92913975624449563 173.97548174699107904 
 125.68920299588678802 191.21541850734882928 
 146.0841211309362393 185.75043150186164098 
 137.46415275075736417 194.3703998820405161 
 117.06923461570792711 199.83538688752767598 
 99.829297855350205282 217.0753236478853978 
 120.22421599039964235 211.61033664239823793 
 111.60424761022078144 220.23030502257711305 
 91.20932947517134437 225.69529202806427293 
 73.969392714813636758 242.93522878842199475 
 94.364310849863045405 237.47024178293486329 
 85.744342469684198704   246.09021016311371 
 246.36876031839091183 70.535861184844677041 
 229.12882355803321843 87.775797945202384653 
 249.52374169308262708 82.310810939715253198 
 240.90377331290375196 90.930779319894128321 
 235.43878630741656366 111.32569745494355118 
 218.19884954705881341 128.56563421530128721 
 238.59376768210825048 123.10064720981412734 
 229.97379930192940378 131.72061558999300246 
 209.57888116687996671 137.18560259548016234 
 192.33894440652224489 154.42553935583788416 
 212.73386254157168196 148.9605523503507527 
 204.11389416139283526 157.5805207305295994 
 183.71897602634339819 163.04550773601673086 
 166.47903926598561952 180.2854444963744811 
 186.87395740103508501 174.82045749088732123 
 178.25398902085620989 183.44042587106619635 
 157.85907088580677282 188.90541287655338465 
  140.619134125449051 206.14534963691107805 
 161.01405226049851649 200.68036263142388975 
 152.39408388031961294 209.3003310116027933 
 131.9991657452702043 214.76531801708995317 
 114.75922898491248247 232.00525477744764657 
 135.15414711996191954 226.54026777196051512 
 126.53417873978304442 235.16023615213936182 
 106.13926060473360735 240.6252231576265217 
 109.29424197942530839 252.40017291249708364 
 244.05875468759543878 102.70572907476466185 
 255.83370444246602915 105.8607104494563913 
 250.36871743697884085 126.25562858450579995 
 233.12878067662109061 143.49556534486353598 
 253.5236988116705561 138.03057833937640453 
 244.90373043149165255 146.65054671955527965 
 224.50881229644221548 152.11553372504241111 
 207.26887553608449366 169.35547048540016135 
 227.66379367113393073 163.89048347991297305 
 219.04382529095505561 172.5104518600918766 
 198.64890715590561854 177.97543886557900805 
 181.40897039554792514 195.2153756259367583 
 201.80388853059733378   189.75038862044957 
 193.18392015041848708 198.37035700062847354 
 172.78900201536902159  203.835344006115605 
 155.54906525501132819 221.07528076647332682 
 175.94398339006076526 215.61029376098619537 
 167.32401500988189014 224.23026214116504207 
 146.92909687483245307 229.69524914665220194 
 129.68916011447475967 246.93518590700992377 
 150.08407824952416831 241.47019890152279231 
 141.46410986934529319 250.09016728170163901 
 121.06919173429587033 255.55515428718877047 
 248.05871180618333938 158.42549647442581318 
 239.43874342600449268 167.04546485460465988 
 222.19880666564677085 184.28540161496241012 
 242.5937248006961795 178.82041460947527867 
 233.9737564205173328 187.44038298965412537 
 213.57883828546792415 192.90536999514125682 
 196.33890152511014549 210.14530675549900707 
 216.73381966015961098 204.68031975001184719 
 208.11385127998073585 213.30028813019069389 
 187.71893314493129878 218.76527513567788219 
 170.47899638457357696 236.00521189603560401 
 190.87391451962301403 230.54022489054841571 
 182.25394613944416733 239.16019327072731926 
 161.85902800439473026 244.62518027621447914 
 165.01400937908644551 256.40013003108504108 
 254.36867455556676987 181.97539598416693707 
 237.12873779520901962 199.21533274452468731 
 78.364482375511244072 14.591172184290332581 
 69.744513995332383161 23.21114056446918994 
 228.5087694150301445 207.83530112470353401 
 211.2688326546724511 225.07523788506128426 
 52.504577234974668443 40.451077324826918868 
 43.884608854795800426 49.071045705005786886 
 202.64886427449357598 233.69520626524013096 
 185.40892751413585415 250.93514302559785278 
 26.644672094438085708 66.310982465363508709 
 18.024703714259196374 74.930950845542383831 
