 185.83930993753321559 1.5518210388869067007 
 206.23432065333355467 7.0164625283078931872 
 194.45922486619062397 10.171589935271960314 
 174.06421415039028489 4.7069484458509585068 
 150.51402257610442348 11.017203259779090985 
 170.90903329190476256 16.481844749200092792 
 159.13393750476183186 19.63697215616414482 
 138.7389267889615212   14.172330666743159 
 115.18873521467563137 20.482585480671275491 
 135.58374593047599888 25.947226970092277298 
 123.80865014333305396 29.102354377056329326 
 103.41363942753271488 23.63771288763534173 
 79.86344785324686768 29.947967701563459997 
 100.25845856904720677 35.412609190984461804 
 88.483362781904261851 38.567736597948531596 
 68.088352066103951188 33.103095108527526236 
 44.538160491818096887 39.413349922455644503 
 64.933171207618414655 44.877991411876649863 
 53.158075420475498163 48.033118818840698339 
 32.763064704675173289 42.568477329419714295 
 9.2128731303893296456 48.878732143347832562 
 29.607883846189668731 54.343373632768830817 
 17.832788059046745133 57.498501039732886397 
 214.85423558199096306 15.636231424692962122 
 191.30404400770510165 21.946486238621080389 
 211.69905472350544073 27.411127728042064433 
 199.92395893636253845 30.566255135006116461 
 179.52894822056219937 25.101613645585132417 
 155.97875664627630954 31.411868459513264895 
 176.37376736207664862 36.876509948934234728 
 164.59867157493371792 40.03163735589830452 
 144.20366085913337884 34.566995866477327581 
 120.65346928484753164 40.877250680405445848 
 141.04848000064788494 46.341892169826436998 
 129.27338421350495423 49.497019576790499684 
 108.87837349770460094 44.03237808736951564 
 85.32818192341873953 50.342632901297633907 
 105.72319263921909283 55.807274390718617951 
 93.948096852076162122 58.962401797682687743 
 73.553086136275823037 53.497760308261703699 
 50.002894561989975841 59.808015122189821966 
 70.397905277790314926 65.272656611610798905 
 58.622809490647391328 68.427784018574868696 
 38.227798774847052243 62.963142529153884652 
 14.677607200561221035 69.273397343082010025 
 35.072617916361544133 74.738038832502994069 
 23.297522129218620535 77.893166239467035439 
 2.9025114134182681269 72.428524750046065606 
 226.62933136913392218 12.481104017728894107 
 220.31896965216287754 36.030896624427100505 
 196.76877807787701613 42.341151438355218772 
 217.16378879367732679 47.805792927776209922 
 205.38869300653439609 50.960920334740272608 
 184.99368229073408543 45.496278845319274353 
 161.4434907164481956 51.806533659247406831 
 181.83850143224853468 57.271175148668390875 
 170.06340564510560398 60.426302555632460667 
 149.6683949293052649 54.961661066211476623 
 126.1182033550194177 61.271915880139601995 
  146.513214070819771 66.736557369560571829 
 134.73811828367681187 69.89168477652464162 
 114.34310756787650121 64.427043287103657576 
  90.7929159935906398 70.737298101031782949 
 111.1879267093909931 76.201939590452766993 
 99.412830922248033971 79.357066997416822574 
 79.017820206447709097 73.892425507995838529 
 55.467628632161869007 80.202680321923963902 
 75.862639347962186775 85.667321811344947946 
 64.087543560819284494 88.822449218309017738 
 43.692532845018945409 83.357807728888033694 
 20.142341270733115977 89.668062542816144855 
 40.537351986533437298 95.132704032237128899 
  28.7622561993905137 98.287831439201198691 
 8.3672454835901604042 92.823189949780214647 
 232.09406543930577982 32.875769217463037819 
 5.2120646251046380826 104.59808625312932406 
 225.78370372233473518 56.425561824161277968 
 202.23351214804890219 62.735816638089396236 
 222.62852286384921285 68.200458127510358963 
 210.85342707670628215 71.355585534474414544 
 190.45841636090597149 65.890944045053458922 
 166.90822478662011008 72.201198858981584294 
 187.30323550242044917 77.665840348402554127 
 175.52813971527751846 80.820967755366623919 
 155.13312899947717938 75.356326265945639875 
 131.58293742519131797 81.666581079873779458 
 151.97794814099165706 87.13122256929472087 
 140.20285235384872635 90.286349976258790662 
 119.80784163804838727 84.821708486837835039 
 96.257650063762525861 91.131963300765946201 
 116.65266077956286495 96.596604790186916034 
 104.87756499241993424 99.751732197150985826 
 84.482554276619609368 94.287090707730015993 
 60.932362702333762172 100.59734552165812715 
 81.327373418134087046 106.0619870110791112 
 69.552277630991156343 109.21711441804315257 
 49.157266915190838574 103.75247292862219695 
 25.607075340905005589 110.06272774255032232 
 46.002086056705330464 115.52736923197129215 
 34.226990269562406866 118.68249663893534773 
 13.83197955376205357 113.21785514951439211 
 237.5587995094776943 53.270434417197208177 
 10.676798695276531248 124.99275145286347311 
 231.24843779250662124 76.820227023895412799 
 207.69824621822078825 83.130481837823538172 
 228.09325693402112734 88.595123327244508005 
 216.31816114687819663 91.750250734208563586 
 195.92315043107785755 86.285609244787607963 
 172.37295885679196772 92.595864058715719125 
 192.7679695725923068 98.060505548136688958 
 180.99287378544940452 101.21563295510075875 
 160.59786306964906544 95.750991465679788917 
 137.04767149536320403 102.0612462796079285 
 157.44268221116354312 107.52588776902888412 
 145.66758642402058399 110.6810151759929397 
 125.27257570822028754 105.21637368657196987 
 101.72238413393442613 111.52662850050010945 
 122.11739484973476522 116.99126998992106508 
 110.3422990625918203 120.14639739688513487 
 89.947288346791495428 114.68175590746416503 
 66.397096772505648232 120.99201072139229041 
 86.792107488305973106 126.45665221081326024 
 75.017011701163056614 129.61177961777730161 
 54.62200098536273174 124.14713812835634599 
 31.071809411076884544 130.45739294228445715 
 51.466820126877209418 135.92203443170544119 
 39.69172433973428582 139.07716183866949677 
 19.296713623933932524 133.61252034924854115 
 243.02353357964958036 73.665099616931357218 
 16.141532765448410203 145.38741665259763636 
 4.3664369783054848284 148.54254405956169194 
 236.71317186267853572 97.21489222362956184 
 213.16298028839267431 103.52514703755770142 
 233.55799100419298497 108.98978852697867126 
 221.78289521705008269 112.14491593394271263 
 201.38788450124977203  106.680274444521757 
 177.83769292696385378 112.99052925844988238 
 198.23270364276419286 118.45517074787085221 
 186.45760785562126216  121.610298154834922 
 166.06259713982092308 116.14565666541395217 
 142.51240556553509009 122.45591147934206333 
 162.90741628133542918 127.92055296876303316 
 151.13232049419249847 131.07568037572710296 
 130.73730977839215939 125.61103888630613312 
 107.18711820410631219 131.92129370023425849 
 127.58212891990663707 137.38593518965521412 
 115.80703313276370636 140.5410625966192697 
 95.412022416963395699 135.07642110719831408 
 71.861830842677548503 141.38667592112642524 
 92.256841558477859166 146.85131741054740928 
 80.481745771334928463 150.00644481751146486 
 60.086735055534610694 144.54180332809050924 
 36.536543481248777709 150.8520581420186204 
 56.931554197049102584 156.31669963143960445 
 45.156458409906178986 159.4718270384036316 
 24.761447694105822137 154.0071855489827044 
 248.48826764982146642 94.059764816665492049 
 21.606266835620299815 165.78208185233177119 
 9.8311710484773779939 168.93720925929585519 
 242.17790593285042178 117.60955742336372509 
 218.62771435856456037 123.91981223729183625 
 239.02272507436487103 129.38445372671284872 
 227.24762928722194033 132.5395811336769043 
 206.85261857142162967 127.07493964425590605 
 183.30242699713576826 133.38519445818403142 
 203.69743771293610735 138.84983594760504388 
 191.92234192579317664 142.00496335456909947 
 171.52733120999283756  136.540321865148087 
 147.97713963570697615 142.85057667907619816 
 168.37215035150734366 148.31521816849721063 
 156.59705456436438453 151.47034557546126621 
 136.20204384856404545 146.00570408604028216 
 112.65185227427819825 152.31595889996839333 
 133.04686299007852313 157.78060038938940579 
 121.27176720293560663 160.93572779635346137 
 100.87675648713526755 155.47108630693247733 
 77.326564912849420352 161.78134112086058849 
 97.721575628649759437 167.24598261028157253 
 85.946479841506842945 170.40111001724565654 
 65.55146912570650386 164.93646852782464407 
 42.001277551420656664 171.24672334175278365 
 62.396288267220995749 176.7113648311737677 
 50.621192480078072151 179.86649223813782328 
 30.226181764277701092 174.40185074871683923 
 253.95300171999335248 114.4544300163996553 
 27.071000905792192981 186.17674705206593444 
 15.295905118649271159 189.33187445903001844 
 247.64264000302227942 138.00422262309788835 
 224.09244842873644643 144.31447743702597108 
 244.48745914453678552 149.77911892644701197 
 232.71236335739385481 152.93424633341103913 
 212.31735264159351573 147.46960484399005509 
 188.7671610673076259 153.77985965791816625 
 209.16217178310802183 159.24450114733917871 
 197.3870759959650627 162.3996285543032343 
 176.99206528016472362 156.93498706488225025 
 153.44187370587886221 163.24524187881038984 
 173.8368844216792013 168.70988336823134546 
 162.06178863453624217 171.86501077519542946 
 141.66677791873595993 166.40036928577441699 
 118.11658634445008431 172.71062409970255658 
 138.51159706025043761 178.17526558912354062 
 126.73650127310749269 181.33039299608762462 
 106.34149055730715361 175.86575150666661216 
 82.791298983021306412 182.17600632059475174 
 103.1863096988216455 187.64064781001576421 
 91.411213911678714794 190.79577521697981979 
 71.016203195878375709 185.33113372755880732 
 47.46601162159254983 191.64138854148691848 
 67.861022337392881809 197.10603003090793095 
 56.085926550249965317 200.26115743787198653 
 35.690915834449590704 194.79651594845097407 
 32.535734975964089699 206.57141225180012611 
 20.760639188821162548 209.72653965876415327 
 253.1073740731941939 158.39888782283202318 
 229.55718249890836091 164.70914263676016276 
 249.95219321470864315 170.1737841261811468 
 238.17709742756574087 173.32891153314523081 
 217.78208671176543021 167.86427004372421834 
 194.23189513747951196 174.17452485765235792 
 214.62690585327985104 179.63916634707331355 
 202.85181006613692034 182.79429375403739755 
 182.45679935033658126 177.32965226461638508 
 158.90660777605074827 183.63990707854452467 
 179.30161849185108736 189.10454856796553713 
 167.52652270470815665 192.25967597492959271 
 147.13151198890781757 186.79503448550858025 
 123.58132041462197037 193.10528929943669141 
 143.97633113042232367 198.56993078885770387 
 132.20123534327939296 201.72505819582175945 
 111.80622462747903967 196.26041670640074699 
 88.256033053193192472 202.57067152032888657 
 108.65104376899353156 208.03531300974989904 
 96.875947981850615065 211.19044041671395462 
 76.48093726605027598 205.72579892729297057 
 52.930745691764442995 212.03605374122108174 
 73.325756407564767869 217.5006952306420942 
 61.550660620421844271 220.65582263760612136 
 41.15564990462148387 215.19118114818516574 
 38.000469046135961548 226.96607745153426094 
 26.225373258993041503 230.12120485849831653 
 235.02191656908021855 185.10380783649429759 
 255.41692728488052921 190.56844932591531006 
 243.64183149773759851 193.72357673287936564 
 223.24682078193728785 188.25893524345835317 
 199.69662920765142644 194.56919005738649275 
 220.09163992345176553 200.03383154680750522 
 208.31654413630883482 203.1889589537715608 
 187.92153342050849574 197.72431746435054833 
 164.37134184622266275 204.0345722782786595 
 184.76635256202300184 209.49921376769970038 
 172.99125677488004271 212.65434117466372754 
 152.59624605907970363 207.1896996852427435 
 129.04605448479384222 213.49995449917082624 
 149.44106520059418131 218.96459598859186713 
 137.66596941345127902 222.11972339555592271 
 117.27095869765093994 216.65508190613491024 
 93.720767123365092743 222.9653367200630214 
 114.11577783916543183 228.42997820948403387 
 102.34068205202250113 231.58510561644808945 
 81.94567133622216204 226.12046412702710541 
 58.395479761936314844 232.43071894095524499 
 78.790490477736653929 237.89536043037622903 
 67.015394690593737437 241.05048783734031304 
 46.620383974793362825 235.58584634791930057 
 43.465203116307854714 247.3607426512684242 
 31.690107329164934669 250.5158700582325082 
 240.48665063925210461 205.49847303622843242 
 249.10656556790951299 214.11824193261350047 
 228.71155485210917391 208.65360044319251642 
 205.1613632778233125 214.96385525712062758 
 225.55637399362365159 220.42849674654164005 
 213.78127820648072088 223.58362415350569563 
 193.3862674906803818 218.11898266408471159 
 169.83607591639449197 224.42923747801285117 
 190.23108663219485948 229.89387896743383521 
 178.45599084505192877 233.04900637439786237 
 158.06098012925161811 227.58436488497690675 
 134.51078855496572828 233.89461969890501791 
 154.90579927076606737 239.35926118832600196 
 143.13070348362313666 242.51438859529008596 
 122.73569276782281179 237.04974710586907349 
 99.185501193536964593 243.36000191979718466 
 119.58051190933730368 248.8246434092181687 
 107.80541612219438719 251.9797708161822527 
  87.4104054063940481 246.51512932676124024 
 63.86021383210820801 252.82538414068937982 
 52.08511804496525599 255.9805115476534354 
 245.95138470942401909 225.89313823596262409 
 234.17628892228108839 229.04826564292667967 
 210.62609734799517014 235.35852045685479084 
 198.85100156085226786 238.51364786381884642 
 175.30080998656640645  244.823902677746986 
 130.11901186030408439 5.5525617703581051643 
 118.34391607316115369 8.7076891773221554161 
 163.52571419942347575 247.97903008471104158 
 139.97552262513764276 254.28928489863918116 
 94.793724498875306494 15.01794399125028967 
 83.018628711732375791 18.173071398214357686 
 59.468437137446528595 24.483326212142475953 
 47.693341350303604997 27.638453619106524428 
 24.143149776017775565 33.948708433034660459 
 12.368053988874851967 37.103835839998708934 
