 30.376821333698263317 29.815538165781756419 
 30.376821333698263317 58.259982610226195732 
 42.693627076410280097 36.926649276892874241 
 42.693627076410280097 51.148871499115095673 
 30.376821333698263317 72.482204832448431375 
 30.376821333698263317 100.92664927689287424 
 42.693627076410280097 79.593315943559531433 
 42.693627076410280097 93.815538165781759972 
 30.376821333698263317 115.14887149911508857 
 30.376821333698263317 143.59331594355955986 
 42.693627076410280097 122.25998261022621705 
 42.693627076410280097 136.48220483244841716 
 30.376821333698263317 157.81553816578175997 
 30.376821333698263317 186.25998261022618863 
 42.693627076410280097 164.92664927689287424 
 42.693627076410280097 179.14887149911507436 
 30.376821333698263317 200.48220483244841716 
 30.376821333698263317 228.92664927689287424 
 42.693627076410280097 207.59331594355955986 
 42.693627076410280097 221.81553816578175997 
 30.376821333698263317 243.14887149911510278 
 30.376821333698263317 15.593315943559575842 
 42.693627076410280097 250.25998261022621705 
 42.693627076410280097 8.482204832448459797 
 55.01043281912230043 29.815538165781756419 
 55.01043281912230043 58.259982610226195732 
 67.327238561834306552 36.926649276892874241 
 67.327238561834306552 51.148871499115095673 
 55.01043281912230043 72.482204832448431375 
 55.01043281912230043 100.92664927689287424 
 67.327238561834306552 79.593315943559531433 
 67.327238561834306552 93.815538165781759972 
 55.01043281912230043 115.14887149911508857 
 55.01043281912230043 143.59331594355955986 
 67.327238561834306552 122.25998261022621705 
 67.327238561834306552 136.48220483244841716 
 55.01043281912230043 157.81553816578175997 
 55.01043281912230043 186.25998261022618863 
 67.327238561834306552 164.92664927689287424 
 67.327238561834306552 179.14887149911507436 
 55.01043281912230043 200.48220483244841716 
 55.01043281912230043 228.92664927689287424 
 67.327238561834306552 207.59331594355955986 
 67.327238561834306552 221.81553816578175997 
 55.01043281912230043 243.14887149911510278 
 55.01043281912230043 15.593315943559575842 
 67.327238561834306552 250.25998261022621705 
 67.327238561834306552 8.482204832448459797 
 79.644044304546326885 29.815538165781756419 
 79.644044304546326885 58.259982610226195732 
 91.960850047258347217 36.926649276892874241 
 91.960850047258347217 51.148871499115095673 
 79.644044304546326885 72.482204832448431375 
 79.644044304546326885 100.92664927689287424 
 91.960850047258347217 79.593315943559531433 
 91.960850047258347217 93.815538165781759972 
 79.644044304546326885 115.14887149911508857 
 79.644044304546326885 143.59331594355955986 
 91.960850047258347217 122.25998261022621705 
 91.960850047258347217 136.48220483244841716 
 79.644044304546326885 157.81553816578175997 
 79.644044304546326885 186.25998261022618863 
 91.960850047258347217 164.92664927689287424 
 91.960850047258347217 179.14887149911507436 
 79.644044304546326885 200.48220483244841716 
 79.644044304546326885 228.92664927689287424 
 91.960850047258347217 207.59331594355955986 
 91.960850047258347217 221.81553816578175997 
 79.644044304546326885 243.14887149911510278 
 79.644044304546326885 15.593315943559575842 
 91.960850047258347217 250.25998261022621705 
 91.960850047258347217 8.482204832448459797 
 104.27765578997035334 29.815538165781756419 
 104.27765578997035334 58.259982610226195732 
 116.59446153268237367 36.926649276892874241 
 116.59446153268237367 51.148871499115095673 
 104.27765578997035334 72.482204832448431375 
 104.27765578997035334 100.92664927689287424 
 116.59446153268237367 79.593315943559531433 
 116.59446153268237367 93.815538165781759972 
 104.27765578997035334 115.14887149911508857 
 104.27765578997035334 143.59331594355955986 
 116.59446153268237367 122.25998261022621705 
 116.59446153268237367 136.48220483244841716 
 104.27765578997035334 157.81553816578175997 
 104.27765578997035334 186.25998261022618863 
 116.59446153268237367 164.92664927689287424 
 116.59446153268237367 179.14887149911507436 
 104.27765578997035334 200.48220483244841716 
 104.27765578997035334 228.92664927689287424 
 116.59446153268237367 207.59331594355955986 
 116.59446153268237367 221.81553816578175997 
 104.27765578997035334 243.14887149911510278 
 104.27765578997035334 15.593315943559575842 
 116.59446153268237367 250.25998261022621705 
 116.59446153268237367 8.482204832448459797 
 128.91126727539437979 29.815538165781756419 
 128.91126727539437979 58.259982610226195732 
 141.22807301810644276 36.926649276892874241 
 141.22807301810644276 51.148871499115095673 
 128.91126727539437979 72.482204832448431375 
 128.91126727539437979 100.92664927689287424 
 141.22807301810644276 79.593315943559531433 
 141.22807301810644276 93.815538165781759972 
 128.91126727539437979 115.14887149911508857 
 128.91126727539437979 143.59331594355955986 
 141.22807301810644276 122.25998261022621705 
 141.22807301810644276 136.48220483244841716 
 128.91126727539437979 157.81553816578175997 
 128.91126727539437979 186.25998261022618863 
 141.22807301810644276 164.92664927689287424 
 141.22807301810644276 179.14887149911507436 
 128.91126727539437979 200.48220483244841716 
 128.91126727539437979 228.92664927689287424 
 141.22807301810644276 207.59331594355955986 
 141.22807301810644276 221.81553816578175997 
 128.91126727539437979 243.14887149911510278 
 128.91126727539437979 15.593315943559575842 
 141.22807301810644276 250.25998261022621705 
 141.22807301810644276 8.482204832448459797 
 153.54487876081844888 29.815538165781756419 
 153.54487876081844888 58.259982610226195732 
  165.861684503530455 36.926649276892874241 
  165.861684503530455 51.148871499115095673 
 153.54487876081844888 72.482204832448431375 
 153.54487876081844888 100.92664927689287424 
  165.861684503530455 79.593315943559531433 
  165.861684503530455 93.815538165781759972 
 153.54487876081844888 115.14887149911508857 
 153.54487876081844888 143.59331594355955986 
  165.861684503530455 122.25998261022621705 
  165.861684503530455 136.48220483244841716 
 153.54487876081844888 157.81553816578175997 
 153.54487876081844888 186.25998261022618863 
  165.861684503530455 164.92664927689287424 
  165.861684503530455 179.14887149911507436 
 153.54487876081844888 200.48220483244841716 
 153.54487876081844888 228.92664927689287424 
  165.861684503530455 207.59331594355955986 
  165.861684503530455 221.81553816578175997 
 153.54487876081844888 243.14887149911510278 
 153.54487876081844888 15.593315943559575842 
  165.861684503530455 250.25998261022621705 
  165.861684503530455 8.482204832448459797 
 178.17849024624246113 29.815538165781756419 
 178.17849024624246113 58.259982610226195732 
 190.49529598895446725 36.926649276892874241 
 190.49529598895446725 51.148871499115095673 
 178.17849024624246113 72.482204832448431375 
 178.17849024624246113 100.92664927689287424 
 190.49529598895446725 79.593315943559531433 
 190.49529598895446725 93.815538165781759972 
 178.17849024624246113 115.14887149911508857 
 178.17849024624246113 143.59331594355955986 
 190.49529598895446725 122.25998261022621705 
 190.49529598895446725 136.48220483244841716 
 178.17849024624246113 157.81553816578175997 
 178.17849024624246113 186.25998261022618863 
 190.49529598895446725 164.92664927689287424 
 190.49529598895446725 179.14887149911507436 
 178.17849024624246113 200.48220483244841716 
 178.17849024624246113 228.92664927689287424 
 190.49529598895446725 207.59331594355955986 
 190.49529598895446725 221.81553816578175997 
 178.17849024624246113 243.14887149911510278 
 178.17849024624246113 15.593315943559575842 
 190.49529598895446725 250.25998261022621705 
 190.49529598895446725 8.482204832448459797 
 202.81210173166650179 29.815538165781756419 
 202.81210173166650179 58.259982610226195732 
 215.12890747437850791 36.926649276892874241 
 215.12890747437850791 51.148871499115095673 
 202.81210173166650179 72.482204832448431375 
 202.81210173166650179 100.92664927689287424 
 215.12890747437850791 79.593315943559531433 
 215.12890747437850791 93.815538165781759972 
 202.81210173166650179 115.14887149911508857 
 202.81210173166650179 143.59331594355955986 
 215.12890747437850791 122.25998261022621705 
 215.12890747437850791 136.48220483244841716 
 202.81210173166650179 157.81553816578175997 
 202.81210173166650179 186.25998261022618863 
 215.12890747437850791 164.92664927689287424 
 215.12890747437850791 179.14887149911507436 
 202.81210173166650179 200.48220483244841716 
 202.81210173166650179 228.92664927689287424 
 215.12890747437850791 207.59331594355955986 
 215.12890747437850791 221.81553816578175997 
 202.81210173166650179 243.14887149911510278 
 202.81210173166650179 15.593315943559575842 
 215.12890747437850791 250.25998261022621705 
 215.12890747437850791 8.482204832448459797 
 227.44571321709054246 29.815538165781756419 
 227.44571321709054246 58.259982610226195732 
 239.76251895980254858 36.926649276892874241 
 239.76251895980254858 51.148871499115095673 
 227.44571321709054246 72.482204832448431375 
 227.44571321709054246 100.92664927689287424 
 239.76251895980254858 79.593315943559531433 
 239.76251895980254858 93.815538165781759972 
 227.44571321709054246 115.14887149911508857 
 227.44571321709054246 143.59331594355955986 
 239.76251895980254858 122.25998261022621705 
 239.76251895980254858 136.48220483244841716 
 227.44571321709054246 157.81553816578175997 
 227.44571321709054246 186.25998261022618863 
 239.76251895980254858 164.92664927689287424 
 239.76251895980254858 179.14887149911507436 
 227.44571321709054246 200.48220483244841716 
 227.44571321709054246 228.92664927689287424 
 239.76251895980254858 207.59331594355955986 
 239.76251895980254858 221.81553816578175997 
 227.44571321709054246 243.14887149911510278 
 227.44571321709054246 15.593315943559575842 
 239.76251895980254858 250.25998261022621705 
 239.76251895980254858 8.482204832448459797 
 252.07932470251458312 29.815538165781756419 
 252.07932470251458312 58.259982610226195732 
 18.060015590986257195 36.926649276892874241 
 18.060015590986257195 51.148871499115095673 
 252.07932470251458312 72.482204832448431375 
 252.07932470251458312 100.92664927689287424 
 18.060015590986257195 79.593315943559531433 
 18.060015590986257195 93.815538165781759972 
 252.07932470251458312 115.14887149911508857 
 252.07932470251458312 143.59331594355955986 
 18.060015590986257195 122.25998261022621705 
 18.060015590986257195 136.48220483244841716 
 252.07932470251458312 157.81553816578175997 
 252.07932470251458312 186.25998261022618863 
 18.060015590986257195 164.92664927689287424 
 18.060015590986257195 179.14887149911507436 
 252.07932470251458312 200.48220483244841716 
 252.07932470251458312 228.92664927689287424 
 18.060015590986257195 207.59331594355955986 
 18.060015590986257195 221.81553816578175997 
 252.07932470251458312 243.14887149911510278 
 252.07932470251458312 15.593315943559575842 
 18.060015590986257195 250.25998261022621705 
 18.060015590986257195 8.482204832448459797 
