 45.187071026495864601 20.983334900534231338 
 62.605664752954041319 3.5647411740760852616 
 58.924682778162626562 17.302352925742813028 
 41.506089051704464055 34.720946652200986193 
 34.144125102121655857 62.196170155534488799 
 51.562718828579818364 44.777576429076326292 
 47.881736853788410713 58.515188180743059831 
 30.463143127330237547 75.93378190720125076 
 23.10117917774742935 103.40900541053473205 
 40.519772904205588304 85.990411684076590859 
 36.838790929414187758 99.728023435743324399 
 19.420197202956028804 117.1466171622014798 
 12.058233253373220606 144.62184066553496109 
 29.47682697983137956 127.20324693907680569 
 25.795845005039975462 140.94085869074353923 
 8.3772512785818022962 158.35945241720173726 
 1.015287328998981442 185.83467592053520434 
 18.433881055457156606 168.41608219407709157 
 14.752899080665752507 182.1536939457438109 
 7.3909351310829309867 209.62891744907733482 
 3.709953156291527776 223.36652920074405415 
 68.981312555037973766 27.358982702618167338 
 86.399906281496129168 9.9403889761600066066 
 82.718924306704707305 23.678000727826749028 
 65.300330580246566115 41.096594454284925746 
 57.938366630663765022 68.571817957618407036 
 75.356960357121892002 51.153224231160265845 
 71.675978382330498562 64.890835982826985173 
 54.257384655872350265 82.309429709285168997 
 46.895420706289542068 109.7846532126186645 
 64.314014432747683259 92.366059486160523306 
 60.633032457956268502 106.10367123782724263 
 43.214438731498134416 123.52226496428541225 
 35.852474781915333324 150.99748846761889354 
 53.271068508373460304 133.57889474116072392 
 49.590086533582059758 147.3165064928275001 
 32.171492807123911462 164.73510021928564129 
 24.809528857541106817 192.21032372261913679 
 42.228122583999237349 174.7917299961609956 
 38.547140609207836803 188.52934174782774335 
 21.128546882749702718 205.94793547428591296 
 31.185176659625014395 216.00456525116126727 
 27.504194684833610296 229.7421770028279866 
 100.13751803316287692 6.259407001368603396 
 92.775554083580061615 33.734630504702103337 
 110.19414781003821702 16.316036778243955041 
 106.51316583524680937 30.053648529910685028 
 89.094572108788653964 47.472242256368858193 
 81.732608159205852871 74.947465759702353694 
 99.151201885663994062 57.528872033244198292 
 95.470219910872586411 71.266483784910931831 
 78.051626184414431009 88.685077511369115655 
 70.689662234831629917 116.16030101470259694 
 88.108255961289785319 98.741707288244455754 
 84.427273986498377667 112.4793190399112035 
 67.008680260040222265 129.89791276636933048 
 59.646716310457414068 157.37313626970285441 
 77.065310036915576575 139.95454254324468479 
 73.384328062124168923 153.69215429491143254 
 55.965734335665992205 171.11074802136960216 
 48.603770386083191113 198.58597152470309766 
 66.02236411254135362 181.16737779824495647 
 62.341382137749945969 194.90498954991167579 
 44.922788411291783461 212.32358327636984541 
 54.97941818816712356 222.38021305324519972 
 51.298436213375723014 236.11782480491191905 
 123.93175956170496477 12.635054803452538508 
 116.56979561212214946 40.110278306786035785 
 133.98838933858030487 22.69168458032787683 
 130.30740736378891143 36.429296331994621028 
 112.88881363733075602 53.847890058452797746 
 105.52684968774792651 81.323113561786286141 
 122.94544341420609612 63.904519835328137844 
 119.26446143941468847 77.642131586994878489 
 101.84586771295653307 95.060725313453033891 
 94.483903763373703555 122.5359488167865436 
 111.90249748983185896 105.1173550903283882 
 108.22151551504046552 118.85496684199512174 
 90.802921788582295903 136.27356056845329135 
 83.440957838999494811 163.74878407178675843 
 100.85955156545765021 146.33019034532864566 
 97.178569590666256772 160.06780209699536499 
 79.75997586420808716 177.4863958234535346 
 72.398011914625286067 204.9616193267870301 
 89.816605641083427258 187.54302560032888891 
 86.135623666292019607 201.28063735199560824 
 68.717029939833864205 218.69923107845380628 
 78.773659716709204304 228.75586085532913216 
 75.092677741917796652 242.49347260699587991 
 147.72600109024708104 19.010702605536472731 
 140.36403714066423731 46.485926108869975337 
 157.78263086712240693 29.067332382411827041 
 154.10164889233098506 42.804944134078567686 
 136.68305516587284387 60.223537860536730193 
 129.32109121629002857 87.698761363870232799 
 146.73968494274819818 70.280167637412063186 
 143.05870296795677632 84.017779389078796726 
 125.64010924149862092 101.43637311553698055 
 118.27814529191581983 128.91159661887047605 
 135.69673901837398944 111.49300289241232065 
 132.01575704358256758 125.2306146440790684 
 114.59716331712441217 142.64920837053719538 
 107.23519936754161108 170.1244318738707193 
 124.65379309399975227 152.70583814741254969 
 120.97281111920834462 166.44344989907929744 
 103.55421739275018922 183.86204362553746705 
 96.192253443167359706 211.33726712887096255 
 113.61084716962552932 193.91867340241282136 
 109.92986519483412167 207.65628515407954069 
 92.511271468375966265 225.07487888053773872 
 151.40698306503844606  5.27309085386975962 
 102.56790124525132057 235.13150865741306461 
 98.886919270459912923 248.86912040907981236 
 171.52024261878915468 25.386350407620408731 
 164.15827866920633937 52.861573910953907784 
 181.57687239566448056 35.442980184495752383 
 177.89589042087311554 49.180591936162493027 
 160.47729669441494593 66.599185662620669746 
 153.11533274483213063 94.074409165954151035 
 170.53392647129027182 76.655815439496009844 
 166.85294449649887838 90.393427191162743384 
 149.43435077004073719  107.812020917620913 
 142.07238682045789346 135.2872444209544085 
 159.49098054691606308 117.86865069449626731 
 155.80999857212464121 131.60626244616298663 
 138.39140484566650002 149.02485617262115625 
 131.02944089608368472 176.50007967595462333 
 148.44803462254185433 159.08148594949648214 
 144.76705264775043247 172.81909770116322989 
 127.34845892129227707 190.2376914276213995 
 119.98649497170947598 217.71291493095486658 
 137.40508869816761717 200.29432120449675381 
 133.7241067233761953 214.03193295616347314 
 116.30551299691806832 231.45052668262167117 
 175.20122459358054812 11.648738655953694732 
 126.36214277379339421 241.50715645949702548 
 122.68116079900200077 255.24476821116371639 
 195.31448414733122831 31.761998209704344731 
 187.95252019774844143 59.237221713037847337 
 205.3711139242065542 41.81862798657968483 
 201.69013194941516076 55.556239738246425475 
 184.27153822295699115 72.974833464704602193 
 176.90957427337417585 100.45005696803808348 
 194.32816799983234546 83.031463241579942292 
 190.64718602504095202 96.769074993246675831 
 173.2285922985827824 114.18766871970484544 
 165.8666283489999671 141.66289222303834094 
 183.28522207545813671 124.24429849658019975 
 179.60424010066671485 137.9819102482469475 
 162.18564637420857366 155.40050397470506027 
 154.82368242462575836 182.87572747803855577 
 172.24227615108389955 165.45713375158041458 
 168.56129417629253453 179.19474550324716233 
 151.14270044983436492 196.61333922970530352 
 143.78073650025152119 224.08856273303882745 
 161.19933022670969081 206.66996900658068625 
 157.51834825191829736 220.40758075824740558 
 140.09975452546012775 237.8261744847055752 
 198.99546612212262175 18.024386458037632508 
 150.15638430233548206 247.88280426158092951 
 219.10872567587333037 38.137646011788284284 
 211.74676172629051507 65.61286951512178689 
 229.16535545274868468 48.194275788663617277 
 225.48437347795726282 61.931887540330365027 
 208.06577975149909321 79.35048126678853464 
 200.70381580191630633 106.82570477012203014 
 218.12240952837444752 89.407111043663874739 
 214.44142755358302566 103.14472279533060828 
 197.02283382712488446 120.56331652178877789 
 189.66086987754209758 148.03854002512230181 
 207.07946360400021035 130.6199462986641322 
 203.39848162920881691 144.35755805033085153 
 185.97988790275067572 161.77615177678902114 
 178.61792395316788884 189.25137528012251664 
 196.03651767962600161 171.83278155366437545 
 192.35553570483460817 185.57039330533109478 
 174.93694197837646698 202.98898703178926439 
 167.57497802879365167 230.46421053512278831 
 184.99357175525179287 213.0456168086646187 
  181.312589780460371 226.78322856033133803 
 163.89399605400222981 244.20182228678953607 
 222.78970765066472381 24.400034260121564955 
 173.9506258308775557 254.25845206366486195 
 242.90296720441546086 44.513293813872216731 
 235.54100325483261713 71.988517317205719337 
 252.95959698129075832 54.56992359074755683 
 249.27861500649933646 68.307535342414297475 
 231.86002128004122369 85.726129068872467087 
 224.49805733045840839 113.2013525722059768 
 241.91665105691654958 95.782758845747807186 
 238.23566908212512772 109.52037059741454073 
 220.81707535566698652 126.93896432387272455 
 213.45511140608417122 154.41418782720620584 
 230.87370513254231241 136.99559410074806465 
 227.19272315775091897 150.7332058524148124 
 209.7741294312928062 168.15179957887295359 
 202.4121654817099909 195.62702308220644909 
 219.83075920816813209 178.2084293557483079 
 216.14977723337668181 191.94604110741502723 
 198.73118350691856904 209.36463483387322526 
 191.36921955733575373 236.83985833720669234 
 208.78781328379389493 219.42126461074855115 
 205.10683130900247306 233.1588763624152989 
 187.68823758254436029 250.57747008887349693 
 246.58394917920682587 30.775682062205500955 
 35.130441249620510291 10.926705123658878804 
 255.65426280858329733 92.101776870956413745 
 248.29229885900048203 119.57700037428990925 
 27.768477300037705646 38.401928626992379634 
 24.087495325246301547 52.139540378659120279 
 244.61131688420908858 133.31461212595664279 
 237.24935293462627328 160.78983562929016671 
 16.725531375663479139 79.614763881992644201 
 13.044549400872076816 93.352375633659377741 
 233.56837095983487984 174.52744738095688604 
 226.20640701025206454 202.00267088429040996 
 5.6825854512892703951 120.82759913699287324 
 2.0016034764978671845 134.56521088865960678 
 222.52542503546064268 215.74028263595715771 
 215.16346108587782737 243.21550613929062479 
 211.48247911108646235 256.95311789095740096 
