 127.67318067186238295 1.5626370733970456062 
 103.8789391433202951 7.9382848754809671732 
 83.765679589569614905 28.05154442923167224 
 107.55992111811170275 21.675896627147725582 
 97.503291341236362655 31.732526404023076338 
 73.709049812694274806 38.108174206107015891 
 53.595790258943594608 58.221433759857688983 
 77.390031787485668247 51.845785957773770747 
 67.333402010610328148 61.902415734649110846 
 43.53916048206825451 68.278063536733029082 
 23.425900928317574312 88.391323090483709279 
 47.220142456859669267 82.015675288399791043 
 37.163512679984329168 92.072305065275116931 
 13.369271151442234213 98.447952867359063589 
 17.050253126233638312 112.18556461902582555 
 6.9936233493582982135 122.24219439590115144 
 131.35416264665380481 15.300248825063802016 
 155.14840417519590687 8.9246010229798393709 
 145.09177439832055256 18.981230799855193681 
 121.29753286977846471 25.356878601939126128 
 101.18427331602777031 45.470138155689831194 
 124.97851484456987237 39.094490353605884536 
 114.92188506769451806 49.151120130481210424 
 91.127643539152430208 55.526767932565171293 
 71.01438398540175001 75.640027486315872807 
 94.808625513943837859 69.264379684231911938 
 84.75199573706848355 79.321009461107252037 
 60.957754208526409911 85.696657263191184484 
 40.844494654775736819 105.80991681694186468 
 64.638736183317817563 99.434269014857932234 
 54.582106406442477464 109.49089879173325812 
 30.787864877900393168 115.86654659381721899 
 10.674605324149702312 135.97980614756789919 
 34.468846852691783056 129.60415834548396674 
 24.41221707581644651 139.66078812235929263 
 4.2989575220657378907 159.77404767611000125 
 168.8860159268626262 12.605582997771255904 
  148.772756373111946 32.718842551521930773 
 172.56699790165404806 26.343194749437998325 
 162.51036812477869375 36.399824526313352635 
 138.71612659623662012 42.775472328397285082 
 118.6028670424859115 62.888731882147979491 
 142.39710857102801356 56.513084080064047043 
 132.34047879415265925 66.569713856939372931 
 108.54623726561058561 72.945361659023319589 
 88.432977711859891201 93.058621212773999787 
 112.22721924040199326 86.68297341069008155 
 102.17058946352665316 96.739603187565421649 
 78.376347934984579524 103.11525098964933989 
 58.26308838123387801 123.22851054340002008 
 82.057329909775972965 116.85286274131608764 
 72.000700132900647077 126.90949251819141352 
 48.206458604358537912 133.28514032027536018 
 28.093199050607847056 153.3983998740260688 
 51.887440579149945563 147.02275207194210793 
 41.830810802274619675 157.07938184881746224 
 18.036569273732496299 163.45502965090139469 
 178.94264570373798051 2.548953220895903371 
 21.717551248523914609 177.19264140256814244 
 11.660921471648586945 187.24927117944349675 
 186.30460965332079581 30.024176724229402424 
 166.19135009957011562 50.13743627798009328 
 189.98559162811221768 43.761788475896146622 
 179.92896185123683495 53.818418252771500931 
 156.13472032269476131 60.194066054855433379 
 136.02146076894408111 80.307325608606120682 
 159.81570229748618317 73.931677806522188234 
 149.75907252061082886 83.988307583397528333 
 125.96483099206874101 90.36395538548146078 
 105.85157143831806081 110.47721493923215519 
 129.64581296686014866 104.10156713714822274 
 119.58918318998479435 114.15819691402356284 
 95.794941661442720715 120.53384471610748108 
 75.681682107692040518 140.64710426985817548 
 99.475923636234128367 134.27145646777424304 
 89.419293859358802479 144.32808624464956893 
 65.625052330816686208 150.70373404673350137 
 45.511792777066006011 170.81699360048418157 
 69.30603430560809386 164.44134579840027754 
 59.249404528732767972 174.49797557527563185 
 35.455163000190658806 180.87362337735953588 
 196.3612394301961217 19.967546947354062326 
 39.136144974982059352 194.61123512902631205 
 29.079515198106733465 204.66786490590166636 
 203.72320337977893701 47.442770450687561379 
 183.60994382602825681 67.556030004438255787 
 207.40418535457035887 61.180382202354309129 
 197.34755557769503298 71.237011979229663439 
 173.55331404915293092 77.612659781313581675 
 153.4400544954022223 97.725919335064290294 
 177.23429602394432436 91.350271532980343636 
 167.17766624706899847 101.40690130985569795 
 143.38342471852692483 107.78254911193963039 
 123.27016516477621622 127.8958086656903248 
 147.06440669331831828 121.52016086360637814 
 137.00777691644296397 131.57679064048173245 
 113.21353538790087612 137.95243844256563648 
 93.100275834150195919 158.06569799631631668 
 116.89451736269229798 151.69005019423241265 
 106.83788758581695788 161.74667997110773854 
 83.04364605727484161 168.12232777319167099 
 62.930386503524168518 188.23558732694235118 
 86.724628032066249261 181.85993952485841874 
 76.667998255190923373 191.91656930173374462 
 52.873756726648814208 198.29221710381770549 
 213.77983315665429132 37.38614067381222128 
 56.55473870144022186 212.02982885548445324 
 46.498108924564895972 222.08645863235977913 
 221.14179710623710662 64.861364177145730991 
 201.02853755248645484 84.974623730896411189 
 224.82277908102852848 78.598975928812464531 
 214.76614930415314575 88.65560570568781884 
 190.97190777561110053 95.031253507771751288 
 170.85864822186042034 115.1445130615224457 
 194.65288975040249397 108.76886525943849904 
 184.59625997352713966 118.82549503631385335 
 160.80201844498506603 125.20114283839780001 
 140.68875889123438583 145.3144023921484802 
 164.48300041977648789 138.93875459006451933 
 154.42637064290113358 148.99538436693987364 
 130.63212911435905994 155.37103216902380609 
 110.51886956060837974 175.48429172277448629 
 134.31311108915045338 169.10864392069055384 
 124.25648131227511328 179.16527369756587973 
 100.46223978373303964 185.54092149964986902 
 80.348980229982345236 205.6541810534005208 
 104.14322175852441887 199.27853325131658835 
 94.086591981649092986 209.33516302819191424 
 70.292350453106990926 215.71081083027590353 
 231.19842688311246093 54.804734400270397998 
 73.973332427898384367 229.44842258194262286 
 63.916702651023051374 239.50505235881797717 
 238.56039083269527623 82.279957903603872182 
 218.44713127894459603 102.39321745735456659 
 242.24137280748666967 96.017569655270605722 
 232.18474303061131536 106.07419943214594582 
 208.39050150206927015 112.44984723422990669 
 188.27724194831856153 132.56310678798061531 
 212.07148347686063516 126.18745898589664023 
 202.01485369998530928 136.24408876277198033 
 178.22061217144323564 142.6197365648559412 
 158.10735261769252702 162.73299611860662139 
 181.90159414623460066 156.35734831652268895 
 171.84496436935927477 166.41397809339801483 
 148.05072284081720113 172.7896258954819757 
 127.93746328706652093 192.90288544923262748 
 151.73170481560859457 186.52723764714869503 
 141.67507503873324026 196.58386742402404934 
 117.88083351019116662 202.95951522610801021 
 97.767573956440486427 223.07277477985866199 
 121.56181548498257428 216.69712697777472954 
 111.50518570810723418 226.75375675465008385 
 87.710944179565132117 233.1294045567340163 
 248.61702060957063054 72.223328126728532084 
 91.391926154356525558 246.86701630840076405 
 81.33529637748119967 256.92364608527611836 
 255.97898455915341742 99.698551630062027584 
 235.86572500540273722 119.81181118381272199 
 249.60333675706948497 123.49279315860411543 
 225.80909522852738291 129.86844096068804788 
 205.69583567477673114 149.9817005144387565 
 229.49007720331880478 143.60605271235479563 
 219.43344742644345047 153.66268248923014994 
 195.63920589790137683 160.03833029131408239 
 175.52594634415069663 180.15158984506476259 
 199.32018787269277027 173.77594204298085856 
 189.26355809581741596 183.83257181985618445 
 165.46931656727537074 190.20821962194011689 
 145.35605701352469055 210.32147917569079709 
 169.15029854206676418 203.94583137360686464 
 159.0936687651914383 214.00246115048219053 
 135.29942723664933624 220.3781089525661514 
 115.18616768289865604 240.4913685063168316 
 138.98040921144072968 234.11572070423289915 
 128.92377943456540379 244.17235048110822504 
 105.12953790602330173 250.54799828319218591 
 253.28431873186090684 137.23040491027086318 
 243.22768895498558095 147.28703468714621749 
 223.11442940123487233 167.40029424089692611 
 246.90867092977694597 161.02464643881296524 
 236.8520411529016485 171.08127621568829113 
 213.05779962435954644  177.456924017772252 
 192.94454007060883782 197.5701835715229322 
 216.73878159915093988 191.19453576943899975 
 206.68215182227561399 201.25116554631432564 
 182.88791029373351193 207.62681334839828651 
 162.77465073998283174 227.74007290214893828 
 186.5688922685249338 221.36442510006500584 
 176.51226249164957949 231.42105487694033172 
 152.71802096310747743 237.79670267902432101 
 156.39900293789889929 251.53431443069104034 
 240.53302312769304194 184.8188879673550673 
 90.141327391653533141 4.2573029006895355408 
 80.084697614778193042 14.313932677564888962 
 230.47639335081768763 194.87551774423042161 
 210.36313379706703586 214.98877729798110181 
 59.971438061027498634 34.427192231315579818 
 49.914808284152158535 44.483822008190919917 
 200.30650402019168155 225.0454070748564277 
 180.19324446644100135 245.15866662860713632 
 29.80154873040148189 64.597081561941593009 
 19.744918953526156002 74.653711338816918897 
 170.13661468956564704 255.21529640548246221 
