  156.446117243348084 3.0398341463696505471 
 131.81250575792404334 3.0398341463696505471 
 107.17889427250001688 17.262056368591871092 
 131.81250575792404334 17.262056368591871092 
 119.49570001521203721 24.373167479702988913 
 94.86208852978801076 24.373167479702974703 
 70.228477044363955883 38.595389701925206793 
 94.862088529787996549 38.595389701925206793 
 82.545282787075990427 45.706500813036328168 
 57.911671301651963972 45.706500813036313957 
 33.278059816227937517 59.92872303525853539 
 57.911671301651963972 59.928723035258549601 
 45.59486555893995785 67.039834146369656764 
 20.961254073515902974 67.039834146369656764 
 20.961254073515902974 81.262056368591885303 
 8.644448330803898628 88.373167479702999572 
 181.07972872877212467 3.0398341463696225695 
  156.446117243348084 17.262056368591856881 
 181.07972872877212467 17.26205636859184267 
 168.76292298606009012 24.373167479702960492 
 144.12931150063607788 24.373167479702974703 
 119.49570001521203721 38.595389701925192583 
 144.12931150063607788 38.595389701925178372 
 131.81250575792404334 45.706500813036299746 
 107.17889427250003109 45.706500813036299746 
 82.545282787075990427 59.92872303525853539 
 107.17889427250001688 59.928723035258521179 
 94.862088529787996549 67.039834146369642554 
 70.228477044363984305 67.039834146369642554 
 45.59486555893995785 81.262056368591856881 
 70.228477044363970094 81.262056368591856881 
 57.911671301651978183 88.373167479702956939 
 33.278059816227937517 88.37316747970297115 
 8.644448330803898628 102.5953897019252139 
 33.278059816227909096 102.5953897019252139 
 20.961254073515902974 109.70650081303629975 
 193.39653447148413079 24.373167479702974703 
 168.76292298606011855 38.595389701925192583 
 193.39653447148415921 38.595389701925192583 
 181.07972872877212467 45.706500813036313957 
  156.446117243348084 45.706500813036313957 
 131.81250575792404334 59.92872303525853539 
 156.44611724334811242 59.92872303525853539 
 144.12931150063607788 67.039834146369656764 
 119.49570001521205143 67.039834146369656764 
 94.862088529787996549 81.262056368591885303 
 119.49570001521205143 81.262056368591885303 
 107.17889427250003109 88.373167479702985361 
 82.545282787076004638 88.37316747970297115 
 57.911671301651978183 102.5953897019252139 
 82.545282787076004638 102.5953897019252139 
 70.228477044363998516 109.70650081303631396 
 45.594865558939943639 109.70650081303632817 
 20.961254073515931395 123.9287230352585425 
 45.594865558939943639 123.92872303525855671 
 33.278059816227937517 131.03983414636965676 
 8.644448330803898628 131.03983414636968519 
 205.71334021419613691 17.262056368591856881 
 8.644448330803898628 145.2620563685918853 
 205.71334021419613691 45.706500813036299746 
 181.07972872877212467 59.928723035258521179 
 205.71334021419616533 59.928723035258521179 
 193.39653447148415921 67.039834146369642554 
 168.76292298606009012 67.039834146369642554 
 144.12931150063607788 81.262056368591856881 
 168.76292298606011855 81.262056368591856881 
 156.44611724334811242 88.37316747970297115 
 131.81250575792407176 88.37316747970297115 
 107.17889427250003109 102.5953897019252139 
 131.81250575792407176 102.5953897019252139 
 119.49570001521205143 109.70650081303631396 
 94.862088529788024971 109.70650081303631396 
 70.228477044363998516 123.92872303525852828 
 94.862088529788024971 123.92872303525852828 
 82.545282787076018849 131.03983414636965676 
 57.911671301651963972 131.03983414636965676 
 33.278059816227937517 145.2620563685918853 
 57.911671301651963972 145.2620563685918853 
 45.59486555893995785 152.37316747970297115 
 20.961254073515902974 152.37316747970299957 
 218.03014595690817146 38.595389701925192583 
 20.961254073515917185 166.59538970192522811 
 8.6444483308039110625 173.70650081303631396 
 218.03014595690817146 67.039834146369642554 
 193.39653447148415921 81.262056368591856881 
 218.03014595690817146 81.262056368591856881 
 205.71334021419616533 88.37316747970297115 
 181.07972872877212467 88.37316747970297115 
 156.44611724334811242 102.5953897019252139 
 181.07972872877212467 102.59538970192519969 
 168.76292298606011855 109.70650081303631396 
 144.12931150063607788 109.70650081303631396 
 119.49570001521205143 123.9287230352585425 
 144.12931150063607788 123.9287230352585425 
 131.81250575792407176 131.03983414636965676 
 107.1788942725000453 131.03983414636965676 
 82.545282787076018849 145.2620563685918853 
 107.1788942725000453 145.2620563685918853 
 94.862088529788039182 152.37316747970297115 
 70.228477044363984305 152.37316747970299957 
 45.59486555893995785 166.59538970192519969 
 70.228477044363984305 166.59538970192522811 
 57.911671301651978183 173.70650081303631396 
 33.278059816227923307 173.70650081303634238 
 230.34695169962017758 59.92872303525853539 
 33.278059816227937517 187.92872303525857092 
 20.961254073515931395 195.03983414636965676 
  230.346951699620206 88.373167479702956939 
 205.71334021419616533 102.59538970192518548 
  230.346951699620206 102.59538970192518548 
 218.03014595690817146 109.70650081303629975 
 193.39653447148415921 109.70650081303629975 
 168.76292298606011855 123.92872303525852828 
 193.39653447148415921 123.92872303525851407 
 181.07972872877212467 131.03983414636962834 
 156.44611724334811242 131.03983414636965676 
 131.81250575792407176 145.2620563685918853 
  156.446117243348084 145.26205636859185688 
 144.12931150063607788 152.37316747970297115 
 119.49570001521206564 152.37316747970297115 
 94.862088529788024971 166.59538970192519969 
 119.49570001521205143 166.59538970192517127 
 107.1788942725000453 173.70650081303628554 
 82.545282787076004638 173.70650081303631396 
 57.911671301651978183 187.9287230352585425 
 82.545282787075990427 187.9287230352585425 
 70.228477044363984305 195.03983414636965676 
 45.594865558939943639 195.03983414636965676 
 242.6637574423321837 81.262056368591856881 
 45.594865558939943639 209.2620563685918853 
 33.278059816227937517 216.37316747970299957 
 242.6637574423321837 109.70650081303627132 
 218.03014595690817146 123.92872303525849986 
 242.66375744233221212 123.92872303525848565 
 230.34695169962017758 131.03983414636959992 
 205.71334021419613691 131.03983414636962834 
 181.07972872877212467 145.26205636859185688 
 205.71334021419616533 145.26205636859182846 
 193.39653447148415921 152.37316747970294273 
 168.76292298606011855 152.37316747970294273 
 144.12931150063607788 166.59538970192517127 
 168.76292298606009012 166.59538970192517127 
  156.446117243348084 173.70650081303628554 
 131.81250575792407176 173.70650081303628554 
 107.1788942725000453 187.9287230352585425 
 131.81250575792407176 187.92872303525851407 
 119.49570001521206564 195.03983414636959992 
 94.86208852978801076 195.03983414636965676 
 70.228477044363984305 209.26205636859185688 
 94.862088529787996549 209.26205636859185688 
 82.545282787075990427 216.37316747970294273 
 57.911671301651949761 216.37316747970297115 
 254.98056318504421824 102.59538970192518548 
 57.911671301651949761 230.59538970192517127 
 45.594865558939943639 237.70650081303628554 
 254.98056318504421824 131.03983414636962834 
  230.346951699620206 145.26205636859182846 
 254.98056318504421824 145.26205636859182846 
 242.66375744233221212 152.37316747970294273 
 218.03014595690817146 152.37316747970294273 
 193.39653447148415921 166.59538970192517127 
 218.03014595690817146 166.59538970192517127 
 205.71334021419616533 173.70650081303628554 
 181.07972872877212467 173.70650081303628554 
  156.446117243348084 187.9287230352585425 
 181.07972872877212467 187.92872303525851407 
 168.76292298606011855 195.03983414636962834 
 144.12931150063607788 195.03983414636965676 
 119.49570001521206564 209.26205636859185688 
 144.12931150063607788 209.26205636859182846 
 131.81250575792407176 216.37316747970294273 
 107.17889427250003109 216.37316747970297115 
 82.545282787076018849 230.59538970192517127 
 107.17889427250003109 230.59538970192517127 
 94.862088529788024971 237.70650081303628554 
 70.228477044363984305 237.70650081303631396 
 70.228477044363984305 251.9287230352585425 
 242.66375744233221212 166.59538970192517127 
 254.98056318504421824 173.70650081303628554 
  230.346951699620206 173.70650081303628554 
 205.71334021419616533 187.9287230352585425 
  230.346951699620206 187.92872303525851407 
 218.03014595690819988 195.03983414636962834 
 193.39653447148415921 195.03983414636965676 
 168.76292298606011855 209.2620563685918853 
 193.39653447148415921 209.26205636859182846 
 181.07972872877212467 216.37316747970294273 
 156.44611724334811242 216.37316747970297115 
 131.81250575792410018 230.59538970192519969 
 156.44611724334811242 230.59538970192517127 
 144.1293115006361063 237.70650081303628554 
 119.49570001521206564 237.70650081303631396 
 94.862088529788024971 251.9287230352585425 
 119.49570001521205143 251.9287230352585425 
 254.98056318504427509 187.9287230352585425 
 242.66375744233224054 195.03983414636965676 
 218.03014595690819988 209.2620563685918853 
 107.17889427250000267 3.0398341463696225695 
 205.71334021419619376 216.37316747970297115 
 181.07972872877212467 230.59538970192519969 
 82.545282787075962005 17.26205636859184267 
 70.228477044363955883 24.373167479702960492 
 168.76292298606014697 237.70650081303628554 
 144.1293115006361063 251.9287230352585425 
 45.594865558939929429 38.595389701925178372 
 33.278059816227923307 45.706500813036285535 
 8.6444483308038702063 59.92872303525853539 
