 241.45715164452909107 22.542064285229802323 
 213.01270720008469084 22.542064285229802323 
 234.34604053341800523 34.858870027941819103 
 220.12381831119577669 34.858870027941819103 
 198.7904849778624623 22.542064285229802323 
 170.3460405334179768 22.542064285229802323 
 191.67937386675134803 34.858870027941819103 
 177.45715164452909107 34.858870027941819103 
 156.12381831119577669 22.542064285229802323 
 127.67937386675133382 22.542064285229802323 
 149.01270720008466242 34.858870027941819103 
 134.79048497786243388 34.858870027941819103 
 113.4571516445291337 22.542064285229802323 
 85.01270720008469084 22.542064285229802323 
 106.34604053341800523 34.858870027941819103 
 92.123818311195805109 34.858870027941819103 
 70.79048497786244809 22.542064285229802323 
 42.34604053341801233 22.542064285229802323 
 63.679373866751333821 34.858870027941819103 
  49.4571516445291266 34.858870027941819103 
 28.123818311195776687 22.542064285229802323 
 255.67937386675134803 22.542064285229788112 
 21.012707200084658865 34.858870027941819103 
 6.7904849778624534196 34.858870027941833314 
 241.45715164452909107 47.175675770653839436 
 213.01270720008469084 47.175675770653839436 
 234.34604053341800523 59.492481513365845558 
 220.12381831119577669 59.492481513365845558 
 198.7904849778624623 47.175675770653839436 
 170.3460405334179768 47.175675770653839436 
 191.67937386675134803 59.492481513365845558 
 177.45715164452909107 59.492481513365845558 
 156.12381831119577669 47.175675770653839436 
 127.67937386675133382 47.175675770653839436 
 149.01270720008466242 59.492481513365845558 
 134.79048497786243388 59.492481513365845558 
 113.4571516445291337 47.175675770653839436 
 85.01270720008469084 47.175675770653839436 
 106.34604053341800523 59.492481513365845558 
 92.123818311195805109 59.492481513365845558 
 70.79048497786244809 47.175675770653839436 
 42.34604053341801233 47.175675770653839436 
 63.679373866751333821 59.492481513365845558 
  49.4571516445291266 59.492481513365845558 
 28.123818311195776687 47.175675770653839436 
 255.67937386675134803 47.175675770653825225 
 21.012707200084658865 59.492481513365845558 
 6.7904849778624534196 59.492481513365859769 
 241.45715164452909107 71.809287256077880102 
 213.01270720008469084 71.809287256077880102 
 234.34604053341800523 84.126092998789886224 
 220.12381831119577669 84.126092998789886224 
 198.7904849778624623 71.809287256077880102 
 170.3460405334179768 71.809287256077880102 
 191.67937386675134803 84.126092998789886224 
 177.45715164452909107 84.126092998789886224 
 156.12381831119577669 71.809287256077880102 
 127.67937386675133382 71.809287256077880102 
 149.01270720008466242 84.126092998789886224 
 134.79048497786243388 84.126092998789886224 
 113.4571516445291337 71.809287256077880102 
 85.01270720008469084 71.809287256077880102 
 106.34604053341800523 84.126092998789886224 
 92.123818311195805109 84.126092998789886224 
 70.79048497786244809 71.809287256077880102 
 42.34604053341801233 71.809287256077880102 
 63.679373866751333821 84.126092998789886224 
  49.4571516445291266 84.126092998789886224 
 28.123818311195776687 71.809287256077880102 
 255.67937386675134803 71.809287256077880102 
 21.012707200084658865 84.126092998789886224 
 6.7904849778624534196 84.126092998789886224 
 241.45715164452909107 96.442898741501892346 
 213.01270720008469084 96.442898741501892346 
 234.34604053341800523 108.75970448421392689 
 220.12381831119577669 108.75970448421392689 
 198.7904849778624623 96.442898741501892346 
 170.3460405334179768 96.442898741501892346 
 191.67937386675134803 108.75970448421392689 
 177.45715164452909107 108.75970448421392689 
 156.12381831119577669 96.442898741501892346 
 127.67937386675133382 96.442898741501892346 
 149.01270720008466242 108.75970448421392689 
 134.79048497786243388 108.75970448421392689 
 113.4571516445291337 96.442898741501892346 
 85.01270720008469084 96.442898741501892346 
 106.34604053341800523 108.75970448421392689 
 92.123818311195805109 108.75970448421392689 
 70.79048497786244809 96.442898741501892346 
 42.34604053341801233 96.442898741501892346 
 63.679373866751333821 108.75970448421392689 
  49.4571516445291266 108.75970448421392689 
 28.123818311195776687 96.442898741501892346 
 255.67937386675134803 96.442898741501892346 
 21.012707200084658865 108.75970448421392689 
 6.7904849778624534196 108.75970448421392689 
 241.45715164452909107 121.07651022692593301 
 213.01270720008469084 121.07651022692593301 
 234.34604053341800523 133.39331596963796756 
 220.12381831119577669 133.39331596963796756 
 198.7904849778624623 121.07651022692593301 
 170.3460405334179768 121.07651022692593301 
 191.67937386675134803 133.39331596963796756 
 177.45715164452909107 133.39331596963796756 
 156.12381831119577669 121.07651022692593301 
 127.67937386675133382 121.07651022692593301 
 149.01270720008466242 133.39331596963796756 
 134.7904849778624623 133.39331596963796756 
 113.4571516445291337 121.07651022692593301 
 85.01270720008469084 121.07651022692593301 
 106.34604053341800523 133.39331596963796756 
 92.123818311195805109 133.39331596963796756 
 70.79048497786244809 121.07651022692593301 
 42.34604053341801233 121.07651022692593301 
 63.679373866751333821 133.39331596963796756 
  49.4571516445291266 133.39331596963796756 
 28.123818311195776687 121.07651022692593301 
 255.67937386675134803 121.07651022692593301 
 21.012707200084658865 133.39331596963796756 
 6.7904849778624534196 133.39331596963796756 
 241.45715164452909107 145.71012171234997368 
 213.01270720008469084 145.71012171234997368 
 234.34604053341800523 158.0269274550619798 
 220.12381831119577669 158.0269274550619798 
 198.7904849778624623 145.71012171234997368 
 170.3460405334179768 145.71012171234997368 
 191.67937386675134803 158.0269274550619798 
 177.45715164452909107 158.0269274550619798 
 156.12381831119577669 145.71012171234997368 
 127.67937386675133382 145.71012171234997368 
 149.01270720008466242 158.0269274550619798 
 134.7904849778624623 158.0269274550619798 
 113.4571516445291337 145.71012171234997368 
 85.01270720008469084 145.71012171234997368 
 106.34604053341800523 158.0269274550619798 
 92.123818311195805109 158.0269274550619798 
 70.79048497786244809 145.71012171234997368 
 42.34604053341801233 145.71012171234997368 
 63.679373866751333821 158.0269274550619798 
  49.4571516445291266 158.0269274550619798 
 28.123818311195776687 145.71012171234997368 
 255.67937386675134803 145.71012171234997368 
 21.012707200084658865 158.0269274550619798 
 6.7904849778624534196 158.0269274550619798 
 241.45715164452909107 170.34373319777398592 
 213.01270720008469084 170.34373319777398592 
 234.34604053341800523 182.66053894048599204 
 220.12381831119577669 182.66053894048599204 
 198.7904849778624623 170.34373319777398592 
 170.3460405334179768 170.34373319777398592 
 191.67937386675134803 182.66053894048599204 
 177.45715164452909107 182.66053894048599204 
 156.12381831119577669 170.34373319777398592 
 127.67937386675133382 170.34373319777398592 
 149.01270720008466242 182.66053894048599204 
 134.7904849778624623 182.66053894048599204 
 113.4571516445291337 170.34373319777398592 
 85.01270720008469084 170.34373319777398592 
 106.34604053341800523 182.66053894048599204 
 92.123818311195805109 182.66053894048599204 
 70.79048497786244809 170.34373319777398592 
 42.34604053341801233 170.34373319777398592 
 63.679373866751333821 182.66053894048599204 
  49.4571516445291266 182.66053894048599204 
 28.123818311195776687 170.34373319777398592 
 255.67937386675134803 170.34373319777398592 
 21.012707200084658865 182.66053894048599204 
 6.7904849778624534196 182.66053894048599204 
 241.45715164452909107 194.97734468319802659 
 213.01270720008469084 194.97734468319802659 
 234.34604053341800523 207.29415042591003271 
 220.12381831119577669 207.29415042591003271 
 198.7904849778624623 194.97734468319802659 
 170.34604053341800523 194.97734468319802659 
 191.67937386675134803 207.29415042591003271 
 177.45715164452911949 207.29415042591003271 
 156.12381831119577669 194.97734468319802659 
 127.67937386675133382 194.97734468319802659 
 149.01270720008466242 207.29415042591003271 
 134.7904849778624623 207.29415042591003271 
 113.4571516445291337 194.97734468319802659 
 85.01270720008469084 194.97734468319802659 
 106.34604053341800523 207.29415042591003271 
 92.123818311195805109 207.29415042591003271 
 70.79048497786244809 194.97734468319802659 
 42.34604053341801233 194.97734468319802659 
 63.679373866751333821 207.29415042591003271 
  49.4571516445291266 207.29415042591003271 
 28.123818311195776687 194.97734468319802659 
 255.67937386675134803 194.97734468319802659 
 21.012707200084658865 207.29415042591003271 
 6.7904849778624534196 207.29415042591006113 
 241.45715164452909107 219.61095616862206725 
 213.01270720008469084 219.61095616862206725 
 234.34604053341800523 231.92776191133407337 
 220.12381831119577669 231.92776191133407337 
 198.7904849778624623 219.61095616862206725 
 170.34604053341800523 219.61095616862206725 
 191.67937386675134803 231.92776191133407337 
 177.45715164452911949 231.92776191133407337 
 156.12381831119577669 219.61095616862206725 
 127.67937386675133382 219.61095616862206725 
 149.01270720008466242 231.92776191133407337 
 134.7904849778624623 231.92776191133407337 
 113.4571516445291337 219.61095616862206725 
 85.01270720008469084 219.61095616862206725 
 106.34604053341800523 231.92776191133407337 
 92.123818311195805109 231.92776191133407337 
 70.79048497786244809 219.61095616862206725 
 42.34604053341801233 219.61095616862206725 
 63.679373866751333821 231.92776191133407337 
  49.4571516445291266 231.92776191133407337 
 28.123818311195776687 219.61095616862206725 
 255.67937386675134803 219.61095616862203883 
 21.012707200084658865 231.92776191133407337 
 6.7904849778624534196 231.92776191133407337 
 241.45715164452911949 244.24456765404610792 
 213.01270720008469084 244.24456765404610792 
 234.3460405334179768 10.225258542517767779 
 220.12381831119574827 10.225258542517767779 
 198.7904849778624623 244.24456765404610792 
 170.34604053341800523 244.24456765404610792 
 191.67937386675134803 10.225258542517767779 
 177.45715164452909107 10.225258542517767779 
 156.12381831119577669 244.24456765404610792 
 127.67937386675133382 244.24456765404610792 
 149.01270720008466242 10.225258542517767779 
 134.79048497786243388 10.225258542517767779 
 113.4571516445291337 244.24456765404610792 
 85.01270720008469084 244.24456765404610792 
 106.34604053341800523 10.225258542517767779 
 92.123818311195805109 10.225258542517767779 
 70.79048497786244809 244.24456765404610792 
 42.346040533418026541 244.24456765404610792 
 63.679373866751319611 10.225258542517767779 
 49.457151644529112389 10.225258542517767779 
 28.123818311195790898 244.24456765404610792 
 255.67937386675134803 244.24456765404610792 
 21.012707200084644654 10.225258542517767779 
 6.7904849778624392087 10.22525854251778199 
