 52.242180017659769931 124.05794557955249502 
 59.164846684326434456 143.93604207151281571 
 23.42127335099309704 163.81413856347316482 
 37.267460017659765015 203.57152420933007875 
 30.344366684326423922 183.69342771736975806 
 44.190553350993106108 223.44962070129042786 
 52.242180017659769931 243.3241392074419025 
 59.164846684326434456 24.669848443623425993 
 23.42127335099309704 44.547944935583757342 
 37.267460017659765015 84.305330581440685478 
 30.344366684326423922 64.427234089480350576 
 44.190553350993106108 104.18342707340102038 
 94.908846684326434229 124.05794557955249502 
 101.83151335099310586 143.93604207151281571 
 66.087940017659761338 163.81413856347316482 
 79.934126684326429313 203.57152420933007875 
 73.01103335099308822 183.69342771736975806 
 86.857220017659770406 223.44962070129042786 
 94.908846684326434229 243.3241392074419025 
 101.83151335099310586 24.669848443623425993 
 66.087940017659761338 44.547944935583757342 
 79.934126684326429313 84.305330581440685478 
 73.01103335099308822 64.427234089480350576 
 86.857220017659770406 104.18342707340102038 
 137.57551335099310563 124.05794557955249502 
 144.49818001765976305 143.93604207151281571 
 108.75460668432643274 163.81413856347316482 
 122.60079335099310072 203.57152420933007875 
 115.67770001765977383 183.69342771736975806 
 129.52388668432644181 223.44962070129042786 
 137.57551335099310563 243.3241392074419025 
 144.49818001765976305 24.669848443623425993 
 108.75460668432643274 44.547944935583757342 
 122.60079335099310072 84.305330581440685478 
 115.67770001765977383 64.427234089480350576 
 129.52388668432644181 104.18342707340102038 
 180.2421800176597344 124.05794557955249502 
 187.16484668432642025 143.93604207151281571 
 151.42127335099311836 163.81413856347316482 
 165.26746001765980054 203.57152420933007875 
 158.34436668432641682 183.69342771736975806 
  172.190553350993099 223.44962070129042786 
 180.2421800176597344 243.3241392074419025 
 187.16484668432642025 24.669848443623425993 
 151.42127335099311836 44.547944935583757342 
 165.26746001765980054 84.305330581440685478 
 158.34436668432641682 64.427234089480350576 
  172.190553350993099 104.18342707340102038 
 222.90884668432642002 124.05794557955249502 
 229.83151335099310586 143.93604207151281571 
 194.08794001765980397 163.81413856347316482 
 207.93412668432642931 203.57152420933007875 
 201.01103335099310243 183.69342771736975806 
 214.85722001765978462 223.44962070129042786 
 222.90884668432642002 243.3241392074419025 
 229.83151335099310586 24.669848443623425993 
 194.08794001765980397 44.547944935583757342 
 207.93412668432642931 84.305330581440685478 
 201.01103335099310243 64.427234089480350576 
 214.85722001765978462 104.18342707340102038 
 9.575513350993103856 124.05794557955249502 
 16.498180017659784369 143.93604207151281571 
 236.75460668432648959 163.81413856347316482 
 250.60079335099308651 203.57152420933007875 
 243.67770001765978805 183.69342771736975806 
 1.5238866843264702311 223.44962070129042786 
 9.575513350993103856 243.3241392074419025 
 16.498180017659784369 24.669848443623425993 
 236.75460668432648959 44.547944935583757342 
 250.60079335099308651 84.305330581440685478 
 243.67770001765978805 64.427234089480350576 
 1.5238866843264702311 104.18342707340102038 
