 157.6761811643627027 53.271945587293586755 
 140.26713236154179754 65.103558059922320922 
 111.81524806380593873 35.722747405903369611 
 76.996219294116357901 59.387105291489397985 
 94.405157667478007966 47.555080690508106045 
 59.587280920754707836 71.219129892470661503 
 42.473884535991608402 84.140307935076279477 
 25.064835733170713894 95.971920407704999434 
 192.19851592248747352 28.518742943706712367 
 209.60745429584909516 16.686718342725434638 
 174.78957754912579503 40.350767544687990096 
 168.71912708873693987 94.484780842293830005 
 151.3100782859160347 106.31639331492257838 
 122.85819398818014747 76.935582660903619967 
 88.039165218490580855 100.59994054648963413 
 105.44810359185223092 88.767915945508349296 
 70.63022684512891658 112.43196514747093318 
 53.516830460365824251 125.35314319007652273 
 36.107781657544940401 137.18475566270524268 
 7.6558973598090558355 107.80394500868629848 
 203.24146184686168226 69.731578198706941407 
 220.65040022022333233 57.899553597725684995 
 185.83252347349997535 81.563602799688254663 
 179.76207301311114861 135.69761609729408747 
 162.35302421029024345 147.52922856992282163 
 133.90113991255435621 118.14841791590384901 
 99.08211114286480381 141.81277580148989159 
 116.49104951622645387 129.98075120050859255 
 81.673172769503153745 153.64480040247119064 
 64.559776384740047206 166.56597844507678019 
 47.15072758191915625 178.39759091770551436 
 18.69884328418326902 149.01678026368651331 
  214.284407771235891 110.94441345370721308 
 231.69334614459756949 99.112388852725914035 
 196.87546939787421252 122.77643805468851212 
 190.80501893748535736 176.91045135229433072 
 173.39597013466445219 188.74206382492309331 
 144.94408583692859338 159.36125317090412068 
 110.12505706723902676 183.02561105649016326 
 127.53399544060067683 171.19358645550889264 
 92.716118693877362489 194.85763565747140547 
 75.60272230911425595 207.77881370007699502 
 58.193673506293379205 219.61042617270578603 
 29.741789208557495527 190.22961551868678498 
 225.32735369561012817 152.15724870870749896 
 242.73629206897174981 140.32522410772619992 
 207.91841532224844968 163.98927330968874116 
 201.84796486185959452 218.12328660729460239 
 184.43891605903868935 229.95489907992330814 
 155.98703176130280212 200.57408842590436393 
 121.16800299161323551 224.23844631149040652 
 138.57694136497488557 212.40642171050910747 
 103.75906461825157123 236.07047091247167714 
 86.645668233488493115 248.99164895507729511 
 40.784735132931722035 231.44245077368705665 
 236.37029961998433691 193.37008396370771379 
 253.77923799334598698 181.53805936272641475 
 218.96136124662263001 205.20210856468904126 
 146.63323523998849396 12.059110332293368373 
 129.22418643716758879 23.890722804922056355 
 167.02997768567703929 241.7869236809046356 
 65.953273369742149157 18.174270036489179603 
 149.61988728934912274 253.61925696550937914 
 48.544334996380499092 30.006294637470457332 
 31.430938611617396106 42.927472680076057543 
 14.021889808796499821 54.759085152704741972 
