 149.93165809895307916 25.152192756238711979 
 132.52260929613223084 36.983805228867446147 
 104.07072499839635782 7.6029945748484761836 
 69.251696228706776992 31.267352460434508998 
 86.660634602068412846 19.435327859453241928 
 51.842757855345112716 43.099377061415786727 
 34.729361470582027493 56.020555104021397597 
 17.320312667761118774 67.852167576650131764 
 167.04505448371622833 12.23101471363310111 
 160.97460402332731633 66.365028011238962335 
  143.565555220506468 78.196640483867696503 
 115.11367092277056656 48.815829829848709664 
 80.294642153080999947 72.480187715434752249 
 97.70358052644262159 60.64816311445347452 
 62.885703779719342776 84.312212316416037083 
 45.772307394956243343 97.233390359021640847 
 28.363258592135345282 109.06500283165037501 
 195.49693878145208714 41.611825367652073737 
 212.90587715481373721 29.779800766670792456 
 178.08800040809043708 53.443849968633351466 
 172.01754994770155349 107.57786326623920559 
 154.60850114488064833 119.40947573886793975 
 126.15661684714477531 90.028665084848967126 
 91.33758807745520869 113.69302297043500971 
 108.74652645081685876 101.86099836945373909 
 73.928649704093572836 125.52504757141629455 
 56.815253319330466297 138.44622561402189831 
 39.406204516509561131 150.27783808665060405 
 10.954320218773689888 120.89702743263165985 
 206.53988470582632431 82.824660622652316988 
 223.94882307918794595 70.992636021671060575 
 189.13094633246467424 94.656685223633616033 
 183.06049587207573381 148.79069852123942042 
 165.65144706925488549 160.62231099386821143 
 137.19956277151899826 131.24150033984921038 
 102.38053400182943165 154.90585822543525296 
 119.7894723751910675 143.07383362445398234 
 84.971595628467767369 166.73788282641652359 
 67.858199243704689252 179.65906086902211314 
 50.449150440883769875 191.49067334165090415 
 21.997266143147918172 162.1098626876319031 
 217.58283063020050463 124.03749587765258866 
 234.99176900356221154 112.20547127667128962 
 200.17389225683888299 135.86952047863385928 
 194.10344179644997098 190.00353377623972051 
 176.69439299362906581 201.83514624886842626 
 148.24250869589323543 172.45433559484948205 
 113.4234799262036546 196.11869348043549621 
 130.83241829956529045 184.28666887945419717 
 96.014541552841990324 207.95071808141679526 
 78.901145168078912207 220.87189612402238481 
 61.492096365257999935 232.70350859665111898 
 33.040212067522126915 203.32269794263214635 
 228.62577655457474179 165.25033113265283191 
 246.03471492793639186 153.41830653167153287 
 211.21683818121309173 177.08235573363410253 
 205.14638772082420815 231.21636903123999218 
 187.7373389180033314 243.04798150386869793 
 159.28545462026744417 213.66717084984975372 
 124.46642585057786334 237.33152873543573946 
 141.8753642239394992 225.49950413445449726 
 107.05748747721622749 249.16355333641706693 
 44.083157991896356975 244.53553319763244644 
 239.66872247894897896 206.46316638765310358 
 222.2597841055873289 218.29519098863440263 
