 65.922559496999781459 8.9670147132667938905 
 50.467746276374668923 4.8259099916264691643 
 46.326641554734344197 20.280723212251565712 
 57.640350053719117795 39.876641154516988763 
 61.781454775359456733 24.421827933891890439 
 42.18553683309400526 35.735536432876664037 
 38.044432111453680534 51.190349653501748151 
 49.358140610438454132 70.786267595767171201 
 53.499245332078793069 55.331454375142072877 
 33.903327389813341597 66.64516287412683937 
 29.762222668173016871 82.099976094751923483 
 41.07593116715780468 101.69589403701735364 
 45.217035888798129406 86.241080816392269526 
 25.621117946532692145 97.554789315377007597 
 21.480013224892353207 113.00960253600212013 
 32.793721723877126806 132.60552047826755029 
 36.934826445517465743 117.15070725764246617 
 17.33890850325201427 128.46441575662723267 
 13.197803781611675333 143.9192289772523452 
 24.511512280596463143 163.51514691951774694 
 28.652617002236787869 148.06033369889266282 
 9.0566990599713506072 159.37404219787742932 
 4.915594338331025881 174.82885541850251343 
 16.229302837315799479 194.42477336076791516 
 20.370407558956138416 178.96996014014283105 
 7.9470933940351349278 225.33439980201808339 
 12.088198115675474753 209.87958658139299928 
 96.832185938249963897 17.24922415654745933 
 100.97329065989029573 1.7944109359223601174 
 81.377372717624865572 13.108119434907132828 
 77.236267995984533741 28.562932655532229376 
 88.549976494969300234 48.158850597797652426 
 92.691081216609632065 32.704037377172554102 
 73.095163274344201909  44.0177458761573277 
 68.954058552703870077 59.472559096782411814 
 80.26776705168863657 79.068477039047834865 
 84.408871773328968402 63.61366381842273654 
 64.812953831063538246 74.927372317407503033 
 60.67184910942321352 90.382185538032587147 
 71.985557608407987118 109.9781034802980173 
 76.126662330048304739 94.523290259672918978 
 56.530744387782888793 105.83699875865767126 
 52.389639666142549856 121.2918119792827838 
 63.703348165127309244 140.88772992154821395 
 67.844452886767626865 125.43291670092312984 
 48.248534944502210919 136.74662519990789633 
 44.107430222861871982 152.20143842053298044 
 55.421138721846645581 171.7973563627984106 
 59.562243443486970307 156.34254314217332649 
 39.966325501221547256 167.65625164115809298 
 35.82522077958122253 183.11106486178317709 
 47.138929278565981917 202.70698280404860725 
 51.280034000206320854 187.25216958342349471 
 31.684116057940883593 198.56587808240828963 
 27.543011336300558867 214.02069130303334532 
 38.856719835285318254 233.61660924529877548 
 42.997824556925657191 218.16179602467366294 
 23.40190661466021993 229.47550452365842943 
 116.42810388051537984 5.9355156575626990545 
 127.74181237950016055 25.531433599828122993 
 131.88291710114049238 10.076620379203024669 
 112.28699915887504801 21.390328878187798267 
 108.14589443723471618 36.845142098812893039 
 119.45960293621948267 56.44106004107831609 
 123.6007076578598145 40.986246820453217765 
 104.00478971559438435 52.299955319437991363 
 99.863684993954052516 67.754768540063082582 
 111.17739349293883322 87.350686482328498528 
 115.31849821457915084 71.895873261703400203 
 95.722580272313720684 83.209581760688166696 
 91.581475550673388852 98.66439498131325081 
 102.89518404965816956 118.26031292357868097 
 107.03628877129848718 102.80549970295359685 
 87.440370829033057021 114.11920820193833492 
 83.299266107392725189 129.57402142256344746 
 94.612974606377491682 149.16993936482887761 
 98.754079328017823514 133.7151261442037935 
 79.158161385752393358 145.02883464318855999 
 75.017056664112047315 160.48364786381367253 
 86.330765163096828019 180.07956580607907426 
 90.47186988473714564 164.62475258545399015 
 70.875951942471729694 175.93846108443875664 
 66.734847220831397863 191.39327430506384076 
 78.048555719816164356 210.98919224732924249 
 82.189660441456496187 195.53437902670415838 
 62.593742499191066031 206.84808752568892487 
 58.452637777550741305 222.30290074631403741 
 69.766346276535500692 241.89881868857943914 
 73.907450998175832524 226.44400546795435503 
 54.311533055910402368 237.75771396693912152 
 147.33773032176557649 14.217725100843363606 
 158.65143882075034298 33.813643043108783104 
 162.79254354239068903 18.358829822483688332 
 143.19662560012523045 29.67253832146846193 
 139.05552087848491283 45.127351542093556702 
 150.36922937746967932 64.723269484358979753 
 154.51033409910999694 49.268456263733881428 
 134.91441615684456679 60.582164762718655027 
 130.77331143520424916 76.036977983343732035 
 142.08701993418898724 95.632895925609176402 
 146.2281246558293617 80.178082704984078077 
 126.63220671356391733 91.491791203968816149 
 122.49110199192357129 106.94660442459391447 
 133.80481049090835199 126.54252236685934463 
 137.94591521254866961 111.0877091462342463 
 118.34999727028325367 122.40141764521899859 
 114.20889254864290763 137.85623086584411112 
 125.52260104762768833 157.4521488081095697 
 129.66370576926800595 141.99733558748442874 
 110.0677878270025758 153.31104408646922366 
 105.92668310536224396 168.76585730709430777 
 117.24039160434701046 188.36177524935976635 
 121.38149632598734229 172.90696202873465381 
 101.78557838372191213 184.22067052771942031 
 97.644473662081580301  199.675483748344476 
  108.958182161066361 219.27140169060990615 
 113.09928688270667863 203.81658846998479362 
 93.503368940441248469 215.13029696896958853 
 89.362264218800916638 230.58511018959467265 
 100.67597271778569734 250.1810281318601028 
 104.81707743942602917 234.72621491123499027 
 85.221159497160599017 246.03992341021978518 
 178.24735676301577314 22.499934544124027269 
 189.56106526200053963 42.095852486389460978 
 193.70216998364088568 26.641039265764366206 
 174.10625204137545552 37.954747764749122041 
 169.9651473197351379 53.409560985374220365 
 181.27885581871987597 73.005478927639657627 
 185.41996054036022201 57.550665707014559302 
 165.82404259809476343 68.864374205999325795 
 161.68293787645444581 84.319187426624409909 
 172.99664637543918388 103.91510536888982585 
 177.13775109707955835 88.46029214826472753 
 157.54183315481409977 99.774000647249494023 
 153.40072843317378215 115.22881386787457814 
 164.71443693215854864 134.82473181013997987 
 168.85554165379886626 119.36991858951492418 
 149.25962371153343611 130.68362708849966225 
 145.11851898989311849 146.13844030912480321 
 156.43222748887788498 165.73435825139020494 
 160.57333221051823102 150.27954503076512083 
 140.97741426825277244 161.59325352974988732 
 136.83630954661245482 177.04806675037499986 
 148.15001804559722132 196.64398469264040159 
 152.29112276723753894 181.18917147201531748 
 132.69520482497210878 192.50287997100008397 
 128.55410010333179116 207.95769319162516808 
 139.86780860231652923 227.55361113389056982 
 144.0089133239569037 212.0987979132654857 
 124.41299538169145933 223.4125064122502522 
 120.2718906600511275 238.86731963287533631 
 135.72670388067621161 243.00842435451568235 
 116.13078593841079567 254.32213285350042042 
 209.15698320426596979 30.782143987404690932 
 220.47069170325073628 50.378061929670124641 
 224.61179642489108232 34.923248709045026317 
 205.01587848262565217 46.236957208029785704 
 200.87477376098533455 61.691770428654884029 
 212.18848225997007262 81.28768837092032129 
 216.32958698161041866 65.832875150295222966 
 196.73366903934496008 77.146583649279989459 
 192.59256431770464246 92.601396869905073572 
 203.90627281668938053 112.19731481217050373 
  208.047377538329755 96.742501591545405404 
 188.45145959606429642 108.0562100905301719 
 184.3103548744239788 123.5110233111552418 
 195.62406337340874529 143.10694125342067196 
 199.76516809504906291 127.65212803279558784 
 180.16925015278363276 138.96583653178035433 
 176.02814543114331514 154.42064975240543845 
 187.34185393012808163 174.01656769467089703 
 191.48295865176842767 158.56175447404578449 
 171.88704070950299752 169.87546297303055098 
 167.74593598786265147 185.3302761936556351 
 179.05964448684741797 204.92619413592109368 
 183.20074920848773559 189.47138091529598114 
 163.60483126622230543 200.78508941428074763 
 159.46372654458198781 216.23990263490583175 
 170.77743504356672588 235.8358205771712619 
 174.91853976520710034 220.38100735654614937 
 155.32262182294164177 231.69471585553094428 
 151.18151710130132415 247.14952907615599997 
 166.63633032192640826 251.29063379779634602 
 240.06660964551616644 39.064353430685351043 
 251.38031814450090451 58.660271372950788304 
 255.52142286614127897 43.205458152325697085 
 235.9255049238758204 54.519166651310449367 
 231.78440020223550277 69.973979871935554797 
 243.09810870122024085 89.569897814200984953 
 247.23921342286058689 74.115084593575886629 
 227.64329548059512831 85.428793092560653122 
 223.50219075895481069 100.88360631318573724 
 234.81589925793957718 120.47952425545115318 
 238.9570039795798948 105.02471103482605486 
 219.36108603731449307 116.33841953381083556 
 215.21998131567417545 131.79323275443590546 
 226.53368981465894194 151.3891506967013072 
 230.67479453629925956 135.93433747607625151 
 211.07887659403382941 147.24804597506098958 
 206.93777187239351179 162.70285919568610211 
 218.25148037137824986 182.29877713795153227 
 222.3925850930185959 166.84396391732644815 
 202.79666715075316574 178.15767241631121465 
 198.65556242911279128 193.61248563693632718 
 209.96927092809758619 213.20840357920172892 
 214.11037564973790381 197.7535903585766448 
 194.51445770747247366 209.0672988575614113 
 190.37335298583215604 224.52211207818649541 
 201.68706148481692253 244.11803002045189714 
 205.82816620645724015 228.66321679982681303 
 186.23224826419183842 239.97692529881157952 
 182.09114354255149237 255.43173851943669206 
 26.730723612468921147  31.5944317112363251 
 30.871828334109263636 16.139618490611226775 
 254.41181720020500734 109.16581575646638669 
 18.448514169188257483 62.504058152486507538 
 22.58961889082859642 47.049244931861409214 
 250.2707124785646613 124.62062897709148501 
 246.12960775692431525 140.07544219771656913 
 10.166304725907609807 93.413684593736689976 
 14.307409447547934533 77.958871373111591652 
 241.98850303528399763 155.53025541834165324 
 237.84739831364365159 170.98506863896676577 
 1.884095282626931489 124.32331103498690084 
 6.0252000042672708702 108.86849781436180251 
 233.70629359200333397 186.43988185959187831 
 229.56518887036298793 201.89469508021696242 
 225.42408414872267031 217.34950830084207496 
 221.28297942708235269 232.80432152146713065 
 217.14187470544200664 248.25913474209224319 
