 134.68313744153965672  1.57379817696230484 
 106.97032452043761452 17.573798176962313278 
 120.82673098098864273 9.5737981769622937378 
 98.970324520437628735 3.717391716411299285 
 85.113918059886614742 11.717391716411288627 
 79.25751159933561496 33.573798176962306172 
 93.113918059886600531 25.57379817696230262 
 71.257511599335600749 19.71739171641129218 
 57.401105138784579651 27.717391716411295732 
 51.544698678233551448 49.573798176962313278 
 65.401105138784572546 41.573798176962306172 
 43.544698678233551448 35.717391716411299285 
 29.688292217682537455 43.71739171641130639 
 23.831885757131498593 65.573798176962327489 
 37.688292217682523244 57.573798176962313278 
 15.831885757131509251 51.71739171641130639 
 1.9754792965805112459 59.717391716411313496 
 9.9754792965805147986 73.573798176962327489 
 178.39595036264171313 13.28661109806433771 
 192.25235682319274133 5.2866110980643341577 
 156.53954390209068492 7.4302046375133281586 
 150.68313744153965672 29.286611098064344816 
 164.53954390209068492 21.286611098064341263 
 142.68313744153965672 15.430204637513332599 
 128.82673098098865694 23.430204637513334376 
 122.97032452043764295 45.286611098064355474 
 136.82673098098865694 37.286611098064348369 
 114.97032452043764295 31.430204637513337929 
 101.11391805988662895 39.43020463751332727 
 95.25751159933561496 61.286611098064348369 
 109.11391805988662895 53.286611098064341263 
 87.25751159933561496 47.430204637513334376 
 73.401105138784586757 55.430204637513334376 
 67.544698678233558553 77.286611098064355474 
 81.401105138784586757 69.286611098064355474 
 59.544698678233558553 63.430204637513341481 
 45.68829221768254456 71.430204637513341481 
 39.831885757131523462 93.286611098064369685 
 53.68829221768254456 85.286611098064355474 
 31.831885757131516357 79.430204637513355692 
 17.975479296580520128 87.430204637513341481 
 12.119072836029509688 109.28661109806435547 
 25.97547929658052368 101.28661109806435547 
 4.119072836029506135 95.430204637513341481 
 200.25235682319274133 19.14301755861534815 
 194.39595036264171313 40.999424019166376354 
 208.25235682319271291 32.999424019166369249 
 186.39595036264171313 27.143017558615351703 
 172.53954390209068492 35.143017558615369467 
 166.68313744153968514 56.999424019166383459 
 180.53954390209068492 48.99942401916639767 
 158.68313744153965672 43.143017558615355256 
 144.82673098098865694 51.143017558615362361 
 138.97032452043765716 72.99942401916639767 
 152.82673098098865694 64.999424019166383459 
 130.97032452043762873 59.143017558615362361 
 117.11391805988661474 67.143017558615369467 
 111.25751159933562917 88.999424019166383459 
 125.11391805988662895 80.999424019166383459 
 103.25751159933561496 75.143017558615369467 
 89.401105138784572546 83.143017558615369467 
 83.544698678233572764 104.99942401916639767 
 97.401105138784600967 96.999424019166383459 
 75.544698678233558553 91.143017558615383678 
 61.688292217682537455 99.143017558615383678 
 55.831885757131530568 120.99942401916639767 
 69.68829221768254456 112.99942401916639767 
 47.831885757131509251 107.14301755861538368 
 33.97547929658052368 115.14301755861536947 
 28.119072836029502582 136.99942401916641188 
 41.975479296580530786 128.99942401916638346 
 20.11907283602949903 123.14301755861538368 
 6.2626663754785001359 131.14301755861535526 
 14.262666375478504577 144.99942401916641188 
 216.25235682319274133 46.855830479717390347 
 210.39595036264171313 68.712236940268397234 
 224.25235682319271291 60.712236940268397234 
 202.39595036264174155 54.855830479717390347 
 188.53954390209068492 62.855830479717411663 
 182.68313744153968514 84.712236940268411445 
 196.53954390209068492 76.712236940268425656 
 174.68313744153968514 70.855830479717397452 
 160.82673098098865694 78.855830479717383241 
 154.97032452043762873 100.71223694026839723 
 168.82673098098865694 92.712236940268397234 
 146.97032452043762873 86.855830479717411663 
 133.11391805988660053 94.855830479717397452 
 127.25751159933561496 116.71223694026841144 
 141.11391805988660053 108.71223694026841144 
 119.25751159933561496 102.85583047971739745 
 105.40110513878458676 110.85583047971739745 
 99.544698678233572764 132.71223694026841144 
 113.40110513878458676 124.71223694026841144 
 91.544698678233572764 118.85583047971741166 
 77.68829221768254456 126.85583047971741166 
 71.831885757131516357 148.71223694026841144 
 85.68829221768253035 140.71223694026841144 
 63.831885757131516357 134.85583047971741166 
 49.975479296580516575 142.85583047971741166 
 44.119072836029495477 164.71223694026843987 
 57.97547929658052368 156.71223694026843987 
 36.119072836029502582 150.85583047971741166 
 22.262666375478506353 158.85583047971741166 
 16.406259914927467491 180.71223694026841144 
 30.262666375478495695 172.71223694026843987 
 8.406259914927479926 166.85583047971741166 
 232.25235682319274133 74.568643400819425437 
 226.39595036264171313 96.425049861370453641 
 240.25235682319271291 88.425049861370453641 
 218.39595036264174155 82.568643400819425437 
 204.53954390209068492 90.568643400819453859 
 198.68313744153968514 112.42504986137046785 
 212.53954390209071335 104.42504986137048206 
 190.68313744153968514 98.568643400819439648 
 176.82673098098868536 106.56864340081943965 
 170.97032452043765716 128.42504986137046785 
 184.82673098098868536 120.42504986137046785 
 162.97032452043765716 114.56864340081943965 
 149.11391805988665737 122.56864340081945386 
 143.25751159933562917 144.42504986137046785 
 157.11391805988665737 136.42504986137046785 
 135.25751159933562917 130.56864340081943965 
 121.40110513878460097 138.56864340081946807 
 115.54469867823358697 160.42504986137046785 
 129.40110513878460097 152.42504986137046785 
 107.54469867823357276 146.56864340081946807 
 93.68829221768254456 154.56864340081946807 
 87.831885757131530568 176.42504986137046785 
 101.68829221768255877 168.42504986137046785 
 79.831885757131530568 162.56864340081946807 
 65.975479296580530786 170.56864340081943965 
 60.119072836029516793 192.42504986137049627 
 73.975479296580544997 184.42504986137049627 
 52.119072836029509688 178.56864340081946807 
 38.262666375478517011 186.56864340081943965 
 32.406259914927488808 208.42504986137049627 
 46.262666375478517011 200.42504986137046785 
 24.406259914927488808 194.56864340081946807 
 248.25235682319276975 102.28145632192148184 
 242.39595036264174155 124.13786278247251005 
 256.25235682319276975 116.13786278247251005 
 234.39595036264174155 110.28145632192148184 
 220.53954390209071335 118.28145632192148184 
 214.68313744153968514 140.13786278247252426 
 228.53954390209071335 132.13786278247252426 
 206.68313744153968514 126.28145632192149606 
 192.82673098098868536 134.28145632192149606 
 186.97032452043765716 156.13786278247252426 
 200.82673098098868536 148.13786278247249584 
 178.97032452043765716 142.28145632192149606 
 165.11391805988665737 150.28145632192149606 
 159.25751159933565759 172.13786278247252426 
 173.11391805988665737 164.13786278247252426 
 151.25751159933562917 158.28145632192146763 
 137.40110513878460097 166.28145632192152448 
 131.54469867823360119 188.13786278247252426 
 145.40110513878462939 180.13786278247252426 
 123.54469867823358697 174.28145632192149606 
 109.68829221768255877 182.28145632192152448 
 103.83188575713154478 204.13786278247252426 
 117.68829221768257298 196.13786278247252426 
 95.831885757131544779 190.28145632192152448 
 81.975479296580544997 198.28145632192149606 
 76.119072836029545215 220.13786278247255268 
 89.975479296580544997 212.13786278247252426 
 68.119072836029516793 206.28145632192149606 
 54.262666375478524117 214.28145632192149606 
 48.406259914927510124 236.13786278247252426 
 62.262666375478524117 228.13786278247255268 
 40.406259914927495913 222.28145632192149606 
 250.39595036264171313 137.99426924302352404 
 236.53954390209071335 145.99426924302352404 
 230.68313744153971356 167.85067570357455224 
 244.53954390209071335 159.85067570357455224 
 222.68313744153968514 153.99426924302352404 
 208.82673098098868536 161.99426924302352404 
 202.97032452043768558 183.85067570357458067 
 216.82673098098868536 175.85067570357452382 
 194.97032452043765716 169.99426924302352404 
 181.11391805988662895 177.99426924302352404 
 175.25751159933565759 199.85067570357455224 
 189.11391805988665737 191.85067570357455224 
 167.25751159933562917 185.99426924302349562 
 153.40110513878460097 193.99426924302352404 
 147.54469867823360119 215.85067570357455224 
 161.40110513878460097 207.85067570357455224 
 139.54469867823360119 201.99426924302352404 
 125.68829221768254456 209.99426924302355246 
 119.83188575713154478 231.85067570357455224 
 133.68829221768254456 223.85067570357455224 
 111.83188575713154478 217.99426924302355246 
 97.975479296580544997 225.99426924302352404 
 92.119072836029516793 247.85067570357458067 
  105.975479296580545 239.85067570357455224 
 84.119072836029516793 233.99426924302352404 
 70.262666375478531222 241.99426924302352404 
 78.262666375478531222 255.85067570357458067 
 56.406259914927488808 249.99426924302352404 
 252.53954390209068492 173.70708216412555203 
 246.68313744153971356 195.56348862467655181 
 238.68313744153968514 181.70708216412555203 
 224.82673098098865694 189.70708216412555203 
 218.97032452043765716 211.56348862467655181 
 232.82673098098868536 203.56348862467655181 
 210.97032452043765716 197.70708216412555203 
 197.11391805988662895 205.70708216412555203 
 191.25751159933562917 227.56348862467655181 
 205.11391805988662895 219.56348862467658023 
 183.25751159933562917 213.7070821641255236 
 169.40110513878460097 221.70708216412555203 
 163.54469867823357276 243.56348862467655181 
 177.40110513878462939 235.56348862467658023 
 155.54469867823360119 229.7070821641255236 
 141.68829221768254456 237.70708216412558045 
 149.68829221768257298 251.56348862467658023 
 127.83188575713154478 245.70708216412558045 
 113.97547929658053079 253.70708216412555203 
