 181.40892647512490043 7.0595651438342814643 
 196.86373969574995613 2.9184604221939567381 
 150.49930003387470379 15.341774587114944239 
 165.9541132544997879 11.200669865474619513 
 130.90338209160924521 4.0280660881302008391 
 119.58967359262449293 23.623984030395607903 
 135.04448681324959125 19.482879308755283176 
 115.44856887098416109 8.1691708097705255653 
 99.993755650359076981 12.310275531410850292 
 88.680047151374324699 31.906193473676271566 
 104.13486037199942302 27.765088752035932629 
 84.538942429733978656 16.451380253051191005 
 69.084129209108880332 20.592484974691529942 
 57.770420710124106733 40.188402916956938782 
 73.225233930749212163 36.047298195316614056 
 53.629315988483782007 24.733589696331854668 
 38.174502767858690788 28.874694417972193605 
 26.860794268873913637 48.470612360237602445 
 42.315607489499008409 44.329507638597277719 
 22.719689547233588911 33.015799139612532542 
 7.2648763266085207846 37.156903861252857268 
 11.405981048248845511 52.611717081877927171 
 201.00484441739027375 18.373273642819054174 
 189.69113591840553568 37.969191585084473672 
 205.14594913903064821 33.828086863444148946 
 185.55003119676521806 22.514378364459378901 
 170.09521797614010552 26.655483086099717838 
 158.78150947715533903 46.251401028365137336 
 174.23632269778045156 42.110296306724812609 
 154.64040475551502141 30.796587807740042564 
 139.18559153488990887 34.937692529380385054 
 127.87188303590515659 54.533610471645800999 
 143.32669625653025491 50.392505750005476273 
 123.73077831426482476 39.07879725102070978 
 108.27596509363974064 43.219901972661034506 
 96.962256594654988362 62.815819914926464662 
 112.41706981528008669 58.674715193286125725 
 92.82115187301464232 47.361006694301373443 
 77.366338652389543995 51.50211141594171238 
 66.052630153404791713 71.098029358207128325 
 81.507443374029890037 66.956924636566796494 
 61.911525431764445671 55.643216137582037106 
 46.456712211139333135 59.784320859222376043 
 35.143003712154580853 79.380238801487791989 
 50.597816932779679178 75.239134079847474368 
 31.001898990514238363 63.925425580862707875 
 15.547085769889170237 68.066530302503025496 
 4.2333772709044117377 87.662448244768455652 
 19.68819049152951095 83.52134352312812382 
 220.60076235965573233 29.686982141803813562 
 216.45965763801538628 14.232168921178715237 
 209.28705386067096583 49.28290008406923306 
 197.97334536168619934 68.878818026334656111 
 213.42815858231128345 64.737713304694324279 
 193.8322406400458533 53.424004805709557786 
 178.37742741942076918 57.565109527349896723 
 167.06371892043603111 77.161027469615333985 
 182.51853214106111523 73.019922747975002153 
 162.92261419879565665 61.70621424899023566 
 147.46780097817057253 65.847318970630567492 
 136.15409247918583446 85.443236912895997648 
 151.60890569981091858 81.302132191255665816 
 132.01298775754548842 69.988423692270899323 
 116.55817453692040431 74.129528413911231155 
 105.24446603793565203 93.725446356176661311 
 120.69927925856075035 89.584341634536329479 
 101.10336131629530598 78.270633135551562987 
 85.648548095670207658 82.411737857191894818 
 74.334839596685455376 102.00765579945732497 
 89.789652817310553701 97.866551077816993143 
 70.193734875045109334 86.55284257883222665 
 54.738921654420018115 90.693947300472572692 
 43.425213155435244516 110.28986524273798864 
 58.880026376060342841 106.14876052109767102 
 39.28410843379491979 94.835052022112890313 
 23.829295213169849887 98.976156743753222145 
 12.515586714185074513 118.5720746860186523 
 27.970399934810174614 114.43096996437832047 
 8.3744819925447515629 103.11726146539355398 
 228.88297180293639599 60.596608583054006658 
 224.74186708129604995 45.141795362428908334 
 217.56926330395160107 80.192526525319436814 
  206.255554804966863 99.788444467584838549 
 221.71036802559194712 95.647339745944520928 
 202.11445008332654538 84.333631246959754435 
 186.65963686270143285 88.474735968600086267 
 175.34592836371666635 108.07065391086550221 
 190.80074158434177889 103.92954918922518459 
 171.20482364207634873 92.615840690240418098 
 155.75001042145126462 96.756945411880764141 
 144.4363019224664697 116.35286335414616588 
 159.89111514309158224 112.21175863250583404 
 140.29519720082615208 100.89805013352108176 
 124.84038398020108218 105.03915485516141359 
 113.52667548121631569 124.63507279742682954 
 128.98148870184141401 120.49396807578649771 
 109.38557075957598386 109.18025957680174542 
 93.930757538950871322 113.32136429844207726 
 82.617049039966119039 132.91728224070752162 
 98.071862260591217364 128.77617751906717558 
 78.475944318325772997 117.46246902008240909 
 63.021131097700681778 121.60357374172275513 
 51.70742259871590818 141.19949168398815686 
 67.162235819341006504 137.05838696234783924 
 47.566317877075583453 125.74467846336307275 
 32.111504656450513551 129.88578318500339037 
 20.797796157465739952 149.48170112726884895 
 36.252609378090838277 145.34059640562847449 
 16.656691435825415226 134.02688790664373641 
 1.2018782152003313346 138.16799262828405404 
 237.16518124621703123 91.506235024304174885 
 5.3429829368406558388 153.62280584890916657 
 233.02407652457671361 76.051421803679090772 
 225.85147274723226474 111.10215296656959083 
 214.53776424824755509 130.69807090883500678 
 229.99257746887261078 126.55696618719468916 
 210.39665952660718062 115.24325768820992266 
 194.94184630598212493 119.38436240985025449 
 183.62813780699735844 138.98028035211569886 
 199.08295102762244255 134.83917563047535282 
 179.48703308535704082 123.52546713149058633 
 164.03221986473189986 127.66657185313091816 
 152.71851136574716179 147.2624897953963341 
 168.1733245863722459 143.12138507375601648 
 148.57740664410681575 131.80767657477124999 
 133.12259342348173163 135.94878129641156761 
 121.80888492449697935 155.54469923867702619 
 137.26369814512204925 151.40359451703668014 
 117.66778020285663331 140.08988601805191365 
 102.21296698223153498 144.23099073969225969 
 90.899258483246768492 163.82690868195766143 
 106.35407170387186682 159.68580396031734381 
 86.75815376160643666 148.37209546133257732 
 71.303340540981338336 152.51320018297292336 
 59.989632041996571843 172.10911812523835351 
 75.444445262621670167 167.96801340359803589 
 55.848527320356232906 156.6543049046132694 
 40.393714099731163003 160.79540962625358702 
 29.080005600746403616 180.39132756851898876 
 44.53481882137150194 176.25022284687867113 
 24.938900879106064679 164.93651434789390464 
 9.4840876584809805649 169.07761906953422226 
 245.44739068949772332 122.41586146555435732 
 13.625192380121319502 184.5324322901593348 
 241.30628596785734885  106.961048244929259 
 234.13368219051295682 142.01177940781980169 
 222.81997369152819033 161.60769735008520342 
 238.27478691215330286 157.4665926284448858 
 218.67886896988787271 146.15288412946011931 
 203.22405574926276017 150.29398885110046535 
 191.91034725027799368 169.88990679336589551 
 207.36516047090310622 165.74880207172557789 
 187.76924252863767606 154.43509357274078297 
 172.31442930801259195 158.57619829438112902 
 161.00072080902779703 178.17211623664653075 
 176.45553402965290957 174.03101151500621313 
 156.85961608738747941 162.71730301602144664 
 141.40480286676242372 166.85840773766176426 
 130.0910943677776288 186.45432567992722284 
 145.54590758840274134 182.31322095828687679 
 125.94998964613729697 170.9995124593021103 
 110.49517642551219865 175.14061718094245634 
 99.181467926527446366 194.7365351232078865 
 114.63628114715254469 190.59543040156754046 
 95.040363204887100324 179.28172190258280239 
 79.585549984261987788 183.42282662422312001 
 68.271841485277235506 203.01874456648855016 
 83.726654705902333831 198.87763984484823254 
 64.130736763636903675 187.56393134586343763 
 48.675923543011840877 191.70503606750378367 
 37.362215044027067279 211.3009540097691854 
 52.817028264652165603 207.15984928812886778 
 33.221110322386742553 195.84614078914410129 
 17.766297101761658439 199.98724551078441891 
 253.72960013277838698 153.32548790680456818 
 21.907401823401983165 215.44205873140953145 
 249.58849541113806936 137.87067468617945565 
 242.41589163379362049 172.92140584906996992 
 231.10218313480885399 192.51732379133537165 
 246.55699635543393811 188.37621906969505403 
 226.96107841316850795 177.06251057071028754 
 211.50626519254342384 181.20361529235063358 
 200.19255669355868577 200.79953323461606374 
 215.64736991418376988 196.65842851297574612 
 196.0514519719183113 185.3447200139909512 
 180.59663875129322719 189.48582473563129724 
 169.28293025230846069 209.0817426778967274 
 184.73774347293354481 204.94063795625640978 
 165.14182553066814307 193.62692945727164329 
 149.68701231004305896 197.76803417891196091 
 138.37330381105829247 217.36395212117739106 
 153.82811703168337658 213.22284739953707344 
 134.23219908941797485 201.90913890055227853 
 118.77738586879286231 206.05024362219262457 
 107.46367736980809582 225.64616156445802631 
 122.91849059043319414 221.50505684281770868 
 103.32257264816776399 210.19134834383294219 
 87.867759427542651451 214.33245306547328823 
 76.554050928557899169 233.92837100773871839 
 92.008864149182997494 229.78726628609840077 
 72.412946206917553127 218.47355778711360585 
 56.95813298629249033 222.6146625087539519 
 45.644424487307730942 242.21058045101938205 
 61.099237707932829267 238.06947572937903601 
 41.503319765667392005 226.75576723039429794 
 26.048506545042307891 230.89687195203461556 
 30.189611266682646828 246.3516851726597281 
 250.69810107707425573 203.83103229032016657 
 239.38439257808951766 223.4269502325855683 
 254.83920579871460177 219.28584551094525068 
 235.24328785644917161 207.97213701196048419 
 219.7884746358240875 212.11324173360080181 
 208.47476613683932101 231.70915967586623196 
 223.92957935746443354 227.56805495422591434 
 204.33366141519900339 216.25434645524111943 
 188.87884819457389085 220.39545117688146547 
 177.56513969558912436 239.99136911914686721 
 193.01995291621423689 235.85026439750654959 
 173.42403497394877832 224.53655589852178309 
 157.96922175332372262 228.67766062016210071 
 146.65551325433895613 248.27357856242755929 
 162.11032647496406867 244.13247384078721325 
 142.51440853269861009 232.81876534180244676 
 127.05959531207351176 236.95987006344282122 
 115.74588681308875948 256.55578800570822295 
 131.2007000337138436 252.41468328406790533 
 111.60478209144841344 241.10097478508313884 
 96.149968870823315115 245.24207950672345646 
 80.69515565019821679 249.38318422836377408 
 65.240342429573146887 253.52428895000412012 
