 25.03996752989797514 17.994915459667414126 
 36.35367602888273808 33.994915459667424784 
 25.03996752989797514 49.994915459667417679 
 36.35367602888273808 65.994915459667424784 
 25.03996752989797514 81.994915459667410573 
 36.35367602888273808 97.994915459667424784 
 25.03996752989797514 113.99491545966741057 
 36.35367602888273808 129.99491545966739636 
 25.03996752989797514 145.99491545966742478 
 36.35367602888273808 161.99491545966742478 
 25.03996752989797514 177.99491545966742478 
 36.35367602888273808 193.99491545966742478 
 25.03996752989797514 209.99491545966742478 
 36.35367602888273808 225.99491545966742478 
 25.03996752989797514 241.99491545966739636 
 36.35367602888273808 1.9949154596674074647 
 47.667384527867504573 17.994915459667414126 
 58.981093026852263961 33.994915459667424784 
 47.667384527867504573 49.994915459667417679 
 58.981093026852263961 65.994915459667424784 
 47.667384527867504573 81.994915459667410573 
 58.981093026852263961 97.994915459667424784 
 47.667384527867504573 113.99491545966741057 
 58.981093026852263961 129.99491545966739636 
 47.667384527867504573 145.99491545966742478 
 58.981093026852263961 161.99491545966742478 
 47.667384527867504573 177.99491545966742478 
 58.981093026852263961 193.99491545966742478 
 47.667384527867504573 209.99491545966742478 
 58.981093026852263961 225.99491545966742478 
 47.667384527867504573 241.99491545966739636 
 58.981093026852263961 1.9949154596674074647 
 70.294801525837030454 17.994915459667414126 
 81.608510024821782736 33.994915459667424784 
 70.294801525837030454 49.994915459667417679 
 81.608510024821782736 65.994915459667424784 
 70.294801525837030454 81.994915459667410573 
 81.608510024821782736 97.994915459667424784 
 70.294801525837030454 113.99491545966741057 
 81.608510024821782736 129.99491545966739636 
 70.294801525837030454 145.99491545966742478 
 81.608510024821782736 161.99491545966742478 
 70.294801525837030454 177.99491545966742478 
 81.608510024821782736 193.99491545966742478 
 70.294801525837030454 209.99491545966742478 
 81.608510024821782736 225.99491545966742478 
 70.294801525837030454 241.99491545966739636 
 81.608510024821782736 1.9949154596674074647 
 92.922218523806549229 17.994915459667414126 
 104.23592702279130151 33.994915459667424784 
 92.922218523806549229 49.994915459667417679 
 104.23592702279130151 65.994915459667424784 
 92.922218523806549229 81.994915459667410573 
 104.23592702279130151 97.994915459667424784 
 92.922218523806549229 113.99491545966741057 
 104.23592702279130151 129.99491545966739636 
 92.922218523806549229 145.99491545966742478 
 104.23592702279130151 161.99491545966742478 
 92.922218523806549229 177.99491545966742478 
 104.23592702279130151 193.99491545966742478 
 92.922218523806549229 209.99491545966742478 
 104.23592702279130151 225.99491545966742478 
 92.922218523806549229 241.99491545966739636 
 104.23592702279130151 1.9949154596674074647 
 115.54963552177605379 17.994915459667414126 
 126.86334402076082029 33.994915459667424784 
 115.54963552177605379 49.994915459667417679 
 126.86334402076082029 65.994915459667424784 
 115.54963552177605379 81.994915459667410573 
 126.86334402076082029 97.994915459667424784 
 115.54963552177605379 113.99491545966741057 
 126.86334402076082029 129.99491545966739636 
 115.54963552177605379 145.99491545966742478 
 126.86334402076082029 161.99491545966742478 
 115.54963552177605379 177.99491545966742478 
 126.86334402076082029 193.99491545966742478 
 115.54963552177605379 209.99491545966742478 
 126.86334402076082029 225.99491545966742478 
 115.54963552177605379 241.99491545966739636 
 126.86334402076082029 1.9949154596674074647 
 138.17705251974558678 17.994915459667414126 
 149.49076101873035327 33.994915459667424784 
 138.17705251974558678 49.994915459667417679 
 149.49076101873035327 65.994915459667424784 
 138.17705251974558678 81.994915459667410573 
 149.49076101873035327 97.994915459667424784 
 138.17705251974558678 113.99491545966741057 
 149.49076101873035327 129.99491545966739636 
 138.17705251974558678 145.99491545966742478 
 149.49076101873035327 161.99491545966742478 
 138.17705251974558678 177.99491545966742478 
 149.49076101873035327 193.99491545966742478 
 138.17705251974558678 209.99491545966742478 
 149.49076101873035327 225.99491545966742478 
 138.17705251974558678 241.99491545966739636 
 149.49076101873035327 1.9949154596674074647 
 160.80446951771511976 17.994915459667414126 
 172.11817801669988626 33.994915459667424784 
 160.80446951771511976 49.994915459667417679 
 172.11817801669988626 65.994915459667424784 
 160.80446951771511976 81.994915459667410573 
 172.11817801669988626 97.994915459667424784 
 160.80446951771511976 113.99491545966741057 
 172.11817801669988626 129.99491545966739636 
 160.80446951771511976 145.99491545966742478 
 172.11817801669988626 161.99491545966742478 
 160.80446951771511976 177.99491545966742478 
 172.11817801669988626 193.99491545966742478 
 160.80446951771511976 209.99491545966742478 
 172.11817801669988626 225.99491545966742478 
 160.80446951771511976 241.99491545966739636 
 172.11817801669988626 1.9949154596674074647 
 183.43188651568465275 17.994915459667414126 
 194.74559501466941924 33.994915459667424784 
 183.43188651568465275 49.994915459667417679 
 194.74559501466941924 65.994915459667424784 
 183.43188651568465275 81.994915459667410573 
 194.74559501466941924 97.994915459667424784 
 183.43188651568465275 113.99491545966741057 
 194.74559501466941924 129.99491545966739636 
 183.43188651568465275 145.99491545966742478 
 194.74559501466941924 161.99491545966742478 
 183.43188651568465275 177.99491545966742478 
 194.74559501466941924 193.99491545966742478 
 183.43188651568465275 209.99491545966742478 
 194.74559501466941924 225.99491545966742478 
 183.43188651568465275 241.99491545966739636 
 194.74559501466941924 1.9949154596674074647 
 206.05930351365415731 17.994915459667414126 
 217.37301201263892381 33.994915459667424784 
 206.05930351365415731 49.994915459667417679 
 217.37301201263892381 65.994915459667424784 
 206.05930351365415731 81.994915459667410573 
 217.37301201263892381 97.994915459667424784 
 206.05930351365415731 113.99491545966741057 
 217.37301201263892381 129.99491545966739636 
 206.05930351365415731 145.99491545966742478 
 217.37301201263892381 161.99491545966742478 
 206.05930351365415731 177.99491545966742478 
 217.37301201263892381 193.99491545966742478 
 206.05930351365415731 209.99491545966742478 
 217.37301201263892381 225.99491545966742478 
 206.05930351365415731 241.99491545966739636 
 217.37301201263892381 1.9949154596674074647 
 228.68672051162366188 17.994915459667414126 
 240.00042901060845679 33.994915459667424784 
 228.68672051162366188 49.994915459667417679 
 240.00042901060845679 65.994915459667424784 
 228.68672051162366188 81.994915459667410573 
 240.00042901060845679 97.994915459667424784 
 228.68672051162366188 113.99491545966741057 
 240.00042901060845679 129.99491545966739636 
 228.68672051162366188 145.99491545966742478 
 240.00042901060845679 161.99491545966742478 
 228.68672051162366188 177.99491545966742478 
 240.00042901060845679 193.99491545966742478 
 228.68672051162366188 209.99491545966742478 
 240.00042901060845679 225.99491545966742478 
 228.68672051162366188 241.99491545966739636 
 240.00042901060845679 1.9949154596674074647 
 251.31413750959319486 17.994915459667414126 
 13.726259030913245951 33.994915459667424784 
 251.31413750959319486 49.994915459667417679 
 13.726259030913245951 65.994915459667424784 
 251.31413750959319486 81.994915459667410573 
 13.726259030913245951 97.994915459667424784 
 251.31413750959319486 113.99491545966741057 
 13.726259030913245951 129.99491545966739636 
 251.31413750959319486 145.99491545966742478 
 13.726259030913245951 161.99491545966742478 
 251.31413750959319486 177.99491545966742478 
 13.726259030913245951 193.99491545966742478 
 251.31413750959319486 209.99491545966742478 
 13.726259030913245951 225.99491545966742478 
 251.31413750959319486 241.99491545966739636 
 13.726259030913245951 1.9949154596674074647 
