 76.711660855093725786 3.122214444500659436 
 78.509619826226455075 22.635475154544057119 
 60.711660855093732891 30.835027365602684313 
 62.509619826226455075 50.348288075646081552 
 44.711660855093725786 58.547840286704726509 
 46.50961982622646218 78.061100996748109537 
 28.711660855093732891 86.260653207806768705 
 30.509619826226455075 105.77391391785016594 
 12.711660855093725786 113.97346612890882511 
 14.509619826226447969 133.48672683895222235 
 114.10553776849188523 6.2363707324267769749 
 96.307578797359170153 14.43592294348540328 
 98.10553776849187102 33.949183653528820059 
 80.307578797359170153  42.1487358645874437 
 82.105537768491885231 61.66199657463085515 
 64.307578797359170153 69.861548785689478791 
 66.105537768491899442 89.37480949573287603 
 48.307578797359170153 97.574361706791520987 
 50.105537768491892336 117.08762241683493244 
 32.307578797359163048 125.28717462789356318 
 34.105537768491885231 144.80043533793698884 
 16.307578797359184364 152.99998754899559117 
 18.105537768491892336 172.51324825903901683 
  2.10553776849190033 200.22606118014104482 
 133.70145571075730118 17.550079231411537251 
 115.9034967396245861 25.749631442470175102 
 117.70145571075728697 45.262892152513572341 
 99.903496739624586098 53.462444363572203088 
 101.70145571075730118 72.975705073615614538 
 83.903496739624600309 81.175257284674245284 
 85.701455710757301176 100.68851799471764252 
 67.903496739624586098 108.88807020577628748 
 69.701455710757301176 128.40133091581969893 
 51.903496739624586098 136.60088312687832968 
 53.701455710757308282 156.11414383692172692 
 35.903496739624607414 164.31369604798035766 
 37.701455710757315387 183.8269567580237549 
 19.903496739624600309 192.02650896908238565 
 21.701455710757322493 211.53976967912578289 
 151.49941468189001625 9.3505270203528940698 
 153.29737365302273133 28.863787730396293085 
 135.49941468189001625 37.06333994145493449 
 137.29737365302270291 56.576600651498331729 
 119.49941468189001625 64.77615286255695537 
 121.29737365302271712 84.28941357260038103 
 103.49941468189001625 92.488965783658997566 
 105.29737365302273133 112.00222649370239481 
 87.499414681890016254 120.20177870476103976 
 89.297373653022717122 139.71503941480446542 
 71.499414681890016254 147.91459162586306775 
 73.297373653022731332 167.42785233590652183 
 55.499414681890030465 175.62740454696512415 
 57.297373653022738438 195.14066525700852139 
 39.499414681890037571 203.34021746806715214 
 41.297373653022745543 222.85347817811054938 
 171.09533262415544641 20.664235519337655234 
 172.89329159528813307 40.177496229381056025 
 155.09533262415541799 48.377048440439693877 
 156.89329159528813307 67.890309150483091116 
 139.09533262415544641 76.089861361541721863 
 140.89329159528816149 95.603122071585119102 
 123.09533262415544641 103.80267428264376406 
 124.89329159528816149 123.31593499268714709 
 107.0953326241554322 131.51548720374580626 
 108.89329159528816149 151.02874791378920349 
 91.09533262415544641 159.22830012484786266 
 92.893291595288147278 178.7415608348912599 
 75.09533262415544641 186.94111304594989065 
 76.893291595288161488 206.45437375599328789 
 59.095332624155460621 214.65392596705191863 
 60.893291595288168594 234.16718667709531587 
 190.69125056642084814 31.977944018322396857 
 192.48920953755356322 51.491204728365808307 
 174.69125056642084814 59.690756939424439054 
 176.48920953755356322 79.204017649467843398 
 158.69125056642087657 87.403569860526474145 
 160.48920953755359164 106.91683057056988559 
 142.69125056642087657 115.11638278162851634 
 144.48920953755356322 134.62964349167191358 
 126.69125056642087657 142.82919570273054433 
 128.48920953755356322 162.34245641277396999 
 110.69125056642086236 170.54200862383260073 
 112.48920953755357743 190.05526933387599797 
 94.691250566420876567 198.25482154493462872 
 96.489209537553577434 217.76808225497802596 
 78.691250566420876567 225.9676344660366567 
 80.489209537553591645 245.48089517608005394 
 210.28716850868630672 43.291652517307170456 
 212.0851274798190218 62.804913227350581906 
 194.28716850868630672 71.004465438409212652 
 196.0851274798190218 90.517726148452609891 
 178.28716850868630672 98.717278359511240637 
 180.0851274798190218 118.23053906955465209 
 162.2871685086862783 126.43009128061328283 
 164.0851274798190218 145.94335199065668007 
 146.28716850868630672 154.14290420171531082 
 148.0851274798190218 173.65616491175873648 
 130.28716850868630672 181.85571712281736723 
 132.0851274798190218 201.36897783286076447 
 114.28716850868630672 209.56853004391939521 
 116.08512747981903601 229.08179075396279245 
 98.287168508686320934 237.2813429650214232 
 100.08512747981903601 256.79460367506482044 
 229.88308645095173688 54.605361016291929843 
 231.68104542208445196 74.118621726335348399 
 213.88308645095173688 82.318173937393964934 
 215.68104542208442354 101.83143464743736217 
 197.88308645095170846 110.03098685849599292 
 199.68104542208445196 129.54424756853941858 
 181.88308645095170846 137.7437997795980209 
 183.68104542208445196 157.25706048964144657 
 165.88308645095173688 165.45661270070004889 
 167.68104542208445196 184.96987341074350297 
 149.88308645095173688 193.16942562180213372 
 151.68104542208442354 212.68268633184553096 
 133.88308645095173688 220.8822385429041617 
 135.68104542208445196 240.39549925294755894 
 117.88308645095173688 248.59505146400618969 
 249.47900439321716703 65.91906951527667502 
 251.27696336434985369 85.432330225320100681 
 233.47900439321713861 93.631882436378731427 
 235.27696336434985369 113.14514314642212867 
 217.47900439321713861 121.34469535748075941 
 219.27696336434988211 140.85795606752418507 
 201.47900439321713861 149.05750827858281582 
 203.27696336434988211 168.57076898862621306 
 185.47900439321716703 176.7703211996848438 
 187.27696336434985369 196.28358190972824104 
 169.47900439321713861 204.48313412078690021 
 171.27696336434985369 223.99639483083029745 
 153.47900439321716703 232.19594704188889978 
 155.27696336434988211 251.70920775193232544 
 253.07492233548256877 104.9455909353634695 
 254.87288130661528385 124.45885164540688095 
 237.07492233548256877 132.65840385646549748 
 238.87288130661531227 152.17166456650892314 
 221.07492233548256877 160.37121677756755389 
 222.87288130661528385 179.88447748761095113 
 205.07492233548256877 188.0840296986696103 
 206.87288130661528385 207.59729040871300754 
 189.07492233548256877 215.79684261977163828 
 190.87288130661528385 235.31010332981506394 
 173.07492233548259719 243.50965554087366627 
 58.913701883961024919 11.321766655559299508 
 256.6708402777479705 143.97211235545026398 
 42.913701883961032024 39.034579576661343481 
 240.6708402777479705 171.68492527655229196 
 26.91370188396103913 66.747392497763371466 
 224.67084027774799893 199.39773819765434837 
 10.913701883961033801 94.460205418865413662 
 208.67084027774799893 227.11055111875640478 
 192.67084027774802735 254.82336403985843276 
