 51.258379234861202178 5.1588471357649741122 
 58.045477743496384448 23.541863586665563446 
 42.976169791580538515 36.068473577015154774 
 49.763268300215720785 54.451490027915760095 
 34.693960348299874852 66.978100018265351423 
 41.481058856935042911 85.361116469165949638 
 26.411750905019211189 97.88772645951551965 
 33.198849413654393459 116.27074291041611787 
 18.129541461738547525 128.79735290076570209 
 24.916639970373715585 147.18036935166634294 
 9.8473320184578820857 159.70697934201589874 
 16.634430527093051921 178.08999579291651116 
 1.5651225751772184225 190.61660578326609539 
 8.352221083812402469 208.99962223416667939 
 73.114785695412223276 11.015253596315996987 
 79.901884204047405547 29.398270047216584544 
 64.832576252131559613 41.924880037566161661 
 71.619674760766756094 60.307896488466781193 
 56.550366808850888845 72.834506478816365416 
 63.337465317486071115 91.217522929716977842 
 48.268157365570225181 103.74413292006651943 
 55.055255874205421662 122.12714937096714607 
 39.985947922289561518 134.65375936131673029 
 46.773046430924743788 153.03677581221734272 
 31.703738479008897855 165.56338580256695536 
 38.490836987644080125 183.94640225346753937 
 23.421529035728234192 196.47301224381712359 
 30.208627544363420014 214.85602869471773602 
 15.139319592447570528 227.38263868506729182 
 94.971192155963237269 16.871660056867007427 
 101.75829066459841954 35.254676507767591431 
 86.688982712682573606 47.781286498117189865 
 93.476081221317755876 66.164302949017795186 
 78.406773269401909943 78.690912939367365198 
 85.193871778037092213 97.073929390267991835 
 70.124563826121246279 109.60053938061754764 
 76.91166233475642855 127.98355583151816006 
 61.842354382840575511 140.5101658218677585 
 68.629452891475764886 158.89318227276837092 
 53.560144939559911847 171.41979226311795514 
 60.347243448195101223 189.80280871401856757 
 45.277935496279248184 202.32941870436812337 
 52.06503400491443756 220.7124351552687358 
 36.995726052998584521 233.2390451456182916 
 110.04050010787909741 4.3450500665173992232 
 116.82759861651426547 22.728066517418032078 
 123.61469712514943353 41.111082968318619635 
 108.54538917323360181 53.637692958668196752 
 115.33248768186876987 72.020709409568794968 
 100.26317972995293815 84.547319399918393401 
 107.05027823858810621 102.93033585081900583 
 91.980970286672274483 115.45694584116857584 
 98.768068795307442542 133.83996229206920248 
 83.69876084339161082 146.36657228241875828 
 90.485859352026778879 164.74958873331939913 
 75.416551400110932946 177.27619872366895493 
 82.203649908746115216 195.65921517456956735 
 67.134341956830283493 208.18582516491915158 
 73.921440465465451553 226.56884161581973558 
 58.85213251354961983 239.09545160616929138 
 131.89690656843012562 10.201456527068408775 
 138.68400507706527947 28.584472977969038965 
 145.47110358570046174 46.967489428869640733 
 130.4017956337846158 59.49409941921921785 
 137.18889414241979807 77.877115870119823171 
 122.11958619050393793 90.403725860469421605 
 128.90668469913913441 108.78674231137001982 
 113.83737674722328848 121.31335230171958983 
 120.62447525585845653 139.69636875262020226 
 105.55516730394262481 152.22297874296978648 
 112.34226581257779287 170.60599519387039891 
 97.272957860661946938 183.13260518422001155 
  104.060056369297115 201.51562163512059556 
 88.990748417381297486 214.04223162547015136 
 95.777846926016465545 232.42524807637079221 
 80.708538974100619612 244.95185806672034801 
 153.7533130289811254 16.057862987619429873 
 160.54041153761630767 34.440879438520063616 
 167.32751004625146152 52.823895889420654726 
 152.25820209433561558 65.350505879770238948 
 159.04530060297079785 83.733522330670851375 
 143.97599265105498034 96.260132321020421386 
 150.76309115969013419 114.64314877192104802 
 135.69378320777428826 127.16975876227060382 
 142.48088171640947053 145.55277521317120204 
 127.41157376449362459 158.07938520352078626 
 134.19867227312880686 176.46240165442139869 
 119.12936432121296093 188.98901164477101133 
 125.91646282984812899 207.37202809567162376 
 110.84715487793229727 219.89863808602117956 
 117.63425338656747954 238.28165453692176357 
 102.5649454346516336 250.80826452727134779 
 175.6097194895321536 21.914269448170440313 
 182.39681799816730745 40.297285899071084714 
 189.18391650680251814 58.680302349971675824 
 174.11460855488667221 71.206912340321252941 
 180.90170706352182606 89.589928791221851156 
 165.83239911160598012 102.11653878157144959 
 172.61949762024119082 120.49955523247206202 
 157.55018966832534488 133.02616522282161782 
 164.33728817696049873 151.40918167372225867 
 149.2679802250446528 163.93579166407181447 
 156.05507873367986349 182.31880811497245531 
 140.98577078176398913 194.84541810532201112 
 147.7728692903991714 213.22843455622265196 
 132.70356133848332547 225.75504454657220776 
 139.49065984711853616 244.13806099747279177 
 124.42135189520267602 256.66467098782231915 
 197.46612595008318181 27.770675908721464964 
 204.25322445871833565 46.153692359622098706 
 211.04032296735351792 64.536708810522696922 
 195.97101501543767199 77.063318800872281145 
 202.75811352407288268 95.44633525177287936 
 187.68880557215700833 107.97294524212247779 
 194.47590408079216218 126.35596169302307601 
 179.40659612887634466 138.88257168337264602 
 186.19369463751152693 157.26558813427325845 
  171.124386685595681 169.79219812462284267 
 177.91148519423086327 188.1752145755234551 
 162.84217724231501734 200.70182456587306774 
 169.62927575095019961 219.08484101677365175 
 154.55996779903435367 231.61145100712320755 
 161.34706630766953595 249.99446745802384839 
 219.32253241063418159 33.627082369272486062 
 226.10963091926933544 52.010098820173119805 
 232.89672942790454613 70.393115271073710915 
 217.82742147598867177 82.919725261423280926 
 224.61451998462385404 101.30274171232390756 
 209.54521203270800811 113.82935170267347758 
 216.3323105413432188   132.21236815357409 
 201.26300258942737287 144.7389781439236458 
 208.05010109806255514 163.12199459482425823 
 192.98079314614668078 175.64860458517384245 
 199.76789165478186305 194.0316210360744833 
 184.69858370286601712 206.5582310264240391 
 191.48568221150119939 224.94124747732467995 
 176.41637425958535346 237.46785746767423575 
 183.20347276822056415 255.85087391857481975 
 241.17893887118520979 39.483488829823500055 
 247.96603737982036364 57.866505280724126692 
 254.75313588845557433 76.249521731624724907 
 239.68382793653969998 88.77613172197430913 
 246.47092644517491067 107.15914817287490735 
 231.40161849325903631 119.68575816322450578 
 238.18871700189421858 138.06877461412511821 
 223.11940904997834423 150.59538460447467401 
 229.90650755861355492 168.97840105537528643 
 214.83719960669770899 181.50501104572487066 
 221.62429811533291968 199.88802749662548308 
 206.55499016341704532 212.4146374869750673 
 213.34208867205222759 230.79765393787570815 
 198.27278072013638166 243.32426392822523553 
 36.189071282945370456 17.685457126114553006 
 27.906861839664717451 48.595083567364731891 
 253.25802495381006452 125.54216462377551977 
 19.624652396384039577 79.504710008614949857 
 244.97581551052940085 156.45179106502570221 
 11.342442953103391901 110.41433644986510387 
 236.69360606724873719 187.36141750627589886 
 3.0602335098227131382 141.32396289111531473 
 228.41139662396804511 218.27104394752609551 
 220.12918718068740986 249.18067038877626374 
