 7.412344555479974062 11.831535620068837744 
 25.698058841194260538 11.831535620068837744 
 25.698058841194260538 30.117249905783122443 
 7.412344555479974062 30.117249905783122443 
 7.412344555479974062 48.402964191497410695 
 25.698058841194260538 48.402964191497410695 
 25.698058841194260538 66.688678477211681184 
 7.412344555479974062 66.688678477211681184 
 7.412344555479974062 84.974392762925972988 
 25.698058841194260538 84.974392762925972988 
 25.698058841194260538 103.26010704864026479 
 7.412344555479974062 103.26010704864026479 
 7.412344555479974062 121.5458213343545566 
 25.698058841194260538 121.5458213343545566 
 25.698058841194260538 139.8315356200688484 
 7.412344555479974062 139.8315356200688484 
 7.412344555479974062  158.117249905783126 
 25.698058841194260538  158.117249905783126 
 25.698058841194260538 176.40296419149740359 
 7.412344555479974062 176.40296419149740359 
 7.412344555479974062 194.68867847721168118 
 25.698058841194260538 194.68867847721168118 
 25.698058841194260538 212.9743927629259872 
 7.412344555479974062 212.9743927629259872 
 7.412344555479974062 231.26010704864026479 
 25.698058841194260538 231.26010704864026479 
 25.698058841194260538 249.54582133435454239 
 7.412344555479974062 249.54582133435454239 
 43.983773126908545237 11.831535620068837744 
 62.269487412622837041 11.831535620068837744 
 62.269487412622837041 30.117249905783122443 
 43.983773126908545237 30.117249905783122443 
 43.983773126908545237 48.402964191497410695 
 62.269487412622837041 48.402964191497410695 
 62.269487412622837041 66.688678477211681184 
 43.983773126908545237 66.688678477211681184 
 43.983773126908545237 84.974392762925972988 
 62.269487412622837041 84.974392762925972988 
 62.269487412622837041 103.26010704864026479 
 43.983773126908545237 103.26010704864026479 
 43.983773126908545237 121.5458213343545566 
 62.269487412622837041 121.5458213343545566 
 62.269487412622837041 139.8315356200688484 
 43.983773126908545237 139.8315356200688484 
 43.983773126908545237  158.117249905783126 
 62.269487412622837041  158.117249905783126 
 62.269487412622837041 176.40296419149740359 
 43.983773126908545237 176.40296419149740359 
 43.983773126908545237 194.68867847721168118 
 62.269487412622837041 194.68867847721168118 
 62.269487412622837041 212.9743927629259872 
 43.983773126908545237 212.9743927629259872 
 43.983773126908545237 231.26010704864026479 
 62.269487412622837041 231.26010704864026479 
 62.269487412622837041 249.54582133435454239 
 43.983773126908545237 249.54582133435454239 
 80.555201698337114635 11.831535620068837744 
 98.84091598405140644 11.831535620068837744 
 98.84091598405140644 30.117249905783122443 
 80.555201698337114635 30.117249905783122443 
 80.555201698337114635 48.402964191497410695 
 98.84091598405140644 48.402964191497410695 
 98.84091598405140644 66.688678477211681184 
 80.555201698337114635 66.688678477211681184 
 80.555201698337114635 84.974392762925972988 
 98.84091598405140644 84.974392762925972988 
 98.84091598405140644 103.26010704864026479 
 80.555201698337114635 103.26010704864026479 
 80.555201698337114635 121.5458213343545566 
 98.84091598405140644 121.5458213343545566 
 98.84091598405140644 139.8315356200688484 
 80.555201698337114635 139.8315356200688484 
 80.555201698337114635  158.117249905783126 
 98.84091598405140644  158.117249905783126 
 98.84091598405140644 176.40296419149740359 
 80.555201698337114635 176.40296419149740359 
 80.555201698337114635 194.68867847721168118 
 98.84091598405140644 194.68867847721168118 
 98.84091598405140644 212.9743927629259872 
 80.555201698337114635 212.9743927629259872 
 80.555201698337114635 231.26010704864026479 
 98.84091598405140644 231.26010704864026479 
 98.84091598405140644 249.54582133435454239 
 80.555201698337114635 249.54582133435454239 
 117.12663026976568403 11.831535620068837744 
 135.41234455547996163 11.831535620068837744 
 135.41234455547996163 30.117249905783122443 
 117.12663026976568403 30.117249905783122443 
 117.12663026976568403 48.402964191497410695 
 135.41234455547996163 48.402964191497410695 
 135.41234455547996163 66.688678477211681184 
 117.12663026976568403 66.688678477211681184 
 117.12663026976568403 84.974392762925972988 
 135.41234455547996163 84.974392762925972988 
 135.41234455547996163 103.26010704864026479 
 117.12663026976568403 103.26010704864026479 
 117.12663026976568403 121.5458213343545566 
 135.41234455547996163 121.5458213343545566 
 135.41234455547996163 139.8315356200688484 
 117.12663026976568403 139.8315356200688484 
 117.12663026976568403  158.117249905783126 
 135.41234455547996163  158.117249905783126 
 135.41234455547996163 176.40296419149740359 
 117.12663026976568403 176.40296419149740359 
 117.12663026976568403 194.68867847721168118 
 135.41234455547996163 194.68867847721168118 
 135.41234455547996163 212.9743927629259872 
 117.12663026976568403 212.9743927629259872 
 117.12663026976568403 231.26010704864026479 
 135.41234455547996163 231.26010704864026479 
 135.41234455547996163 249.54582133435454239 
 117.12663026976568403 249.54582133435454239 
 153.69805884119426764 11.831535620068837744 
 171.98377312690854524 11.831535620068837744 
 171.98377312690854524 30.117249905783122443 
 153.69805884119426764 30.117249905783122443 
 153.69805884119426764 48.402964191497410695 
 171.98377312690854524 48.402964191497410695 
 171.98377312690854524 66.688678477211681184 
 153.69805884119426764 66.688678477211681184 
 153.69805884119426764 84.974392762925972988 
 171.98377312690854524 84.974392762925972988 
 171.98377312690854524 103.26010704864026479 
 153.69805884119426764 103.26010704864026479 
 153.69805884119426764 121.5458213343545566 
 171.98377312690854524 121.5458213343545566 
 171.98377312690854524 139.8315356200688484 
 153.69805884119426764 139.8315356200688484 
 153.69805884119426764  158.117249905783126 
 171.98377312690854524  158.117249905783126 
 171.98377312690854524 176.40296419149740359 
 153.69805884119426764 176.40296419149740359 
 153.69805884119426764 194.68867847721168118 
 171.98377312690854524 194.68867847721168118 
 171.98377312690854524 212.9743927629259872 
 153.69805884119426764 212.9743927629259872 
 153.69805884119426764 231.26010704864026479 
 171.98377312690854524 231.26010704864026479 
 171.98377312690854524 249.54582133435454239 
 153.69805884119426764 249.54582133435454239 
 190.26948741262282283 11.831535620068837744 
 208.55520169833712885 11.831535620068837744 
 208.55520169833712885 30.117249905783122443 
 190.26948741262282283 30.117249905783122443 
 190.26948741262282283 48.402964191497410695 
 208.55520169833712885 48.402964191497410695 
 208.55520169833712885 66.688678477211681184 
 190.26948741262282283 66.688678477211681184 
 190.26948741262282283 84.974392762925972988 
 208.55520169833712885 84.974392762925972988 
 208.55520169833712885 103.26010704864026479 
 190.26948741262282283 103.26010704864026479 
 190.26948741262282283 121.5458213343545566 
 208.55520169833712885 121.5458213343545566 
 208.55520169833712885 139.8315356200688484 
 190.26948741262282283 139.8315356200688484 
 190.26948741262282283  158.117249905783126 
 208.55520169833712885  158.117249905783126 
 208.55520169833712885 176.40296419149740359 
 190.26948741262282283 176.40296419149740359 
 190.26948741262282283 194.68867847721168118 
 208.55520169833712885 194.68867847721168118 
 208.55520169833712885 212.9743927629259872 
 190.26948741262282283 212.9743927629259872 
 190.26948741262282283 231.26010704864026479 
 208.55520169833712885 231.26010704864026479 
 208.55520169833712885 249.54582133435454239 
 190.26948741262282283 249.54582133435454239 
 226.84091598405140644 11.831535620068837744 
 245.12663026976568403 11.831535620068837744 
 245.12663026976568403 30.117249905783122443 
 226.84091598405140644 30.117249905783122443 
 226.84091598405140644 48.402964191497410695 
 245.12663026976568403 48.402964191497410695 
 245.12663026976568403 66.688678477211681184 
 226.84091598405140644 66.688678477211681184 
 226.84091598405140644 84.974392762925972988 
 245.12663026976568403 84.974392762925972988 
 245.12663026976568403 103.26010704864026479 
 226.84091598405140644 103.26010704864026479 
 226.84091598405140644 121.5458213343545566 
 245.12663026976568403 121.5458213343545566 
 245.12663026976568403 139.8315356200688484 
 226.84091598405140644 139.8315356200688484 
 226.84091598405140644  158.117249905783126 
 245.12663026976568403  158.117249905783126 
 245.12663026976568403 176.40296419149740359 
 226.84091598405140644 176.40296419149740359 
 226.84091598405140644 194.68867847721168118 
 245.12663026976568403 194.68867847721168118 
 245.12663026976568403 212.9743927629259872 
 226.84091598405140644 212.9743927629259872 
 226.84091598405140644 231.26010704864026479 
 245.12663026976568403 231.26010704864026479 
 245.12663026976568403 249.54582133435454239 
 226.84091598405140644 249.54582133435454239 
