 63.914717473695922934 61.025933697593927718 
 49.692210807029248087 81.139341031252641301 
 78.136797473695935423 101.25274836491132646 
 56.803464140362585511 101.25274836491132646 
 42.581384140362594337 61.025933697593927718 
   71.025544140362598 81.139341031252641301 
 63.914717473695922934 121.36313883831299165 
 49.692210807029248087 141.47654617197167681 
 78.136797473695935423 161.58995350563037618 
 56.803464140362585511 161.58995350563037618 
 42.581384140362594337 121.36313883831299165 
   71.025544140362598 141.47654617197167681 
 63.914717473695922934 181.70034397903205559 
 49.692210807029248087 201.81375131269072654 
 78.136797473695935423 221.92715864634945433 
 56.803464140362585511 221.92715864634945433 
 42.581384140362594337 181.70034397903205559 
   71.025544140362598 201.81375131269072654 
 63.914717473695922934 242.03754911975107689 
 49.692210807029248087 20.802135890533588025 
 78.136797473695935423 40.915543224192326477 
 56.803464140362585511 40.915543224192326477 
 42.581384140362594337 242.03754911975107689 
   71.025544140362598 20.802135890533588025 
 106.58138414036260144 61.025933697593927718 
 92.358877473695926597 81.139341031252641301 
 120.80346414036259262 101.25274836491132646 
 99.47013080702926402 101.25274836491132646 
 85.248050807029272846 61.025933697593927718 
 113.6922108070292694 81.139341031252641301 
 106.58138414036260144 121.36313883831299165 
 92.358877473695926597 141.47654617197167681 
 120.80346414036259262 161.58995350563037618 
 99.47013080702926402 161.58995350563037618 
 85.248050807029272846 121.36313883831299165 
 113.6922108070292694 141.47654617197167681 
 106.58138414036260144 181.70034397903205559 
 92.358877473695926597 201.81375131269072654 
 120.80346414036259262 221.92715864634945433 
 99.47013080702926402 221.92715864634945433 
 85.248050807029272846 181.70034397903205559 
 113.6922108070292694 201.81375131269072654 
 106.58138414036260144 242.03754911975107689 
 92.358877473695926597 20.802135890533588025 
 120.80346414036259262 40.915543224192326477 
 99.47013080702926402 40.915543224192326477 
 85.248050807029272846 242.03754911975107689 
 113.6922108070292694 20.802135890533588025 
 149.24805080702924442 61.025933697593927718 
 135.02554414036256958 81.139341031252641301 
 163.47013080702924981 101.25274836491132646 
  142.136797473695907 101.25274836491132646 
 127.91471747369593004 61.025933697593927718 
 156.35887747369591239 81.139341031252641301 
 149.24805080702924442 121.36313883831299165 
 135.02554414036256958 141.47654617197167681 
 163.47013080702924981 161.58995350563037618 
  142.136797473695907 161.58995350563037618 
 127.91471747369593004 121.36313883831299165 
 156.35887747369591239 141.47654617197167681 
 149.24805080702924442 181.70034397903205559 
 135.02554414036256958 201.81375131269072654 
 163.47013080702924981 221.92715864634945433 
  142.136797473695907 221.92715864634945433 
 127.91471747369593004 181.70034397903205559 
 156.35887747369591239 201.81375131269072654 
 149.24805080702924442 242.03754911975107689 
 135.02554414036256958 20.802135890533588025 
 163.47013080702924981 40.915543224192326477 
  142.136797473695907 40.915543224192326477 
 127.91471747369593004 242.03754911975107689 
 156.35887747369591239 20.802135890533588025 
 191.91471747369593004 61.025933697593927718 
 177.69221080702925519 81.139341031252641301 
 206.13679747369593542 101.25274836491132646 
 184.80346414036259262 101.25274836491132646 
 170.58138414036258723 61.025933697593927718 
  199.025544140362598 81.139341031252641301 
 191.91471747369593004 121.36313883831299165 
 177.69221080702925519 141.47654617197167681 
 206.13679747369593542 161.58995350563037618 
 184.80346414036259262 161.58995350563037618 
 170.58138414036258723 121.36313883831299165 
  199.025544140362598 141.47654617197167681 
 191.91471747369593004 181.70034397903205559 
 177.69221080702925519 201.81375131269072654 
 206.13679747369593542 221.92715864634945433 
 184.80346414036259262 221.92715864634945433 
 170.58138414036258723 181.70034397903205559 
  199.025544140362598 201.81375131269072654 
 191.91471747369593004 242.03754911975107689 
 177.69221080702925519 20.802135890533588025 
 206.13679747369593542 40.915543224192326477 
 184.80346414036259262 40.915543224192326477 
 170.58138414036258723 242.03754911975107689 
  199.025544140362598 20.802135890533588025 
 234.58138414036255881 61.025933697593927718 
 220.35887747369594081 81.139341031252641301 
 248.80346414036256419 101.25274836491132646 
 227.47013080702927823 101.25274836491132646 
 213.24805080702927285 61.025933697593927718 
 241.69221080702922677 81.139341031252641301 
 234.58138414036255881 121.36313883831299165 
 220.35887747369594081 141.47654617197167681 
 248.80346414036256419 161.58995350563037618 
 227.47013080702927823 161.58995350563037618 
 213.24805080702927285 121.36313883831299165 
 241.69221080702922677 141.47654617197167681 
 234.58138414036255881 181.70034397903205559 
 220.35887747369594081 201.81375131269072654 
 248.80346414036256419 221.92715864634945433 
 227.47013080702927823 221.92715864634945433 
 213.24805080702927285 181.70034397903205559 
 241.69221080702922677 201.81375131269072654 
 234.58138414036255881 242.03754911975107689 
 220.35887747369594081 20.802135890533588025 
 248.80346414036256419 40.915543224192326477 
 227.47013080702927823 40.915543224192326477 
 213.24805080702927285 242.03754911975107689 
 241.69221080702922677 20.802135890533588025 
 21.248050807029237319 61.025933697593927718 
 7.0255441403625642494 81.139341031252641301 
 35.470130807029242703 101.25274836491132646 
 14.136797473695901672 101.25274836491132646 
 255.91471747369590162 61.025933697593927718 
 28.358877473695908833 81.139341031252641301 
 21.248050807029237319 121.36313883831299165 
 7.0255441403625642494 141.47654617197167681 
 35.470130807029242703 161.58995350563037618 
 14.136797473695901672 161.58995350563037618 
 255.91471747369590162 121.36313883831299165 
 28.358877473695908833 141.47654617197167681 
 21.248050807029237319 181.70034397903205559 
 7.0255441403625642494 201.81375131269072654 
 35.470130807029242703 221.92715864634945433 
 14.136797473695901672 221.92715864634945433 
 255.91471747369590162 181.70034397903205559 
 28.358877473695908833 201.81375131269072654 
 21.248050807029237319 242.03754911975107689 
 7.0255441403625642494 20.802135890533588025 
 35.470130807029242703 40.915543224192326477 
 14.136797473695901672 40.915543224192326477 
 255.91471747369590162 242.03754911975107689 
 28.358877473695908833 20.802135890533588025 
