 59.243611161556430034 33.53123634670711084 
 45.021104494889776504 53.644643680365803107 
 73.465691161556435418 73.758051014024502479 
 52.132357828223099716 73.758051014024502479 
 37.910277828223101437 33.53123634670711084 
 66.354437828223097995 53.644643680365803107 
 59.243611161556430034 93.868441487426153458 
 45.021104494889776504 113.98184882108485283 
 73.465691161556435418 134.09525615474353799 
 52.132357828223099716 134.09525615474353799 
 37.910277828223101437 93.868441487426153458 
 66.354437828223097995 113.98184882108485283 
 59.243611161556430034 154.20564662814521739 
 45.021104494889776504 174.31905396180388834 
 73.465691161556435418 194.43246129546261614 
 52.132357828223099716 194.43246129546261614 
 37.910277828223101437 154.20564662814521739 
 66.354437828223097995 174.31905396180388834 
 59.243611161556430034 214.54285176886423869 
 45.021104494889776504 234.65625910252293806 
 73.465691161556435418 13.420845873305461637 
 52.132357828223099716 13.420845873305461637 
 37.910277828223101437 214.54285176886423869 
 66.354437828223097995 234.65625910252293806 
 101.91027782822310144 33.53123634670711084 
 87.687771161556426591 53.644643680365803107 
 116.13235782822309261 73.758051014024502479 
 94.799024494889764014 73.758051014024502479 
 80.576944494889772841 33.53123634670711084 
 109.0211044948897694 53.644643680365803107 
 101.91027782822310144 93.868441487426153458 
 87.687771161556426591 113.98184882108485283 
 116.13235782822309261 134.09525615474353799 
 94.799024494889764014 134.09525615474353799 
 80.576944494889772841 93.868441487426153458 
 109.0211044948897694 113.98184882108485283 
 101.91027782822310144 154.20564662814521739 
 87.687771161556426591 174.31905396180388834 
 116.13235782822309261 194.43246129546261614 
 94.799024494889764014 194.43246129546261614 
 80.576944494889772841 154.20564662814521739 
 109.0211044948897694 174.31905396180388834 
 101.91027782822310144 214.54285176886423869 
 87.687771161556426591 234.65625910252293806 
 116.13235782822309261 13.420845873305461637 
 94.799024494889764014 13.420845873305461637 
 80.576944494889772841 214.54285176886423869 
 109.0211044948897694 234.65625910252293806 
 144.57694449488977284 33.53123634670711084 
 130.35443782822309799 53.644643680365803107 
 158.79902449488977823 73.758051014024502479 
 137.46569116155643542 73.758051014024502479 
 123.24361116155643003 33.53123634670711084 
 151.6877711615564408 53.644643680365803107 
 144.57694449488977284 93.868441487426153458 
 130.35443782822309799 113.98184882108485283 
 158.79902449488977823 134.09525615474353799 
 137.46569116155643542 134.09525615474353799 
 123.24361116155643003 93.868441487426153458 
 151.6877711615564408 113.98184882108485283 
 144.57694449488977284 154.20564662814521739 
 130.35443782822309799 174.31905396180388834 
 158.79902449488977823 194.43246129546261614 
 137.46569116155643542 194.43246129546261614 
 123.24361116155643003 154.20564662814521739 
 151.6877711615564408 174.31905396180388834 
 144.57694449488977284 214.54285176886423869 
 130.35443782822309799 234.65625910252293806 
 158.79902449488977823 13.420845873305461637 
 137.46569116155643542 13.420845873305461637 
 123.24361116155643003 214.54285176886423869 
 151.6877711615564408 234.65625910252293806 
 187.24361116155645846 33.53123634670711084 
 173.02110449488978361 53.644643680365803107 
 201.46569116155643542 73.758051014024502479 
 180.13235782822312103 73.758051014024502479 
 165.91027782822311565 33.53123634670711084 
 194.35443782822312642 53.644643680365803107 
 187.24361116155645846 93.868441487426153458 
 173.02110449488978361 113.98184882108485283 
 201.46569116155643542 134.09525615474353799 
 180.13235782822312103 134.09525615474353799 
 165.91027782822311565 93.868441487426153458 
 194.35443782822312642 113.98184882108485283 
 187.24361116155645846 154.20564662814521739 
 173.02110449488978361 174.31905396180388834 
 201.46569116155643542 194.43246129546261614 
 180.13235782822312103 194.43246129546261614 
 165.91027782822311565 154.20564662814521739 
 194.35443782822312642 174.31905396180388834 
 187.24361116155645846 214.54285176886423869 
 173.02110449488978361 234.65625910252293806 
 201.46569116155643542 13.420845873305461637 
 180.13235782822312103 13.420845873305461637 
 165.91027782822311565 214.54285176886423869 
 194.35443782822312642 234.65625910252293806 
 229.91027782822308723 33.53123634670711084 
 215.6877711615564408 53.644643680365803107 
 244.13235782822309261 73.758051014024502479 
 222.79902449488977823 73.758051014024502479 
 208.57694449488977284 33.53123634670711084 
 237.02110449488975519 53.644643680365803107 
 229.91027782822308723 93.868441487426153458 
 215.6877711615564408 113.98184882108485283 
 244.13235782822309261 134.09525615474353799 
 222.79902449488977823 134.09525615474353799 
 208.57694449488977284 93.868441487426153458 
 237.02110449488975519 113.98184882108485283 
 229.91027782822308723 154.20564662814521739 
 215.6877711615564408 174.31905396180388834 
 244.13235782822309261 194.43246129546261614 
 222.79902449488977823 194.43246129546261614 
 208.57694449488977284 154.20564662814521739 
 237.02110449488975519 174.31905396180388834 
 229.91027782822308723 214.54285176886423869 
 215.6877711615564408 234.65625910252293806 
 244.13235782822309261 13.420845873305461637 
 222.79902449488977823 13.420845873305461637 
 208.57694449488977284 214.54285176886423869 
 237.02110449488975519 234.65625910252293806 
 16.576944494889776394 33.53123634670711084 
 2.3544378282231033239 53.644643680365803107 
 30.799024494889724934 73.758051014024502479 
 9.4656911615564389706 73.758051014024502479 
 251.24361116155643003 33.53123634670711084 
 23.687771161556447908 53.644643680365803107 
 16.576944494889776394 93.868441487426153458 
 2.3544378282231033239 113.98184882108485283 
 30.799024494889724934 134.09525615474353799 
 9.4656911615564389706 134.09525615474353799 
 251.24361116155643003 93.868441487426153458 
 23.687771161556447908 113.98184882108485283 
 16.576944494889776394 154.20564662814521739 
 2.3544378282231033239 174.31905396180388834 
 30.799024494889724934 194.43246129546261614 
 9.4656911615564389706 194.43246129546261614 
 251.24361116155643003 154.20564662814521739 
 23.687771161556447908 174.31905396180388834 
 16.576944494889776394 214.54285176886423869 
 2.3544378282231033239 234.65625910252293806 
 30.799024494889724934 13.420845873305461637 
 9.4656911615564389706 13.420845873305461637 
 251.24361116155643003 214.54285176886423869 
 23.687771161556447908 234.65625910252293806 
