 52.37759595946479152 32.178960381820957082 
 33.433976575707433199 47.925964385642934928 
 55.70360457530286169 74.71602474329837662 
 35.097186947802725854 69.194551781111272248 
 31.771178331964662789 26.657487419633834946 
 54.040394203207540613 53.447437347830046406 
 36.761178140788985047 90.460225113343014414 
 17.817558757031630279 106.20722911716499937 
 40.087186756627041007 132.99728947482043395 
 19.480769129126919381 127.47581651263334379 
 16.154760513288863422 84.938752151155910042 
 38.423976384531741246 111.72870207935210374 
 21.144760322113167916 148.74148984486510017 
 2.2011409383558140362 164.48849384868708512 
 24.470768937951227429 191.27855420634256234 
 3.8643513104511031386 185.75708124415544376 
 22.807558565855924115 170.0099668108742037 
 5.5283425034373667728 207.02275457638714329 
 71.320022393978661057 16.434760011776326394 
 50.713604766478525221 10.913287049589223798 
 93.590431214465041876 43.221906306195165826 
 74.646811830707662239 58.968910310017164988 
 96.916439830303104941 85.758970667672599575 
 76.310022202802983315 80.237497705485480992 
 72.984013586964891829 37.700433344008061454 
 95.253229458207812286 64.49038327220426936 
 77.974013395789228298 101.50317103771725158 
 59.030394012031862871 117.25017504153922232 
 81.300022011627291363 144.04023539919467112 
 60.693604384127169737 138.51876243700755253 
 57.367595768289092462 95.981698075530147207 
 79.636811639531998708 122.7716480037263409 
 62.35759557711341472 159.78443576923930891 
 43.413976193356049293 175.53143977306129386 
 65.683604192951477785 202.32150013071677108 
 45.077186565451363265 196.80002716852968092 
 41.751177949613278884 154.26296280705221875 
 64.02039382085618513 181.05291273524841245 
 46.741177758437615353 218.06570050076138045 
 112.53285764897891852 27.477705936150552901 
 91.926440021478782683 21.956232973963448529 
 26.134760130937475964 212.54422753857426187 
 110.86964727688361165 6.2091185406822031467 
 134.80326646946525671 54.26485223056938878 
 115.8596470857079197 70.011856234391373732 
 138.1292750853033624 96.801916592046822529 
 117.52285745780321236 91.280443629859689736 
 114.1968488419651635 48.743379268382284408 
 136.46606471320805554 75.533329196578478104 
 119.18684865078947155 112.54611696209146032 
 100.24322926703209191 128.29312096591343106 
 122.51285726662753461 155.08318132356887986 
 101.90643963912741299 149.56170836138176128 
 98.580431023289349923 107.02464399990435595 
 120.84964689453224196 133.81459392810054965 
 103.57043083211367218 170.82738169361354608 
 84.626811448356278333 186.57438569743550261 
 106.89643944795172104 213.36444605509097983 
 86.29002182045159941 207.84297309290386124 
 82.964013204613536345 165.30590873142642749 
 105.23322907585641417 192.09585865962262119 
 87.954013013437844393 229.1086464251355892 
 131.47606490438371907 11.730591502869309295 
 153.74569290397914756 38.520651860524765198 
 133.13927527647902593 32.999178898337660826 
 67.347595385937722767 223.58717346294847061 
 152.08248253188386911 17.252064465056427878 
 176.0161017244655568 65.307798154943611735 
 157.07248234070817716 81.054802158765582476 
 179.34211034030360565 107.84486251642103127 
 158.73569271280348403 102.32338955423394111 
 155.40968409696540675 59.786325192756493152 
 177.67889996820829879 86.576275120952701059 
 160.39968390578974322 123.58906288646568328 
 141.45606452203236358 139.33606689028763981 
 163.72569252162779208 166.12612724794308861 
 143.11927489412767045 160.60465428575599844 
 139.79326627828959317 118.06758992427857891 
 162.06248214953251363 144.85753985247475839 
 144.78326608711390122 181.87032761798775482 
 125.83964670335656422 197.61733162180973977 
 148.1092747029519785 224.40739197946521699 
 127.50285707545185687 218.88591901727809841 
 124.17684845961379381 176.34885465580063624 
 146.44606433085670005 203.13880458399685836 
 129.16684826843811607 240.15159234950982636 
 172.68890015938399074 22.773537427243535802 
 194.95852815897941923 49.563597784898988152 
 174.35211053147929761 44.04212482271188378 
 108.56043064093798023 234.63011938732267936 
 193.29531778688414079 28.295010389430640174 
 217.22893697946577163 76.350744079317820479 
 198.28531759570842041 92.097748083139805431 
 220.55494559530382048 118.88780844079524002 
 199.94852796780372728 113.36633547860814986 
   196.62251935196565 70.829271117130701896 
 218.89173522320851362 97.619221045326909802 
 201.61251916078992963 134.63200881083989202 
 182.66889977703260683 150.37901281466187697 
 204.93852777662803533 177.16907317231729735 
 184.3321101491279137 171.64760021013020719 
 181.00610153328986485 129.11053584865277344 
 203.27531740453272846 155.90048577684896713 
 185.99610134211414447 192.91327354236196356 
 167.05248195835676484 208.66027754618394852 
 189.32210995795219333 235.45033790383939731 
 168.71569233045210012 229.92886494165230715 
 165.38968371461402285 187.39180058017484498 
 187.65889958585691488 214.18175050837103868 
 170.37968352343833089 251.19453827388403511 
 213.90173541438420557 33.81648335161776231 
 236.17136341397963406 60.606543709273204001 
 215.56494578647954086 55.085070747086092524 
 149.77326589593820927 245.67306531169694495 
 234.50815304188435562 39.337956313804852471 
 239.49815285070866366 103.14069400751401417 
 14.490769320302582912 63.673078818924153666 
 241.16136322280397053 124.4092814029823586 
 237.83535460696589325 81.872217041504939061 
 242.8253544157902013 145.67495473521410077 
 223.88173503203282166 161.42195873903611414 
 225.54494540412815695 182.69054613450441593 
 222.21893678829007968 140.1534817730270106 
 244.48815265953297171 166.9434317012232043 
 227.20893659711438772 203.95621946673620073 
 208.26531721335703651 219.70322347055815726 
 209.92852758545231495 240.9718108660265159 
 206.6025189696142661 198.43474650454908215 
 228.87173484085715813 225.22469643274527584 
 255.11457066938444882 44.859429275991971053 
 30.107187138978385832 5.3918140874021034392 
 256.77778104147978411 66.128016671460315479 
 190.98610115093848094 256.71601123607115369 
