 84.216887332878556549 10.992722352884634063 
 98.793918319530661165 42.633737393830628548 
 80.318709705462651982 31.967070727163953592 
 102.69209594694657994 21.659389019551291256 
 76.42204050817524319 52.93880642382102053 
 54.048284762519031688 63.246274798100365899 
 68.625315749171150514 94.887289839046360385 
 50.150107135103120015 84.220623172379688981 
 57.946831894107226901 42.272139757154349127 
 72.523493376587055081 73.912941464767030197 
 46.253437937815718328 105.19235886903675237 
 23.879682192159510379 115.49982724331609063 
 38.456713178811611442 147.14084228426210643 
 19.981504564743580943 136.47417561759542082 
 27.77822932374770204 94.525692202370080963 
 42.354890806227523115 126.16649390998274782 
 16.084835367456207678 157.44591131425246999 
 12.18628823586801424 178.42004635519847966 
 143.54106030667080063 22.018587311938635054 
 121.16730456101460334 32.326055686217962659 
 135.74433554766670795 63.967070727163950039 
 117.26912693359868456 53.300404060497285741 
 125.06585169260279145 11.351920645271961874 
 139.64251317508265515 42.992722352884634063 
 113.37245773631130419 74.272139757154349127 
 90.998701990655078475 84.57960813143368739 
 105.5757329773071973 116.22062317237967477 
 87.100524363239188119 105.55395650571301758 
 94.897249122243280794 63.605473090487691934 
 109.47391060472310187 95.246274798100358794 
 83.203855165951779327 126.52569220237008096 
 60.830099420295553614 136.83316057664941923 
 75.40713040694765823 168.47417561759542082 
 56.931921792879641941 157.80750895092876362 
 64.728646551883770144 115.85902553570340956 
 79.305308034363591219 147.49982724331610484 
 53.035252595592268676 178.77924464758578438 
 30.661496849936028752 189.08671302186513685 
 165.91293811802620439 11.713518281948237743 
 147.43772950395819521 1.046851615281581438 
 34.560043981524252388 168.11257798091912719 
 49.136705464004073463 199.75337968853182247 
 180.49147753480687584 43.351920645271945887 
 158.11772178915063591 53.659389019551291256 
 172.69475277580278316 85.300404060497299952 
 154.21954416173474556 74.633737393830614337 
 162.01626892073883823 32.685253978605288694 
 176.59293040321867352 64.326055686217955554 
 150.32287496444735098 95.605473090487677723 
 127.94911921879111105 105.91294146476701599 
 142.5261502054432583 137.55395650571301758 
 124.05094159137520649 126.88728983904633196 
 131.84766635037931337 84.938806423821006319 
 146.42432783285914866 116.57960813143368739 
 120.15427239408782611 147.85902553570338114 
 97.780516648431600402 158.16649390998273361 
 112.35754763508373344 189.80750895092876362 
 93.882339021015681624 179.14084228426207801 
 101.67906378001980272 137.19235886903675237 
 116.25572526249963801 168.83316057664941923 
 89.985669823728301253 200.11257798091912719 
 67.61191407807207554 210.42004635519845124 
 202.86335534616230802 33.046851615281582326 
  184.388146732094242 22.380184948614910923 
 71.510461209660277859 189.44591131425246999 
 86.087122692140113145 221.08671302186513685 
 217.44189476294292263 64.685253978605302905 
 195.06813901728671112 74.992722352884641168 
 209.64517000393880153 106.63373739383061434 
 191.16996138987079235 95.967070727163957145 
 198.96668614887491344 54.018587311938631501 
 213.54334763135477715 85.659389019551312572 
 187.27329219258339776 116.93880642382102053 
 164.89953644692718626 127.24627479810035879 
 179.47656743357930509 158.88728983904633196 
 161.00135881951129591 148.22062317237967477 
 168.79808357851538858 106.27213975715434913 
 183.37474506099525229 137.91294146476704441 
 157.10468962222390132 169.19235886903678079 
 134.7309338765676614 179.49982724331607642 
 149.30796486321975181 211.14084228426210643 
 130.83275624915177104 200.47417561759542082 
 138.62948100815586372 158.52569220237009517 
 153.20614249063572743 190.16649390998276203 
 126.93608705186439067 221.44591131425246999 
 104.56233130620815075 231.75337968853179405 
 239.81377257429832639 54.380184948614910923 
 221.33856396023031721 43.71351828194825373 
 108.46087843779635307 210.7792446475858128 
 123.03753992027618835 242.42004635519847966 
 254.39231199107896941 86.01858731193861729 
 232.01855624542278633 96.326055686217969765 
 246.59558723207487674 127.96707072716394293 
 228.12037861800686755 117.30040406049728574 
 235.91710337701096023 75.351920645271960097 
 250.49376485949076709 106.99272235288459854 
 224.22370942071944455 138.27213975715432071 
 201.84995367506326147 148.57960813143367318 
 216.42698466171535188 180.22062317237967477 
 197.95177604764737112 169.55395650571298916 
 205.74850080665143537 127.60547309048767772 
 220.32516228913124223 159.24627479810035879 
 194.05510685035991969 190.52569220237003833 
 171.68135110470373661 200.83316057664941923 
 186.25838209135579859 232.47417561759542082 
 167.78317347728781783 221.80750895092876362 
 175.57989823629191051 179.85902553570340956 
 190.15655971877171737 211.49982724331607642 
 163.88650428000042325 242.77924464758578438 
 141.51274853434421175 253.08671302186513685 
 145.41129566593241407 232.11257798091915561 
 61.843501091394571745 21.300404060497267977 
 39.471623280039210613 31.605473090487691934 
 238.80037090319927984 169.91294146476701599 
 31.674898521035061094 73.553956505712989156 
 234.90219327578338948 190.88728983904633196 
 242.69891803478748216 148.93880642382100632 
 35.573076148451001188 52.579608131433708706 
 9.3030207096796875277 83.85902553570342377 
 208.63176833283975498 222.16649390998273361 
 1.5062959506755222439 125.80750895092874941 
 204.7335907054238362 243.14084228426207801 
 212.53031546442795729 201.19235886903672395 
 5.4044735780914789913 104.83316057664943344 
 182.36171289406843243 253.44591131425246999 
