 77.657636392097003863 2.9523389480227830717 
 92.234667378749094269 34.593353988968772228 
 73.759458764681085086 23.926687322302100824 
 96.132845006165027257 13.619005614689454475 
 69.862789567393690504 44.898423018959185526 
 47.489033821737486107 55.205891393238516685 
 62.066064808389576513 86.846906434184489854 
 43.590856194321560224 76.180239767517832661 
 51.38758095332566711 34.231756352292514123 
 65.964242435805502396 65.872558059905173877 
 39.694186997034172748 97.151975464174910257 
 17.320431251377961246 107.45944383845423431 
 31.897462238030048098 139.1004588794002359 
 13.422253623962033586 128.43379221273357871 
 21.218978382966138696 86.485308797508253065 
 35.795639865445977534 118.12611050512090571 
 9.5255844266746745319 149.40552790939062788 
 1.7288596676705245692 191.35401132461595353 
 5.6270372950864517847 170.37966295033663755 
 136.98180936588929058 13.978203907076782286 
 114.60805362023303644 24.285672281356109892 
 129.18508460688516948 55.926687322302100824 
 110.70987599281714608 45.260020655635443632 
 118.50660075182123876 3.3115372404101104387 
 133.08326223430108826 34.952338948022784848 
 106.8132067955297515 66.231756352292507017 
 84.43945104987352579 76.539224726571845281 
 99.016482036525630406 108.18023976751783266 
 80.541273422457621223 97.513573100851161257 
 88.337998181461713898 55.565089685625842719 
 102.91465966394156339 87.205891393238516685 
 76.644604225170226641 118.48530879750823885 
 54.270848479514008034 128.79277717178757712 
 68.847879466166105544 160.43379221273357871 
 50.372670852098096361 149.76712554606692152 
 58.169395611102181931 107.81864213084156745 
 72.746057093582038533 139.45944383845423431 
 46.476001654810723096 170.73886124272394227 
 24.102245909154497383 181.04632961700329474 
 38.679276895806587788 212.68734465794929633 
 20.204068281738567947 202.02067799128261072 
 28.000793040742689044 160.07219457605728508 
 42.577454523222513671 191.71299628366998036 
 173.93222659402530894 35.311537240410110883 
 151.55847084836909744 45.619005614689442041 
 166.13550183502121627 77.260020655635429421 
 147.66029322095317866 66.593353988968772228 
 155.45701797995729976 24.64487057374345369 
 170.03367946243710662 56.285672281356113444 
 143.76362402366578408 87.565089685625835614 
 121.38986827800957258 97.872558059905159666 
 135.9668992646616914 129.51357310085117547 
 117.49169065059366801 118.84690643418448985 
 125.2884154095977749 76.89842301895916421 
 139.86507689207758176 108.53922472657183107 
 113.59502145330625922 139.81864213084159587 
 91.221265707650047716 150.12611050512086308 
 105.79829669430216654 181.76712554606689309 
 87.323088080234143149 171.10045887940020748 
 95.119812839238250035 129.15197546417491026 
 109.69647432171808532 160.7927771717875487 
 83.426418882946762778 192.07219457605728508 
 61.05266313729052996 202.37966295033660913 
 75.629694123942641681 234.02067799128261072 
 57.154485509874618288 223.3540113246159251 
 64.951210268878725174 181.40552790939059946 
 79.52787175135857467 213.04632961700329474 
 210.88264382216138415 56.64487057374345369 
 188.50888807650517265 66.952338948022784848 
 203.08591906315726305 98.593353988968758017 
 184.61071044908922545 87.926687322302100824 
 192.40743520809334655 45.978203907076782286 
 206.98409669057321025 77.619005614689456252 
 180.71404125180185929 108.89842301895916421 
 158.34028550614564779 119.20589139323850247 
 172.91731649279773819 150.84690643418448985 
 154.44210787872972901 140.18023976751783266 
 162.23883263773382168 98.231756352292507017 
 176.81549412021368539 129.87255805990517388 
 150.54543868144233443 161.15197546417491026 
 128.17168293578612293 171.45944383845420589 
 142.74871392243821333 203.1004588794002359 
 124.27350530837020415 192.43379221273355029 
 132.07023006737429682 150.48530879750822464 
 146.64689154985416053 182.1261105051208915 
 120.37683611108282378 213.40552790939062788 
 98.003080365426598064 223.71299628366995194 
 112.58011135207868847 255.35401132461595353 
 94.104902738010693497 244.68734465794926791 
 101.90162749701480038 202.73886124272394227 
 116.47828897949463567 234.37966295033663755 
 247.83306105029740252 77.978203907076746759 
 225.45930530464119101 88.285672281356113444 
 240.03633629129328142 119.92668732230208661 
 221.56112767722530066 109.26002065563542942 
 229.35785243622939333 67.311537240410103777 
 243.9345139187092002 98.952338948022770637 
 217.66445847993787766 130.2317563522924786 
 195.29070273428169457 140.53922472657183107 
 209.86773372093375656 172.18023976751780424 
 191.3925251068657758 161.51357310085117547 
 199.18924986586986847 119.5650896856258214 
 213.76591134834970376 151.20589139323848826 
 187.49585590957835279 182.48530879750822464 
 165.12210016392216971 192.7927771717875487 
 179.6991311505742317 224.43379221273355029 
 161.22392253650625094 213.76712554606692152 
 169.02064729551034361 171.81864213084156745 
 183.5973087779901789 203.45944383845420589 
 157.32725333921885635 234.73886124272394227 
 134.95349759356264485 245.04632961700326632 
 138.85204472515084717 224.07219457605728508 
 153.42870620763065403 255.71299628366995194 
 55.284250150613040375 13.260020655635431197 
 254.61487570807392444 151.5650896856258214 
 232.24111996241771294 161.87255805990514546 
 25.115647580253515514 65.513573100851161257 
 228.34294233500182258 182.84690643418446143 
 236.13966709400588684 140.89842301895913579 
 250.71632857648575055 172.53922472657183107 
 224.44627313771439958 203.81864213084159587 
 202.0725173920582165 214.12611050512086308 
 198.17433976464229772 235.10045887940020748 
 205.97106452364636198 193.15197546417488184 
 220.54772600612622568 224.7927771717875487 
 194.27767056735490314 256.0721945760573135 
 175.80246195328686554 245.40552790939059946 
