 115.53573532424692871 39.099592981888456222 
 91.256577696378741393 43.265088790814878905 
 97.147611098029912569 77.600775629260638766 
 82.062666432716895315 62.515830963947635723 
 100.45079065893392567 24.014648316575456732 
 106.34152236169175865 58.350033456127903264 
 72.870888411400670748 81.764439894734721292 
 48.59173078353251185 85.929935703661129764 
 54.482764185183647498 120.26562254210689673 
 39.397819519870644456 105.18067787679389369 
 57.785943746087667705 66.67949522942171825 
 63.676675448845521998 101.01488036897414702 
 30.206041498554419888 124.42928680758099347 
 5.9268838706862476684 128.59478261650738773 
 11.817917272337398416 162.93046945495316891 
 15.121096833241416846  109.344342142267962 
 21.011828535999267586 143.67972728182041919 
 139.81245801087615632 34.935928716414395012 
 124.72751334556313907 19.850984051101377759 
 149.00636927453803082 15.685186543281638194 
 145.70562465487296322 69.269482312514497835 
 121.4264670270047759 73.434978121440920518 
 127.31750042865593286 107.77066495988667327 
 112.23255576334292982 92.685720294573641809 
 130.62067998955996018 54.184537647201480581 
 136.51141169231780736 88.519922786753937771 
 103.04077774202670525 111.9343292253607558 
 78.761620114158532147 116.09982503428716427 
 84.652653515809689111 150.43551187273291703 
 69.567708850496671857 135.35056720741991398 
 87.955833076713688001 96.849384560047738546 
 93.846564779471563611 131.18476969960019574 
 60.375930829180461501 154.59917613820701376 
 36.096773201312288393 158.76467194713342224 
 41.987806602963424041 193.10035878557920341 
 26.902861937650417445 178.01541412026617195 
 45.290986163867422931 139.51423147289401072 
 51.181717866625305646 173.8496166124464537 
 188.37047156771922118 26.604635399668218554 
 164.09131393985100544 30.770131208594641237 
 169.98234734150219083 65.105818047040415308 
 154.89740267618915937 50.020873381727398055 
 173.28552690240621814 11.519690734355199524 
 179.17625860516406533 45.855075873907672701 
 175.8755139854989693 99.439371643140518131 
 151.59635635763078199 103.60486745206694081 
 157.48738975928196737 137.94055429051269357 
 142.40244509396893591 122.85560962519967632 
 160.79056932018599468 84.354426977827515088 
 166.68130102294381345 118.68981211737995807 
 133.21066707265273976 142.10421855598676188 
 108.93150944478455244 146.26971436491317036 
 114.82254284643572362 180.60540120335897996 
 99.737598181122692154 165.52045653804594849 
 118.12572240733972251 127.01927389067375884 
 124.0164541100975697 161.35465903022620182 
 90.545820159806481797 184.76906546883301985 
 66.266662531938308689 188.93456127775942832 
 72.157695933589465653 223.27024811620523792 
 57.072751268276441294 208.18530345089220646 
 75.460875494493464544 169.68412080352004523 
 81.351607197251340153 204.01950594307245979 
 218.54036089834525569 56.77452473029423885 
 194.26120327047703995 60.940020539220661533 
 200.15223667212822534 95.275707377666435605 
 185.06729200681519387 80.190762712353418351 
 203.45541623303222423 41.689580064981221597 
 209.34614793579007141 76.024965204533685892 
 206.04540331612503223 129.60926097376656685 
 181.76624568825681649 133.77475678269297532 
 187.65727908990800188 168.11044362113869965 
 172.57233442459497041 153.02549895582572503 
 190.96045865081200077 114.52431630845353538 
 196.85119035356987638 148.85970144800600679 
 163.38055640327877427 172.27410788661282481 
 139.10139877541058695 176.43960369553920486 
 144.99243217706174391 210.77529053398498604 
 129.90748751174874087  195.690345868671983 
 148.29561173796577123 157.18916322129979335 
 154.18634344072364684 191.52454836085226475 
 120.7157094904325163 214.93895479945908278 
 96.436551862564357407 219.10445060838549125 
 102.32758526421550016 253.44013744683124401 
 87.242640598902482907 238.35519278151824096 
 105.63076482511949905 199.85401013414605131 
 111.52149652787737466 234.18939527369849429 
 248.71025022897131862 86.944414060920280463 
 224.43109260110310288 91.109909869846703145 
 230.32212600275425984 125.44559670829247011 
 215.23718133744122838 110.36065204297945286 
 233.62530556365825873 71.859469395607263209 
 239.51603726641610592 106.19485453515973461 
 236.21529264675106674 159.77915030439254451 
 211.93613501888287942 163.94464611331898141 
 217.82716842053400796 198.28033295176473416 
 202.74222375522100492 183.19538828645173112 
 221.13034798143803528 144.69420563907956989 
 227.02107968419585404 179.02959077863198445 
 193.55044573390478035 202.44399721723880248 
 169.27128810603662146 206.60949302616521095 
 175.16232150768777842 240.94517986461099213 
 160.07737684237474696 225.86023519929798908 
 178.46550106859177731 187.35905255192582786 
 184.3562327713496245 221.69443769147824241 
 150.88559882105852239 245.10884413008508886 
 126.60644119319036349 249.27433993901149734 
 135.80065415574551935 230.0238994647720574 
 254.60098193172913739 121.27979920047272344 
 245.40707066806726289 140.53054137360550158 
 85.365845993620879995 8.9297036512624217153 
 242.10602434950891393 194.11453544394498749 
 66.97772176740384964 47.430886298634590048 
 51.892777102090853703 32.345941633321601216 
 251.30023731206406978 174.86409496970557598 
 76.17163303106572414 28.180144125501847441 
 42.700999080774614924 51.594550564108686785 
 199.44117743666262754 236.77938235679124546 
 24.312874854557595228 90.095733211480862224 
 9.227930189244606396 75.010788546167859181 
 208.63539039921781182 217.52894188255183394 
 33.506786118219480386  70.8449910383480983 
 109.6425686802501076 4.7660393857883427415 
