 129.56106874747499091 27.874038626530985852 
 105.2819111196068036 32.039534435457390771 
 111.17294452125796056 66.375221273903164843 
 96.087999855944943306 51.290276608590147589 
 114.47612408216195945 12.789093961217965045 
 120.36685578491982085 47.124479100770408024 
 86.896221834628718739 70.538885539377247369 
 62.61706420676054563 74.704381348303655841 
 68.508097608411688384 109.04006818674942281 
 53.423152943098685341 93.955123521436419765 
 71.811277169315715696 55.453940874064244326 
 77.702008872073577095 89.789326013616673094 
 44.231374921782467879 113.20373245222350533 
 19.952217293914291218 117.36922826114991381 
 25.843250695565458841 151.70491509959569498 
 10.758306030252439811 136.61997043428266352 
 29.146430256469461284 98.11878778691048808 
 35.037161959227312025 132.45417292646294527 
 1.5665280089362314531 155.86857936506973488 
 153.8377914341041901 23.710374361056921089 
 138.75284676879115864 8.6254296957439162696 
 163.0317026977660646 4.4596321879241624941 
 159.73095807810102542  58.0439279571570097 
 135.4518004502328381 62.209423766083432383 
 141.34283385188396664 96.545110604529185139 
 126.25788918657097781 81.460165939216167885 
 144.64601341278799396 42.958983291843985342 
 150.53674511554586957 77.294368431396449637 
 117.06611116525475325 100.70877487000328188 
 92.786953537386594348 104.87427067892969035 
 98.677986939037722891 139.2099575173754431 
 83.593042273724705638 124.12501285206244006 
 101.98116649994173599 85.623830204690264623 
 107.8718982026996116 119.9592153442427076 
 74.401264252408509492 143.37362178284951142 
 50.122106624540329278 147.53911759177591989 
 56.013140026191479137 181.87480443022170107 
 40.928195360878476095 166.78985976490869803 
 59.316319587095470922 128.28867711753650838 
 65.207051289853353637 162.62406225708895136 
 31.736417339562269291 186.03846869569576938 
 178.11664736307906765 19.544576853237167313 
 184.00768076473022461 53.880263691682955596 
 168.92273609941722157 38.795319026369938342 
 16.651472674249234274 170.95352403038276634 
 193.20159202839209911 34.629521518550184567 
 189.90084740872703151 88.213817287783029997 
 165.62168978085887261 92.379313096709438469 
 171.51272318251000115 126.71499993515521965 
 156.42777851719696969 111.63005526984220239 
 174.81590274341402846 73.128872622470012743 
 180.70663444617187565 107.46425776202246993 
 147.23600049588080196 130.87866420062928796 
 122.95684286801260043 135.04416000955569643 
 128.84787626966377161 169.37984684800144919 
 113.76293160435075436 154.29490218268844615 
 132.1510558305677705 115.79371953531628492 
 138.04178753332561769 150.1291046748687279 
 104.57115358303452979 173.54351111347554593 
 80.29199595516635668 177.7090069224019544 
 86.183029356817513644 212.04469376084773558 
 71.09808469150448218 196.95974909553470411 
 89.486208917721512535 158.45856644816254288 
 95.376940620479388144 192.79395158771498586 
 61.90630667018829314 216.20835802632180389 
 208.28653669370510215 49.714466183863187609 
 214.17757009535625912 84.050153022308975892 
 199.09262543004325607 68.965208356995958638 
 46.821362004875275886 201.12341336100877243 
 223.37148135901810519 64.799410849176211968 
 220.07073673935309444 118.3837066184090645 
 195.79157911148490712 122.54920242733548719 
 201.68261251313603566 156.88488926578122573 
 186.59766784782303262 141.79994460046825111 
 204.98579207404003455 103.29876195309604725 
 210.87652377679791016 137.63414709264850444 
 177.40588982650683647 161.04855353125532247 
 153.12673219863864915 165.21404934018173094 
 159.01776560028977769 199.54973617862751212 
 143.93282093497677465 184.46479151331448065 
 162.32094516119380501 145.96360886594231943 
 168.21167686395168062 180.2989940054947624 
 134.74104291366055008 203.71340044410158043 
 110.4618852857924054 207.87889625302798891 
 116.35291868744353394 242.21458309147377008 
 101.2679740221305309 227.12963842616073862 
 119.65609824834754704 188.62845577878857739 
 125.54682995110542265 222.96384091834102037 
 92.076196000814334752 246.3782473569478384 
 238.45642602433113666 79.884355514489229222 
 244.3474594259822652 114.2200423529350104 
 229.26251476066929058 99.135097687621993146 
 76.991251335501317499 231.29330269163480693 
 253.54137068964416812 94.969300179802260686 
 250.24062606997910052 148.55359594903504217 
 225.9614684421109132 152.71909175796150748 
 231.85250184376204174 187.05477859640723182 
 216.76755717844906712 171.9698339310942572 
 235.15568140466606906 133.46865128372206755 
 241.04641310742391624 167.80403642327451053 
 207.57577915713284256 191.21844286188132855 
 183.29662152926468366 195.38393867080776545 
 189.1876549309158122 229.7196255092535182 
 174.10271026560278074 214.63468084394051516 
 192.49083449181981109 176.13349819656835393 
 198.38156619457765828 210.46888333612076849 
 164.91093224428658459 233.88328977472758652 
 140.63177461641842569 238.04878558365402341 
 149.82598757897355313 218.79834510941458348 
 155.71671928173140032 253.13373024896702645 
 75.112021788980783299 1.8696451048313844634 
 81.00305519063188342 36.205331943277101914 
 65.918110525318908799 21.120387277964127293 
 90.196966454293800552 16.954589770144401939 
 56.726332504002677126 40.368996208751227073 
 32.447174876134518229 44.534492017677635545 
 38.338208277785625455 78.870178856123359878 
 23.253263612472665045 63.785234190810392363 
 222.6607238224458456 206.30338752719436002 
 47.532119541447535482 59.619436682990652798 
 14.061485591156428043 83.033843121597470827 
 179.99587690959958763 248.96823444004058956 
 4.8672726286012881758 102.28428359583689655 
