 78.342403870510736397 33.877308556960372243 
 55.968648124854517789 44.184776931239689191 
 70.545679111506643721 75.825791972185683676 
 52.070470497438606117 65.159125305519026483 
 59.867195256442713003 23.21064189029370084 
 74.443856738922548288 54.851443597906360594 
 48.173801300151218641 86.130861002176089869 
 25.80004555449499648 96.438329376455428132 
 40.377076541147111755 128.07934441740144393 
 21.901867927079081255 117.41267775073475832 
 29.698592686083188141 75.464194335509418465 
 44.275254168563023427 107.10499604312209954 
 18.005198729791693779 138.38441344739180749 
 10.208473970787572682 180.33289686261716156 
 14.106651598203500342 159.35854848833781716 
 100.71428168186614016 23.572239526969990919 
 82.239073067798102556 12.905572860303321292 
 104.61245930928207315 2.5978911526906429685 
 115.2928210986467974 55.21064189029370084 
 92.919065352990571682 65.518110264573024892 
 107.4960963396426763 97.159125305519026483 
 89.020887725574667115 86.49245863885235508 
 96.817612484578759791 44.543975223627029436 
 111.39427396705860929 76.184776931239696296 
 85.124218528287272534 107.46419433550943268 
 62.750462782631039715 117.77166270978875673 
 77.327493769283179859 149.4126777507347299 
 58.852285155215142254 138.74601108406810113 
 66.649009914219234929 96.797527668842761273 
 81.225671396699084426 128.43832937645544234 
 54.955615957927754778 159.7177467807251503 
 32.581860212271514854 170.02521515500450278 
 47.158891198923633681 201.66623019595047595 
 28.683682584855617392 190.99956352928384717 
 36.480407343859724278 149.05108011405846469 
 51.057068826339559564 180.69188182167115997 
 145.46142366900633647 2.9570894450779849905 
 123.08766792335009654 13.264557819357314372 
 137.66469891000218695 44.905572860303323068 
 119.18949029593416356 34.238906193636665876 
 141.56287653741813415 23.931224486023985776 
 152.24323832678282997 76.543975223627029436 
 129.86948258112661847 86.851443597906339278 
 144.4465135677787373 118.49245863885235508 
 125.9713049537107139 107.82579197218568368 
 133.76802971271482079 65.877308556960358032 
 148.34469119519462765 97.518110264573010681 
 122.07463575642331932 128.79752766884274706 
 99.700880010767093609 139.10499604312209954 
 114.27791099741921244 170.74601108406807271 
 95.802702383351189042 160.07934441740141551 
 103.59942714235529593 118.13086100217608987 
  118.176088624835117 149.77166270978875673 
 91.90603318606379446 181.05108011405849311 
 69.532277440407568747 191.35854848833781716 
 84.109308427059673363 222.99956352928381875 
 65.634099812991649969 212.33289686261716156 
 73.430824571995771066 170.38441344739180749 
 88.007486054475606352 202.02521515500447435 
 182.41184089714235483 24.290422778411315363 
 160.03808515148611491 34.597891152690642969 
 174.61511613813823374 66.238906193636651665 
 156.13990752407022455 55.572239526969994472 
 163.93663228307434565 13.623756111744642183 
 178.51329376555415251 45.264557819357300161 
 189.19365555491890518 97.877308556960358032 
 166.81989980926266526 108.18477693123968209 
 181.39693079591478408 139.82579197218566947 
 162.92172218184674648 129.15912530551901227 
 170.71844694085086758 87.210641890293686629 
 185.29510842333070286 118.85144359790635349 
 159.02505298455938032 150.13086100217608987 
 136.6512972389031404 160.43832937645544234 
 151.22832822555525922 192.07934441740138709 
 132.75311961148725004 181.41267775073475832 
 140.54984437049134272 139.46419433550940425 
  155.126505852971178 171.10499604312209954 
 128.85645041419985546 202.38441344739180749 
 106.48269466854361553 212.69188182167115997 
 121.05972565519572015 244.33289686261716156 
 102.58451704112771097 233.66623019595050437 
 110.38124180013183206 191.71774678072512188 
 124.95790328261165314 223.35854848833781716 
 219.36225812527843004 45.623756111744640407 
 196.98850237962219012 55.931224486023971565 
 211.56553336627428052 87.572239526969980261 
 193.09032475220627134 76.905572860303323068 
 200.88704951121039244 34.957089445077969003 
 215.46371099369022772 66.597891152690650074 
 226.14407278305492355 119.21064189029365821 
 203.77031703739871205 129.51811026457301068 
 218.34734802405080245 161.15912530551898385 
 199.87213940998279327 150.49245863885235508 
 207.66886416898691436 108.54397522362701523 
 222.24552565146669281 140.18477693123966787 
 195.97547021269539869 171.46419433550940425 
 173.60171446703918718 181.77166270978875673 
 188.17874545369127759 213.4126777507347299 
 169.70353683962329683 202.74601108406807271 
 177.5002615986273895 160.79752766884271864 
 192.07692308110716795 192.4383293764553855 
 165.80686764233587382 223.71774678072512188 
 143.43311189667966232 234.02521515500450278 
 139.53493426926374354 254.99956352928381875 
 147.33165902826786464 213.05108011405843627 
 161.90832051074767151 244.69188182167113155 
 256.31267535341441999 66.957089445077954792 
 233.93891960775820849 77.264557819357293056 
 248.51595059441032731 108.90557286030330886 
 230.04074198034231813 98.238906193636637454 
 237.83746673934643923  56.2904227784112976 
 252.41412822182621767 87.931224486023950249 
 240.72073426553478726 150.85144359790635349 
 33.595261883370547196 54.492458638852333763 
 236.82255663811884006 171.82579197218566947 
 244.61928139712293273 129.8773085569603154 
 37.493439510786473079 33.518110264573017787 
 232.9258874408314739 192.79752766884274706 
 210.55213169517526239 203.10499604312207111 
 3.4266593130110232224 106.74601108406807271 
 206.65395406775931519 224.07934441740141551 
 214.45067882676340787 182.13086100217606145 
 7.3248369404269499938 85.771662709788756729 
 202.75728487047194903 245.05108011405846469 
 180.38352912481573753 255.35854848833781716 
 184.28207625640388301 234.38441344739177907 
 63.763864453730050741 2.2389061936366490002 
