 219.85985391831664515 43.758700532213985923 
 196.75073872563285704 35.226546908167797767 
 184.68467988678253278 67.907640667474396423 
 179.16320692459544262 47.301223039974267692 
 214.33838095612952657 23.152282904713892719 
 202.27221168781997562 55.832964535667905182 
 161.57858918679457361 59.375118350889792396 
 138.4694739941107855 50.84296472684360424 
 126.40341515526046123 83.524058486150210001 
 120.88194219307335686 62.917640858650074165 
 156.05711622460748345 38.768700723389699192 
 143.99094695629790408 71.449382354343725865 
 103.29732445527250206 74.991536169565605974 
 80.188209262588742376 66.459382545519403607 
 68.122150423738389691 99.140476304826009368 
 62.600677461551285319 78.534058677325887743 
 97.775851493085397692 54.38511854206551277 
 85.709682224775832537 87.065800173019525232 
 45.016059723750451838 90.607953988241405341 
 21.906944531066677939 82.075800364195217185 
 9.840885692216343017 114.75689412350182295 
 4.3194127300292386451 94.150476496001701321 
 39.494586761563347466 70.001536360741312137 
 27.428417493253782311 102.68221799169533881 
 230.90279984269088231 84.971535787214264701 
 207.79368465000709421 76.439382163168048123 
 195.72762581115674152 109.12047592247462546 
 190.20615284896965136 88.514058294974532259 
 225.38132688050376373 64.365118159714128865 
 213.31515761219421279 97.045799790668183959 
 172.62153511116878235 100.58795360589006407 
 149.51241991848499424 92.05579998184384749 
 137.44636107963466998 124.73689374115043904 
 131.92488811744757982 104.13047611365033163 
 167.10006214898169219 79.981535978389928232 
 155.03389288067211282 112.66221760934398333 
 114.34027037964671081 116.20437142456587765 
 91.23115518696295112 107.67221780051966107 
 79.165096348112598434 140.35331155982626683 
 73.643623385925508273 119.7468939323261452 
 108.81879741745960644 95.59795379706574181 
 96.752628149150069703 128.27863542801981112 
 56.059005648124681898 131.82078924324167701 
 32.949890455440886683 123.28863561919547465 
 20.883831616590555313 155.96972937850205199 
 15.362358654403449165 135.36331175100195878 
 50.537532685937563315 111.21437161574155539 
 38.471363417628005266 143.89505324669562469 
 241.94574576706506264 126.18437104221449374 
 218.83663057438130295 117.65221741816829137 
 206.77057173553097869 150.33331117747491135 
 201.2490987733438601 129.7268935499747613 
 236.42427280487797248 105.5779534147143579 
 224.35810353656839311 138.25863504566839879 
 183.66448103554301952 141.80078886089032153 
 160.55536584285923141 133.26863523684409074 
 148.48930700400890714 165.9497289961506965 
 142.96783404182178856 145.34331136865057488 
 178.14300807335590093 121.19437123339017148 
 166.07683880504634999 153.87505286434424079 
 125.38321630402094797 157.41720667956610669 
 102.27410111133715986 148.88505305551990432 
 90.208042272486849811 181.56614681482651008 
 84.686569310299731228 160.95972918732636003 
 119.86174334183382939 136.81078905206598506 
 107.79557407352427845 169.49147068302002594 
 67.101951572498890641 173.03362449824192026 
 43.992836379815116743 164.50147087419568948 
 31.926777540964778268 197.18256463350235208 
 26.405304578777659685 176.57614700600220203 
 61.580478610311786269 152.42720687074177022 
 49.514309342002221115 185.10788850169583952 
 252.9886916914392998 167.3972062972147512 
 229.87957649875551169 158.86505267316854884 
 217.81351765990518743 191.54614643247512618 
 212.29204469771809727 170.93972880497503297 
 247.46721872925218122 146.79078866971462958 
 235.40104946094263028 179.47147030066867046 
 194.70742695991722826 183.01362411589056478 
 171.59831176723344015 174.48147049184436241 
 159.53225292838311589 207.16256425115093975 
 154.0107799661959973 186.55614662365084655 
 189.18595399773010968 162.40720648839044316 
 177.11978472942055873 195.08788811934451246 
 136.42616222839515672 198.63004193456637836 
 113.31704703571138282 190.09788831052017599 
 101.25098819686105855 222.77898206982675333 
 95.729515234673954183 202.17256444232663171 
 130.90468926620803813 178.02362430706625673 
 118.83851999789851561 210.70430593802032604 
 78.144897496873113596 214.24645975324219194 
 55.035782304189339698 205.71430612919598957 
 42.969723465338987012 238.39539988850256691 
 37.44825050315188264 217.78898226100247371 
 72.623424534686009224 193.64004212574207031 
 60.557255266376444069 226.3207237566961112 
 240.92252242312974886 200.07788792816879209 
 228.85646358427939617 232.75898168747539785 
 223.33499062209230601 212.1525640599752478 
 246.44399538531683902 220.68430555566891371 
  205.750372884291437 224.22645937089077961 
 182.64125769160764889 215.69430574684460566 
 170.57519885275732463  248.375399506151183 
 165.05372589057023447 227.7689818786510898 
 200.22889992210431842 203.62004174339068641 
 188.16273065379476748 236.30072337434469887 
 147.46910815276936546 239.84287718956659319 
 124.35999296008561998 231.31072356552041924 
 106.77246115904816293 243.38539969732690338 
 141.94763519058224688 219.23645956206649998 
 129.88146592227269593 251.91714119302051245 
 89.18784342124732234 255.45929500824240677 
 66.078728228563548441 246.9271413841962044 
 83.666370459060217968 234.85287738074228514 
 208.81690799394240798 2.5458652772137257969 
 173.64173396240832403 26.694805412474128303 
 168.12026100022120545 6.0883877849739898025 
 191.22926576344573846 14.620129280667645943 
 150.53564326242036486 18.162283095889527829 
 127.42652806973654833 9.6301294718433236852 
 115.36046923088625249 42.311223231149931223 
 109.83899626869913391 21.704805603649791834 
 132.94800103192366691 30.236547099343447087 
 92.254378530898279109 33.778700914565341407 
 69.145263338214505211 25.24654729051913904 
 57.079204499364166736 57.927641049825744801 
 51.557731537177062364 37.321223422325608965 
 86.732905568711174737 13.172283287065235768 
 74.666736300401623794 45.85296491801926777 
 33.973113799376228883 49.395118733241147879 
 10.863998606692437221 40.862965109194945512 
 28.451640837189124511 28.788701105741036912 
 16.385471568879559356 61.469382736695067138 
