 237.55218052791931882 59.126661663095084975 
 217.43877319426064787 44.904154996428410129 
 197.32536586060192008 73.348741663095069043 
 197.32536586060192008 52.015408329761747552 
 237.55218052791931882 37.793328329761742168 
 217.43877319426064787 66.237488329761745831 
 177.21497538720024068 59.126661663095084975 
 157.10156805354156972 44.904154996428410129 
 136.98816071988284193 73.348741663095083254 
 136.98816071988284193 52.015408329761747552 
 177.21497538720024068 37.793328329761742168 
 157.10156805354156972 66.237488329761745831 
 116.87777024648120516 59.126661663095084975 
 96.764362912822505791 44.904154996428410129 
 76.650955579163792208 73.348741663095083254 
 76.650955579163792208 52.015408329761747552 
 116.87777024648120516 37.793328329761742168 
 96.764362912822505791 66.237488329761745831 
 56.540565105762169651 59.126661663095084975 
 36.427157772103456068 44.904154996428410129 
 16.313750438444749591 73.348741663095097465 
 16.313750438444749591 52.015408329761747552 
 56.540565105762169651 37.793328329761742168 
 36.427157772103456068 66.237488329761760042 
 237.55218052791931882 101.79332832976174927 
 217.43877319426064787 87.570821663095074427 
 197.32536586060192008 116.01540832976175466 
 197.32536586060192008 94.682074996428411851 
 237.55218052791931882 80.459994996428392255 
 217.43877319426064787 108.90415499642841723 
 177.21497538720024068 101.79332832976174927 
 157.10156805354156972 87.570821663095074427 
 136.98816071988284193 116.01540832976175466 
 136.98816071988284193 94.682074996428411851 
 177.21497538720024068 80.459994996428420677 
 157.10156805354156972 108.90415499642841723 
 116.87777024648120516 101.79332832976174927 
 96.764362912822505791 87.570821663095074427 
 76.650955579163792208 116.01540832976175466 
 76.650955579163792208 94.682074996428411851 
 116.87777024648120516 80.459994996428420677 
 96.764362912822505791 108.90415499642841723 
 56.540565105762169651 101.79332832976174927 
 36.427157772103456068 87.570821663095074427 
 16.313750438444749591 116.01540832976175466 
 16.313750438444749591 94.682074996428411851 
 56.540565105762169651 80.459994996428434888 
 36.427157772103456068 108.90415499642841723 
 237.55218052791931882 144.45999499642840647 
 217.43877319426064787 130.23748832976173162 
 197.32536586060192008 158.68207499642841185 
 197.32536586060192008 137.34874166309506904 
 237.55218052791931882 123.12666166309509208 
 217.43877319426064787 151.57082166309507443 
 177.21497538720024068 144.45999499642840647 
 157.10156805354156972 130.23748832976173162 
 136.98816071988287035 158.68207499642841185 
 136.98816071988287035 137.34874166309506904 
 177.21497538720024068 123.12666166309509208 
 157.10156805354156972 151.57082166309507443 
 116.87777024648120516 144.45999499642840647 
 96.764362912822505791 130.23748832976173162 
 76.650955579163792208 158.68207499642841185 
 76.650955579163792208 137.34874166309506904 
 116.87777024648120516 123.12666166309509208 
 96.764362912822505791 151.57082166309507443 
 56.540565105762169651 144.45999499642840647 
 36.427157772103456068 130.23748832976173162 
 16.313750438444749591 158.68207499642841185 
 16.313750438444749591 137.34874166309506904 
 56.540565105762169651 123.12666166309509208 
 36.427157772103456068 151.57082166309507443 
 237.55218052791931882 187.12666166309509208 
 217.43877319426064787 172.90415499642841723 
 197.32536586060192008 201.34874166309506904 
 197.32536586060192008 180.01540832976175466 
 237.55218052791931882 165.79332832976174927 
 217.43877319426064787 194.23748832976176004 
 177.21497538720024068 187.12666166309509208 
 157.10156805354156972 172.90415499642841723 
 136.98816071988287035 201.34874166309506904 
 136.98816071988287035 180.01540832976175466 
 177.21497538720024068 165.79332832976174927 
 157.10156805354156972 194.23748832976176004 
 116.87777024648120516 187.12666166309509208 
 96.764362912822505791 172.90415499642841723 
 76.650955579163792208 201.34874166309506904 
 76.650955579163792208 180.01540832976175466 
 116.87777024648120516 165.79332832976174927 
 96.764362912822505791 194.23748832976176004 
 56.540565105762169651 187.12666166309509208 
 36.427157772103456068 172.90415499642841723 
 16.313750438444749591 201.34874166309506904 
 16.313750438444749591 180.01540832976175466 
 56.540565105762169651 165.79332832976174927 
 36.427157772103456068 194.23748832976176004 
 237.55218052791931882 229.79332832976172085 
 217.43877319426064787 215.57082166309507443 
 197.32536586060192008 244.01540832976172624 
 197.32536586060192008 222.68207499642841185 
 237.55218052791931882 208.45999499642840647 
 217.43877319426064787 236.90415499642838881 
 177.2149753872002691 229.79332832976172085 
 157.10156805354156972 215.57082166309507443 
 136.98816071988287035 244.01540832976172624 
 136.98816071988287035 222.68207499642841185 
 177.2149753872002691 208.45999499642840647 
 157.10156805354156972 236.90415499642838881 
 116.87777024648120516 229.79332832976172085 
 96.764362912822505791 215.57082166309507443 
 76.650955579163792208 244.01540832976172624 
 76.650955579163792208 222.68207499642841185 
 116.87777024648120516 208.45999499642840647 
 96.764362912822505791 236.90415499642838881 
 56.540565105762169651 229.79332832976172085 
 36.427157772103456068 215.57082166309507443 
 16.313750438444749591 244.01540832976172624 
 16.313750438444749591 222.68207499642841185 
 56.540565105762169651 208.45999499642840647 
 36.427157772103456068 236.90415499642838881 
 237.55218052791931882 16.459994996428399361 
 217.43877319426061945 2.2374883297617262912 
 197.32536586060192008 30.682074996428404745 
 197.32536586060192008 9.3487416630950619378 
 237.55218052791934724 251.12666166309506366 
 217.43877319426064787 23.570821663095070875 
 177.21497538720024068 16.459994996428399361 
 157.10156805354156972 2.2374883297617262912 
 136.98816071988284193 30.682074996428404745 
 136.98816071988284193 9.3487416630950619378 
 177.2149753872002691 251.12666166309506366 
 157.10156805354156972 23.570821663095070875 
 116.87777024648119095 16.459994996428399361 
 96.764362912822505791 2.2374883297617262912 
 76.650955579163792208 30.682074996428404745 
 76.650955579163792208 9.3487416630950619378 
 116.87777024648121937 251.12666166309506366 
 96.764362912822505791 23.570821663095070875 
 56.540565105762169651 16.459994996428399361 
 36.427157772103441857 2.2374883297617262912 
 16.313750438444749591 30.682074996428404745 
 16.313750438444749591 9.3487416630950619378 
 56.540565105762183862 251.12666166309506366 
 36.427157772103456068 23.570821663095070875 
