 23.041277011102344829 33.114983410084320781 
 41.326991296816636634 51.400697695798612585 
 23.041277011102344829 69.686411981512890179 
 41.326991296816636634 87.972126267227181984 
 23.041277011102344829 106.25784055294145958 
 41.326991296816636634 124.54355483865575138 
 23.041277011102344829 142.8292691243700574 
 41.326991296816636634 161.11498341008430657 
 23.041277011102344829 179.40069769579861259 
 41.326991296816636634 197.68641198151289018 
 23.041277011102344829 215.97212626722719619 
 41.326991296816636634 234.25784055294147379 
 23.041277011102344829 252.54355483865572296 
 41.326991296816636634 14.82926912437004674 
 59.612705582530921333 33.114983410084320781 
 77.898419868245198927 51.400697695798612585 
 59.612705582530921333 69.686411981512890179 
 77.898419868245198927 87.972126267227181984 
 59.612705582530921333 106.25784055294145958 
 77.898419868245198927 124.54355483865575138 
 59.612705582530921333 142.8292691243700574 
 77.898419868245198927 161.11498341008430657 
 59.612705582530921333 179.40069769579861259 
 77.898419868245198927 197.68641198151289018 
 59.612705582530921333 215.97212626722719619 
 77.898419868245198927 234.25784055294147379 
 59.612705582530921333 252.54355483865572296 
 77.898419868245198927 14.82926912437004674 
 96.184134153959490732 33.114983410084320781 
 114.46984843967378254 51.400697695798612585 
 96.184134153959490732 69.686411981512890179 
 114.46984843967378254 87.972126267227181984 
 96.184134153959490732 106.25784055294145958 
 114.46984843967378254 124.54355483865575138 
 96.184134153959490732 142.8292691243700574 
 114.46984843967378254 161.11498341008430657 
 96.184134153959490732 179.40069769579861259 
 114.46984843967378254 197.68641198151289018 
 96.184134153959490732 215.97212626722719619 
 114.46984843967378254 234.25784055294147379 
 96.184134153959490732 252.54355483865572296 
 114.46984843967378254 14.82926912437004674 
 132.75556272538807434 33.114983410084320781 
 151.04127701110235193 51.400697695798612585 
 132.75556272538807434 69.686411981512890179 
 151.04127701110235193 87.972126267227181984 
 132.75556272538807434 106.25784055294145958 
 151.04127701110235193 124.54355483865575138 
 132.75556272538807434 142.8292691243700574 
 151.04127701110235193 161.11498341008430657 
 132.75556272538807434 179.40069769579861259 
 151.04127701110235193 197.68641198151289018 
 132.75556272538807434 215.97212626722719619 
 151.04127701110235193 234.25784055294147379 
 132.75556272538807434 252.54355483865572296 
 151.04127701110235193 14.82926912437004674 
 169.32699129681665795 33.114983410084320781 
 187.61270558253093554 51.400697695798612585 
 169.32699129681665795 69.686411981512890179 
 187.61270558253093554 87.972126267227181984 
 169.32699129681665795 106.25784055294145958 
 187.61270558253093554 124.54355483865575138 
 169.32699129681665795 142.8292691243700574 
 187.61270558253093554 161.11498341008430657 
 169.32699129681665795 179.40069769579861259 
 187.61270558253093554 197.68641198151289018 
 169.32699129681665795 215.97212626722719619 
 187.61270558253093554 234.25784055294147379 
 169.32699129681665795 252.54355483865572296 
 187.61270558253093554 14.82926912437004674 
 205.89841986824524156 33.114983410084320781 
 224.18413415395951915 51.400697695798612585 
 205.89841986824524156 69.686411981512890179 
 224.18413415395951915 87.972126267227181984 
 205.89841986824524156 106.25784055294145958 
 224.18413415395951915 124.54355483865575138 
 205.89841986824524156 142.8292691243700574 
 224.18413415395951915 161.11498341008430657 
 205.89841986824524156 179.40069769579861259 
 224.18413415395951915 197.68641198151289018 
 205.89841986824524156 215.97212626722719619 
 224.18413415395951915 234.25784055294147379 
 205.89841986824524156 252.54355483865572296 
 224.18413415395951915 14.82926912437004674 
 242.46984843967376833 33.114983410084320781 
 4.755562725388069012 51.400697695798612585 
 242.46984843967376833 69.686411981512890179 
 4.755562725388069012 87.972126267227181984 
 242.46984843967376833 106.25784055294145958 
 4.755562725388069012 124.54355483865575138 
 242.46984843967376833 142.8292691243700574 
 4.755562725388069012 161.11498341008430657 
 242.46984843967376833 179.40069769579861259 
 4.755562725388069012 197.68641198151289018 
 242.46984843967376833 215.97212626722719619 
 4.755562725388069012 234.25784055294147379 
 242.46984843967376833 252.54355483865572296 
 4.755562725388069012 14.82926912437004674 
