 204.48208201358789893 6.2957199243169101877 
 191.55212944331955782 28.691054715477399384 
 169.15679465215910682 15.761102145209104464 
 156.22684208189082256 38.156436936369580337 
 133.83150729073034313 25.226484366101285417 
 120.90155472046201623 47.621819157261775501 
 98.506219929301522598 34.691866586993484134 
 85.576267359033238336 57.087201378153970666 
 63.180932567872744698 44.157248807885657982 
 50.25097999760443912 66.552583599046144514 
 27.855645206443934825 53.622631028777853146 
 14.925692636175641681 76.017965819938339678 
 226.87741680474837835 19.225672494585218431 
 213.94746423448009409 41.621007285745690751 
 201.01751166421175299 64.016342076906184388 
 178.62217687305130198 51.086389506637885916 
 165.69222430278301772 73.481724297798365342 
 143.29688951162250987 60.551771727530066869 
 130.36693694135419719 82.947106518690560506 
 107.97160215019371776 70.017153948422247822 
 95.041649579925419289 92.41248873958275567 
 72.646314788764925652 79.482536169314442986 
 59.716362218496634284 101.87787096047493662 
 37.321027427336126436 88.947918390206638151 
 24.391074857067835069 111.34325318136713179 
 1.9957400659073756266 98.413300611098819104 
 236.34279902564057352 54.550959856014003435 
 223.41284645537226083 76.946294647174482861 
 210.48289388510394815 99.341629438334976498 
 188.08755909394349715 86.411676868066663815 
 175.15760652367521288 108.80701165922715745 
 152.76227173251470504 95.877059088958858979 
 139.83231916224639235 118.27239388011935262 
 117.43698437108589872 105.34244130985103993 
 104.50703180081761445 127.73777610101153357 
 82.111697009657106605 114.8078235307432351 
 69.181744439388822343 137.20315832190374294 
 46.786409648228321601 124.27320575163541605 
 33.856457077960016022 146.66854054279593811 
 11.461122286799570347 133.73858797252762542 
 245.80818124653274026 89.876247217442781334 
  232.878228676264456 112.27158200860326076 
 219.94827610599614331 134.6669167997637544 
 197.55294131483569231 121.73696422949545592 
 184.62298874456737963 144.13229902065594956 
 162.2276539534069002 131.20234645038763688 
 149.29770138313858752 153.5976812415481163 
 126.90236659197809388 140.66772867127980362 
 113.97241402170979541 163.06306346244031147 
 91.577079230549301769 150.13311089217199878 
 78.647126660280989086 172.52844568333250663 
 56.251791869120502554 159.59849311306419395 
 43.321839298852211186 181.99382790422467338 
 20.926504507691749524 169.06387533395638911 
 255.27356346742493542 125.20153457887157344 
 242.34361089715665116 147.59686937003203866 
 229.41365832688833848 169.99220416119254651 
 207.01832353572785905 157.06225159092423382 
 194.08837096545957479 179.45758638208474167 
 171.69303617429906694 166.52763381181642899 
 158.76308360403078268 188.92296860297690841 
 136.36774881287027483 175.99301603270862415 
 123.43779624260199057 198.38835082386910358 
 101.04246145144149693 185.45839825360081932 
 88.11250888117318425 207.85373304476129874 
 65.717174090012690613 194.92378047449298606 
 52.78722151974439214 217.31911526565349391 
 30.391886728583930477 204.38916269538518122 
 251.80899311804881791 182.92215673146085919 
 238.87904054778053364 205.31749152262133862 
 216.4837057566200258 192.38753895235305436 
 203.55375318635176995 214.78287374351353378 
 181.15841839519126211 201.8529211732452211 
 168.22846582492297784 224.24825596440572895 
   145.83313103376247 211.31830339413741626 
 132.90317846349415731 233.71363818529792411 
 110.50784367233367789 220.78368561502961143 
 97.577891102065379414 243.17902040619011927 
 75.182556310904885777 230.24906783592177817 
 62.252603740636587304 252.64440262708231444 
 39.857268949476129194 239.71445005681397333 
 225.94908797751219254 227.71282631378178962 
 146.76145986099862739 2.8311495749407686873 
 190.62380061608345727 237.17820853467398479 
 111.43617249956983528 12.296531795832963851 
 155.29851325465463674 246.64359075556617995 
 76.110885138141043171 21.761914016725157239 
 119.97322589322585884 256.10897297645828985 
 40.785597776712243956 31.227296237617338193 
 5.4603104152834465168 40.692678458509533357 
