 66.684928412969426859 16.311384153021688093 
 86.027700156677482823 6.3644144957615678138 
 48.399214127255142159 47.983170348566879682 
 67.741985870963191019 38.03620069130674608 
 30.113499841540868118 79.654956544112053507 
 49.45627158524890632 69.707986886851941222 
 11.82778555582657809 111.32674273965724865 
 31.170557299534632278 101.37977308239712215 
 12.88484301382034225 133.05155927794231729 
 87.084757614671246984 28.089231034046626689 
 106.42752935837933137 18.142261376786503746 
 68.79904332895696939 59.761017229591814726 
 88.141815072665039565 49.814047572331695335 
 50.513329043242684691 91.432803425137009867 
 69.856100786950747761 81.485833767876883371 
 32.227614757528392886 123.10458962068220501 
 51.570386501236477272 113.15761996342207851 
 13.941900471814104634 154.77637581622738594 
 33.284672215522185468 144.82940615896725944 
 14.99895792980790965 176.50119235451245459 
 107.48458681637308132 39.867077915071561733 
 126.82735856008113728 29.920108257811442343 
 89.198872530658803726 71.538864110616756875 
 108.54164427436685969 61.591894453356616168 
 70.913158244944526132 103.2106503061619236 
 90.255929988652567886 93.26368064890181131 
 52.627443959230234327 134.88243650170713295 
 71.970215702938276081 124.93546684444700645 
 34.341729673515949628 166.55422269725229967 
 53.684501417223998487 156.60725303999220159 
 16.056015387801657823 198.22600889279752323 
 35.398787131509706683 188.27903923553739673 
 125.77030110208738733 8.1952917195263577099 
 127.88441601807491566 51.644924796096496777 
 147.22718776178300004 41.697955138836377387 
 109.59870173236063806 83.316710991641684814 
 128.94147347606869403 73.369741334381572528 
 91.312987446646360468 114.98849718718687996 
 110.65575919035440222 105.04152752992676767 
 73.027273160932068663 146.6602833827320751 
 92.370044904640124628 136.7133137254719486 
 54.741558875217791069 178.33206957827727024 
 74.084330618925847034 168.38509992101711532 
 36.455844589503499265 210.0038557738224938 
 55.798616333211555229 200.05688611656231046 
 146.17013030378922167 19.97313860055129453 
 165.51290204749724921 10.02616894329118935 
 148.28424521977677841 63.422771677121438927 
 167.62701696348480596 53.475802019861319536 
 129.9985309340624724 95.094557872666626963 
 149.34130267777049994 85.147588215406500467 
 111.71281664834818059 126.76634406821180789 
 131.05558839205622235 116.81937441095169561 
 93.427102362633888788 158.43813026375698882 
 112.76987410634195896 148.49116060649689075 
 75.141388076919611194 190.10991645930218397 
 94.484159820627667159 180.16294680204205747 
 56.855673791205312284 221.78170265484740753 
 76.198445534913375354 211.83473299758725261 
 166.56995950549105601 31.750985481576233127 
 185.91273124919908355 21.804015824316127947 
 168.68407442147858433 75.200618558146373971 
 188.02684616518661187 65.253648900886247475 
 150.39836013576427831 106.87240475369156911 
 169.74113187947233428 96.925435096431428406 
 132.11264585005000072 138.54419094923676425 
 151.45541759375802826 128.59722129197663776 
 113.82693156433572312 170.2159771447819594 
 133.16970330804377909 160.26900748752180448 
 95.541217278621431319 201.88776334032712612 
 114.88398902232948728 191.94079368306699962 
 77.255502992907139515 233.55954953587232126 
 96.598274736615195479 223.61257987861219476 
 186.96978870719286192 43.528832362601157513 
 206.31256045090091789 33.581862705341052333 
 189.08390362318039024 86.97846543917131612 
 208.42667536688847463 77.031495781911189624 
 170.79818933746614107 118.65025163471649705 
 190.14096108117416861 108.70328197745638477 
 152.51247505175183505 150.32203783026167798 
 171.85524679545991944 140.37506817300155149 
 134.22676076603755746 181.99382402580687312 
 153.56953250974561342 172.04685436854674663 
 115.94104648032326565 213.66561022135206827 
 135.28381822403133583 203.71864056409194177 
 97.65533219460897385 245.33739641689729183 
 116.99810393831704403 235.39042675963713691 
 207.36961790889472468 55.306679243626092557 
 226.71238965260275222 45.359709586366001588 
  209.483732824882253 98.75631232019625827 
 228.82650456859030896 88.809342662936145985 
 191.1980185391679754 130.42809851574145341 
 210.54079028287603137 120.48112885848132692 
 172.91230425345369781 162.09988471128662013 
 192.25507599716175378 152.15291505402652206 
 154.6265899677393918 193.77167090683181527 
 173.96936171144747618 183.8247012495717172 
 136.3408756820251142 225.44345710237701041 
 155.68364742573317017 215.49648744511688392 
 137.39793314001889257 247.16827364066207906 
 227.76944711059655901 67.084526124651048917 
 247.11221885430461498 57.137556467390950843 
 229.88356202658405891  110.534159201221172 
 249.22633377029211488 100.58718954396107392 
 211.5978477408697529 142.20594539676636714 
 230.94061948457786571 132.25897573950624064 
 193.31213345515550373 173.87773159231156228 
 212.65490519886353127 163.93076193505143578 
 175.02641916944116929 205.54951778785675742 
 194.3691909131492821 195.60254813059663093 
 156.74070488372692012 237.22130398340192414 
 176.08347662743497608 227.27433432614182607 
 248.16927631229833651 78.862373005675962645 
 250.28339122828589325 122.31200608224612836 
 231.99767694257164408 153.98379227779130929 
 251.34044868627967162 144.03682262053118279 
 213.71196265685733806 185.65557847333650443 
 233.05473440056542245 175.70860881607637793 
 195.42624837114306047 217.32736466888169957 
 214.76902011485111643 207.38039501162157308 
 177.14053408542875445 248.99915086442689471 
 196.48330582913683884 239.05218120716676822 
