 62.291149925524621267 11.584100472957473471 
 81.633921669232691443 1.6371308156973545245 
 44.005435639810343673 43.255886668502668613 
 63.348207383518413849 33.308917011242542117 
 25.719721354096055421 74.927672864047849544 
 45.062493097804122044 64.980703206787737258 
 7.4340070683817645047 106.59945905959304469 
 26.77677881208983024  96.6524894023329324 
 8.4910645263755419876 128.32427559787811333 
 82.690979127226455603 23.361947353982426279 
 102.03375087093451157 13.414977696722306888 
 64.405264841512178009 55.033733549527603657 
 83.748036585220233974 45.086763892267484266 
 46.119550555797886204 86.705519745072791693 
 65.46232229950595638 76.758550087812679408 
  27.8338362700835944 118.37730594061800105 
 47.17660801379165747 108.43033628335786034 
 9.5481219843693185823 150.04909213616318198 
 28.890893728077369218 140.1021224789030839 
 10.605179442363095177 171.77390867444825062 
 103.09080832892827573 35.139794235007350665 
 122.43358007263633169 25.192824577747227721 
 84.805094043213998134 66.811580430552538701 
 104.1478657869220541 56.86461077329241931 
 66.519379757499706329 98.483366626097733842 
 85.862151501207776505 88.536396968837607346 
 48.23366547178542163 130.15515282164292898 
  67.5764372154934847 120.20818316438280249 
 29.947951186071133378 161.82693901718812413 
 49.290722929779200001 151.87996935992799763 
 11.66223690035684335 193.49872521273329085 
 31.005008644064908196 183.55175555547319277 
 121.37652261464258174 3.4680080394621581874 
 123.49063753063011006 46.917641116032299919 
 142.83340927433818024 36.970671458772166318 
 105.20492324491584668 78.58942731157748085 
 124.54769498862390265 68.642457654317354354 
 86.919208959201554876 110.26121350712267599 
 106.26198070290961084 100.3142438498625495 
 68.633494673487263071 141.93299970266787113 
 87.976266417195319036 131.98603004540771622 
 50.347780387772978372 173.60478589821306628 
 69.690552131481027232 163.65781624095291136 
 32.062066102058686567 205.27657209375826142 
 51.404837845766749638 195.3296024364981065 
 141.77635181634443029 15.245854920487095896 
 161.11912356005245783 5.298885263226989828 
 143.89046673233195861 58.695487997057234963 
 163.23323847604001458 48.748518339797101362 
 125.60475244661766681 90.367274192602408789 
 144.94752419032573698 80.420304535342296504 
  107.319038160903375 122.03906038814760393 
 126.66180990461143097 112.09209073088749165 
 89.033323875189097407 153.71084658369278486 
 108.37609561889715337 143.76387692643268679 
 70.747609589474805603   185.38263277923798 
 90.090381333182861567 175.43566312197788193 
 52.461895303760513798 217.05441897478317514 
 71.804667047468569763 207.10744931752304865 
 162.1761810180462362 27.023701801512032716 
 181.51895276175426375 17.076732144251927537 
 164.29029593403376452 70.473334878082170007 
 183.63306767774182049 60.526365220822029301 
 146.00458164831951535 102.14512107362735094 
 165.3473533920275429 92.198151416367224442 
 127.71886736260519513 133.81690726917256029 
 147.0616391063132653 123.86993761191240537 
 109.43315307689091753 165.48869346471775543 
 128.77592482059895929 155.54172380745760051 
 91.147438791176639938 197.16047966026295057 
 110.49021053488466748 187.21351000300279566 
 72.861724505462348134 228.83226585580811729 
 92.204496249170375677 218.8852961985479908 
 182.57601021974804212 38.80154868253695355 
 201.91878196345609808 28.854579025276851922 
 184.69012513573559886 82.251181759107097946 
 204.03289687944368325 72.304212101846985661 
 166.40441085002132127 113.92296795465229309 
 185.74718259372937723 103.97599829739216659 
 148.11869656430701525 145.59475415019747402 
 167.46146830801509964 135.64778449293734752 
 129.83298227859273766 177.26654034574266916 
 149.17575402230079362 167.31957068848254266 
 111.54726799287846006 208.9383265412878643 
 130.89003973658651603 198.99135688402773781 
 93.261553707164168259 240.61011273683305944 
 112.60432545087223843 230.66314307957293295 
 202.97583942144990488 50.579395563561895699 
 222.31861116515796084 40.63242590630180473 
 205.0899543374374332 94.029028640132040096 
 224.43272608114548916 84.082058982871913599 
 186.8042400517231556 125.70081483567722103 
 206.14701179543121157 115.75384517841710874 
 168.51852576600884959 157.37260103122241617 
 187.86129750971693397 147.42563137396228967 
 150.23281148029457199 189.04438722676758289 
 169.57558322400265638 179.09741756950748481 
 131.9470971945802944 220.71617342231277803 
 151.28986893828835036 210.76920376505267996 
 113.66138290886600259 252.38795961785797317 
 133.00415465257407277 242.44098996059784668 
 223.37566862315171079 62.357242444586830743 
 242.71844036685976675 52.410272787326739774 
 225.48978353913923911 105.80687552115696803 
 244.8325552828473235 95.859905863896855749 
 207.20406925342498994 137.47866171670216318 
 226.5468409971330459 127.53169205944205089 
 188.91835496771068392 169.15044791224735832 
 208.26112671141873989 159.20347825498723182 
 170.63264068199640633 200.82223410779255346 
 189.97541242570446229 190.87526445053242696 
 152.34692639628210031 232.4940203033377486 
 171.6896981399901847 222.5470506460776221 
 153.40398385427587868 254.21883684162281725 
 243.77549782485354513 74.135089325611772892 
 245.88961274084107345 117.58472240218191018 
 227.60389845512679585 149.2565085977270769 
 246.94667019883488024 139.30953894046697883 
 209.31818416941251826 180.92829479327230047 
 228.66095591312057422 170.98132513601214555 
 191.03246988369821224 212.60008098881749561 
 210.37524162740629663 202.65311133155736911 
 172.74675559798396307 244.27186718436269075 
 192.08952734169199061 234.32489752710256425 
