 194.50347301322176463 24.337561383649305213 
 212.7891872989360138 36.11540826467424381 
 157.93204444179318102 24.337561383649305213 
 176.21775872750745862 36.11540826467424381 
 121.36061587036459741 24.337561383649305213 
 139.64633015607887501 36.11540826467424381 
 84.789187298936013804 24.337561383649305213 
 103.07490158465030561 36.11540826467424381 
  48.2177587275074373 24.337561383649305213 
 66.503473013221721999 36.11540826467424381 
 11.646330156078855467 24.337561383649319424 
 29.932044441793145495 36.11540826467424381 
 231.07490158465031982 24.337561383649305213 
 249.36061587036459741 36.115408264674229599 
 194.50347301322176463 47.893255145699178854 
 212.7891872989360138 59.671102026724113898 
 157.93204444179318102 47.893255145699178854 
 176.21775872750745862 59.671102026724113898 
 121.36061587036459741 47.893255145699178854 
 139.64633015607887501 59.671102026724113898 
 84.789187298936013804 47.893255145699178854 
 103.07490158465030561 59.671102026724113898 
  48.2177587275074373 47.893255145699178854 
 66.503473013221721999 59.671102026724113898 
 11.646330156078855467 47.893255145699193065 
 29.932044441793145495 59.671102026724113898 
 231.07490158465031982 47.893255145699178854 
 249.36061587036459741 59.671102026724099687 
 194.50347301322176463 71.448948907749056048 
 212.7891872989360138 83.226795788773983986 
 157.93204444179318102 71.448948907749056048 
 176.21775872750745862 83.226795788773998197 
 121.36061587036459741 71.448948907749056048 
 139.64633015607887501 83.226795788773998197 
 84.789187298936013804 71.448948907749056048 
 103.07490158465030561 83.226795788773998197 
  48.2177587275074373 71.448948907749056048 
 66.503473013221721999 83.226795788774012408 
 11.646330156078855467 71.448948907749056048 
 29.932044441793145495 83.226795788774012408 
 231.07490158465031982 71.448948907749056048 
 249.36061587036459741 83.226795788773983986 
 194.50347301322176463 95.004642669798926136 
 212.7891872989360138 106.7824895508238825 
 157.93204444179318102 95.004642669798940346 
 176.21775872750745862 106.7824895508238825 
 121.36061587036459741 95.004642669798940346 
 139.64633015607887501 106.7824895508238825 
 84.789187298936013804 95.004642669798940346 
 103.07490158465030561 106.7824895508238825 
  48.2177587275074373 95.004642669798954557 
 66.503473013221721999 106.7824895508238825 
 11.646330156078855467 95.004642669798954557 
 29.932044441793145495 106.7824895508238825 
 231.07490158465031982 95.004642669798926136 
 249.36061587036459741 106.7824895508238825 
 194.50347301322176463 118.56033643184882465 
 212.7891872989360138 130.33818331287375258 
 157.93204444179318102 118.56033643184882465 
 176.21775872750745862 130.33818331287375258 
 121.36061587036459741 118.56033643184882465 
 139.64633015607887501 130.33818331287375258 
 84.789187298936013804 118.56033643184882465 
 103.07490158465030561 130.33818331287375258 
  48.2177587275074373 118.56033643184882465 
 66.503473013221721999 130.33818331287375258 
 11.646330156078855467 118.56033643184883886 
 29.932044441793145495 130.33818331287375258 
 231.07490158465031982 118.56033643184881043 
 249.36061587036459741 130.33818331287375258 
 194.50347301322176463 142.11603019389866631 
 212.7891872989360138 153.89387707492360846 
 157.93204444179318102 142.11603019389866631 
 176.21775872750745862 153.89387707492360846 
 121.36061587036459741 142.11603019389866631 
 139.64633015607887501 153.89387707492363688 
 84.789187298936013804 142.11603019389869473 
 103.07490158465030561 153.89387707492363688 
  48.2177587275074373 142.11603019389869473 
 66.503473013221721999 153.89387707492363688 
 11.646330156078855467 142.11603019389869473 
 29.932044441793145495 153.89387707492363688 
 231.07490158465031982 142.11603019389866631 
 249.36061587036459741 153.89387707492360846 
 194.50347301322176463 165.67172395594855061 
 212.7891872989360138 177.44957083697349276 
 157.93204444179318102 165.67172395594857903 
 176.21775872750745862 177.44957083697352118 
 121.36061587036459741 165.67172395594857903 
 139.64633015607887501 177.44957083697352118 
 84.789187298936013804 165.67172395594857903 
 103.07490158465030561 177.44957083697352118 
  48.2177587275074373 165.67172395594857903 
 66.503473013221721999 177.44957083697352118 
 11.646330156078855467 165.67172395594857903 
 29.932044441793145495 177.44957083697352118 
 231.07490158465031982 165.67172395594855061 
 249.36061587036459741 177.44957083697349276 
 194.50347301322176463 189.22741771799843491 
 212.7891872989360138 201.00526459902337706 
 157.93204444179318102 189.22741771799843491 
 176.21775872750745862 201.00526459902337706 
 121.36061587036459741 189.22741771799843491 
 139.64633015607887501 201.00526459902337706 
 84.789187298936013804 189.22741771799843491 
 103.07490158465030561 201.00526459902337706 
  48.2177587275074373 189.22741771799846333 
 66.503473013221721999 201.00526459902337706 
 11.646330156078855467 189.22741771799846333 
 29.932044441793145495 201.00526459902337706 
 231.07490158465031982 189.22741771799843491 
 249.36061587036459741 201.00526459902337706 
 194.50347301322176463 212.78311148004831921 
 212.7891872989360138 224.56095836107328978 
 157.93204444179318102 212.78311148004831921 
 176.21775872750745862 224.56095836107328978 
 121.36061587036459741 212.78311148004831921 
 139.64633015607887501 224.56095836107328978 
 84.789187298936013804 212.78311148004831921 
 103.07490158465030561 224.56095836107328978 
  48.2177587275074373 212.78311148004831921 
 66.503473013221721999 224.56095836107328978 
 11.646330156078855467 212.78311148004831921 
 29.932044441793145495 224.56095836107328978 
 231.07490158465031982 212.78311148004831921 
 249.36061587036459741 224.56095836107326136 
 194.50347301322176463 236.33880524209817509 
 212.7891872989360138 12.559714502624366617 
 157.93204444179318102 236.33880524209817509 
 176.21775872750745862 12.559714502624366617 
 121.36061587036459741 236.33880524209817509 
 139.64633015607887501 12.559714502624366617 
 84.789187298936013804 236.33880524209817509 
 103.07490158465030561 12.559714502624366617 
  48.2177587275074373 236.33880524209817509 
 66.503473013221721999 12.559714502624366617 
 11.646330156078855467 236.33880524209820351 
 29.932044441793131284 12.559714502624366617 
 231.07490158465031982 236.33880524209817509 
 249.36061587036459741 12.559714502624354182 
