 13.079082888337719481 25.688290153869520083 
 13.079082888337719481 51.288290153869525057 
 24.738556634035088422 51.288290153869525057 
 24.738556634035088422 25.688290153869520083 
 13.079082888337719481 76.888290153869519372 
 13.079082888337719481 102.48829015386951369 
 24.738556634035088422 102.48829015386951369 
 24.738556634035088422 76.888290153869519372 
 13.079082888337719481 128.08829015386953643 
 13.079082888337719481 153.68829015386953074 
 24.738556634035088422 153.68829015386953074 
 24.738556634035088422 128.08829015386953643 
 13.079082888337719481 179.28829015386952506 
 13.079082888337719481 204.88829015386951937 
 24.738556634035088422 204.88829015386951937 
 24.738556634035088422 179.28829015386952506 
 13.079082888337719481 230.48829015386954211 
 13.079082888337719481 256.08829015386947958 
 24.738556634035088422 256.08829015386947958 
 24.738556634035088422 230.48829015386954211 
 36.39803037973245381 25.688290153869520083 
 36.39803037973245381 51.288290153869525057 
 48.057504125429836961 51.288290153869525057 
 48.057504125429836961 25.688290153869520083 
 36.39803037973245381 76.888290153869519372 
 36.39803037973245381 102.48829015386951369 
 48.057504125429836961 102.48829015386951369 
 48.057504125429836961 76.888290153869519372 
 36.39803037973245381 128.08829015386953643 
 36.39803037973245381 153.68829015386953074 
 48.057504125429836961 153.68829015386953074 
 48.057504125429836961 128.08829015386953643 
 36.39803037973245381 179.28829015386952506 
 36.39803037973245381 204.88829015386951937 
 48.057504125429836961 204.88829015386951937 
 48.057504125429836961 179.28829015386952506 
 36.39803037973245381 230.48829015386954211 
 36.39803037973245381 256.08829015386947958 
 48.057504125429836961 256.08829015386947958 
 48.057504125429836961 230.48829015386954211 
 59.71697787112719169 25.688290153869520083 
 59.71697787112719169 51.288290153869525057 
 71.376451616824567736 51.288290153869525057 
 71.376451616824567736 25.688290153869520083 
 59.71697787112719169 76.888290153869519372 
 59.71697787112719169 102.48829015386951369 
 71.376451616824567736 102.48829015386951369 
 71.376451616824567736 76.888290153869519372 
 59.71697787112719169 128.08829015386953643 
 59.71697787112719169 153.68829015386953074 
 71.376451616824567736 153.68829015386953074 
 71.376451616824567736 128.08829015386953643 
 59.71697787112719169 179.28829015386952506 
 59.71697787112719169 204.88829015386951937 
 71.376451616824567736 204.88829015386951937 
 71.376451616824567736 179.28829015386952506 
 59.71697787112719169 230.48829015386954211 
 59.71697787112719169 256.08829015386947958 
 71.376451616824567736 256.08829015386947958 
 71.376451616824567736 230.48829015386954211 
 83.035925362521936677 25.688290153869520083 
 83.035925362521936677 51.288290153869525057 
 94.695399108219305617 51.288290153869525057 
 94.695399108219305617 25.688290153869520083 
 83.035925362521936677 76.888290153869519372 
 83.035925362521936677 102.48829015386951369 
 94.695399108219305617 102.48829015386951369 
 94.695399108219305617 76.888290153869519372 
 83.035925362521936677 128.08829015386953643 
 83.035925362521936677 153.68829015386953074 
 94.695399108219305617 153.68829015386953074 
 94.695399108219305617 128.08829015386953643 
 83.035925362521936677 179.28829015386952506 
 83.035925362521936677 204.88829015386951937 
 94.695399108219305617 204.88829015386951937 
 94.695399108219305617 179.28829015386952506 
 83.035925362521936677 230.48829015386954211 
 83.035925362521936677 256.08829015386947958 
 94.695399108219305617 256.08829015386947958 
 94.695399108219305617 230.48829015386954211 
 106.35487285391667456 25.688290153869520083 
 106.35487285391667456 51.288290153869525057 
 118.0143465996140435 51.288290153869525057 
 118.0143465996140435 25.688290153869520083 
 106.35487285391667456 76.888290153869519372 
 106.35487285391667456 102.48829015386951369 
 118.0143465996140435 102.48829015386951369 
 118.0143465996140435 76.888290153869519372 
 106.35487285391667456 128.08829015386953643 
 106.35487285391667456 153.68829015386953074 
 118.0143465996140435 153.68829015386953074 
 118.0143465996140435 128.08829015386953643 
 106.35487285391667456 179.28829015386952506 
 106.35487285391667456 204.88829015386951937 
 118.0143465996140435 204.88829015386951937 
 118.0143465996140435 179.28829015386952506 
 106.35487285391667456 230.48829015386954211 
 106.35487285391667456 256.08829015386947958 
 118.0143465996140435 256.08829015386947958 
 118.0143465996140435 230.48829015386954211 
 129.67382034531141244 25.688290153869520083 
 129.67382034531141244 51.288290153869525057 
 141.33329409100875296 51.288290153869525057 
 141.33329409100875296 25.688290153869520083 
 129.67382034531141244 76.888290153869519372 
 129.67382034531141244 102.48829015386951369 
 141.33329409100875296 102.48829015386951369 
 141.33329409100875296 76.888290153869519372 
 129.67382034531141244 128.08829015386953643 
 129.67382034531141244 153.68829015386953074 
 141.33329409100875296 153.68829015386953074 
 141.33329409100875296 128.08829015386953643 
 129.67382034531141244 179.28829015386952506 
 129.67382034531141244 204.88829015386951937 
 141.33329409100875296 204.88829015386951937 
 141.33329409100875296 179.28829015386952506 
 129.67382034531141244 230.48829015386954211 
 129.67382034531141244 256.08829015386947958 
 141.33329409100875296 256.08829015386947958 
 141.33329409100875296 230.48829015386954211 
 152.9927678367061219 25.688290153869520083 
 152.9927678367061219 51.288290153869525057 
 164.65224158240351926 51.288290153869525057 
 164.65224158240351926 25.688290153869520083 
 152.9927678367061219 76.888290153869519372 
 152.9927678367061219 102.48829015386951369 
 164.65224158240351926 102.48829015386951369 
 164.65224158240351926 76.888290153869519372 
 152.9927678367061219 128.08829015386953643 
 152.9927678367061219 153.68829015386953074 
 164.65224158240351926 153.68829015386953074 
 164.65224158240351926 128.08829015386953643 
 152.9927678367061219 179.28829015386952506 
 152.9927678367061219 204.88829015386951937 
 164.65224158240351926 204.88829015386951937 
 164.65224158240351926 179.28829015386952506 
 152.9927678367061219 230.48829015386954211 
 152.9927678367061219 256.08829015386947958 
 164.65224158240351926 256.08829015386947958 
 164.65224158240351926 230.48829015386954211 
 176.3117153281008882 25.688290153869520083 
 176.3117153281008882 51.288290153869525057 
 187.97118907379828556 51.288290153869525057 
 187.97118907379828556 25.688290153869520083 
 176.3117153281008882 76.888290153869519372 
 176.3117153281008882 102.48829015386951369 
 187.97118907379828556 102.48829015386951369 
 187.97118907379828556 76.888290153869519372 
 176.3117153281008882 128.08829015386953643 
 176.3117153281008882 153.68829015386953074 
 187.97118907379828556 153.68829015386953074 
 187.97118907379828556 128.08829015386953643 
 176.3117153281008882 179.28829015386952506 
 176.3117153281008882 204.88829015386951937 
 187.97118907379828556 204.88829015386951937 
 187.97118907379828556 179.28829015386952506 
 176.3117153281008882 230.48829015386954211 
 176.3117153281008882 256.08829015386947958 
 187.97118907379828556 256.08829015386947958 
 187.97118907379828556 230.48829015386954211 
 199.63066281949559766 25.688290153869520083 
 199.63066281949559766 51.288290153869525057 
 211.29013656519299502 51.288290153869525057 
 211.29013656519299502 25.688290153869520083 
 199.63066281949559766 76.888290153869519372 
 199.63066281949559766 102.48829015386951369 
 211.29013656519299502 102.48829015386951369 
 211.29013656519299502 76.888290153869519372 
 199.63066281949559766 128.08829015386953643 
 199.63066281949559766 153.68829015386953074 
 211.29013656519299502 153.68829015386953074 
 211.29013656519299502 128.08829015386953643 
 199.63066281949559766 179.28829015386952506 
 199.63066281949559766 204.88829015386951937 
 211.29013656519299502 204.88829015386951937 
 211.29013656519299502 179.28829015386952506 
 199.63066281949559766 230.48829015386954211 
 199.63066281949559766 256.08829015386947958 
 211.29013656519299502 256.08829015386947958 
 211.29013656519299502 230.48829015386954211 
 222.94961031089036396 25.688290153869520083 
 222.94961031089036396 51.288290153869525057 
 234.60908405658776132 51.288290153869525057 
 234.60908405658776132 25.688290153869520083 
 222.94961031089036396 76.888290153869519372 
 222.94961031089036396 102.48829015386951369 
 234.60908405658776132 102.48829015386951369 
 234.60908405658776132 76.888290153869519372 
 222.94961031089036396 128.08829015386953643 
 222.94961031089036396 153.68829015386953074 
 234.60908405658776132 153.68829015386953074 
 234.60908405658776132 128.08829015386953643 
 222.94961031089036396 179.28829015386952506 
 222.94961031089036396 204.88829015386951937 
 234.60908405658776132 204.88829015386951937 
 234.60908405658776132 179.28829015386952506 
 222.94961031089036396 230.48829015386954211 
 222.94961031089036396 256.08829015386947958 
 234.60908405658776132 256.08829015386947958 
 234.60908405658776132 230.48829015386954211 
