 172.06685888198370549 10.852966941311761317 
 196.79456003498387417 4.2271993866872401568 
 144.32146386772424762 6.2165476840278728332 
 119.59376271472413578 12.842315238652407317 
 122.61145657598343917 24.104502050560828508 
 147.33915772898359364 17.478734495936294024 
 94.866061561723952877  19.4680827932769418 
 70.138360408723826822 26.093850347901462072 
 73.156054269983130212 37.356037159809879711 
 97.883755422983256267 30.730269605185362991 
 45.410659255723693661 32.719617902525996556 
 20.68295810272354629 39.345385457150513275 
 23.700651963982849679 50.607572269058948677 
 48.428353116982997051 43.981804714434417747 
 199.81225389624319178 15.489386198595676447 
 175.08455274324302309 22.115153753220194943 
 178.10224660450231227 33.377340565128633898 
 202.82994775750248095 26.751573010504113626 
 150.3568515902428544 28.740921307844729427 
 125.62915043724274256 35.366688862469267463 
 128.64684429850206016 46.628875674377702865 
 153.37454545150220042 40.003108119753164829 
 100.90144928424255966 41.992456417093798393 
 76.173748131242433601 48.618223971718322218 
 79.191441992501736991 59.88041078362675762 
 103.91914314550186305 53.254643229002233795 
 51.44604697824230044 55.243991526342853149 
 26.718345825242153069 61.869759080967384079 
 29.736039686501456458 73.131945892875819482 
 54.46374083950160383 66.506178338251288551 
 1.9906446722419777196 68.49552663559191501 
 224.53995504924333204 8.8636186439711419638 
 227.55764891050264964 20.125805455879579142 
 5.008338533501295764 79.757713447500350412 
 205.84764161876179855 38.013759822412517053 
 181.11994046576162987 44.639527377037055089 
 184.13763432702091905 55.901714188945490491 
 208.86533548002108773 49.275946634320952455 
 156.39223931276146118 51.26529493166158602 
 131.66453815976132091 57.891062486286124056 
 134.68223202102063851 69.153249298194552352 
 159.4099331740208072 62.527481743570021422 
 106.93683700676116644 64.516830040910662092 
 82.20913585376104038 71.142597595535178812 
 85.22682971502034377 82.404784407443614214 
 109.95453086802046982 75.779016852819097494 
 57.481434700760893008 77.768365150159709742 
 32.753733547760759848 84.394132704784226462 
 35.771427409020063237 95.656319516692661864 
 60.499128562020210609 89.030551962068145144 
 8.0260323947606000416 91.019900259408771603 
 230.57534277176193882 31.387992267787986123 
 233.59303663302125642 42.650179079696421525 
 11.043726256019903431 102.28208707131720701 
 211.88302934128040533 60.538133446229394963 
 187.15532818828023665 67.163901000853925893 
 190.17302204953952582 78.426087812762347085 
 214.90072320253969451 71.800320258137830365 
 162.42762703528006796 73.789668555478456824 
 137.69992588227992769 80.415436110102987755 
 140.71761974353924529 91.677622922011408946 
 165.44532089653941398 85.051855367386878015 
 112.97222472927977321 87.041203664727532896 
 88.244523576279647159 93.666971219352049616 
 91.262217437538950549 104.92915803126047081 
 115.98991859053909081 98.303390476635954087 
 63.516822423279513998 100.29273877397658055 
 38.789121270279366627 106.91850632860109727 
 41.806815131538670016 118.18069314050953267 
 66.534516284538824493 111.55492558588500174 
 14.061420117279206821 113.54427388322564241 
 236.6107304942805456 53.912365891604856927 
 239.6284243555398632 65.174552703513299434 
 17.079113978538511986 124.80646069513407781 
 217.91841706379901211 83.062507070046251556 
 193.19071591079884342 89.688274624670782487 
 196.2084097720581326 100.95046143657920368 
 220.93611092505830129 94.324693881954672747 
 168.46301475779867474 96.314042179295313417 
 143.73531360479856289 102.93980973391984435 
 146.75300746605785207 114.20199654582827975 
 171.48070861905802076 107.57622899120373461 
 119.0076124517983942 109.56557728854437528 
 94.279911298798253938 116.19134484316890621 
 97.297605160057557327 127.45353165507734161 
 122.02530631305769759 120.82776410045281068 
 69.552210145798127883 122.81711239779343714 
 44.824508992797973406 129.44287995241796807 
 47.842202854057276795 140.70506676432637505 
 72.569904007057431272 134.07929920970184412 
 20.096807839797815376  136.068647507042499 
 242.64611821679915238 76.436739515421720625 
 245.66381207805846998 87.698926327330141817 
 23.114501701057118765 147.33083431895090598 
 223.95380478631761889 105.58688069386310815 
 199.2261036333174502 112.21264824848763908 
 202.2437974945767678 123.47483506039604606 
 226.97149864757690807 116.84906750577152934 
 174.49840248031728152 118.83841580311217001 
 149.77070132731716967 125.46418335773670094 
 152.78839518857645885 136.72637016964512213 
 177.51609634157659912 130.1006026150205912 
 125.04300017431700098 132.08995091236124608 
 100.31529902131686072 138.71571846698574859 
 103.33299288257616411 149.97790527889418399 
 128.06069403557631858 143.35213772426965306 
 75.587597868316734662 145.34148602161027952 
 50.85989671531658729 151.96725357623481045 
 53.87759057657589068 163.22944038814321743 
 78.60529172957602384 156.60367283351871492 
 26.132195562316422155 158.59302113085934138 
 248.68150593931775916 98.961113139238577219 
 251.69919980057707676 110.2232999511469842 
 29.149889423575725544 169.85520794276774836 
 229.98919250883622567 128.11125431767999316 
 205.26149135583605698 134.73702187230449567 
 208.27918521709537458 145.9992086842129595 
 233.00688637009551485 139.37344112958842857 
 180.53379020283588829 141.3627894269290266 
 155.80608904983577645 147.98855698155355753 
 158.82378291109509405 159.25074379346199294 
 183.55148406409523432 152.62497623883746201 
 131.07838789683560776 154.61432453617808847 
 106.3506867438354675 161.2400920908026194 
 109.36838060509477089 172.5022789027110548 
 134.09608175809489694 165.87651134808652387 
 81.622985590835341441 167.86585964542715033 
 56.895284437835194069 174.49162720005168126 
 59.912978299094497459 185.75381401196011666 
 84.64067945209464483 179.12804645733558573 
 32.167583284835032487 181.11739475467618377 
 254.71689366183639436 121.48548676305543381 
 35.185277146094335876 192.37958156658464759 
 236.02458023135483245 150.63562794149683555 
 211.29687907835466376 157.26139549612136648 
 214.31457293961398136 168.52358230802980188 
 239.04227409261412163 161.89781475340527095 
 186.56917792535449507 163.88716305074589741 
 161.84147677235438323 170.51293060537042834 
 164.85917063361370083 181.77511741727886374 
 189.5868717866138411 175.14934986265433281 
 137.11377561935421454 177.13869815999493085 
 112.38607446635407427 183.7644657146194902 
 115.40376832761337766 195.02665252652789718 
 140.13146948061350372 188.40088497190339467 
 87.658373313353934009 190.39023326924399271 
 62.930672160353800848 197.01600082386852364 
 65.948366021613097132 208.27818763577695904 
 90.676067174613251609 201.65242008115245653 
 38.202971007353639266 203.64176837849305457 
 41.220664868612942655 214.90395519040148997 
 242.05996795387343923 173.16000156531367793 
 217.33226680087327054 179.78576911993820886 
 220.34996066213258814 191.04795593184664426 
 245.07766181513272841 184.42218837722214175 
 192.60456564787310185 186.41153667456273979 
 167.87686449487299001 193.03730422918727072 
 170.89455835613230761 204.29949104109570612 
 195.62225950913244787 197.67372348647120361 
 143.14916334187282132 199.66307178381180165 
 118.42146218887268105 206.28883933843630416 
 121.43915605013198444 217.55102615034476798 
 146.1668572031321105 210.92525859572026548 
 93.693761035872540788 212.91460689306086351 
 68.966059882872414732 219.54037444768536602 
 71.983753744131718122 230.80256125959382985 
 96.711454897131858388 224.17679370496929891 
 44.238358729872246045 226.16614200230992537 
 47.256052591131549434 237.4283288142183892 
 248.09535567639204601 195.68437518913054873 
 223.36765452339187732 202.31014274375505124 
 226.38534838465119492 213.57232955566351507 
 251.11304953765133519 206.94656200103898414 
 198.63995337039170863 208.93591029837961059 
 173.91225221739159679 215.5616778530041131 
 176.92994607865091439 226.82386466491257693 
 201.65764723165105465  220.198097110288046 
 149.1845510643914281 222.18744540762867246 
 124.45684991139128783 228.81321296225317496 
 127.47454377265060543 240.07539977416163879 
 152.20224492565071728 233.44963221953710786 
 99.729148758391147567 235.4389805168777059 
 75.001447605391021511 242.06474807150223683 
 78.019141466650324901 253.32693488341064381 
 102.74684261965046517 246.7011673287861413 
 50.273746452390852824 248.69051562612679618 
