 244.06552915074180987 21.05719718980630617 
 218.46552915074178713 21.057197189806320381 
 218.46552915074178713 32.716670935503685769 
 244.06552915074180987 32.716670935503671558 
 192.86552915074179282 21.057197189806320381 
 167.26552915074177008 21.057197189806320381 
 167.26552915074177008 32.716670935503685769 
 192.86552915074179282 32.716670935503685769 
 141.66552915074180419 21.057197189806320381 
 116.06552915074180987 21.057197189806320381 
 116.06552915074180987 32.716670935503685769 
 141.66552915074180419 32.716670935503685769 
 90.465529150741815556 21.057197189806320381 
 64.86552915074182124 21.057197189806320381 
 64.86552915074182124 32.716670935503685769 
 90.465529150741815556 32.716670935503685769 
 39.265529150741812714 21.057197189806320381 
 13.665529150741820175 21.057197189806334592 
 13.665529150741820175 32.71667093550369998 
 39.265529150741812714 32.716670935503685769 
 244.06552915074180987 44.376144681201040498 
 218.46552915074178713 44.376144681201054709 
 218.46552915074178713 56.03561842689842365 
 244.06552915074180987 56.035618426898409439 
 192.86552915074179282 44.376144681201054709 
 167.26552915074177008 44.376144681201054709 
 167.26552915074177008 56.03561842689842365 
 192.86552915074179282 56.03561842689842365 
 141.66552915074180419 44.376144681201054709 
 116.06552915074180987 44.376144681201054709 
 116.06552915074180987 56.03561842689842365 
 141.66552915074180419 56.03561842689842365 
 90.465529150741815556 44.376144681201054709 
 64.86552915074182124 44.376144681201054709 
 64.86552915074182124 56.03561842689842365 
 90.465529150741815556 56.03561842689842365 
 39.265529150741812714 44.376144681201054709 
 13.665529150741820175 44.37614468120106892 
 13.665529150741820175 56.03561842689843786 
 39.265529150741812714 56.03561842689842365 
 244.06552915074180987 67.69509217259579259 
 218.46552915074178713 67.69509217259579259 
 218.46552915074178713 79.35456591829314732 
 244.06552915074180987 79.35456591829314732 
 192.86552915074179282 67.69509217259579259 
 167.26552915074177008 67.69509217259579259 
 167.2655291507417985 79.354565918293161531 
 192.86552915074179282 79.35456591829314732 
 141.66552915074180419 67.69509217259579259 
 116.06552915074180987 67.69509217259579259 
 116.06552915074180987 79.354565918293161531 
 141.66552915074180419 79.354565918293161531 
 90.465529150741815556 67.69509217259579259 
 64.86552915074182124 67.69509217259579259 
 64.86552915074182124 79.354565918293175741 
 90.465529150741815556 79.354565918293161531 
 39.265529150741812714 67.69509217259579259 
 13.665529150741820175 67.69509217259579259 
 13.665529150741820175 79.354565918293175741 
 39.265529150741812714 79.354565918293175741 
 244.06552915074180987 91.014039663990530471 
 218.46552915074178713 91.014039663990530471 
 218.46552915074178713 102.67351340968791362 
 244.06552915074180987 102.67351340968791362 
 192.86552915074179282 91.014039663990530471 
 167.2655291507417985 91.014039663990544682 
 167.2655291507417985 102.67351340968791362 
 192.86552915074179282 102.67351340968791362 
 141.66552915074180419 91.014039663990544682 
 116.06552915074180987 91.014039663990544682 
 116.06552915074180987 102.67351340968791362 
 141.66552915074180419 102.67351340968791362 
 90.465529150741815556 91.014039663990544682 
 64.86552915074182124 91.014039663990558893 
 64.86552915074182124 102.67351340968791362 
 90.465529150741815556 102.67351340968791362 
 39.265529150741812714 91.014039663990558893 
 13.665529150741820175 91.014039663990558893 
 13.665529150741820175 102.67351340968791362 
 39.265529150741812714 102.67351340968791362 
 244.06552915074180987 114.33298715538526835 
 218.46552915074178713 114.33298715538528256 
 218.46552915074178713 125.9924609010826515 
 244.06552915074180987 125.9924609010826515 
 192.86552915074179282 114.33298715538528256 
 167.2655291507417985 114.33298715538528256 
 167.2655291507417985 125.9924609010826515 
 192.86552915074179282 125.9924609010826515 
 141.66552915074180419 114.33298715538528256 
 116.06552915074180987 114.33298715538528256 
 116.06552915074180987 125.9924609010826515 
 141.66552915074180419 125.9924609010826515 
 90.465529150741815556 114.33298715538528256 
 64.86552915074182124 114.33298715538528256 
 64.86552915074182124 125.9924609010826515 
 90.465529150741815556 125.9924609010826515 
 39.265529150741812714 114.33298715538528256 
 13.665529150741820175 114.33298715538529677 
 13.665529150741820175 125.9924609010826515 
 39.265529150741812714 125.9924609010826515 
 244.06552915074180987 137.65193464678000623 
 218.46552915074178713 137.65193464678000623 
 218.46552915074178713 149.31140839247734675 
 244.06552915074180987 149.31140839247734675 
 192.86552915074179282 137.65193464678000623 
 167.2655291507417985 137.65193464678000623 
 167.2655291507417985 149.31140839247734675 
 192.86552915074179282 149.31140839247734675 
 141.66552915074180419 137.65193464678000623 
 116.06552915074180987 137.65193464678000623 
 116.06552915074180987 149.31140839247737517 
 141.66552915074180419 149.31140839247737517 
 90.465529150741815556 137.65193464678003465 
 64.86552915074182124 137.65193464678003465 
 64.86552915074182124 149.31140839247737517 
 90.465529150741815556 149.31140839247737517 
 39.265529150741812714 137.65193464678003465 
 13.665529150741820175 137.65193464678003465 
 13.665529150741820175 149.31140839247737517 
 39.265529150741812714 149.31140839247737517 
 244.06552915074180987 160.97088213817474411 
 218.46552915074178713 160.97088213817474411 
 218.46552915074178713 172.63035588387211305 
 244.06552915074180987 172.63035588387211305 
 192.86552915074179282 160.97088213817474411 
 167.2655291507417985 160.97088213817477254 
 167.2655291507417985 172.63035588387214148 
 192.86552915074179282 172.63035588387211305 
 141.66552915074180419 160.97088213817477254 
 116.06552915074180987 160.97088213817477254 
 116.06552915074180987 172.63035588387214148 
 141.66552915074180419 172.63035588387214148 
 90.465529150741815556 160.97088213817477254 
 64.86552915074182124 160.97088213817477254 
 64.86552915074182124 172.63035588387214148 
 90.465529150741815556 172.63035588387214148 
 39.265529150741812714 160.97088213817477254 
 13.665529150741820175 160.97088213817477254 
 13.665529150741820175 172.63035588387214148 
 39.265529150741812714 172.63035588387214148 
 244.06552915074180987 184.28982962956948199 
 218.46552915074178713 184.28982962956948199 
 218.46552915074178713 195.94930337526685094 
 244.06552915074180987 195.94930337526685094 
 192.86552915074179282 184.28982962956948199 
 167.2655291507417985 184.28982962956948199 
 167.2655291507417985 195.94930337526685094 
 192.86552915074179282 195.94930337526685094 
 141.66552915074180419 184.28982962956948199 
 116.06552915074180987 184.28982962956948199 
 116.06552915074180987 195.94930337526685094 
 141.66552915074180419 195.94930337526685094 
 90.465529150741815556 184.28982962956948199 
 64.86552915074182124 184.28982962956951042 
 64.86552915074182124 195.94930337526685094 
 90.465529150741815556 195.94930337526685094 
 39.265529150741812714 184.28982962956951042 
 13.665529150741820175 184.28982962956951042 
 13.665529150741820175 195.94930337526687936 
 39.265529150741812714 195.94930337526685094 
 244.06552915074180987 207.60877712096419145 
 218.46552915074178713 207.60877712096421988 
 218.46552915074178713 219.26825086666161724 
 244.06552915074180987 219.26825086666158882 
 192.86552915074179282 207.60877712096421988 
 167.2655291507417985 207.60877712096421988 
 167.2655291507417985 219.26825086666161724 
 192.86552915074179282 219.26825086666161724 
 141.66552915074180419 207.60877712096421988 
 116.06552915074180987 207.60877712096421988 
 116.06552915074180987 219.26825086666161724 
 141.66552915074180419 219.26825086666161724 
 90.465529150741815556 207.60877712096421988 
 64.86552915074182124 207.60877712096421988 
 64.86552915074182124 219.26825086666161724 
 90.465529150741815556 219.26825086666161724 
 39.265529150741812714 207.60877712096421988 
 13.665529150741820175 207.60877712096421988 
 13.665529150741820175 219.26825086666161724 
 39.265529150741812714 219.26825086666161724 
 244.06552915074180987 230.92772461235892933 
 218.46552915074178713 230.92772461235892933 
 218.46552915074178713 242.5871983580563267 
 244.06552915074180987 242.5871983580563267 
 192.86552915074179282 230.92772461235892933 
 167.2655291507417985 230.92772461235892933 
 167.2655291507417985 242.5871983580563267 
 192.86552915074179282 242.5871983580563267 
 141.66552915074180419 230.92772461235892933 
 116.06552915074180987 230.92772461235892933 
 116.06552915074180987 242.5871983580563267 
 141.66552915074180419 242.5871983580563267 
 90.465529150741815556 230.92772461235892933 
 64.86552915074182124 230.92772461235892933 
 64.86552915074182124 242.5871983580563267 
 90.465529150741815556 242.5871983580563267 
 39.265529150741812714 230.92772461235892933 
 13.665529150741820175 230.92772461235895776 
 13.665529150741820175 242.58719835805635512 
 39.265529150741812714 242.5871983580563267 
