 30.99618888214679302 20.424534791024175462 
 46.081133547459806721 52.424534791024164804 
 30.99618888214679302 31.091201457690829102 
 46.081133547459806721 41.757868124357507611 
 30.99618888214679302 63.091201457690843313 
 46.081133547459806721 95.091201457690829102 
 30.99618888214679302 73.757868124357500506 
 46.081133547459806721 84.424534791024171909 
 30.99618888214679302 105.75786812435751472 
 46.081133547459806721 137.75786812435748629 
 30.99618888214679302 116.4245347910241577 
 46.081133547459806721 127.09120145769084331 
 30.99618888214679302 148.42453479102417191 
 46.081133547459806721 180.42453479102417191 
 30.99618888214679302 159.09120145769085752 
 46.081133547459806721 169.75786812435751472 
 30.99618888214679302 191.0912014576908291 
 46.081133547459806721 223.0912014576908291 
 30.99618888214679302 201.75786812435751472 
 46.081133547459806721 212.42453479102417191 
 30.99618888214679302 233.75786812435751472 
 46.081133547459806721 9.7578681243574951765 
 30.99618888214679302 244.42453479102420033 
 46.081133547459806721 255.09120145769080068 
 61.166078212772823974 20.424534791024175462 
 76.251022878085834122 52.424534791024164804 
 61.166078212772823974 31.091201457690829102 
 76.251022878085834122 41.757868124357507611 
 61.166078212772823974 63.091201457690843313 
 76.251022878085834122 95.091201457690829102 
 61.166078212772823974 73.757868124357500506 
 76.251022878085834122 84.424534791024171909 
 61.166078212772823974 105.75786812435751472 
 76.251022878085834122 137.75786812435748629 
 61.166078212772823974 116.4245347910241577 
 76.251022878085834122 127.09120145769084331 
 61.166078212772823974 148.42453479102417191 
 76.251022878085834122 180.42453479102417191 
 61.166078212772823974 159.09120145769085752 
 76.251022878085834122 169.75786812435751472 
 61.166078212772823974 191.0912014576908291 
 76.251022878085834122 223.0912014576908291 
 61.166078212772823974 201.75786812435751472 
 76.251022878085834122 212.42453479102417191 
 61.166078212772823974 233.75786812435751472 
 76.251022878085834122 9.7578681243574951765 
 61.166078212772823974 244.42453479102420033 
 76.251022878085834122 255.09120145769080068 
 91.335967543398851376 20.424534791024175462 
 106.42091220871185442 52.424534791024164804 
 91.335967543398851376 31.091201457690829102 
 106.42091220871185442 41.757868124357507611 
 91.335967543398851376 63.091201457690843313 
 106.42091220871185442 95.091201457690829102 
 91.335967543398851376 73.757868124357500506 
 106.42091220871185442 84.424534791024171909 
 91.335967543398851376 105.75786812435751472 
 106.42091220871185442 137.75786812435748629 
 91.335967543398851376 116.4245347910241577 
 106.42091220871185442 127.09120145769084331 
 91.335967543398851376 148.42453479102417191 
 106.42091220871185442 180.42453479102417191 
 91.335967543398851376 159.09120145769085752 
 106.42091220871185442 169.75786812435751472 
 91.335967543398851376 191.0912014576908291 
 106.42091220871185442 223.0912014576908291 
 91.335967543398851376 201.75786812435751472 
 106.42091220871185442 212.42453479102417191 
 91.335967543398851376 233.75786812435751472 
 106.42091220871185442 9.7578681243574951765 
 91.335967543398851376 244.42453479102420033 
 106.42091220871185442 255.09120145769080068 
 121.50585687402487167 20.424534791024175462 
 136.59080153933791735 52.424534791024164804 
 121.50585687402487167 31.091201457690829102 
 136.59080153933791735 41.757868124357507611 
 121.50585687402487167 63.091201457690843313 
 136.59080153933791735 95.091201457690829102 
 121.50585687402487167 73.757868124357500506 
 136.59080153933791735 84.424534791024171909 
 121.50585687402487167 105.75786812435751472 
 136.59080153933791735 137.75786812435748629 
 121.50585687402487167 116.4245347910241577 
 136.59080153933791735 127.09120145769084331 
 121.50585687402487167 148.42453479102417191 
 136.59080153933791735 180.42453479102417191 
 121.50585687402487167 159.09120145769085752 
 136.59080153933791735 169.75786812435751472 
 121.50585687402487167 191.0912014576908291 
 136.59080153933791735 223.0912014576908291 
 121.50585687402487167 201.75786812435751472 
 136.59080153933791735 212.42453479102417191 
 121.50585687402487167 233.75786812435751472 
 136.59080153933791735 9.7578681243574951765 
 121.50585687402487167 244.42453479102420033 
 136.59080153933791735 255.09120145769080068 
 151.67574620465092039 20.424534791024175462 
 166.76069086996389501 52.424534791024164804 
 151.67574620465092039 31.091201457690829102 
 166.76069086996389501 41.757868124357507611 
 151.67574620465092039 63.091201457690843313 
 166.76069086996389501 95.091201457690829102 
 151.67574620465092039 73.757868124357500506 
 166.76069086996389501 84.424534791024171909 
 151.67574620465092039 105.75786812435751472 
 166.76069086996389501 137.75786812435748629 
 151.67574620465092039 116.4245347910241577 
 166.76069086996389501 127.09120145769084331 
 151.67574620465092039 148.42453479102417191 
 166.76069086996389501 180.42453479102417191 
 151.67574620465092039 159.09120145769085752 
 166.76069086996389501 169.75786812435751472 
 151.67574620465092039 191.0912014576908291 
 166.76069086996389501 223.0912014576908291 
 151.67574620465092039 201.75786812435751472 
 166.76069086996389501 212.42453479102417191 
 151.67574620465092039 233.75786812435751472 
 166.76069086996389501 9.7578681243574951765 
 151.67574620465092039 244.42453479102420033 
 166.76069086996389501 255.09120145769080068 
 181.84563553527689805 20.424534791024175462 
 196.9305802005899011 52.424534791024164804 
 181.84563553527689805 31.091201457690829102 
 196.9305802005899011 41.757868124357507611 
 181.84563553527689805 63.091201457690843313 
 196.9305802005899011 95.091201457690829102 
 181.84563553527689805 73.757868124357500506 
 196.9305802005899011 84.424534791024171909 
 181.84563553527689805 105.75786812435751472 
 196.9305802005899011 137.75786812435748629 
 181.84563553527689805 116.4245347910241577 
 196.9305802005899011 127.09120145769084331 
 181.84563553527689805 148.42453479102417191 
 196.9305802005899011 180.42453479102417191 
 181.84563553527689805 159.09120145769085752 
 196.9305802005899011 169.75786812435751472 
 181.84563553527689805 191.0912014576908291 
 196.9305802005899011 223.0912014576908291 
 181.84563553527689805 201.75786812435751472 
 196.9305802005899011 212.42453479102417191 
 181.84563553527689805 233.75786812435751472 
 196.9305802005899011 9.7578681243574951765 
 181.84563553527689805 244.42453479102420033 
 196.9305802005899011 255.09120145769080068 
 212.01552486590296098 20.424534791024175462 
 227.10046953121596403 52.424534791024164804 
 212.01552486590296098 31.091201457690829102 
 227.10046953121596403 41.757868124357507611 
 212.01552486590296098 63.091201457690843313 
 227.10046953121596403 95.091201457690829102 
 212.01552486590296098 73.757868124357500506 
 227.10046953121596403 84.424534791024171909 
 212.01552486590296098 105.75786812435751472 
 227.10046953121596403 137.75786812435748629 
 212.01552486590296098 116.4245347910241577 
 227.10046953121596403 127.09120145769084331 
 212.01552486590296098 148.42453479102417191 
 227.10046953121596403 180.42453479102417191 
 212.01552486590296098 159.09120145769085752 
 227.10046953121596403 169.75786812435751472 
 212.01552486590296098 191.0912014576908291 
 227.10046953121596403 223.0912014576908291 
 212.01552486590296098 201.75786812435751472 
 227.10046953121596403 212.42453479102417191 
 212.01552486590296098 233.75786812435751472 
 227.10046953121596403 9.7578681243574951765 
 212.01552486590296098 244.42453479102420033 
 227.10046953121596403 255.09120145769080068 
 242.18541419652896707 20.424534791024175462 
 15.911244216833779319 52.424534791024164804 
 242.18541419652896707 31.091201457690829102 
 15.911244216833779319 41.757868124357507611 
 242.18541419652896707 63.091201457690843313 
 15.911244216833779319 95.091201457690829102 
 242.18541419652896707 73.757868124357500506 
 15.911244216833779319 84.424534791024171909 
 242.18541419652896707 105.75786812435751472 
 15.911244216833779319 137.75786812435748629 
 242.18541419652896707 116.4245347910241577 
 15.911244216833779319 127.09120145769084331 
 242.18541419652896707 148.42453479102417191 
 15.911244216833779319 180.42453479102417191 
 242.18541419652896707 159.09120145769085752 
 15.911244216833779319 169.75786812435751472 
 242.18541419652896707 191.0912014576908291 
 15.911244216833779319 223.0912014576908291 
 242.18541419652896707 201.75786812435751472 
 15.911244216833779319 212.42453479102417191 
 242.18541419652896707 233.75786812435751472 
 15.911244216833779319 9.7578681243574951765 
 242.18541419652896707 244.42453479102420033 
 15.911244216833779319 255.09120145769080068 
