 216.57072920051246001 2.6963750260532233227 
 189.56537373296293936 25.549522109701229056 
 206.26752038676238499 5.4571115071467719559 
 199.86858254671301438 22.788785628607680422 
 175.35789394551221676 13.739320950427444501 
 148.35253847796269611 36.592468034075444905 
 165.05468513176217016 16.500057431520993134 
 158.65574729171277113 33.831731552981899824 
 134.14505869051194509 24.782266874801663903 
 107.13970322296243864 47.635413958449667859 
 123.84184987676189849 27.543003355895212536 
 117.44291203671251367 44.874677477356122779 
 92.932223435511716048 35.825212799175886857 
 65.926867967962209605 58.678359882823890814 
 82.629014621761626813 38.585949280269431938 
 76.230076781712270417 55.917623401730338628 
 51.719388180511458586 46.868158723550102707 
 24.714032712961966354 69.721305807198106663 
 41.416179366761383562 49.628895204643654893 
 35.017241526712012956 66.960569326104561583 
 10.506552925511211782 57.91110464792431145 
 230.77820898796321103 14.506576185327007877 
  224.379271147913812 31.838250306787916344 
 197.37391568036429135 54.691397390435916748 
 214.07606233416373698 34.598986787881464977 
 207.67712449411436637 51.930660909342371667 
 183.16643589291356875 42.881196231162135746 
 156.1610804253640481 65.734343314810146808 
 172.86322707916349373 45.641932712255680826 
 166.46428923911412312 62.973606833716594622 
 141.9536006379133255  53.9241421555363587 
 114.94824517036379063 76.777289239184355552 
 131.65039182416325048 56.684878636629903781 
 125.25145398411386566 74.016552758090810471 
 100.74076538291306804 64.967088079910581655 
 73.735409915363575806 87.820235163558578506 
 90.437556569162993014 67.727824561004126735 
 84.038618729113622408 85.059498682465033426 
 59.527930127912817682 76.01003400428480461 
 32.522574660363325449 98.863181087932801461 
 49.224721314162742658 78.77077048537834969 
 42.825783474113372051 96.10244460683925638 
 18.315094872912570878 87.052979928658999142 
 238.58675093536456302 43.648451466061700899 
 8.0118860591624940781 89.813716409752572645 
 1.6129482191131248037 107.14539053121346512 
 232.18781309531516399 60.980125587522607589 
 205.18245762776564334 83.833272671170618651 
 221.88460428156508897 63.740862068616152669 
 215.48566644151571836 81.072536190077045148 
 190.97497784031492074 72.023071511896830543 
 163.96962237276540009 94.876218595544827394 
 180.67176902656484572 74.783807992990375624 
 174.27283118651547511 92.115482114451268103 
 149.76214258531467749 83.066017436271053498 
 122.75678711776514263 105.91916451991905035 
 139.45893377156460247 85.826753917364598578 
 133.05999593151523186 103.15842803882549106 
 108.54930733031442003 94.108963360645262242 
 81.543951862764913585 116.96211044429325909 
 98.246098516564345005 96.869699841738821533 
 91.847160676514974398 114.20137396319971401 
 67.336472075314176777 105.1519092850194852 
 40.331116607764684545 128.00505636866745363 
 57.033263261564101754 107.91264576611304449 
 50.634325421514731147 125.24431988757393697 
 26.123636820313929974 116.19485520939369394 
 246.39529288276591501 72.790326746796395696 
 15.820428006563853174 118.95559169048725323 
 9.4214901665144843435 136.28726581194814571 
 239.9963550427165444 90.122000868257302386 
 212.99099957516702375 112.97514795190529924 
 229.69314622896646938 92.882737349350847467 
 223.29420838891709877 110.21441147081173995 
 198.78351978771627273 101.16494679263151113 
 171.77816432016675208 124.01809387627952219 
 188.48031097396619771 103.92568327372507042 
 182.0813731339168271 121.2573573951859629 
 157.57068453271602948 112.20789271700571987 
 130.56532906516650883 135.06103980065373094 
 147.26747571896595446 114.96862919809929338 
 140.86853787891658385 132.30030331956018586 
 116.35784927771577202 123.25083864137994283 
 89.352493810166279786 146.10398572502793968 
 106.05464046396569699 126.01157512247351633 
 99.655702623916326388 143.34324924393442302 
 75.145014022715528768 134.29378456575415157 
 48.139658555166043641 157.14693164940214842 
 64.841805208965439533 137.05452104684772507 
 58.442867368916090243 154.38619516830860334 
 33.932178767715285517 145.33673049012836032 
 254.20383483016729542 101.93220202753109049 
 23.628969953965210493 148.09746697122196224 
 17.230032113915843439 165.42914109268284051 
 247.80489699011789639 119.26387614899199718 
 220.79954152256837574 142.11702323264000825 
 237.50168817636782137 122.02461263008555648 
 231.10275033631842234 139.35628675154643474 
 206.59206173511765314 130.30682207336622014 
 179.58670626756813249 153.15996915701421699 
 196.28885292136757812 133.06755855445976522 
 189.88991508131820751 150.39923267592067191 
 165.37922648011738147 141.34976799774042888 
 138.37387101256786082 164.20291508138842573 
 155.07601766636730645 144.11050447883397396 
 148.67707982631793584 161.44217860029488065 
 124.16639122511712401 152.39271392211466605 
 97.161035757567631777 175.2458610057626629 
 113.86318241136704899 155.15345040320821113 
 107.46424457131767838 172.4851245246690894 
 82.953555970116894969 163.43565984648887479 
 55.948200502567402737 186.28880693013684322 
 72.650347156366819945 166.19639632758241987 
 66.251409316317449338 183.52807044904332656 
 41.740720715116644612 174.47860577086308354 
 31.437511901366569589 177.23934225195662862 
 25.038574061317202535 194.57101637341753531 
 255.61343893751924838 148.40575142972664935 
 228.60808346996969931 171.2588985133746462 
 245.31023012376914494 151.16648791082019443 
 238.91129228371977433 168.49816203228110112 
 214.40060368251897671 159.44869735410088651 
 187.39524821496945606 182.30184443774888337 
 204.09739486876893011 162.20943383519446002 
 197.69845702871953108 179.54110795665530986 
 173.18776842751873346 170.49164327847509526 
 146.18241295996921281 193.34479036212306369 
 162.88455961376868686 173.25237975956864034 
 156.48562177371928783 190.58405388102954703 
 131.97493317251846179  181.534589202849304 
 104.96957770496898377 204.38773628649732927 
 121.67172435876841519 184.29532568394290593 
 115.27278651871903037 201.62699980540375577 
 90.762097917518232748 192.57753512722354117 
 63.756742449968747621 215.4306822108715096 
 80.458889103768143514 195.33827160831708625 
 74.059951263718801329 212.66994572977796452 
 49.549262662517989497 203.62048105159774991 
 39.246053848767914474 206.38121753269129499 
 32.847116008718543867 223.71289165415217326 
 236.4166254173710513  200.400773794109341 
 253.11877207117049693 180.30836319155488923 
 246.71983423112112632 197.6400373130157675 
 222.2091456299203287 188.59057263483558131 
 195.20379016237080805 211.44371971848354974 
 211.9059368161702821 191.35130911592912639 
 205.50699897612088307 208.68298323739003308 
 180.99631037492008545 199.63351855920979006 
 153.9909549073705648 222.48666564285778691 
 170.69310156117003885 202.39425504030333514 
 164.29416372112063982 219.7259291617642134 
 139.7834751199198422 210.6764644835839988 
 112.77811965237033576 233.52961156723199565 
 129.48026630616976718 213.43720096467754388 
 123.08132846612038236 230.76887508613847899 
 98.570639864919584738 221.71941040795823596 
 71.565284397370106717 244.57255749160620439 
 88.267431051169509715 224.48014688905178105 
 81.868493211120153319 241.81182101051265931 
 57.357804609919348593 232.76235633233241629 
 47.054595796169273569 235.52309281342598979 
 40.655657956119902963 252.85476693488683964 
 230.01768757732168069 217.73244791557024769 
 140.54399653056131569 7.4505927533407421137 
 219.71447876357163409 220.49318439666382119 
 150.84720534431139072 4.6898562722471943687 
 188.80485232232143744 228.77539383994448485 
 99.331161275561072443 18.493538677714962404 
 178.50164350857139084 231.53613032103802993 
 109.63437008931114747 15.732802196621415547 
 147.59201706732119419 239.8183397643186936 
 58.118326020560857614 29.536484602089181806 
 137.28880825357111917 242.57907624541223868 
 68.421534834310904216 26.775748120995636725 
 106.37918181232093673 250.86128568869293076 
 16.905490765560607258 40.579430526463390549 
 96.075972998570861705 253.62202216978647584 
 27.208699579310657413 37.818694045369838364 
