 200.61877983598085962 13.607643029895706732 
 173.61342436843133896 36.460790113543708912 
 190.31557102223078459 16.368379510989253589 
 183.91663318218138556 33.700053632450149621 
 159.40594458098058794  24.6505889542699137 
 132.40058911343109571 47.503736037917931867 
 149.10273576723054134 27.411325435363476544 
 142.70379792718117073 44.74299955682436547 
 118.19310932598034469 35.693534878644136654 
 91.18775385843083825 58.546681962292154822 
 107.88990051223028388 38.454271359737695946 
 101.49096267218088485 55.785945481198588425 
 76.98027407098007302 46.736480803018352503 
 49.974918603430587893 69.589627886666363565 
 66.677065257229997997  49.4972172841119189 
 60.278127417180634495 66.828891405572804274 
 35.767438815979829769 57.779426727392575458 
 8.7620833484303357608 80.632573811040572309 
 25.464230002229754746 60.540163208486134749 
 19.065292162180384139 77.871837329947027229 
 214.82625962343158221 25.417844189169489511 
 225.12946843718165724 22.657107708075926666 
 208.42732178338218318 42.749518310630399753 
 181.42196631583269095 65.60266539427840371 
 198.12411296963213658 45.510254791723944834 
 191.72517512958273755 62.841928913184837313 
 167.21448652838193993 53.792464235004601392 
 140.2091310608324477 76.645611318652626665 
 156.91127771463189333 56.553200716098167788 
 150.51233987458252273 73.884874837559067373 
 126.00165127338169668 64.835410159378824346 
 98.99629580583219024 87.688557243026849619 
 115.69844245963163587 67.596146640472383638 
 109.29950461958223684 84.927820761933290328 
 84.788816018381439221 75.878356083753047301 
 57.783460550831946989 98.731503167401044152 
 74.485607204631364198 78.639092564846606592 
 68.086669364581993591 95.970766686307499072 
 43.575980763381188865 86.921302008127270255 
 16.570625295831696633 109.77444909177526711 
 33.272771949631113841 89.682038489220829547 
 26.873834109581743235 107.01371261068172203 
 2.3631455083809393969 97.96424793250149321 
 222.6348015708329342 54.559719469904180755 
 232.93801038458300923 51.798982988810621464 
 216.23586373078353517 71.891393591365087445 
 189.23050826323404294 94.744540675013084297 
 205.93265491703348857 74.652130072458632526 
 199.53371707698408954 91.983804193919525005 
 175.02302847578329192 82.934339515739296189 
 148.01767300823379969 105.78748659938730725 
 164.71981966203324532 85.695075996832855481 
 158.32088182198384629 103.02675011829373375 
 133.81019322078304867 93.977285440113519144 
 106.80483775323355644 116.83043252376151599 
 123.50698440703300207 96.738021921207078435 
 117.10804656698360304 114.0696960426679567 
 92.597357965782791211 105.0202313644877421 
 65.592002498233298979 127.87337844813572474 
 82.294149152032716188 107.78096784558130139 
 75.895211311983345581 125.11264196704217966 
 51.384522710782547961 116.06317728886196505 
 24.379167243233052176 138.9163243725099619 
 41.081313897032472937 118.82391376995552434 
 34.68237605698310233 136.1555878914163884 
 10.171687455782297604 127.10612321323615959 
 230.44334351823428619 83.701594750638861342 
 240.74655233198436122 80.940858269545302051 
 224.04440567818491559 101.03326887209976803 
 197.03905021063539493 123.8864159557477933 
 213.74119686443484056 103.79400535319331311 
 207.34225902438546996 121.12567947465423401 
 182.83157042318464391 112.07621479647397678 
 155.82621495563515168 134.92936188012200205 
 172.52836160943459731 114.83695127756753607 
 166.12942376938519828 132.16862539902845697 
 141.61873516818440066 123.11916072084819973 
 114.61337970063490843 145.97230780449623921 
 131.31552635443435406 125.87989720194175902 
 124.91658851438495503 143.21157132340266571 
 100.40589991318415741 134.16210664522242269 
 73.40054444563466518 157.01525372887044796 
 90.102691099434082389 136.92284312631599619 
 83.703753259384711782 154.25451724777690288 
 59.193064658183907056 145.20505256959663143 
 32.187709190634407719 168.0581996532446567 
 48.889855844433832033 147.96578905069017651 
 42.490918004384461426 165.2974631721510832 
  17.9802294031836567 156.24799849397086859 
 238.25188546563566661 112.84347003137357035 
 7.6770205894335807884 159.00873497506441367 
 248.55509427938574163 110.08273355028001106 
 231.85294762558626758 130.17514415283443441 
 204.84759215803677534 153.0282912364824881 
 221.54973881183622098 132.93588063392803633 
 215.15080097178682195 150.26755475538894302 
 190.64011237058602433 141.21809007720867157 
 163.63475690303650367 164.07123716085669685 
 180.3369035568359493 143.97882655830221665 
 173.9379657167865787 161.31050067976312334 
 149.42727711558575265 152.26103600158288032 
 122.42192164803627463 175.11418308523093401 
 139.12406830183570605 155.0217724826764254 
 132.72513046178630702 172.35344660413736051 
 108.2144418605855094 163.30398192595711748 
 81.209086393036017171 186.15712900960514276 
 97.911233046835434379 166.06471840705066256 
 91.512295206786063773 183.39639252851156925 
 67.001606605585266152 174.34692785033132623 
 39.99625113803577392 197.20007493397932308 
 56.698397791835191128 177.10766433142489973 
 50.299459951785820522 194.43933845288580642 
 25.788771350585015796 185.38987377470553497 
 246.0604274130370186 141.98534531210825094 
 15.485562536834938996 188.15061025579910847 
 256.36363622678709362 139.22460883101470586 
 239.66148957298761957 159.31701943356915763 
 212.65613410543812734 182.17016651721715448 
 229.35828075923757297 162.07775591466270271 
 222.95934291918817394 179.40943003612358098 
 198.44865431798737632 170.35996535794336637 
 171.44329885043788408 193.21311244159136322 
 188.14544550423732971 173.12070183903693987 
 181.74650766418793069 190.45237596049778972 
 157.23581906298713307 181.40291128231757511 
 130.23046359543764083 204.25605836596557197 
 146.93261024923708646 184.1636477634111202 
 140.53367240918768744 201.49532188487202689 
 116.0229838079868756 192.44585720669181228 
 89.017628340437369161 215.29900429033980913 
 105.71977499423680058 195.20659368778538578 
 99.320837154187415763 212.53826780924623563 
 74.810148552986618142 203.48880313106602102 
 47.804793085437118805 226.34195021471398945 
 64.506939739236543119 206.2495396121595661 
 58.108001899187165407 223.58121373362047279 
 33.597313297986374891 214.53174905544022977 
 253.86896936043837059 171.12722059284291731 
 23.294104484236296315 217.29248553653380327 
 247.47003152038897156  188.458894714303824 
 220.46467605283947933 211.31204179795182085 
 237.16682270663892496 191.21963119539739751 
 230.76788486658952593 208.55130531685824735 
 206.25719626538872831 199.50184063867806117 
 179.25184079783923607 222.35498772232605802 
 195.9539874516386817 202.26257711977160625 
 189.55504961158928268 219.59425124123251294 
 165.04436101038848506 210.54478656305226991 
 138.03900554283899282 233.39793364670026676 
 154.74115219663843845 213.30552304414584341 
 148.34221435658903943 230.63719716560669326 
 123.83152575538822759 221.58773248742647866 
 96.826170287838721151 244.44087957107447551 
 113.52831694163815257 224.34846896852005216 
 107.12937910158876775 241.68014308998095885 
 82.618690500387984343 232.63067841180071582 
  55.6133350328384779 255.48382549544871267 
 72.31548168663790932 235.39141489289428932 
 65.916543846588524502 252.72308901435513917 
 41.405855245387733987 243.67362433617492457 
 31.102646431637655411 246.43436081726846965 
 255.27857346779032355 217.6007699950385188 
 165.80488242102998697 7.3189148328090185558 
 244.97536465404027695 220.36150647613206388 
  176.108091234780062 4.5581783517154565999 
 214.0657382127900803 228.64371591941275597 
 124.59204716602972951 18.361860757183240622 
 203.7625293990400337 231.40445240050632947 
 134.89525597977979032 15.601124276089677778 
 172.85290295778983705 239.68666184378696471 
 83.379211911029472049 29.404806681557460024 
 162.54969414403979044 242.44739832488050979 
 93.68242072477951865 26.64407020046389718 
 131.6400677027895938 250.72960776816117345 
 42.166376656029228798 40.447752605931668768 
 121.33685888903951877 253.49034424925474696 
  52.4695854697792754 37.687016124838116582 
 11.256750214779025043 48.729962049212339537 
