 21.203765997403291266 24.041951123803801948 
 37.203765997403294818 40.04195112380379129 
 21.203765997403291266 56.041951123803798396 
 37.203765997403294818 72.041951123803798396 
 21.203765997403291266 88.041951123803798396 
 37.203765997403294818 104.04195112380378418 
 21.203765997403291266 120.0419511238037984 
 37.203765997403294818 136.04195112380378418 
 21.203765997403291266 152.04195112380381261 
 37.203765997403294818 168.04195112380378418 
 21.203765997403291266 184.04195112380378418 
 37.203765997403294818 200.04195112380378418 
 21.203765997403291266 216.04195112380378418 
 37.203765997403294818 232.04195112380381261 
 21.203765997403291266 248.04195112380378418 
 37.203765997403294818 8.0419511238037824086 
 53.203765997403287713 24.041951123803801948 
 69.203765997403294818 40.04195112380379129 
 53.203765997403287713 56.041951123803798396 
 69.203765997403294818 72.041951123803798396 
 53.203765997403287713 88.041951123803798396 
 69.203765997403294818 104.04195112380378418 
 53.203765997403287713 120.0419511238037984 
 69.203765997403294818 136.04195112380378418 
 53.203765997403287713 152.04195112380381261 
 69.203765997403294818 168.04195112380378418 
 53.203765997403287713 184.04195112380378418 
 69.203765997403294818 200.04195112380378418 
 53.203765997403287713 216.04195112380378418 
 69.203765997403294818 232.04195112380381261 
 53.203765997403287713 248.04195112380378418 
 69.203765997403294818 8.0419511238037824086 
 85.203765997403294818 24.041951123803801948 
 101.20376599740329482 40.04195112380379129 
 85.203765997403294818 56.041951123803798396 
 101.20376599740329482 72.041951123803798396 
 85.203765997403294818 88.041951123803798396 
 101.20376599740329482 104.04195112380378418 
 85.203765997403294818 120.0419511238037984 
 101.20376599740329482 136.04195112380378418 
 85.203765997403294818 152.04195112380381261 
 101.20376599740329482 168.04195112380378418 
 85.203765997403294818 184.04195112380378418 
 101.20376599740329482 200.04195112380378418 
 85.203765997403294818 216.04195112380378418 
 101.20376599740329482 232.04195112380381261 
 85.203765997403294818 248.04195112380378418 
 101.20376599740329482 8.0419511238037824086 
 117.20376599740329482 24.041951123803801948 
 133.20376599740328061 40.04195112380379129 
 117.20376599740329482 56.041951123803798396 
 133.20376599740328061 72.041951123803798396 
 117.20376599740329482 88.041951123803798396 
 133.20376599740328061 104.04195112380378418 
 117.20376599740329482 120.0419511238037984 
 133.20376599740328061 136.04195112380378418 
 117.20376599740329482 152.04195112380381261 
 133.20376599740328061 168.04195112380378418 
 117.20376599740329482 184.04195112380378418 
 133.20376599740328061 200.04195112380378418 
 117.20376599740329482 216.04195112380378418 
 133.20376599740328061 232.04195112380381261 
 117.20376599740329482 248.04195112380378418 
 133.20376599740328061 8.0419511238037824086 
 149.20376599740328061 24.041951123803801948 
 165.20376599740330903 40.04195112380379129 
 149.20376599740328061 56.041951123803798396 
 165.20376599740330903 72.041951123803798396 
 149.20376599740328061 88.041951123803798396 
 165.20376599740330903 104.04195112380378418 
 149.20376599740328061 120.0419511238037984 
 165.20376599740330903 136.04195112380378418 
 149.20376599740328061 152.04195112380381261 
 165.20376599740330903 168.04195112380378418 
 149.20376599740328061 184.04195112380378418 
 165.20376599740330903 200.04195112380378418 
 149.20376599740328061 216.04195112380378418 
 165.20376599740330903 232.04195112380381261 
 149.20376599740328061 248.04195112380378418 
 165.20376599740330903 8.0419511238037824086 
 181.20376599740330903 24.041951123803801948 
 197.20376599740330903 40.04195112380379129 
 181.20376599740330903 56.041951123803798396 
 197.20376599740330903 72.041951123803798396 
 181.20376599740330903 88.041951123803798396 
 197.20376599740330903 104.04195112380378418 
 181.20376599740330903 120.0419511238037984 
 197.20376599740330903 136.04195112380378418 
 181.20376599740330903 152.04195112380381261 
 197.20376599740330903 168.04195112380378418 
 181.20376599740330903 184.04195112380378418 
 197.20376599740330903 200.04195112380378418 
 181.20376599740330903 216.04195112380378418 
 197.20376599740330903 232.04195112380381261 
 181.20376599740330903 248.04195112380378418 
 197.20376599740330903 8.0419511238037824086 
 213.20376599740330903 24.041951123803801948 
 229.20376599740330903 40.04195112380379129 
 213.20376599740330903 56.041951123803798396 
 229.20376599740330903 72.041951123803798396 
 213.20376599740330903 88.041951123803798396 
 229.20376599740330903 104.04195112380378418 
 213.20376599740330903 120.0419511238037984 
 229.20376599740330903 136.04195112380378418 
 213.20376599740330903 152.04195112380381261 
 229.20376599740330903 168.04195112380378418 
 213.20376599740330903 184.04195112380378418 
 229.20376599740330903 200.04195112380378418 
 213.20376599740330903 216.04195112380378418 
 229.20376599740330903 232.04195112380381261 
 213.20376599740330903 248.04195112380378418 
 229.20376599740330903 8.0419511238037824086 
 245.20376599740325219 24.041951123803801948 
 5.2037659974032708377 40.04195112380379129 
 245.20376599740325219 56.041951123803798396 
 5.2037659974032708377 72.041951123803798396 
 245.20376599740325219 88.041951123803798396 
 5.2037659974032708377 104.04195112380378418 
 245.20376599740325219 120.0419511238037984 
 5.2037659974032708377 136.04195112380378418 
 245.20376599740325219 152.04195112380381261 
 5.2037659974032708377 168.04195112380378418 
 245.20376599740325219 184.04195112380378418 
 5.2037659974032708377 200.04195112380378418 
 245.20376599740325219 216.04195112380378418 
 5.2037659974032708377 232.04195112380381261 
 245.20376599740325219 248.04195112380378418 
 5.2037659974032708377 8.0419511238037824086 
