 120.00554099767661853 23.582315381818354183 
 97.378123999707099756 23.582315381818354183 
 97.378123999707099756 46.209732379787887169 
 74.750707001737580981 46.209732379787887169 
 74.750707001737580981 68.837149377757413049 
 52.123290003768069312 68.837149377757398838 
 52.123290003768069312 91.464566375726917613 
 29.495873005798539879 91.464566375726931824 
 29.495873005798539879 114.0919833736964506 
 6.8684560078290237684 114.09198337369646481 
 6.8684560078290237684 136.71940037166595516 
 165.26037499361564187 23.582315381818354183 
 142.63295799564616573 23.582315381818354183 
 142.63295799564616573 46.209732379787887169 
 120.00554099767661853 46.209732379787887169 
 120.00554099767661853 68.837149377757398838 
 97.378123999707099756 68.837149377757398838 
 97.378123999707099756 91.464566375726931824 
 74.750707001737609403 91.464566375726917613 
 74.750707001737580981 114.09198337369643639 
 52.123290003768069312 114.0919833736964506 
 52.123290003768069312 136.71940037166595516 
 29.495873005798539879 136.71940037166595516 
 29.495873005798539879 159.34681736963548815 
 6.8684560078290379792 159.34681736963545973 
 6.8684560078290379792 181.97423436760499271 
 187.88779199158517486 23.582315381818354183 
 187.88779199158517486 46.209732379787858747 
 165.26037499361564187 46.209732379787887169 
 165.26037499361564187 68.837149377757398838 
 142.63295799564616573 68.837149377757398838 
 142.63295799564616573 91.464566375726917613 
 120.00554099767663274 91.464566375726931824 
 120.00554099767661853 114.0919833736964506 
 97.378123999707113967 114.09198337369643639 
 97.378123999707113967 136.71940037166595516 
 74.750707001737609403 136.71940037166595516 
 74.750707001737580981 159.34681736963545973 
 52.123290003768069312 159.34681736963548815 
 52.123290003768055101 181.97423436760502113 
  29.4958730057985683 181.97423436760499271 
 29.49587300579855409 204.6016513655745257 
 210.51520898955470784 46.209732379787872958 
 210.51520898955470784 68.837149377757384627 
 187.88779199158517486 68.837149377757398838 
 187.88779199158520328 91.464566375726917613 
 165.26037499361567029 91.464566375726917613 
 165.26037499361567029 114.0919833736964506 
 142.63295799564616573 114.0919833736964506 
 142.63295799564616573 136.71940037166595516 
 120.00554099767664695 136.71940037166595516 
 120.00554099767664695 159.34681736963545973 
 97.378123999707113967 159.34681736963548815 
 97.378123999707113967 181.97423436760502113 
 74.750707001737580981 181.97423436760502113 
 74.750707001737580981 204.6016513655745257 
 52.123290003768083523 204.6016513655745257 
 52.123290003768083523 227.22906836354403026 
 233.14262598752421241 68.837149377757398838 
 233.14262598752421241 91.464566375726903402 
 210.51520898955470784 91.464566375726917613 
 210.51520898955470784 114.09198337369643639 
 187.88779199158520328 114.09198337369643639 
 187.88779199158517486 136.71940037166595516 
 165.26037499361567029 136.71940037166595516 
 165.26037499361564187 159.34681736963545973 
 142.63295799564619415 159.34681736963545973 
 142.63295799564616573 181.97423436760496429 
 120.00554099767664695 181.97423436760502113 
 120.00554099767661853 204.6016513655745257 
 97.378123999707113967 204.6016513655745257 
 97.378123999707099756 227.22906836354403026 
 74.750707001737623614 227.22906836354403026 
 74.750707001737609403 249.85648536151353483 
 255.77004298549374539 91.464566375726903402 
 255.77004298549377381 114.09198337369642218 
 233.14262598752421241 114.09198337369643639 
 233.14262598752421241 136.71940037166595516 
 210.51520898955470784 136.71940037166595516 
 210.51520898955470784 159.34681736963545973 
 187.88779199158517486 159.34681736963545973 
 187.88779199158517486 181.97423436760499271 
 165.26037499361567029 181.97423436760499271 
 165.26037499361567029 204.6016513655745257 
 142.63295799564616573 204.6016513655745257 
 142.63295799564616573 227.22906836354403026 
 120.00554099767663274 227.22906836354403026 
 120.00554099767663274 249.85648536151359167 
 97.378123999707128178 249.85648536151353483 
 255.77004298549377381 136.71940037166595516 
 255.77004298549377381 159.34681736963545973 
 233.14262598752424083 159.34681736963545973 
 233.14262598752424083 181.97423436760499271 
 210.51520898955470784 181.97423436760499271 
 210.51520898955470784 204.6016513655745257 
 187.88779199158520328 204.6016513655745257 
 187.88779199158520328 227.22906836354403026 
 165.26037499361567029 227.22906836354403026 
 165.26037499361567029 249.85648536151359167 
 142.63295799564616573 249.85648536151359167 
 255.77004298549374539 181.97423436760496429 
 74.750707001737580981 23.582315381818382605 
 233.14262598752421241 204.60165136557449728 
 52.123290003768069312 46.20973237978790138 
 210.51520898955470784 227.22906836354403026 
  29.4958730057985683 68.837149377757413049 
 187.88779199158517486 249.85648536151353483 
 6.8684560078290379792 91.464566375726931824 
