 256.24378050703739973 3.9590902823123448329 
 240.24378050703742815 19.959090282312363485 
 224.24378050703742815 3.9590902823123590437 
 208.24378050703739973 19.959090282312363485 
 192.24378050703739973 3.9590902823123590437 
 176.24378050703742815 19.959090282312363485 
 160.24378050703742815 3.9590902823123590437 
 144.24378050703742815 19.959090282312363485 
 128.24378050703739973 3.9590902823123590437 
 112.24378050703744236 19.959090282312363485 
 96.243780507037428151 3.9590902823123590437 
 80.243780507037428151 19.959090282312363485 
 64.24378050703741394 3.9590902823123590437 
 48.24378050703741394 19.959090282312363485 
 32.243780507037428151 3.9590902823123590437 
 16.243780507037431704 19.959090282312363485 
 256.24378050703739973 35.959090282312352826 
 240.24378050703742815 51.959090282312374143 
 224.24378050703742815 35.959090282312367037 
 208.24378050703739973 51.959090282312374143 
 192.24378050703739973 35.959090282312367037 
 176.24378050703742815 51.959090282312374143 
 160.24378050703742815 35.959090282312367037 
 144.24378050703742815 51.959090282312374143 
 128.24378050703742815 35.959090282312367037 
 112.24378050703744236 51.959090282312374143 
 96.243780507037428151 35.959090282312367037 
 80.243780507037428151 51.959090282312374143 
 64.24378050703741394 35.959090282312367037 
 48.24378050703741394 51.959090282312374143 
 32.243780507037442362 35.959090282312367037 
 16.243780507037431704 51.959090282312374143 
 256.24378050703739973 67.959090282312359932 
 240.24378050703742815 83.959090282312345721 
 224.24378050703742815 67.959090282312359932 
 208.24378050703739973 83.959090282312345721 
 192.24378050703739973 67.959090282312359932 
 176.24378050703742815 83.959090282312359932 
 160.24378050703742815 67.959090282312359932 
 144.24378050703742815 83.959090282312359932 
 128.24378050703742815 67.959090282312359932 
 112.24378050703744236 83.959090282312359932 
 96.243780507037428151 67.959090282312359932 
 80.243780507037428151 83.959090282312359932 
 64.24378050703741394 67.959090282312359932 
 48.24378050703741394 83.959090282312374143 
 32.243780507037442362 67.959090282312359932 
 16.243780507037431704 83.959090282312374143 
 256.24378050703739973 99.959090282312345721 
 240.24378050703742815 115.95909028231235993 
 224.24378050703742815 99.959090282312345721 
 208.24378050703739973 115.95909028231237414 
 192.24378050703742815 99.959090282312359932 
 176.24378050703742815 115.95909028231237414 
 160.24378050703742815 99.959090282312359932 
 144.24378050703742815 115.95909028231237414 
 128.24378050703742815 99.959090282312359932 
 112.24378050703744236 115.95909028231237414 
 96.243780507037428151 99.959090282312359932 
 80.243780507037428151 115.95909028231237414 
 64.243780507037428151 99.959090282312359932 
 48.24378050703741394 115.95909028231237414 
 32.243780507037442362 99.959090282312374143 
 16.243780507037431704 115.95909028231238835 
 256.24378050703739973 131.95909028231233151 
 240.24378050703742815 147.95909028231235993 
 224.24378050703742815 131.95909028231235993 
 208.24378050703739973 147.95909028231235993 
 192.24378050703742815 131.95909028231235993 
 176.24378050703742815 147.95909028231235993 
 160.24378050703742815 131.95909028231235993 
 144.24378050703742815 147.95909028231235993 
 128.24378050703742815 131.95909028231235993 
 112.24378050703744236 147.95909028231235993 
 96.243780507037428151 131.95909028231235993 
 80.243780507037428151 147.95909028231235993 
 64.243780507037428151 131.95909028231235993 
 48.24378050703741394 147.95909028231235993 
 32.243780507037442362 131.95909028231235993 
 16.243780507037431704 147.95909028231235993 
 256.24378050703739973 163.95909028231235993 
 240.24378050703742815 179.95909028231238835 
 224.24378050703742815 163.95909028231235993 
 208.24378050703739973 179.95909028231238835 
 192.24378050703742815 163.95909028231235993 
 176.24378050703742815 179.95909028231238835 
 160.24378050703742815 163.95909028231235993 
 144.24378050703742815 179.95909028231238835 
 128.24378050703742815 163.95909028231235993 
 112.24378050703744236 179.95909028231238835 
 96.243780507037428151 163.95909028231235993 
 80.243780507037428151 179.95909028231238835 
 64.243780507037428151 163.95909028231235993 
 48.24378050703741394 179.95909028231238835 
 32.243780507037442362 163.95909028231235993 
 16.243780507037431704 179.95909028231238835 
 256.24378050703739973 195.95909028231238835 
 240.24378050703742815 211.95909028231238835 
 224.24378050703742815 195.95909028231238835 
 208.24378050703739973 211.95909028231238835 
 192.24378050703742815 195.95909028231238835 
 176.24378050703742815 211.95909028231238835 
 160.24378050703742815 195.95909028231238835 
 144.24378050703742815 211.95909028231238835 
 128.24378050703742815 195.95909028231238835 
 112.24378050703744236 211.95909028231238835 
 96.243780507037428151 195.95909028231238835 
 80.243780507037428151 211.95909028231238835 
 64.243780507037428151 195.95909028231238835 
 48.24378050703741394 211.95909028231238835 
 32.243780507037442362 195.95909028231238835 
 16.243780507037431704 211.95909028231238835 
 256.24378050703739973 227.95909028231233151 
 240.24378050703742815 243.95909028231235993 
 224.24378050703742815 227.95909028231235993 
 208.24378050703739973 243.95909028231235993 
 192.24378050703742815 227.95909028231235993 
 176.24378050703742815 243.95909028231235993 
 160.24378050703742815 227.95909028231235993 
 144.24378050703742815 243.95909028231235993 
 128.24378050703742815 227.95909028231235993 
 112.24378050703744236 243.95909028231235993 
 96.243780507037428151 227.95909028231235993 
 80.243780507037428151 243.95909028231235993 
 64.243780507037428151 227.95909028231235993 
 48.24378050703741394 243.95909028231235993 
 32.243780507037442362 227.95909028231235993 
 16.243780507037431704 243.95909028231235993 
