 110.83969130525149183 8.6529911893686595192 
 138.43560924751690777 6.1102932278023986967 
 130.43560924751690777 19.966699688353411801 
 94.839691305251491826 36.365804110470698163 
 122.43560924751690777 33.823106148904436452 
 114.43560924751692198 47.679512609455464656 
 102.83969130525149183 22.509397649919673512 
 78.839691305251477615 64.078617031572747464 
 106.43560924751692198 61.535919070006478648 
 98.435609247516921982 75.392325530557485536 
 86.839691305251477615 50.222210571021712155 
 62.839691305251491826 91.79142995267477545 
 90.435609247516921982 89.248731991108513739 
 82.435609247516921982 103.10513845165954194 
 70.839691305251477615 77.935023492123761457 
 46.839691305251498932 119.50424287377680344 
 74.435609247516921982 116.96154491221057015 
 66.435609247516936193 130.81795137276156993 
 54.839691305251484721 105.64783641322580365 
 30.839691305251495379 147.21705579487885984 
 58.435609247516929088 144.67435783331259813 
 50.435609247516929088 158.53076429386359791 
 38.839691305251498932 133.36064933432780322 
 14.839691305251488274 174.92986871598091625 
 42.435609247516921982 172.38717075441462612 
 34.435609247516921982 186.24357721496565432 
 22.839691305251491826 161.07346225542985962 
 26.435609247516932641 200.0999836755166541 
 6.8396913052515007081 188.78627517653188761 
 150.03152718978236635 31.280408187338174741 
 177.62744513204776808 28.737710225771916583 
 169.62744513204776808 42.594116686322927023 
 158.03152718978233793 17.424001726787164301 
 134.03152718978233793 58.993221108440216938 
 161.62744513204776808 56.450523146873955227 
 153.62744513204776808 70.306929607424976325 
 142.03152718978236635 45.136814647889202945 
 118.03152718978235214 86.706034029542252028 
 145.62744513204776808 84.163336067975990318 
 137.62744513204776808 98.01974252852700431 
 126.03152718978235214 72.849627568991223825 
 102.03152718978233793 114.41884695064430844 
 129.62744513204776808 111.87614898907803251 
 121.62744513204776808 125.73255544962906072 
 110.03152718978233793 100.56244049009328023 
 86.031527189782366349 142.13165987174633642 
 113.62744513204776808 139.58896191018007471 
 105.62744513204778229 153.44536837073107449 
 94.031527189782337928 128.27525341119530822 
 70.031527189782352139 169.84447279284839283 
 97.627445132047782295 167.3017748312821027 
 89.627445132047782295 181.1581812918331309 
 78.031527189782366349 155.9880663322973362 
 54.031527189782352139 197.55728571395042081 
 81.627445132047768084 195.0145877523841591 
 73.627445132047768084 208.87099421293518731 
 62.031527189782359244 183.70087925339939261 
 166.03152718978236635 3.5675952662361378742 
 65.627445132047782295 222.72740067348615867 
 185.62744513204776808 14.88130376522088838 
 46.031527189782366349 211.4136921745014206 
 189.22336307431319824 53.907825185307693516 
 216.81928101657859997 51.365127223741446016 
 208.8192810165786284 65.221533684292452904 
 197.22336307431319824 40.051418724756679524 
 173.22336307431319824 81.620638106409728607 
 200.8192810165786284 79.077940144843481107 
 192.8192810165786284  92.9343466053944951 
 181.22336307431319824 67.764231645858714614 
 157.22336307431319824 109.3334510275117708 
 184.81928101657865682 106.79075306594550909 
 176.81928101657865682 120.6471595264965373 
 165.22336307431322666  95.4770445669607426 
 141.22336307431319824  137.046263948613813 
 168.81928101657865682 134.50356598704755129 
 160.81928101657865682 148.35997244759857949 
 149.22336307431319824 123.18985748806279901 
 125.22336307431321245 164.75907686971586941 
 152.81928101657865682 162.2163789081496077 
 144.81928101657865682 176.07278536870060748 
 133.22336307431319824 150.9026704091648412 
 109.22336307431321245 192.47188979081789739 
 136.81928101657865682 189.92919182925163568 
 128.81928101657865682 203.78559828980266388 
 117.22336307431321245 178.61548333026686919 
 93.22336307431319824 220.18470271191992538 
 120.81928101657864261 217.64200475035369209 
 112.81928101657864261 231.49841121090469187 
 101.22336307431321245 206.32829625136889717 
 205.22336307431319824 26.195012264205654873 
 104.81928101657865682 245.35481767145569165 
 224.8192810165786284 37.508720763190417813 
 85.223363074313212451 234.04110917247092516 
 228.41519895884403013 76.535242183277205186 
 256.01111690110951713 73.992544221710943475 
 248.01111690110951713 87.848950682261957468 
 236.41519895884403013 62.678835722726198298 
 212.41519895884405855 104.24805510437924738 
 240.01111690110948871 101.70535714281299988 
 232.01111690110948871 115.56176360336401387 
 220.41519895884403013 90.391648643828233389 
 196.41519895884405855 131.96086802548128958 
 224.01111690110948871 129.41817006391502787 
 216.01111690110948871 143.27457652446602765 
 204.41519895884405855 118.10446156493026137 
 180.41519895884403013 159.67368094658334599 
 208.01111690110948871 157.13098298501708427 
 200.01111690110948871 170.98738944556808406 
 188.41519895884403013 145.81727448603231778 
 164.41519895884405855 187.38649386768537397 
 192.01111690110948871 184.84379590611914068 
 184.01111690110948871 198.70020236667014046 
 172.41519895884403013 173.53008740713434577 
 148.41519895884405855 215.09930678878740196 
 176.01111690110948871 212.55660882722116867 
 168.01111690110948871 226.41301528777216845 
 156.41519895884405855 201.24290032823637375 
 132.41519895884405855 242.81211970988945836 
 160.01111690110946029 240.26942174832316823 
 152.01111690110946029 254.12582820887419643 
 140.41519895884405855 228.95571324933843016 
 244.41519895884403013 48.822429262175170095 
 124.41519895884405855 256.66852617044048657 
 251.60703484337491886 126.87547210234878037 
 83.243773362986047459 11.19568915093492123 
 75.243773362986047459 25.05209561148593167 
 235.60703484337491886 154.58828502345082256 
 67.243773362986047459 38.908502072036945663 
 59.243773362986047459 52.764908532587973866 
 243.60703484337491886 140.73187856289979436 
 219.60703484337491886 182.30109794455287897 
 51.243773362986047459 66.621314993138980753 
 43.243773362986054565 80.477721453690023168 
 227.60703484337491886 168.44469148400182235 
 203.60703484337491886 210.01391086565487853 
 35.243773362986054565 94.334127914241037161 
 27.243773362986068776 108.19053437479205115 
 211.60703484337489044 196.15750440510387875 
 187.60703484337491886 237.72672378675693494 
 19.243773362986065223 122.04694083534306515 
 11.24377336298606167 135.90334729589409335 
 195.60703484337491886 223.87031732620590674 
 3.2437733629860590057 149.75975375644512155 
 179.60703484337491886 251.58313024730796315 
