 127.51851210034102735 7.3136638959035531471 
 88.891095102371480152 13.941080893873078139 
 116.20480360135627507 18.627372394888304541 
 104.89109510237149436 29.941080893873085245 
 100.20480360135624665 2.6273723948882983237 
 66.263678104401961377 36.568497891842596914 
 93.577386603386742081 41.254789392857837527 
 82.263678104401989799 52.56849789184260402 
 77.57738660338672787 25.254789392857830421 
 43.636261106432449708 59.195914889812108584 
 70.949969605417223306 63.882206390827356302 
 59.636261106432471024 75.195914889812115689 
 54.94996960541720199 47.882206390827363407 
 21.008844108462948697 81.823331887781634464 
 48.322552607447704531 86.509623388796882182 
 37.00884410846296646 97.823331887781634464 
 32.32255260744769032 70.509623388796882182 
 25.695135609478189309 109.13704038676638675 
 14.381427110493438803 120.45074888575116745 
 9.6951356094781839801 93.137040386766372535 
 3.0677186115086727547 131.76445738473591973 
 143.51851210034101314 23.313663895903559364 
 170.83222059932577963 27.999955396918782213 
 159.51851210034101314 39.313663895903552259 
 154.83222059932577963 11.999955396918792871 
 120.89109510237149436 45.94108089387309235 
 148.20480360135624665 50.627372394888297436 
 136.89109510237150857 61.941080893873063928 
 132.20480360135627507 34.627372394888311646 
 98.263678104401989799 68.568497891842611125 
 125.57738660338675629 73.254789392857830421 
 114.2636781044019898 84.568497891842582703 
 109.57738660338674208 57.254789392857837527 
 75.636261106432456813 91.195914889812115689 
 102.94996960541722331 95.882206390827363407 
 91.636261106432471024 107.19591488981211569 
 86.949969605417223306 79.882206390827363407 
 53.008844108462973566 113.82333188778163446 
 80.322552607447704531 118.50962338879686797 
 69.00884410846296646 129.82333188778162025 
 64.322552607447704531 102.50962338879688218 
 30.381427110493444133 136.45074888575118166 
 57.695135609478199967 141.13704038676638675 
 46.381427110493419264 152.45074888575115324 
 41.695135609478192862 125.13704038676638675 
 7.7540101125239129232 159.07816588372071465 
 35.067718611508666982 163.76445738473591973 
 23.754010112523918252 175.07816588372068622 
 19.06771861150867764 147.76445738473591973 
 12.440301613539167747 186.3918743827054243 
 182.14592909831054612 16.686246897934019273 
 175.51851210034101314 55.313663895903552259 
 202.83222059932580805 59.999955396918792871 
 191.51851210034101314 71.313663895903559364 
 186.83222059932577963 43.999955396918785766 
 152.89109510237150857 77.94108089387309235 
 180.20480360135630349 82.627372394888311646 
 168.89109510237150857 93.94108089387309235 
 164.20480360135624665 66.627372394888311646 
 130.26367810440200401 100.5684978918425827 
 157.5773866033867705 105.25478939285784463 
 146.26367810440200401 116.56849789184259691 
 141.57738660338674208 89.254789392857830421 
 107.63626110643247102 123.19591488981211569 
 134.94996960541723752 127.88220639082737762 
 123.63626110643248524 139.19591488981211569 
 118.94996960541722331 111.88220639082736341 
 85.00884410846296646 145.82333188778162025 
 112.32255260744771874 150.50962338879688218 
 101.00884410846298067 161.82333188778162025 
 96.322552607447704531 134.50962338879688218 
 62.38142711049344058 168.45074888575115324 
 89.695135609478214178 173.13704038676641517 
 78.381427110493447685 184.45074888575115324 
 73.695135609478185756 157.13704038676641517 
 39.754010112523921805 191.07816588372068622 
 67.067718611508695403 195.76445738473594815 
 55.75401011252392891 207.07816588372068622 
 51.067718611508674087 179.76445738473591973 
 198.14592909831057455 32.686246897934026379 
 44.440301613539176628 218.39187438270545272 
 214.14592909831057455 48.686246897934026379 
 28.440301613539173076 202.3918743827054243 
 207.51851210034101314 87.313663895903545153 
 234.83222059932580805 91.999955396918792871 
 223.51851210034101314 103.31366389590355936 
 218.83222059932580805 75.999955396918778661 
 184.89109510237150857 109.94108089387307814 
 212.20480360135630349 114.62737239488832586 
  200.891095102371537 125.94108089387307814 
 196.20480360135630349 98.627372394888311646 
 162.26367810440197559 132.56849789184261112 
 189.5773866033867705 137.25478939285781621 
 178.26367810440200401 148.56849789184261112 
 173.5773866033867705 121.25478939285783042 
 139.63626110643247102 155.19591488981208727 
 166.94996960541723752 159.8822063908273492 
 155.63626110643249945 171.19591488981211569 
 150.94996960541723752 143.8822063908273492 
 117.00884410846298067 177.82333188778162025 
 144.32255260744770453 182.50962338879688218 
 133.00884410846299488 193.82333188778164867 
 128.32255260744773295 166.50962338879688218 
 94.381427110493447685 200.45074888575115324 
 121.69513560947821418 205.13704038676638675 
 110.3814271104934619 216.45074888575118166 
 105.69513560947819997 189.13704038676638675 
  71.7540101125239147 223.0781658837206578 
 99.067718611508695403 227.76445738473594815 
 87.75401011252392891 239.0781658837206578 
 83.067718611508681192 211.76445738473594815 
 230.14592909831057455 64.686246897934012168 
 76.440301613539176628 250.39187438270545272 
 246.14592909831057455 80.686246897934026379 
 60.440301613539183734 234.39187438270545272 
 239.51851210034104156 119.31366389590355936 
 255.51851210034104156 135.31366389590354515 
 250.83222059932580805 107.99995539691879287 
  216.891095102371537 141.94108089387307814 
 244.20480360135630349 146.62737239488834007 
  232.891095102371537 157.94108089387307814 
 228.20480360135630349 130.62737239488834007 
 194.26367810440203243 164.56849789184261112 
 221.5773866033867705 169.25478939285784463 
 210.26367810440203243 180.56849789184261112 
 205.5773866033867705 153.25478939285781621 
 171.63626110643249945 187.19591488981211569 
 198.94996960541723752 191.88220639082737762 
 187.63626110643249945 203.19591488981211569 
 182.94996960541723752 175.8822063908273492 
 149.00884410846299488 209.82333188778162025 
 176.32255260744776137 214.5096233887969106 
 165.00884410846299488 225.82333188778162025 
 160.32255260744773295 198.50962338879688218 
 126.3814271104934619 232.45074888575118166 
 153.69513560947825681 237.13704038676638675 
 142.3814271104934619 248.45074888575118166 
 137.69513560947822839 221.13704038676638675 
 103.75401011252394312 255.07816588372068622 
 115.06771861150870961 243.76445738473594815 
