 194.02619121636075761 36.258963047551503678 
 215.33741089753686992 53.974264786462171628 
 199.88259767691175739 58.115369508102517671 
 209.48100443698587014 32.117858325911157635 
 163.11656477511056096 44.54117249083215313 
 184.42778445628667328 62.256474229742835291 
 168.97297123566158916 66.397578951383181334 
 178.57137799573567349 40.400067769191821299 
 132.20693833386039273 52.823381934112823899 
 153.51815801503650505 70.538683673023513165 
 138.06334479441139251 74.679788394663844997 
 147.66175155448547685 48.682277212472492067 
 101.29731189261019608 61.105591377393487562 
 122.6085315737863084 78.820893116304191039 
 107.15371835316121008 82.96199783794450866 
 116.7521251132352802 56.964486655753155731 
 70.387685451360013644 69.387800820674158331 
 91.698905132536140172 87.103102559584840492 
 76.244091911911027637 91.244207281225172324 
 85.842498671985111969 65.246696099033826499 
 39.47805901010980989 77.670010263954821994 
 60.789278691285936418 95.385312002865504155 
 45.334465470660838093 99.526416724505835987 
 54.932872230734908214 73.528905542314490162 
 8.5684325688596150172 85.952219707235485657 
 29.879652250035736216 103.66752144614616782 
 14.424839029410637892 107.80862616778649965 
 24.023245789484715118 81.811114985595153826 
 224.93581765761095426 27.976753604270836462 
 230.79222411816195404 49.833160064821854007 
 205.73900413746278559 79.971775968653531663 
 227.05022381863892633 97.687077707564213824 
 211.5954105980138138 101.82818242920454566 
 221.19381735808786971 75.830671247013199832 
 174.82937769621261737 88.253985411934195326 
 196.14059737738872968 105.96928715084487749 
 180.68578415676364557 110.11039187248520932 
 190.28419091683770148 84.112880690293863495 
 143.91975125496242072 96.536194855214873201 
 165.23097093613856146 114.25149659412555536 
 149.77615771551344892 118.39260131576588719 
 159.37456447558750483 92.395090133574527158 
 113.01012481371220986 104.81840429849553686 
 134.32134449488833638 122.53370603740621902 
 118.86653127426323806 126.67481075904655086 
 128.46493803433730818 100.67729957685520503 
 82.10049837246204163 113.10061374177618632 
 103.41171805363816816 130.81591548068686848 
 87.956904833013069833 134.95702020232721452 
 97.555311593087139954 108.9595090201358687 
 51.190871931211844981 121.38282318505684998 
 72.502091612387971509 139.09812492396756056 
 57.047278391762873184 143.23922964560787818 
 66.645685151836943305 117.24171846341653236 
 20.281245489961648332 129.66503262833751364 
 41.592465171137767754 147.38033436724822423 
 26.137651950512672983 151.52143908888854185 
 35.736058710586746656 125.52392790669719602 
 236.64863057871298224 71.689566525372882211 
 10.682838729887601303 155.66254381052885947 
 242.50503703926398202 93.545972985923896204 
 4.8264322693365784289 133.80613734997783126 
  217.451817058564842 123.68458888975557386 
 238.76303673974095432 141.39989062866624181 
 223.3082235191158702 145.54099535030658785 
 232.90663027918995454 119.54348416811524203 
 186.54219061731464535 131.96679833303625173 
 207.85341029849075767 149.68210007194693389 
 192.39859707786567355 153.82320479358725152 
 201.99700383793975789 127.82569361139590569 
 155.6325641760644487 140.2490077763169154 
 176.94378385724056102 157.96430951522756914 
 161.48897063661547691 162.10541423686791518 
 171.08737739668956124 136.10790305467659778 
 124.72293773481426626 148.53121721959757906 
 146.03415741599036437 166.24651895850826122 
 130.57934419536528026 170.38762368014860726 
 140.17775095543936459 144.39011249795726144 
 93.813311293564098037 156.81342666287824272 
 115.12453097474019614 174.52872840178892488 
 99.669717754115097819 178.66983312342924251 
 109.26812451418919636 152.67232194123789668 
 62.903684852313894282 165.09563610615890639 
 84.214904533489999494 182.81093784506958855 
 68.76009131286490117 186.95204256670993459 
 78.358498072938999712 160.95453138451856034 
 31.994058411063694081 173.37784554943957005 
 53.305278092239802845 191.09314728835025221 
 37.850464871614704521 195.23425200999056983 
 47.448871631688795958 169.23674082779922401 
 248.36144349981501023 115.40237944647492441 
 22.395651650989634618 199.37535673163091587 
 254.21784996036603843 137.25878590702592419 
 16.539245190438627731 177.51895027107988767 
 229.16462997966686999 167.39740181085761606 
 250.4758496608429823 185.11270354976832664 
 235.02103644021786977 189.25380827140864426 
 244.61944320029198252 163.25629708921727001 
 198.25500353841667334 175.67961125413827972 
 219.56622321959278565 193.3949129930489903 
 204.11140999896770154 197.53601771468930792 
 213.70981675904178587 171.53850653249793368 
 167.34537709716647669 183.96182069741894338 
 188.65659677834261743 201.67712243632965397 
 173.20178355771750489 205.81822715796997159 
 182.80019031779158922 179.82071597577859734 
 136.43575065591628004 192.24403014069960705 
 157.74697033709242078 209.95933187961031763 
 142.29215711646730824 214.10043660125066367 
 151.89056387654136415  188.102925419059261 
 105.52612421466611181 200.52623958398024229 
 126.83734389584225255 218.24154132289100971 
 111.38253067521715423 222.38264604453132733 
 120.98093743529121014 196.38513486233992467 
 74.616497773415915162 208.80844902726093437 
 95.927717454592055901 226.52375076617164495 
 80.472904233966957577  230.664855487811991 
 90.071310994041013487 204.66734430562058833 
 43.706871332165725619 217.09065847054156961 
 65.018091013341845041 234.80596020945233704 
 49.563277792716753822 238.94706493109265466 
 59.161684552790831049 212.94955374890125199 
 34.10846457209168392 243.08816965273297228 
 28.252058111540659269 221.23176319218188723 
 240.87744290076889797 211.11021473195967246 
 203.62459797643484194 10.261451865360141866 
 188.16978475580975783 14.402556587000489685 
 256.33225612139398208 206.96911001031935484 
 209.96781645951872974 219.3924241752403077 
 172.71497153518464529 18.543661308640807306 
 157.26015831455956118 22.68476603028114269 
 225.42262968014378544 215.25131945359999008 
 179.05819001826853309 227.67463361852099979 
 141.80534509393444864 26.825870751921474522 
 126.35053187330936453 30.966975473561809906 
 194.51300323889361721 223.53352889688065375 
 148.14856357701833645 235.95684306180163503 
 110.8957186526842662 35.108080195202141738 
 95.440905432059167879 39.249184916842473569 
 163.60337679764342056 231.81573834016131741 
 117.23893713576815401 244.23905250508232712 
 79.986092211434097976 43.390289638482805401 
 64.531278990808999652 47.531394360123144338 
 132.69375035639325233 240.09794778344198107 
 86.329310694517957359 252.52126194836296236 
 49.076465770183901327 51.67249908176347617 
 33.621652549558803003 55.813603803403808001 
 101.78412391514305568 248.38015722672264474 
 18.166839328933704678 59.954708525044139833 
 2.7120261083086054654 64.095813246684485875 
 70.874497473892859034 256.66236667000327998 
 219.07941119705995447 6.1203471437198224692 
