 208.47916566646483716 32.554418631559052244 
 229.79038534764089263 50.269720370469748616 
 214.33557212701583694 54.410825092110066237 
 223.93397888708989285 28.413313909918734623 
 177.56953922521464051 40.836628074839723013 
 198.88075890639072441 58.551929813750398068 
 183.42594568576564029 62.693034535390737005 
 193.02435244583972462 36.695523353199384076 
 146.65991278396444386 49.118837518120386676 
 167.97113246514052776 66.834139257031068837 
 152.51631924451544364 70.975243978671400669 
 162.11472600458952797 44.977732796480054844 
  115.750286342714233 57.401046961401050339 
 137.06150602389033111  75.1163487003117325 
 121.6066928032652612 79.257453421952064332 
 131.20509956333933133 53.259942239760718508 
 84.840659901464064774 65.683256404681699792 
 106.15187958264016288 83.398558143592396164 
 90.697066362015078766 87.539662865232713784 
 100.29547312208913468 61.542151683041389276 
 53.931033460213868125 73.965465847962377666 
 75.242253141389994653 91.680767586873059827 
 59.787439920764889223 95.821872308513391658 
 69.385846680838966449 69.824361126322045834 
 23.021407018963667923 82.247675291243041329 
 44.332626700139776688 99.96297703015372349 
 28.877813479514678363 104.10408175179405532 
  38.4762202395887698 78.106570569602709497 
 13.423000258889606684 108.24518647343438715 
 7.5665937983385971322 86.388780012883373161 
 220.19197858756683672 76.267231552661101546 
 241.50319826874294904 93.982533291571783707 
 226.04838504811786493 98.123638013212115538 
 235.64679180819194926 72.126126831020769714 
 189.28235214631664007 84.549440995941765209 
 210.59357182749275239 102.26474273485243316 
 195.13875860686766828 106.4058474564927792 
 204.73716536694175261 80.408336274301419166 
 158.37272570506644342 92.831650439222414661 
 179.68394538624258416 110.54695217813309682 
 164.22913216561750005 114.68805689977342865 
 173.82753892569155596 88.69054571758208283 
 127.46309926381626099 101.11385988250307832 
 148.77431894499238751 118.82916162141376049 
 133.31950572436727498 122.97026634305409232 
 142.91791248444138773 96.972755160862746493 
 96.553472822566092759 109.3960693257837562 
 117.86469250374219087 127.11137106469443836 
 102.40987928311712096 131.25247578633477019 
 112.00828604319117687 105.25496460414341016 
 65.643846381315910321 117.67827876906441986 
 86.955066062492022638 135.39358050797508781 
 71.500252841866924314 139.53468522961540543 
 81.098659601941008646 113.53717404742408803 
 34.734219940065699461 125.96048821234508353 
 56.045439621241811778 143.67578995125575148 
 40.590626400616706349 147.81689467289609752 
 50.189033160690797786 121.81938349070475169 
 3.824593498815546333 134.24269765562573298 
 25.135813179991639998 151.95799939453644356 
 9.6809999593665558848 156.09910411617676118 
 19.279406719440629558 130.10159293398541536 
 231.90479150866886471 119.98004447376312953 
 253.21601118984497703 137.69534621267385432 
 237.76119796921989291 141.83645093431417195 
 247.35960472929394882 115.83893975212281191 
 200.99516506741866806 128.26225391704377898 
 222.3063847485948088 145.97755565595448957 
 206.85157152796969626 150.11866037759483561 
 216.44997828804375217 124.12114919540347557 
 170.08553862616849983 136.54446336032447107 
 191.39675830734464057 154.25976509923515323 
 175.94194508671952804 158.40086982087549927 
 185.54035184679358395 132.40335863868415345 
 139.17591218491830318 144.82667280360513473 
 160.48713186609444392 162.54197454251581689 
 145.03231864546933139 166.68307926415616294 
 154.6307254055433873 140.68556808196481711 
 108.26628574366813496 153.10888224688579839 
 129.57750542484421885 170.82418398579648056 
 114.12269220421914895 174.9652887074368266 
 123.72109896429321907 148.96777752524548077 
 77.356659302417952517 161.39109169016646206 
 98.667878983594064835 179.10639342907714422 
 83.21306576296896651 183.24749815071746184 
 92.811472523043050842 157.24998696852611602 
 46.447032861167734552 169.67330113344712572 
 67.758252542343853975 187.3886028723578363 
 52.30343932171875565 191.52970759399818235 
 61.901846081792832877 165.53219641180677968 
 15.537406419917578759 177.95551057672778938 
 36.848626101093685747 195.67081231563849997 
 21.393812880468601634 199.81191703727881759 
 30.992219640542664649 173.81440585508744334 
 243.61760442977092112 163.69285739486514331 
 249.47401089032194932 185.54926385541619993 
 212.70797798852072447 171.97506683814583539 
 234.01919766969683678 189.69036857705651755 
 218.56438444907175267 193.83147329869686359 
 228.16279120914580858 167.83396211650551777 
 181.79835154727055624 180.25727628142649905 
 203.10957122844664013 197.97257802033720964 
 187.65475800782155602 202.11368274197752726 
 197.25316476789564035 176.11617155978618143 
 150.88872510602035959 188.53948572470716272 
 172.19994478719644349 206.25478746361784488 
 156.74513156657135937 210.39589218525819092 
 166.3435383266454437 184.3983810030668451 
 119.97909866477017715 196.82169516798782638 
 141.29031834594624684 214.53699690689853696 
 125.83550512532119114 218.67810162853885458 
 135.43391188539524705 192.68059044634750876 
 89.069472223519980503 205.10390461126849004 
 110.38069190469609282 222.81920635017920063 
 94.925878684070994495 226.96031107181951825 
 104.52428544414507883 200.96279988962817242 
 58.159845782269769643 213.38611405454915371 
 79.471065463445896171 231.10141579345986429 
 64.016252242820797846 235.24252051510021033 
 73.614659002894867967 209.24500933290880766 
 27.250219341019612074 221.66832349782981737 
 48.561439022195720838 239.38362523674052795 
 33.106625801570636725 243.52472995838084557 
 42.70503256164469974 217.52721877618947133 
 255.3304173508729491 207.40567031596722813 
 218.07757242653886465 6.5569074493676904325 
 202.62275920591378053 10.69801217100802404 
 224.42079090962275245 215.68787975924792022 
 187.16794598528869642 14.839116892648357648 
 171.71313276466358388 18.980221614288691256 
 239.87560413024786499 211.54677503760757418 
 193.5111644683725558 223.97008920252855546 
 156.25831954403852819 23.121326335929023088 
 140.80350632341341566 27.262431057569358472 
 208.96597768899766834 219.82898448088823784 
 162.60153802712235915 232.25229864580924755 
 125.34869310278830312 31.403535779209690304 
 109.8938798821632048 35.544640500850022136 
 178.05635124774747169 228.1111939241689015 
 131.69191158587221935 240.53450808908988279 
 94.439066661538120684 39.685745222490361073 
 78.98425344091303657 43.826849944130678693 
 147.14672480649727504 236.39340336744956517 
 100.78228514462200849 248.81671753237054645 
 63.529440220287945351 47.967954665771010525 
 48.074626999662839921 52.109059387411342357 
 116.23709836524710681 244.67561281073020041 
 32.619813779037741597 56.250164109051674188 
 17.165000558412643272 60.391268830692013125 
 85.327471923996910164 252.95782225401089249 
 1.7101873377875735915 64.532373552332344957 
