 46.828581551080574741 170.07238219562910331 
 83.594614452881799593 156.49818517835876719 
 77.73820799233077139 178.35459163890973855 
 65.211598001981172956 163.28528368699389262 
 59.355191541430151858 185.14169014754494924 
 71.881801531779757397 200.21099809946076675 
 120.3606473546829676 142.92398816108840265 
 114.50424089413196782 164.78039462163940243 
 101.9776309037823836 149.7110866697235565 
 96.121224443231369605 171.5674931302745847 
 108.64783443358095383 186.63680108219040221 
 90.264817982680355613 193.42389959082558448 
 102.79142797302992562 208.49320754274143042 
 84.408411522129327409 215.28030605137664111 
 96.935021512478911632 230.34961400329248704 
 138.74366380558359424 136.13688965245319196 
 132.88725734503256604 157.99329611300422016 
 151.27027379593317846 151.20619760436903789 
 145.41386733538215026 173.06260406492006609 
 127.03085088448155204 179.84970257355521994 
 139.55746087483115048 194.91901052547106588 
 121.17444442393053805 201.70610903410627657 
 133.7010544142801507 216.77541698602209408 
 115.31803796337952406 223.56251549465727635 
 127.84464795372909407 238.63182344657312228 
 109.46163150282849585 245.41892195520830455 
 163.79688378628276269 166.27550555628491225 
 157.9404773257317629 188.13191201683591203 
 176.32349377663237533 181.34481350820072976 
 170.46708731608134713 203.20121996875175796 
 152.0840708651807347 209.98831847738694023 
 164.61068085553034734 225.05762642930275774 
 146.2276644046297065 231.84472493793794001 
 188.85010376698193113 196.41412146011654727 
 182.99369730643090293 218.27052792066760389 
 201.37671375733154377 211.4834294120323932 
 58.541394472182609832 126.35956927452703269 
 52.684988011631602944 148.21597573507804668 
 40.158378021282018722 133.14666778316220075 
 34.301971560730997624 155.00307424371325737 
 95.30742737398384179 112.78537225725668236 
 89.451020913432799375 134.64177871780771056 
 76.924410923083229363 119.57247076589186463 
 71.06800446253220116 141.42887722644289283 
 132.0734602757850098 99.211175239986332031 
 126.21705381523401002 121.06758170053734602 
 113.69044382488442579 105.99827374862150009 
 107.8340373643334118 127.85468020917252829 
 144.60007026613459402 114.28048319190217796 
 162.98308671703520645 107.49338468326699569 
 157.12668025648420667 129.34979114381800969 
 175.50969670738479067 122.56269263518282742 
 169.65329024683379089 144.41909909573385562 
 188.03630669773440331 137.63200058709867335 
 182.17990023718340353 159.48840704764972998 
 200.56291668808395912 152.70130853901451928 
 194.70651022753295933 174.55771499956554749 
 213.08952667843354334 167.77061649093036522 
 207.23312021788254356  189.627022951481365 
 225.61613666878309914 182.83992444284621115 
 219.75973020823209936 204.69633090339721093 
 70.254207393284644922 82.646756353425018915 
 64.397800932733616719 104.50316281397603291 
 51.871190942384053812 89.433854862060186974 
 46.014784481833032714 111.29026132261120097 
 107.02024029508585556 69.072559336154640164 
 101.16383383453485578 90.928965796705668367 
 88.637223844185243138 75.859657844789836645 
 82.780817383634229145 97.716064305340850638 
 119.54685028543543979 84.141867288070486097 
  137.929866736336038 77.354768779435303827 
 150.45647672668562222 92.424076731351163971 
 168.83949317758623465 85.63697822271596749 
 181.36610316793581887 100.70628617463181342 
 199.7491196188364313 93.919187665996645364 
 193.89271315828543152 115.77559412654765936 
 212.2757296091859871 108.9884956179124913 
 206.41932314863498732 130.84490207846349108 
 224.80233959953557132 124.05780356982833723 
 218.94593313898459996 145.91421003037933701 
 237.32894958988515555 139.12711152174418316 
 231.47254312933415576 160.98351798229515452 
 76.110613853835658915 60.790349892873983606 
  57.7275974029350607 67.577448401509172982 
 94.493630304736271341 54.003251384238801336 
 112.87664675563688377 47.216152875603633277 
 125.40325674598646799 62.285460827519464999 
 143.78627319688706621 55.49836231888429694 
 156.31288318723665043 70.567670270800135768 
 174.69589963813726285 63.780571762164967708 
 187.22250962848684708 78.84987971408078522 
 205.6055260793874595 72.062781205445617161 
 218.1321360697370153 87.132089157361448883 
 230.65874606008659953 102.20139710927730903 
 243.18535605043615533 117.27070506119315496 
 131.25966320653748198 40.429054366968443901 
 149.64267965743806599 33.64195585833324742 
 162.16928964778765021 48.711263810249107564 
 180.55230609868826264 41.924165301613911083 
 193.07891608903784686 56.993473253529771227 
 168.02569610833867841 26.854857349698093572 
