 56.489704893685335207 155.88976806606513037 
 95.117121891654846877 162.51718506403463493 
 79.117121891654832666 178.51718506403463493 
 75.803413392670094595 159.20347656504989686 
 59.803413392670073279 175.20347656504989686 
 63.117121891654839771 194.51718506403463493 
 114.43083039063957074 165.83089356301940143 
 98.43083039063961337  181.830893563019373 
 117.74453888962436565 185.14460206200416792 
 101.74453888962436565 201.1446020620041395 
 82.430830390639584948  197.830893563019373 
 85.744538889624379863 217.14460206200416792 
 66.430830390639599159 213.83089356301940143 
 121.05824738860913214 204.45831056098893441 
 105.05824738860911793 220.45831056098893441 
 124.37195588759389864 223.77201905997367248 
 49.862287895715809327 117.26235106809558317 
 88.489704893685342313 123.88976806606511616 
 72.489704893685356524 139.88976806606510195 
 69.17599639470057582 120.57605956708036388 
 53.17599639470057582 136.57605956708033546 
 127.11712189165484688 130.51718506403463493 
 111.11712189165483267 146.51718506403466336 
 107.80341339267008038 127.20347656504986844 
 91.803413392670094595 143.20347656504986844 
 146.43083039063961337  133.830893563019373 
 130.43083039063958495 149.83089356301940143 
 149.74453888962437986 153.1446020620041395 
 133.74453888962437986 169.14460206200416792 
 153.05824738860911793 172.45831056098890599 
 137.05824738860914636 188.45831056098890599 
 156.37195588759391285 191.77201905997364406 
 140.37195588759391285 207.77201905997367248 
 159.68566438657865092 211.08572755895843898 
 143.68566438657865092 227.08572755895841055 
 162.99937288556341741 230.39943605794317705 
 81.862287895715795116 85.262351068095597384 
 65.862287895715795116 101.26235106809558317 
 62.548579396731042834 81.948642569110845102 
 46.548579396731035729 97.948642569110845102 
 120.48970489368531389 91.889768066065116159 
 104.4897048936853281 107.88976806606513037 
 101.17599639470056161 88.576059567080349666 
 85.175996394700561609 104.57605956708034967 
 159.11712189165484688 98.517185064034634934 
 143.11712189165484688 114.51718506403462072 
 139.80341339267005196 95.203476565049882652 
 123.80341339267009459 111.20347656504988265 
 162.43083039063958495  117.830893563019373 
 181.74453888962435144 121.1446020620041395 
 165.74453888962437986 137.1446020620041395 
 185.05824738860911793 140.45831056098893441 
 169.05824738860911793 156.45831056098890599 
 188.37195588759391285 159.77201905997370091 
 172.37195588759388443 175.77201905997367248 
 191.68566438657865092 179.08572755895841055 
 175.6856643865786225 195.08572755895841055 
 194.99937288556341741 198.39943605794320547 
 178.99937288556338899 214.39943605794317705 
 198.31308138454815548 217.71314455692794354 
 182.31308138454815548 233.71314455692791512 
 97.862287895715780905 69.262351068095597384 
 78.548579396731042834 65.948642569110845102 
 136.48970489368531389 75.889768066065116159 
 117.1759963947005474 72.576059567080349666 
 155.80341339267008038 79.203476565049882652 
 175.11712189165484688 82.517185064034620723 
 178.43083039063958495 101.83089356301938722 
 197.74453888962437986 105.14460206200415371 
 201.05824738860914636 124.4583105609889202 
 204.37195588759391285 143.77201905997367248 
 207.6856643865786225 163.08572755895843898 
 210.99937288556341741 182.39943605794317705 
 214.31308138454815548 201.71314455692794354 
 194.43083039063958495 85.830893563019373005 
