 61.902984276951571019 128.94813301447663889 
 97.498902219216986964 145.34723743659390038 
 77.90298427695158523 156.66094593557863845 
 79.700943248084286097 137.14768522553524122 
 60.105025305818848835 148.46139372452000771 
 58.307066334686140863 167.97465443456343337 
 115.29686119034968783 153.54678964765253113 
 95.700943248084300308 164.86049814663729762 
 113.49890221921701539 173.06005035769592837 
 93.90298427695158523 184.37375885668069486 
 76.10502530581884173 176.17420664562206412 
 74.307066334686155074 195.68746735566546135 
 56.50910736355343289 187.48791514460683061 
 111.70094324808430031 192.57331106773932561 
 92.105025305818870152 203.8870195667240921 
 109.90298427695159944 212.08657177778275127 
 65.498902219217015386 89.92161159438980178 
 101.09482016148244554 106.32071601650710591 
 81.498902219217029597 117.63442451549184398 
 83.296861190349702042 98.121163805448446738 
 63.700943248084286097 109.43487230443322744 
 136.69073810374786149 122.71982043862435319 
 117.09482016148240291 134.03352893760913389 
 118.89277913261514641 114.52026822756573665 
 99.296861190349702042 125.83397672655048893 
 154.48869707488057657 130.91937264968299814 
 134.89277913261514641 142.23308114866776464 
 152.69073810374788991 150.43263335972642381 
 133.09482016148243133 161.7463418587111903 
 150.89277913261517483 169.94589406976982104 
 131.29686119034971625 181.25960256875458754 
 149.09482016148245975 189.45915477981321828 
 129.49890221921705802 200.77286327879795635 
 147.29686119034974467 208.9724154898565871 
 127.70094324808431452 220.28612398884135359 
 145.4989022192170296 228.48567619989998434 
 104.69073810374784728 67.294194596420297216 
 85.094820161482431331 78.607903095405049498 
 86.892779132615146409 59.094642385361680681 
 67.296861190349716253 70.408350884346432963 
 140.28665604601329164 83.69329901853757292 
 120.69073810374786149 95.007007517522325202 
 122.48869707488056235 75.493746807478927963 
 102.8927791326151322 86.807455306463694455 
 175.8825739882787218 100.0924034406548202 
 156.28665604601329164 111.40611193963958669 
 158.08461501714600672 91.892851229596217877 
 138.48869707488057657 103.20655972858095595 
 174.08461501714600672 119.60566415069824586 
 191.8825739882787218 127.80521636175687661 
 172.28665604601329164 139.11892486074162889 
 190.08461501714600672 147.31847707180028806 
 170.48869707488060499 158.63218557078505455 
 188.28665604601329164 166.8317377818436853 
 168.69073810374786149 178.14544628082848021 
 186.48869707488057657 186.34499849188705412 
 166.89277913261514641 197.65870699087184903 
 184.69073810374786149 205.85825920193047978 
 165.09482016148243133 217.17196770091524627 
 182.89277913261514641 225.37151991197384859 
 163.29686119034971625 236.68522841095861509 
 124.28665604601326322 55.980486097435530723 
 106.48869707488056235 47.780933886376907083 
 159.8825739882787218 72.379590519552806427 
 142.08461501714600672 64.180038308494175681 
 177.68053295941143688 80.579142730611437173 
 195.47849193054412353 88.778694941670067919 
 193.68053295941143688 108.29195565171346516 
 211.47849193054412353 116.49150786277212433 
 209.68053295941143688 136.00476857281552157 
 207.8825739882787218 155.5180292828589188 
 206.08461501714600672 175.03128999290231604 
 204.28665604601329164 194.54455070294571328 
 202.48869707488057657 214.0578114129890821 
 213.27645090167686703 96.978247152728712877 
