 95.331641193683481106 116.72602329073470173 
 139.04445411478550909 105.01321036963265954 
 131.04445411478550909 118.86961683018367353 
 117.18804765423450931 110.86961683018368774 
 109.18804765423450931 124.72602329073470173 
 123.04445411478550909 132.72602329073470173 
 115.04445411478550909 146.58242975128572994 
 101.18804765423452352 138.58242975128575836 
 107.04445411478550909 160.43883621183675814 
 160.90086057533653729 99.156803909081645543 
 152.90086057533653729 113.01321036963265954 
 166.7572670358875655 121.01321036963265954 
 158.7572670358875655 134.86961683018367353 
 144.90086057533656572 126.86961683018367353 
 136.90086057533653729 140.72602329073470173 
 150.7572670358875655 148.72602329073473015 
 142.7572670358875655 162.58242975128572994 
 128.90086057533653729 154.58242975128572994 
 120.90086057533653729 168.43883621183672972 
 134.7572670358875655 176.43883621183675814 
 112.90086057533653729 182.29524267238778634 
 172.61367349643862212 142.86961683018367353 
 164.61367349643856528 156.72602329073473015 
 178.47007995698962191 164.72602329073470173 
 156.6136734964385937 170.58242975128572994 
 67.618828272581424699 100.72602329073471594 
 111.33164119368349532 89.013210369632673746 
 103.33164119368348111 102.86961683018368774 
 89.475234733132481324 94.869616830183687739 
 81.475234733132467113 108.72602329073470173 
 87.331641193683481106 130.58242975128575836 
 73.475234733132467113 122.58242975128574415 
 79.331641193683481106 144.43883621183675814 
 155.04445411478550909 77.30039744853063155 
 147.04445411478550909 91.156803909081645543 
 133.18804765423450931 83.156803909081673964 
 125.18804765423452352 97.013210369632673746 
 93.18804765423452352 152.43883621183675814 
 99.04445411478549488 174.29524267238778634 
 85.188047654234509309 166.29524267238781476 
 91.044454114785523302 188.15164913293878612 
 176.90086057533653729 71.443990987979589136 
 168.90086057533653729 85.30039744853063155 
 182.7572670358875655 93.30039744853063155 
 174.75726703588753708 107.15680390908164554 
 126.75726703588755129 190.29524267238778634 
 104.90086057533655151 196.1516491329387577 
 118.75726703588757971 204.15164913293878612 
 96.900860575336551506 210.00805559348981433 
 188.6136734964385937 115.15680390908165975 
 180.6136734964385937 129.01321036963267375 
 194.47007995698959348 137.01321036963267375 
 186.47007995698962191 150.86961683018367353 
 170.47007995698962191 178.58242975128572994 
 148.6136734964385937 184.43883621183675814 
 162.47007995698962191 192.43883621183678656 
 140.6136734964385937 198.29524267238778634 
 200.32648641754062169 158.86961683018364511 
 192.32648641754059327 172.72602329073470173 
 206.18289287809164989 180.72602329073470173 
 184.32648641754062169 186.58242975128572994 
 83.61882827258143891 73.013210369632673746 
 75.61882827258143891 86.869616830183687739 
 61.762421812030432022 78.869616830183687739 
 53.762421812030432022 92.726023290734715943 
 59.61882827258143891 114.58242975128574415 
 45.762421812030424917 106.58242975128574415 
 51.61882827258143891 128.43883621183675814 
 127.33164119368348111 61.300397448530638655 
 119.33164119368348111 75.156803909081659754 
 105.4752347331324529 67.156803909081659754 
 97.475234733132467113 81.013210369632673746 
 65.475234733132467113 136.43883621183675814 
 71.331641193683466895 158.29524267238778634 
 57.475234733132460008 150.29524267238778634 
 63.331641193683495317 172.15164913293878612 
 171.04445411478550909 49.587584527428589354 
 163.04445411478553751 63.443990987979603347 
 149.18804765423450931 55.443990987979610452 
 141.18804765423450931 69.30039744853063155 
 77.18804765423452352 180.15164913293878612 
 83.044454114785523302 202.00805559348981433 
 69.18804765423452352 194.00805559348981433 
 75.044454114785537513 215.86446205404081411 
 184.90086057533650887 57.587584527428596459 
 198.7572670358875655 65.587584527428603565 
 190.7572670358875655 79.443990987979589136 
 110.75726703588757971 218.00805559348981433 
 88.900860575336551506 223.86446205404078569 
 102.7572670358875655 231.86446205404081411 
 204.6136734964385937 87.443990987979603347 
 196.6136734964385937 101.30039744853063155 
 210.47007995698959348 109.30039744853063155 
 202.47007995698962191 123.15680390908165975 
 154.47007995698962191 206.29524267238778634 
 132.6136734964385937 212.15164913293878612 
 146.47007995698962191 220.15164913293881455 
 124.6136734964385937 226.00805559348981433 
 216.32648641754062169 131.15680390908164554 
 208.32648641754062169 145.01321036963264532 
 222.18289287809162147 153.01321036963267375 
 214.18289287809164989 166.86961683018370195 
 198.18289287809164989 194.58242975128570151 
 176.32648641754059327 200.43883621183675814 
 190.18289287809164989 208.43883621183675814 
 168.32648641754062169 214.29524267238775792 
 228.03929933864264967 174.86961683018367353 
 220.03929933864262125 188.72602329073467331 
 212.03929933864264967 202.58242975128572994 
 91.618828272581424699 59.156803909081659754 
 69.762421812030424917 65.013210369632673746 
 37.762421812030424917 120.43883621183677235 
 43.618828272581431804 142.29524267238778634 
 135.33164119368348111 47.443990987979610452 
 113.4752347331324529 53.30039744853063155 
 49.475234733132474219 164.15164913293878612 
 55.331641193683495317 186.00805559348978591 
 157.18804765423450931 41.587584527428603565 
 61.188047654234530626 207.86446205404081411 
 212.6136734964385937 73.587584527428603565 
 218.47007995698962191 95.443990987979603347 
 138.47007995698962191 234.00805559348981433 
 116.61367349643860791 239.86446205404078569 
 224.32648641754062169 117.30039744853061734 
 230.18289287809164989 139.15680390908167396 
 182.18289287809162147 222.29524267238775792 
 160.32648641754062169 228.15164913293878612 
 236.03929933864262125 161.01321036963264532 
 204.03929933864262125 216.43883621183672972 
