 92.43397316536982089 122.21949175533191578 
 136.14678608647184888 110.50667883422987359 
 128.14678608647184888 124.36308529478088758 
 114.29037962592083488 116.36308529478087337 
 106.29037962592083488 130.21949175533191578 
 120.14678608647184888 138.21949175533188736 
 112.14678608647184888 152.07589821588294399 
 98.290379625920834883 144.07589821588294399 
 104.14678608647184888 165.93230467643394377 
 158.00319254702287708 104.65027237367885959 
 150.00319254702287708 118.50667883422987359 
 163.85959900757390528 126.50667883422987359 
 155.85959900757390528 140.36308529478088758 
 142.00319254702287708 132.36308529478088758 
 134.00319254702284866 146.21949175533188736 
 147.85959900757390528 154.21949175533191578 
 139.85959900757390528 168.07589821588294399 
 126.00319254702287708 160.07589821588294399 
 118.00319254702286287 173.93230467643394377 
 131.85959900757390528 181.93230467643397219 
 110.00319254702286287 187.78871113698500039 
 169.71600546812493349 148.36308529478088758 
 161.71600546812490506 162.21949175533191578 
 175.57241192867596169 170.21949175533191578 
 153.71600546812490506 176.07589821588294399 
 64.721160244267764483 106.21949175533191578 
 108.4339731653698351 94.506678834229873587 
 100.43397316536982089 108.36308529478088758 
 86.577566704818806897 100.36308529478088758 
 78.577566704818792687 114.21949175533191578 
 84.43397316536982089 136.07589821588297241 
 70.577566704818792687 128.07589821588294399 
 76.43397316536982089 149.93230467643397219 
 152.14678608647184888 82.793865913127831391 
 144.14678608647182045 96.650272373678859594 
 130.29037962592082067 88.650272373678859594 
 122.29037962592083488 102.50667883422987359 
 90.290379625920834883 157.93230467643394377 
 96.146786086471834665 179.78871113698500039 
 82.290379625920820672 171.78871113698500039 
 88.146786086471863086 193.64511759753600018 
 174.00319254702287708 76.937459452576803187 
 166.00319254702287708 90.793865913127831391 
 179.85959900757387686 98.793865913127831391 
 171.85959900757387686 112.65027237367885959 
 123.85959900757389107 195.78871113698500039 
 102.00319254702287708 201.64511759753597175 
 115.85959900757390528 209.64511759753600018 
 94.003192547022877079 215.50152405808699996 
 185.71600546812490506 120.65027237367887381 
 177.71600546812493349 134.5066788342298878 
 191.57241192867593327 142.5066788342298878 
 183.57241192867596169 156.36308529478088758 
 167.57241192867596169 184.07589821588294399 
 145.71600546812490506 189.93230467643397219 
 159.57241192867596169 197.93230467643397219 
 137.71600546812490506 203.78871113698497197 
 197.42881838922696147 164.36308529478085916 
 189.42881838922693305 178.21949175533188736 
 203.28522484977798968 186.21949175533191578 
 181.42881838922696147 192.07589821588291557 
 80.721160244267778694 78.506678834229887798 
 72.721160244267778694 92.363085294780901791 
 58.864753783716743385 84.363085294780901791 
 50.864753783716743385 98.219491755331901572 
 56.721160244267764483 120.07589821588294399 
 42.86475378371673628 112.07589821588292978 
 48.721160244267764483 133.93230467643397219 
 124.43397316536982089 66.793865913127831391 
 116.43397316536982089 80.650272373678859594 
 102.57756670481879269 72.650272373678859594 
 94.577566704818792687 86.506678834229873587 
 62.577566704818792687 141.93230467643397219 
 68.433973165369806679 163.78871113698497197 
 54.577566704818785581 155.78871113698497197 
 60.433973165369835101 177.64511759753600018 
 168.14678608647184888 55.081052992025789194 
 160.14678608647184888 68.937459452576803187 
 146.29037962592082067 60.937459452576817398 
 138.29037962592082067 74.793865913127845602 
 74.290379625920849094 185.64511759753600018 
 80.146786086471863086 207.50152405808702838 
 66.290379625920834883 199.50152405808702838 
 72.146786086471863086 221.35793051863802816 
 182.00319254702284866  63.0810529920257963 
 195.85959900757390528 71.081052992025803405 
 187.85959900757390528 84.937459452576817398 
 107.85959900757390528 223.50152405808702838 
 86.00319254702289129 229.35793051863799974 
 99.859599007573905283 237.35793051863802816 
 201.71600546812490506 92.937459452576817398 
 193.71600546812493349 106.7938659131278456 
 207.57241192867593327 114.7938659131278456 
 199.57241192867593327 128.65027237367888802 
 151.57241192867596169 211.78871113698500039 
 129.71600546812493349 217.64511759753600018 
 143.57241192867596169 225.6451175975360286 
 121.71600546812493349 231.50152405808699996 
 213.42881838922696147 136.65027237367885959 
 205.42881838922696147 150.50667883422985938 
 219.28522484977796125 158.50667883422985938 
 211.28522484977798968 172.36308529478088758 
 195.28522484977798968 200.07589821588294399 
 173.42881838922693305 205.93230467643397219 
 187.28522484977798968 213.93230467643394377 
 165.42881838922696147 219.78871113698497197 
 225.14163131032898946 180.36308529478088758 
 217.14163131032896104 194.21949175533188736 
 209.14163131032898946 208.07589821588291557 
 88.721160244267764483 64.650272373678859594 
 66.86475378371673628 70.506678834229887798 
 34.86475378371673628 125.93230467643395798 
 40.721160244267757378 147.78871113698497197 
 132.43397316536982089 52.937459452576810293 
 110.57756670481879269 58.793865913127831391 
 46.577566704818799792 169.64511759753600018 
 52.433973165369835101 191.50152405808699996 
 154.29037962592082067 47.081052992025803405 
 58.290379625920841988 213.35793051863802816 
 209.71600546812490506 79.081052992025803405 
 215.57241192867596169 100.9374594525768174 
 135.57241192867593327 239.50152405808702838 
 113.71600546812493349 245.35793051863799974 
 221.42881838922696147 122.79386591312783139 
 227.28522484977798968 144.65027237367885959 
 179.28522484977796125 227.78871113698497197 
 157.42881838922696147 233.64511759753600018 
 233.14163131032896104 166.50667883422985938 
 201.14163131032896104 221.93230467643394377 
