 97.75243211539385868 95.10187227195130788 
 141.4652450364959293 106.81468519305332165 
 127.60883857594490109 114.81468519305332165 
 119.60883857594490109 100.95827873250230766 
 105.75243211539385868 108.95827873250232187 
 113.75243211539387289 122.81468519305332165 
 99.896025654842844688 130.81468519305335008 
 91.896025654842844688 116.95827873250232187 
 86.039619194291816484 138.81468519305335008 
 163.32165149704690066 112.67109165360433565 
 149.4652450364959293 120.67109165360433565 
 157.4652450364959293 134.52749811415534964 
 143.60883857594492952 142.52749811415534964 
 135.60883857594490109 128.67109165360434986 
 121.75243211539387289 136.67109165360434986 
 129.75243211539387289 150.52749811415534964 
 115.89602565484284469 158.52749811415540648 
 107.89602565484284469 144.67109165360434986 
 94.039619194291816484 152.67109165360434986 
 102.03961919429181648 166.52749811415537806 
 80.183212733740802491 160.67109165360434986 
 151.60883857594492952 156.38390457470640627 
 137.75243211539387289 164.38390457470640627 
 145.75243211539387289 178.24031103525740605 
 123.8960256548428589 172.38390457470640627 
 81.75243211539385868 67.389059350849251473 
 125.46524503649591509 79.10187227195130788 
 111.60883857594490109 87.101872271951293669 
 103.60883857594490109 73.245465811400265466 
 89.75243211539385868 81.245465811400279676 
 83.896025654842844688 103.10187227195130788 
 75.896025654842844688 89.245465811400293887 
 70.039619194291816484 111.10187227195132209 
 169.17805795759795728 90.814685193053321655 
 155.32165149704692908 98.814685193053321655 
 147.32165149704692908 84.958278732502307662 
 133.4652450364959293 92.958278732502321873 
 78.039619194291816484 124.95827873250233608 
 72.183212733740802491 146.81468519305335008 
 64.183212733740788281 132.95827873250232187 
 58.326806273189788499 154.81468519305335008 
 191.03446441814895707 96.671091653604335647 
 177.17805795759795728 104.67109165360433565 
 185.17805795759795728 118.52749811415536385 
 171.32165149704692908 126.52749811415536385 
 88.183212733740802491 174.52749811415540648 
 66.326806273189788499 168.67109165360434986 
 74.32680627318980271 182.52749811415537806 
 52.470399812638781611 176.67109165360437828 
 179.32165149704692908 140.38390457470640627 
 165.4652450364959293 148.38390457470640627 
 173.4652450364959293 162.24031103525740605 
 159.60883857594492952 170.24031103525740605 
 131.89602565484287311 186.24031103525743447 
 110.03961919429183069 180.38390457470640627 
 118.03961919429183069 194.24031103525746289 
 96.183212733740816702 188.38390457470640627 
 167.60883857594490109 184.09671749580843425 
 153.75243211539387289 192.09671749580843425 
 161.75243211539387289 205.95312395635943403 
 139.89602565484284469 200.09671749580843425 
 109.46524503649591509 51.389059350849251473 
 95.608838575944901095 59.389059350849237262 
 87.608838575944886884 45.532652890298223269 
 73.75243211539385868 53.532652890298244586 
 67.896025654842844688 75.389059350849265684 
 59.896025654842837582 61.532652890298244586 
 54.039619194291802273 83.389059350849265684 
 153.17805795759792886 63.101872271951293669 
 139.32165149704692908 71.101872271951293669 
 131.32165149704692908 57.245465811400272571 
 117.46524503649591509 65.245465811400279676 
 62.039619194291802273 97.245465811400293887 
 56.183212733740795386 119.10187227195132209 
 48.183212733740788281 105.2454658114003081 
 42.326806273189795604 127.10187227195130788 
 196.89087087869998527 74.814685193053321655 
 183.03446441814895707 82.814685193053321655 
 175.03446441814898549 68.958278732502307662 
 161.17805795759795728 76.958278732502307662 
 50.32680627318980271 140.95827873250235029 
 44.470399812638774506 162.81468519305332165 
 36.470399812638774506 148.95827873250232187 
 30.613993352087778277 170.81468519305332165 
 204.89087087870001369 88.671091653604321436 
 212.89087087869998527 102.52749811415536385 
 199.03446441814895707 110.52749811415536385 
 60.470399812638781611 190.52749811415537806 
 38.61399335208778183 184.67109165360437828 
 46.61399335208778183 198.52749811415537806 
 207.03446441814901391 124.38390457470639205 
 193.17805795759795728 132.38390457470637784 
 201.17805795759795728 146.24031103525740605 
 187.3216514970469575 154.24031103525740605 
 104.1832127337408167 202.24031103525743447 
 82.32680627318981692 196.38390457470637784 
 90.32680627318981692 210.24031103525743447 
 68.470399812638788717 204.38390457470643469 
 195.32165149704692908 168.09671749580840583 
 181.46524503649590088 176.09671749580843425 
 189.46524503649595772 189.95312395635943403 
 175.60883857594492952 197.95312395635943403 
 147.89602565484284469 213.95312395635943403 
 126.03961919429183069 208.09671749580843425 
 134.03961919429184491 221.95312395635946245 
 112.18321273374080249 216.09671749580843425 
 183.60883857594490109 211.80953041691043381 
 169.75243211539390131 219.80953041691043381 
 155.89602565484284469 227.80953041691046224 
 123.32165149704691487 43.389059350849244368 
 101.46524503649590088 37.53265289029823748 
 46.039619194291809379 69.532652890298251691 
 40.183212733740788281 91.389059350849265684 
 167.03446441814895707 55.101872271951293669 
 145.17805795759792886 49.245465811400272571 
 34.326806273189788499 113.24546581140027968 
 28.470399812638781611 135.10187227195129367 
 188.89087087870001369 60.958278732502300556 
 22.613993352087774724 156.95827873250232187 
 220.89087087870001369 116.38390457470637784 
 215.03446441814898549 138.24031103525740605 
 76.470399812638788717 218.24031103525743447 
 54.613993352087788935 212.38390457470640627 
 209.17805795759795728 160.09671749580840583 
 203.32165149704692908 181.95312395635943403 
 120.18321273374080249 229.95312395635946245 
 98.32680627318980271 224.09671749580840583 
 197.4652450364959293 203.80953041691040539 
 142.03961919429181648 235.80953041691043381 
