 26.422476690571095048 38.003226463724040229 
 20.429147072330938073 60.370637105503718089 
 57.332103131821291697 46.285435907004696787 
 51.338773513581131169 68.652846548784395964 
 47.14302931378199446 22.492324195496767203 
 73.514506568100742356 47.711136976732980486 
 67.521176949860574723 70.078547618512672557 
 41.149699695541841038 44.859734837276427299 
 14.435817454090768663 82.738047747283403055 
 8.4424878358505974774 105.10545838906308802 
 45.345443895340963536 91.020257190564052507 
 39.352114277100788797 113.38766783234375168 
 35.156370077301673405 67.22714547905610516 
 61.52784733162040709 92.445958260292357522 
 55.534517713380253667 114.81336890207202828 
 29.163040459061498666 89.594556120835804336 
 2.4491582176104413904 127.47286903084277299 
 33.358784658860635375 135.75507847412345086 
  27.3654550406204784 158.1224891159031074 
 23.169710840821345244 111.96196676261546088 
 49.541188095140078929 137.18077954385168482 
 43.547858476899925506 159.54819018563139821 
 17.176381222581188268 134.32937740439513163 
 21.372125422380307214 180.48989975768276395 
 15.378795804140137804 202.85731039946244891 
 11.183051604341017082 156.6967880461748166 
 37.554528858659757873 181.91560082741105475 
 31.561199240419597345 204.2830114691907113 
 5.1897219861008609954 179.06419868795447314 
 32.415806308811269787 15.635815821944333948 
 69.318762368301619858 1.5506146234453570543 
 63.32543275006145933 23.918025265225004716 
 85.501165804581077623 2.9763156931736105548 
 79.50783618634090999 25.343726334953302626 
 88.24172957307146703 54.567645350285367556 
 82.248399954831299397 76.935055992065045416 
 119.15135601432166368 62.849854793566024114 
 113.15802639608149605 85.217265435345709079 
 108.96228219628238776 39.056743082058098082 
 135.33375945060112144 64.275555863294300707 
 129.3404298323609396 86.642966505073985672 
 102.96895257804222013 61.424153723837761731 
 76.255070336591145974 99.302466633844730381 
 70.261740718350978341 121.66987727562440114 
 107.16469677784132841 107.58467607712539404 
 101.17136715960116078 129.9520867189050648 
 96.975622959802052492 83.791564365617432486 
 123.34710021412077197 109.01037714685368485 
 117.35377059588060433 131.3777877886333556 
 90.982293341561884858 106.15897500739711745 
 64.268411100110810708 144.0372879174040861 
 58.275081481870643074 166.40469855918377107 
 95.178037541360993146 152.31949736068474976 
 89.184707923120839723 174.68690800246440631 
 84.988963723321717225 128.52638564917680242 
 111.3604409776404367 153.74519843041304057 
 105.36711135940026907 176.11260907219269711 
 78.995634105081563803 150.89379629095645896 
 52.281751863630489652 188.77210920096342761 
 46.288422245390314913 211.13951984274311258 
 83.191378304880686301 197.0543186442441197 
 77.198048686640504457 219.42172928602380466 
 73.00230448684141038 173.26120693273614393 
 99.373781741160115644 198.48001971397235366 
 93.380452122919962221 220.84743035575206704 
 67.008974868601228536 195.62861757451580047 
 100.22838880955178809 9.8328240667260136121 
 94.235059191311634663 32.200234708505661274 
 131.13801525080199895 18.115033510006686157 
 125.14468563256183131 40.482444151786332043 
 61.015645250361060903 217.99602821629551386 
 147.32041868708142829 19.540734579734941434 
 141.32708906884127487 41.908145221514629952 
 114.95561181452255539 16.689332440278374037 
 150.06098245557186033 71.132064236846701988 
 144.06765283733167848 93.499474878626386953 
 180.97060889682205698 79.41427368012735144 
 174.97727927858187513 101.78168432190705062 
 170.78153507878275263 55.621161968619425409 
 197.15301233310148632 80.839974749855642244 
 191.15968271486130448 103.20738539163532721 
 164.78820546054259921 77.988572610399074847 
 138.07432321909152506 115.86688552040605771 
 132.08099360085137164 138.23429616218575688 
 168.98394966034172171 124.14909496368672137 
 162.99062004210156829 146.51650560546639213 
 158.79487584230244579 100.35598325217875981 
 185.16635309662115105 125.57479603341501218 
 179.17302347838099763 147.94220667519468293 
 152.80154622406226395 122.72339389395845899 
 126.08766398261120401 160.60170680396541343 
 120.09433436437105058 182.96911744574506997 
 156.99729042386141487 168.88391624724610551 
 151.00396080562126144 191.25132688902576206 
 146.80821660582211052 145.09080453573812974 
 173.17969386014084421 170.30961731697433947 
 167.18636424190069079 192.67702795875405286 
 140.8148869875819571 167.45821517751778629 
 114.10100474613086874 205.33652808752475494 
 108.10767512789071532 227.70393872930446832 
 145.0106311873810796 213.61873753080544702 
 139.01730156914089775 235.98614817258510357 
 134.82155736934180368 189.82562581929747125 
 161.19303462366050894 215.04443860053368098 
 155.19970500542035552 237.41184924231339437 
 128.82822775110162183 212.1930364610771278 
 162.04764169205216717 26.397242953287342715 
 156.05431207381201375 48.764653595066995706 
 192.95726813330236382 34.679452396568017036 
 186.96393851506223882 57.046863038347666475 
 122.8348981328614542 234.56044710285686961 
 209.13967156958179316 36.105153466296272313 
 203.14634195134163974 58.472564108075964384 
 176.77486469702293448 33.253751326839719127 
 211.8802353380722252 87.696483123408029314 
 205.88690571983207178 110.06389376518770007 
 242.78986177932239343 95.978692566688678767 
 236.79653216108224001 118.34610320846836373 
 232.60078796128314593 72.185580855180759841 
 252.97893559736169777 119.77180427819665454 
 226.60745834304296409 94.552991496960416384 
 199.89357610159191836 132.43130440696739925 
 193.90024648335173652 154.79871504874705579 
 230.80320254284208659 140.71351385024806291 
 224.80987292460190474 163.08092449202771945 
 220.61412872480281067 116.92040213874010135 
 246.98560597912151593 142.13921491997632529 
 240.99227636088139093 164.50662556175601026 
 214.62079910656265724 139.2878127805197721 
 187.90691686511158309 177.16612569052674075 
 181.91358724687142967 199.53353633230642572 
 218.81654330636177974 185.44833513380740442 
 212.82321368812156948 207.81574577558708938 
 208.62746948832244698 161.65522342229942865 
 234.99894674264120908 186.8740362035356668 
 229.00561712440105566 209.24144684531538019 
 202.63413987008232198 184.02263406407914204 
 175.9202576286312194 221.90094697408611069 
 169.92692801039106598 244.26835761586576723 
 206.82988406988141605 230.18315641736677435 
 200.83655445164126263 252.55056705914643089 
 196.64081025184214013  206.390044705858827 
 223.01228750616087382 231.60885748709500831 
 217.01895788792069197 253.9762681288747217 
 190.64748063360198671 228.75745534763845512 
 223.86689457455253205 42.961661839848673594 
 217.87356495631240705 65.329072481628315927 
 254.7765210158027287 51.243871283129344363 
 248.78319139756257528 73.61128192490897959 
 184.65415101536180487 251.12486598941816851 
 238.59411757952329936 49.818170213401032242 
