 172.78824155763282988 19.586754207376674941 
 150.42083091585314492 25.580083825616846127 
 181.07045100091349354 50.496380648626868037 
 158.70304035913380858 56.489710266867042776 
 196.58135326914080565 29.775828025415965072 
 187.92695937446592325 65.223603653597606922 
 165.55954873268620986 71.216933271837774555 
 174.21394262736112069 35.769157643656136258 
 128.05342027407348837 31.573413443857003102 
 105.68600963229380341 37.566743062097174288 
 136.33562971735415204 62.483039885107196199 
 113.96821907557446707 68.476369503347370937 
 151.84653198558143572 41.762487261896296786 
 143.19213809090652489 77.210262890077942188 
 120.82472744912685414 83.203592508318095611 
 129.47912134380175075 47.75581688013646442 
 83.318598990514118441 43.560072680337341922 
 60.951188348734476108 49.553402298577502449 
 91.600808433794796315 74.469699121587538571 
 69.23339779201512556 80.463028739827691993 
   107.11171070202208 53.749146498376617842 
 98.457316807347183385 89.196922126558249033 
 76.089906165567498419 95.190251744798430877 
 84.744300060242423456 59.742476116616792581 
 38.583777706954784037 55.546731916817670083 
 16.216367065175088413 61.540061535057830611 
 46.865987150235454806 86.456358358067859626 
 24.498576508455759182 92.44968797630802726 
 62.376889418462724279 65.735805734856953109 
 53.722495523787841876 101.18358136303859851 
 31.355084882008164016 107.17691098127875193 
 40.00947877668306063 71.729135353097120742 
 195.15565219941254327 13.593424589136519742 
 2.1311658666760822101 98.443017594548194893 
 203.43786164269320693 44.503051030386714615 
 17.642068134903357901 77.722464971337288375 
 8.9876742402284719446 113.17024059951891957 
 210.29437001624557979 59.230274035357446394 
 218.94876391092049062 23.782498407175797439 
 189.35266044419415721 81.406007089877050475 
 166.98524980241450066 87.399336708117218109 
 197.63486988747484929 112.31563353112726134 
 175.26745924569516433 118.30896314936741476 
 213.14577215570213298 91.595080907916340607 
 204.49137826102722215 127.04285653609795759 
 182.12396761924753719 133.03618615433813943 
 190.77836151392247643 97.58841052615650824 
 144.6178391606348157 93.392666326357371531 
 122.25042851885513073 99.385995944597539165 
 152.90004860391547936 124.30229276760758239 
 130.5326379621357944 130.29562238584773581 
 168.41095087214276305 103.58174014439667587 
 159.75655697746785222 139.02951577257829285 
 137.38914633568816726 145.02284539081844628 
 146.04354023036307808 109.5750697626368293 
 99.883017877075445767 105.37932556283772101 
 77.515607235295789224 111.37265518107787443 
 108.16522732035610943 136.28895200408791766 
 85.797816678576452887 142.28228162232807108 
 123.67612958858340733 115.56839938087699693 
 115.02173569390851071 151.0161750090585997 
 92.654325052128825746 157.00950462729880996 
 101.30871894680375078 121.56172899911716456 
 55.148196593516111363 117.36598479931802785 
 32.780785951736419293 123.35931441755819549 
 63.430406036796782132 148.2756112405682245 
 41.062995395017090061 154.26894085880840635 
 78.941308305024051606 127.5550586173573322 
 70.286914410349169202 163.00283424553896339 
 47.919503768569477131 168.99616386377911681 
 56.573897663244395062 133.54838823559748562 
 10.413375309956739656 129.35264403579836312 
 211.72007108597384217 75.412677471636882842 
 18.695584753237412201 160.26227047704855977 
 220.00228052925450584 106.32230391288707949 
 34.20648702146468878 139.54171785383766746 
 25.55209312678978506 174.98949348201927023 
 226.8587889028068787 121.04952691785780416 
 235.51318279748181794 85.601751289676172973 
 205.91707933075551296 143.22525997237741535 
 183.54966868897582799 149.21858959061756877 
 214.19928877403617662  174.134886413627612 
 191.83187813225649165 180.12821603186779384 
 229.7101910422634603 153.41433379041671969 
 221.05579714758854948 188.86210941859835089 
 198.68838650580886451 194.85543903683850431 
 207.34278040048377534 159.40766340865687312 
 161.18225804719614302 155.21191920885775062 
 138.81484740541645806 161.20524882709790404 
 169.46446749047680669 186.12154565010794727 
 147.09705684869712172 192.11487526834810069 
 184.97536975870409037 165.40099302689702654 
 176.32097586402917955 200.84876865507865773 
  153.953565222249523 206.84209827331883957 
 162.60795911692440541 171.39432264513720838 
 116.44743676363677309 167.19857844533808588 
 94.08002612185711655 173.19190806357823931 
 124.72964620691745097 198.10820488658828253 
 102.36223556513779442 204.10153450482843596 
 140.24054847514474886 177.38765226337739023 
 131.58615458046983804 212.83542789155896457 
 109.21874393869015307 218.82875750979914642 
 117.87313783336507811 183.38098188161754365 
 71.712615480077431585 179.18523768181839273 
 49.345204838297746619 185.17856730005857457 
 79.994824923358095248 210.0948641230686178 
 57.627414281578403177 216.08819374130877122 
 95.505727191585378932 189.37431149985769707 
 86.851333296910496529 224.82208712803929984 
 64.483922655130811563 230.81541674627948169 
 73.138316549805722389 195.36764111809787892 
 26.977794196518068759  191.171896918298728 
 228.2844899725351695 137.23193035413726193 
 35.260003639798739528 222.08152335954892465 
 236.56669941581586158 168.14155679538745858 
 50.770905908026016107 201.36097073633803234 
 42.116512013351112387 236.80874636451966353 
 243.42320778936823444 182.86877980035816904 
 252.07760168404317369 147.42100417217653785 
 222.48149821731681186 205.04451285487780865 
 200.11408757553715532 211.03784247311796207 
 246.27460992882475921 215.23358667291708457 
 171.3625404879045675 3.4043507710972438218 
 148.99512984612488253 9.3976803893374150078 
 223.90719928704510266 221.22691629115726641 
 177.74667693375747035 217.03117209135811549 
 155.37926629197778539 223.02450170959826892 
 97.403800189013139743 6.657116620846966093 
 201.53978864526544612 227.22024590939739142 
 126.62771920434521178 15.391010007577570207 
 104.26030856256552681 21.384339625817741393 
 179.17237800348576116 233.21357552763757326 
 133.01185565019810042 229.01783132783845076 
 110.64444500841844388 235.01116094607860418 
 75.036389547233454778 12.650446239087136391 
 52.668978905453784023 18.64377585732729159 
 156.80496736170604777 239.20690514587772668 
 81.892897920785856059 27.377669244057898368 
 59.525487279006178198 33.370998862298066001 
 134.43755671992639122 245.2002347641178801 
 88.277034366638758911 241.00449056431878603 
 65.909623724859059735 246.99782018255896787 
 30.301568263674109716 24.637105475567448565 
 7.9341576218944167564 30.630435093807619751 
 112.07014607814672047 251.19356438235809037 
 37.15807663722652876 39.364328480538226529 
 14.790665995446834913 45.357658098778394162 
 43.542213083079396085 252.99114980079912129 
 244.84890885909652525 199.05118323663765523 
