 30.733797868718088608 23.512701581992484279 
 45.663821579031257158 8.5824249363640525701 
 42.508694172067194472 20.357520723506976168 
 27.578670461754022369 35.287797369135404324 
 21.268415647825904102 58.837988943421265731 
 36.198439358139076205 43.907712297792819811 
 33.043311951175006413 55.682808084935743409 
 18.113288240861837863 70.613084730564196434 
 11.80303342693371782 94.163276304850057841 
 26.733057137246888146 79.232999659221590605 
 23.577929730282821907 91.008095446364535519 
 8.6479060199696515809 105.93837209199297433 
 2.3376512060415333139 129.48856366627884995 
 17.267674916354689429 114.5582870206503685 
 14.112547509390637401 126.33338280779329921 
 7.8022926954625200224 149.88357438207916061 
 4.6471652884984528953 161.65867016922209132 
 57.438717882380380786 5.4272440778785142612 
 51.128463068452248308 28.977435652164373892 
 66.058486778765427516 14.047159006535945736 
 62.90335937180136483 25.822254793678869333 
 47.973335661488192727 40.752531439307297489 
 41.663080847560060249 64.302723013593151791 
 56.593104557873246563 49.372446367964698766 
 53.437977150909183877 61.147542155107636574 
 38.507953440595990457 76.077818800736082494 
 32.19769862666787219 99.62801037502192969 
 47.12772233698106561 84.697733729393476665 
 43.972594930016995818 96.472829516536421579 
 29.042571219703809504 111.40310616216484618 
 22.732316405775691237 134.95329773645073601 
 37.66234011608886334 120.02302109082226877 
 34.507212709124807759 131.79811687796518527 
 19.577188998811624998 146.72839352359363829 
 13.266934184883506731 170.2785850978794997 
 28.196957895196693045 155.34830845225104667 
 25.041830488232626806 167.12340423939394896 
 10.111806777919440492 182.0536808850224304 
 3.8015519639913213368 205.60387245930826339 
 18.731575674304508539 190.67359581367981036 
 15.576448267340440523 202.44869160082274107 
 9.2661934534123080454 225.99888317510863089 
 77.833383082114536933 10.891978148050407427 
 71.523128268186397349 34.442169722336267057 
 86.453151978499576558 19.511893076707838901 
 83.298024571535506766 31.286988863850762499 
 68.368000861222341769 46.217265509479190655 
 62.057746047294216396 69.767457083765052062 
 76.987769757607395604 54.837180438136591931 
 73.832642350643340023 66.61227622527952974 
 58.90261864033015371 81.542552870907982765 
 52.592363826402035443 105.09274444519384417 
 67.52238753671520044 90.162467799565376936 
 64.367260129751144859 101.93756358670830764 
 49.437236419437965651 116.86784023233676066 
 43.126981605509847384 140.41803180662265049 
 58.057005315823019487 125.48775516099415483 
  54.9018779088589568 137.26285094813707133 
 39.971854198545784698 152.19312759376555277 
 33.661599384617666431 175.74331916805141418 
 48.591623094930838533 160.81304252242290431 
 45.436495687966768742 172.58813830956583502 
 30.506471977653596639 187.51841495519431646 
 24.196217163725478372 211.06860652948017787 
 39.126240874038650475 196.13832988385169642 
 35.971113467074601999 207.9134256709945987 
 21.041089756761412133 222.84370231662310857 
 29.660858653146465969 231.46361724528051695 
 98.228048281848685974 16.356712218222298816 
 91.917793467920560602 39.906903792508160222 
 106.84781717823371139 24.976627146879714303 
 103.69268977126967002 36.751722934022637901 
 88.76266606095649081 51.68199957965106961 
 82.452411247028379648 75.232191153936923911 
 97.382434957341544646 60.301914508308477991 
 94.227307550377474854 72.077010295451401589 
 79.297283840064309857 87.007286941079854614 
 72.987029026136170273 110.55747851536571602 
 87.917052736449349482 95.627201869737248785 
 84.761925329485293901 107.40229765688020791 
 69.831901619172128903 122.33257430250863251 
 63.52164680524398932 145.88276587679450813 
 78.451670515557182739 130.95248923116602668 
 75.296543108593112947 142.72758501830898581 
 60.366519398279933739 157.65786166393743883 
 54.056264584351808367 181.20805323822327182 
 68.986288294664987575 166.27777659259481879 
 65.831160887700931994 178.0528723797377495 
 50.901137177387738575 192.98314902536620252 
 44.590882363459620308 216.53334059965206393 
 59.520906073772806621 201.60306395402358248 
 56.365778666808743935 213.37815974116651319 
 41.435754956495571832 228.30843638679496621 
 101.38317568881274156 4.581616431079330809 
 50.055523852880611457 236.92835131545243144 
 113.15807199216185097 1.4264355725938386854 
 118.62271348158283502 21.82144628839417777 
 112.31245866765472385 45.371637862680039177 
 127.24248237796787464 30.441361217051607468 
 124.08735497100381906 42.216457004194531066 
 109.15733126069065406 57.146733649822962775 
 102.84707644676251448 80.696925224108824182 
 117.77710015707569369 65.766648578480356946 
 114.6219727501116239 77.54174436562330186 
 99.691949039798473109 92.472021011251740674 
 93.381694225870347736 116.02221258553760208 
 108.31171793618349852 101.09193593990914906 
 105.15659052921944294 112.86703172705207976 
 90.226566818906277945 127.79730837268053278 
 83.916312004978152572 151.34749994696639419 
 98.84633571529131757 136.41722330133794117 
 95.691208308327247778 148.19231908848084345 
 80.761184598014082781 163.12259573410932489 
 74.450929784085957408 186.67278730839515788 
 89.380953494399136616 171.74251066276670485 
 86.225826087435081035 183.51760644990963556 
 71.295802377121916038 198.44788309553808858 
 64.985547563193776455 221.99807466982392157 
 79.915571273506955663 207.06779802419546854 
 76.760443866542900082 218.84289381133839925 
 61.830420156229727979 233.77317045696685227 
 121.77784088854691902 10.046350501251207987 
 70.450189052614746288 242.39308538562428907 
 133.55273719189600001 6.8911696427657309627 
 139.01737868131698406 27.286180358566070936 
 132.7071238673888729 50.836371932851932343 
 147.63714757770202368 35.906095287223486423 
 144.4820201707379681 47.681191074366410021 
 129.55199646042478889 62.611467719994848835 
 123.24174164649667773 86.161659294280696031 
 138.17176535680985694 71.231382648652257217 
 135.01663794984577294 83.00647843579518792 
 120.08661423953260794 97.936755081423626734 
 113.77635942560449678 121.48694665570948814 
 128.70638313591766178 106.55667001008103512 
 125.55125572895359198 118.33176579722398003 
 110.62123201864042699 133.26204244285241884 
 104.3109772047122874 156.81223401713830867 
 119.24100091502548082 141.8819573715097988 
 116.08587350806141103 153.65705315865272951 
 101.15584979774824603 168.58732980428121095 
 94.84559498382012066 192.13752137856707236 
 109.77561869413329987 177.20724473293859091 
 106.62049128716923008 188.9823405200814932 
 91.690467576856050869 203.91261716571000306 
 85.380212762927925496 227.46280873999583605 
 100.3102364732411047 212.5325320943673546 
 97.155109066277063334 224.30762788151025688 
 82.225085355963869915 239.23790452713876675 
 142.17250608828106806 15.511084571423101153 
 90.84485425234890954 247.85781945579617513 
 153.94740239163016327 12.355903712937609029 
 159.41204388105117573 32.750914428737964101 
 153.10178906712303615 56.301106003023825508 
 168.03181277743621536 41.370829357395379589 
 164.87668537047213135 53.145925144538303186 
 149.94666166015898057 68.076201790166734895 
 143.63640684623084098 91.626393364452610513 
 158.56643055654404861 76.696116718824143277 
 155.41130314957996461 88.471212505967088191 
 140.48127943926675698 103.40148915159552701 
 134.17102462533864582 126.9516807258813742 
 149.10104833565182503 112.02140408025293539 
 145.94592092868776945 123.79649986739586609 
 131.01589721837459024 138.7267765130243049 
 124.70564240444646487 162.27696808731016631 
 139.63566611475965829 147.34669144168171329 
 136.4805387077956027 159.12178722882464399 
 121.55051499748239507 174.05206387445309701 
 115.24026018355428391 197.60225544873895842 
 130.17028389386746312 182.67197880311047697 
 127.01515648690340754 194.44707459025340768 
 112.08513277659021412 209.3773512358818607 
 105.77487796266208875 232.92754281016772211 
 120.70490167297528217 217.99726616453924066 
 117.54977426601122659 229.77236195168217137 
 102.61975055569803317 244.70263859731065281 
 162.56717128801523131 20.975818641594994318 
 111.23951945208310121 253.32255352596808962 
 174.34206759136432652 17.820637783109500418 
 179.80670908078531056 38.215648498909857267 
 173.49645426685717098 61.765840073195711568 
 188.42647797717037861 46.835563427567272754 
 185.27135057020632303 58.610659214710196352 
 170.3413268598931154 73.540935860338620955 
 164.03107204596497581 97.091127434624482362 
 178.96109575627818344 82.160850788996029337 
 175.80596834931409944 93.935946576138974251 
 160.87594463900094865 108.86622322176741307 
 154.56568982507280907 132.41641479605326026 
 169.49571353538598828 117.48613815042482145 
 166.34058612842190428 129.26123393756773794 
 151.41056241810875349 144.19151058319619096 
 145.10030760418061391 167.74170215748205237 
 160.03033131449382154 152.81142551185359935 
 156.87520390752973753 164.58652129899653005 
 141.94518019721655833 179.51679794462498307 
 135.63492538328844716 203.06698951891081606 
 150.56494909360162637 188.13671287328236303 
 147.40982168663757079 199.91180866042529374 
 132.47979797632436316 214.84208530605374676 
  126.169543162396252 238.39227688033957975 
 141.09956687270943121 223.46200023471112672 
 137.94443946574537563 235.23709602185405743 
 123.01441575543218221 250.16737266748251045 
 182.96183648774936614 26.440552711766887484 
 194.73673279109851819 23.285371853281393584 
 200.20137428051944539 43.680382569081736222 
 193.89111946659130581 67.230574143367590523 
 208.82114317690451344 52.300297497739165919 
 205.66601576994045786 64.075393284882096623 
 190.73599205962725023 79.005669930510521226 
 184.42573724569913907 102.55586150479636842 
 199.35576095601231827 87.625584859167915397 
 196.20063354904826269 99.400680646310860311 
 181.27060983873508349 114.33095729193929913 
 174.9603550248069439 137.88114886622514632 
 189.89037873512015153 122.95087222059670751 
 186.73525132815609595 134.72596800773965242 
 171.80522761784291674 149.65624465336807702 
 165.49497280391477716 173.20643622765396685 
 180.42499651422795637 158.27615958202548541 
 177.26986910726390079 170.05125536916838769 
 162.33984539695072158 184.98153201479689756 
  156.029590583022582 208.53172358908273054 
 170.95961429333578963 193.60144694345424909 
 167.80448688637170562 205.37654273059715138 
 152.87446317605852641 220.30681937622566124 
 146.56420836213041525 243.85701095051149423 
 161.49423207244359446 228.92673430488301278 
 158.33910466547953888 240.70183009202594349 
 143.40908095516633125 255.63210673765442493 
 203.35650168748352939 31.905286781938762886 
 215.13139799083265302 28.750105923453286749 
 220.59603948025358022 49.145116639253622282 
 214.28578466632546906 72.695308213539490794 
 229.21580837663867669 57.765031567911044874 
 226.06068096967459269 69.540127355053968472 
 211.13065725936141348 84.470404000682393075 
 204.82040244543330232 108.02059557496825448 
 219.75042615574645311 93.090318929339815668 
 216.59529874878239752 104.86541471648274637 
 201.66527503846921832 119.79569136211118519 
 195.35502022454113558 143.34588293639703238 
 210.28504393485428636 128.41560629076860778 
 207.12991652789023078 140.19070207791153848 
 192.19989281757705157 155.12097872353996308 
 185.88963800364891199 178.67117029782585291 
 200.8196617139620912 163.74089365219737147 
 197.66453430699806404 175.51598943934030217 
 182.73451059668485641 190.44626608496875519 
 176.42425578275671683 213.9964576592546166 
 191.35427949306992446 199.06618101362613515 
 188.19915208610586888 210.84127680076906586 
 173.26912837579266125 225.77155344639751888 
 166.95887356186455008 249.32174502068338029 
 181.88889727217772929 234.39146837505492726 
 178.73376986521364529 246.16656416219782955 
 223.75116688721766423 37.370020852110656051 
 235.52606319056678785 34.214839993625162151 
 240.9907046799877719 54.609850709425501236 
 234.68044986605963231 78.160042283711376854 
 249.61047357637281152 63.229765638082930934 
 246.45534616940872752 75.004861425225854532 
 231.52532245909557673 89.935138070854293346 
 225.21506764516746557 113.48532964514015475 
 240.14509135548064478 98.555052999511687517 
 236.98996394851656078 110.33014878665464664 
 222.05994023820340999 125.26042543228307125 
 215.74968542427527041 148.81061700656891844 
 230.67970913458847804 133.88034036094049384 
 227.52458172762439403 145.65543614808342454 
 212.5945580173111864 160.58571279371184914 
 206.28430320338307524 184.13590436799771055 
 221.21432691369625445 169.20562772236925753 
 218.05919950673219887 180.98072350951218823 
 203.12917579641899124 195.91100015514064125 
 196.8189209824909085 219.46119172942647424 
 211.74894469280405929 204.53091508379802121 
 208.59381728584000371 216.30601087094095192 
 193.6637935755268245 231.23628751656940494 
 187.35353876159871334 254.78647909085526635 
 202.28356247191189254 239.8562024452267849 
 199.12843506494783696 251.63129823236971561 
 244.14583208695182748 42.834754922282549217 
 255.92072839030095111 39.679574063797055317 
 255.07511506579376714 83.624776353883262914 
 251.91998765882971156 95.399872141026179406 
 245.6097328449016004 118.9500637153120266 
 242.45460543793754482 130.72515950245494309 
 236.14435062400940524 154.27535107674083292 
 251.07437433432261287 139.34507443111235148 
 247.91924692735852886 151.12017021825528218 
 232.98922321704534966 166.05044686388370678 
 226.67896840311721007 189.60063843816962503 
 241.6089921134304177 174.67036179254114359 
 238.4538647064663337 186.44545757968404587 
 223.52384099615312607 201.37573422531255574 
 217.21358618222504333 224.92592579959838872 
 232.14360989253825096 209.99564915396990727 
 228.98848248557416696 221.77074494111283798 
 214.05845877526095933 236.70102158674131942 
 222.6782276716460558 245.32093651539867096 
