 34.886794534371780685 16.619481629245548504 
 49.816818244684966999 1.6892049836170861532 
 46.661690837720897207 13.464300770760024406 
 31.731667127407728657 28.394577416388468549 
 25.421412313479596179 51.944768990674319298 
 40.351436023792764729 37.014492345045887589 
 37.196308616828716254 48.789588132188811187 
 22.26628490651552994 63.719864777817242896 
 15.956030092587411673 87.270056352103097197 
 30.886053802900597987 72.339779706474658383 
 27.730926395936531748 84.114875493617589086 
 12.800902685623343658  99.0451521392460279 
 6.4906478716952262786 122.59534371353188931 
 21.42067158200839927 107.66506706790342207 
 18.265544175044329478 119.4401628550463812 
 3.3355204647311595956 134.37043950067482001 
 11.955289361116212987 142.99035442933222839 
 8.8001619541521627355 154.7654502164751591 
 2.4899071402240280371 178.31564179076099208 
 55.281459734105936832 22.084215699417423906 
 70.211483444419130251 7.1539390537889788746 
 67.056356037455060459 18.929034840931915795 
 52.126332327141874146 33.859311486560351057 
 45.816077513213755878 57.409503060846212463 
 60.746101223526935087 42.479226415217766544 
  57.5909738165628724 54.254322202360704352 
 42.660950106249686087 69.184598847989136061 
 36.35069529232156782 92.734790422274997468 
 51.280719002634739923 77.804513776646530232 
 48.125591595670691447 89.579609563789489357 
 33.195567885357505133 104.50988620941791396 
 26.885313071429383314 128.06007778370377537 
 41.815336781742551864 113.12980113807532234 
 38.660209374778503388 124.90489692521825305 
 23.730185664465317075 139.83517357084667765 
 17.419930850537198808 163.38536514513253906 
 32.34995456085037091 148.45508849950411445 
 29.194827153886318882 160.23018428664701673 
 14.264803443573132569 175.16046093227544134 
 7.9545486296450143016 198.71065250656130274 
 22.884572339958200615 183.78037586093287814 
 19.729444932994134376 195.55547164807578042 
 4.7994212226809480626 210.48574829370426187 
 13.419190119066000122 219.10566322236167025 
 81.986379747768211246 3.9987581953034561089 
 75.676124933840100084 27.548949769589317071 
 90.606148644153265082 12.618673123960856941 
 87.45102123718919529 24.39376891110379475 
 72.520997526876044503 39.324045556732237117 
 66.21074271294790492 62.874237131018098523 
 81.140766423261084128 47.943960485389652604 
 77.985639016297014336 59.719056272532576202 
 63.055615305983842234 74.649332918161022121 
 56.745360492055723967 98.199524492446883528 
 71.675384202368888964 83.269247846818430503 
 68.520256795404819172 95.044343633961361206 
 53.59023308509166128 109.97462027958981423 
 47.279978271163543013 133.52481185387566143 
 62.210001981476708011 118.5945352082472084 
 59.054874574512645324 130.36963099539013911 
 44.124850864199473222 145.29990764101859213 
 37.814596050271354954 168.85009921530445354 
 52.744619760584512846 153.91982256967597209 
 49.589492353620464371 165.69491835681890279 
 34.659468643307292268 180.6251950024473274 
 28.349213829379170448 204.1753865767331888 
 43.279237539692346104 189.24510993110473578 
 40.124110132728276312 201.02020571824766648 
 25.194086422415104209 215.95048236387617635 
 33.813855318800143834 224.57039729253355631 
 102.3810449475023745 9.4634922654753488303 
 96.070790133574249126 33.013683839761206684 
 111.00081384388742833 18.083407194132750107 
 107.84568643692335854 29.858502981275687915 
 92.915662726610193545 44.788779626904130282 
 86.605407912682053961 68.338971201189991689 
 101.53543162299521896 53.408694555561531558 
 98.380304216031177589 65.183790342704469367 
 83.450280505717998381 80.114066988332908181 
 77.140025691789887219 103.6642585626187838 
 92.070049402103052216 88.733981916990316563 
 88.914921995138982425 100.50907770413324727 
 73.984898284825817427 115.43935434976168608 
 67.674643470897677844 138.98954592404754749 
 82.604667181210857052 124.05926927841908025 
 79.44953977424678726 135.83436506556202517 
 64.519516063933622263 150.76464171119047819 
 58.20926125000549689 174.31483328547631118 
 73.139284960318676099 159.38455663984788657 
 69.984157553354620518 171.15965242699081728 
 55.054133843041448415 186.08992907261924188 
 48.743879029113315937 209.64012064690507486 
 63.673902739426495145 194.70984400127665026 
 60.518775332462432459 206.48493978841958096 
 45.588751622149246145 221.41521643404803399 
 54.208520518534299981 230.03513136270541395 
 122.77571014723652354 14.928226335647226009 
 116.46545533330839817 38.478417909933085639 
 131.39547904362157738 23.548141264304643272 
 128.24035163665752179 35.323237051447577528 
 113.31032792634432838 50.253513697076009237 
 107.00007311241621721 73.803705271361877749 
 121.93009682272938221 58.873428625733424724 
 118.77496941576531242 70.648524412876355427 
 103.84494570545214742 85.578801058504794241 
 97.534690891524022049 109.12899263279065565 
 112.46471460183720126 94.198715987162202623 
 109.30958719487313147 105.97381177430513333 
 94.379563484559966469 120.90408841993358635 
 88.069308670631826885 144.45427999421943355 
 102.99933238094500609 129.52400334859098052 
 99.844204973980950513 141.29909913573391123 
 84.914181263667771304 156.22937578136233583 
 78.603926449739660143 179.77956735564822566 
 93.53395016005282514 164.84929071001977263 
 90.378822753088755348 176.62438649716267491 
 75.448799042775590351 191.55466314279112794 
 69.138544228847479189 215.10485471707696092 
 84.068567939160644187 200.17457807144853632 
 80.913440532196574395 211.94967385859146702 
 65.983416821883409398 226.87995050421992005 
 125.93083755420059333 3.1531305485042726566 
 74.603185718268463233 235.49986543287732843 
 143.17037534697067258 20.392960405819117398 
 136.86012053304256142 43.943151980104978804 
 151.79014424335571221 29.012875334476518674 
 148.63501683639165662 40.787971121619456483 
 133.70499312607847742 55.718247767247902402 
 127.39473831215036626 79.268439341533763809 
 142.32476202246354546 64.338162695905310784 
 139.16963461549946146 76.113258483048241487 
 124.23961090518629646 91.043535128676694512 
 117.92935609125817109 114.59372670296255592 
 132.8593798015713503 99.663450057334088683 
 129.70425239460729472 111.4385458444770336 
 114.77422868429411551 126.3688224901054582 
 108.46397387036600435 149.91901406439134803 
 123.39399758067915513 134.98873741876286658 
 120.23887017371509955 146.76383320590579729 
 105.30884646340193456 161.69410985153425031 
 98.998591649473794973 185.24430142582011172 
 113.92861535978697418 170.31402478019163027 
 110.77348795282290439 182.08912056733456097 
 95.843464242509753603 197.01939721296298558 
 89.533209428581628231 220.56958878724884698 
 104.46323313889480744 205.63931214162042238 
 101.30810573193073765 217.41440792876332466 
 86.378082021617558439 232.34468457439183453 
 146.32550275393472816 8.617864618676165378 
 94.997850918002598064 240.96459950304921449 
 158.10039905728385179 5.4626837601906430564 
 163.56504054670483583 25.857694475991010563 
 157.25478573277672467 49.40788605027687197 
 172.18480944308987546 34.477609404648411839 
 169.02968203612581988 46.252705191791349648 
 154.09965832581264067 61.182981837419788462 
 147.78940351188452951 84.733173411705635658 
 162.71942722219770872 69.802896766077211055 
 159.56429981523365313 81.577992553220141758 
 144.63427610492047393 96.508269198848566361 
 138.32402129099233434 120.05846077313444198 
 153.25404500130554197 105.12818412750597474 
 150.09891759434148639 116.90327991464891966 
 135.16889388402827876 131.83355656027734426 
 128.85863907010013918 155.38374813456320567 
 143.78866278041334681 140.45347148893478106 
 140.63353537344926281 152.22856727607771177 
 125.7035116631360836 167.15884392170613637 
 119.39325684920797244 190.70903549599196936 
 134.32328055952115164 175.77875885036354475 
 131.16815315255709606 187.55385463750647546 
 116.23812944224390264 202.48413128313490006 
 109.92787462831579148 226.03432285742076147 
 124.85789833862897069 211.10404621179230844 
 121.7027709316649009 222.87914199893523914 
 106.77274722135172169 237.80941864456369217 
 166.72016795366891984 14.082598688848058543 
 115.39251611773677553 246.42933357322110055 
 178.49506425701801504 10.927417830362536222 
 183.95970574643899909 31.322428546162889518 
 177.64945093251088792 54.872620120448750924 
 192.57947464282406713 39.942343474820305005 
 189.42434723585998313 51.717439261963242814 
 174.49432352554680392 66.647715907591674522 
 168.18406871161869276 90.19790748187755014 
 183.11409242193184355 75.267630836249082904 
 179.95896501496781639 87.042726623392027818 
 165.02894130465460876 101.97300326902045242 
 158.7186864907264976 125.52319484330631383 
 173.6487102010396768 110.59291819767787501 
 170.49358279407562122 122.36801398482080572 
 155.56355908376241359 137.29829063044923032 
 149.25330426983430243 160.84848220473512015 
 164.18332798014748164 145.91820555910666712 
 161.02820057318342606 157.69330134624956941 
 146.09817686287024685 172.62357799187805085 
 139.78792204894210727 196.17376956616388384 
 154.7179457592553149 181.24349292053543081 
 151.56281835229125932 193.01858870767836152 
 136.63279464197805169 207.94886535330678612 
 130.32253982804994052 231.4990569275926191 
 145.25256353836311973 216.5687802819641945 
 142.09743613139903573 228.3438760691071252 
 127.16741242108588494 243.27415271473557823 
 187.11483315340305467 19.547332759019937498 
 135.78718131747092457 251.89406764339298661 
 198.88972945675217829 16.392151900534429387 
 204.35437094617316234 36.787162616334782683 
 198.04411613224502275 60.33735419062064409 
 212.97413984255820196 45.40707754499219817 
 209.81901243559411796 57.182173332135135979 
 194.88898872528096717 72.112449977763560582 
 188.57873391135282759 95.662641552049421989 
 203.50875762166603522 80.732364906420983175 
 200.35363021470195122 92.507460693563913878 
 185.42360650438877201 107.43773733919235269 
 179.11335169046066085 130.9879289134782141 
 194.04337540077384006 116.05765226784974686 
 190.88824799380975605 127.83274805499269178 
 175.95822428349657685 142.76302470062111638 
 169.64796946956846568 166.31321627490700621 
 184.57799317988161647 151.38293962927852476 
 181.42286577291756089 163.15803541642145547 
 166.49284206260438168 178.08831206204990849 
 160.18258724867629894 201.6385036363357699 
 175.11261095898944973 186.70822699070731687 
 171.95748355202539415 198.48332277785021915 
 157.02745984171221494 213.41359942347867218 
 150.71720502778407536 236.96379099776450516 
 165.64722873809728299 222.03351435213608056 
 162.4921013311332274 233.80861013927901126 
 147.56207762082001977 248.73888678490749271 
 207.50949835313721792 25.012066829191827111 
 219.28439465648634155 21.856885970706322553 
 224.74903614590729717 42.251896686506675849 
 218.43878133197915759 65.80208826079253015 
 233.36880504229236521 50.871811615164077125 
 230.21367763532830963 62.646907402307014934 
  215.283653925015102 77.577184047935460853 
 208.97339911108696242 101.12737562222132226 
 223.90342282140017005 86.197098976592869235 
 220.74829541443611447 97.972194763735799938 
 205.81827170412290684 112.90247140936422454 
 199.50801689019479568 136.45266298365010016 
 214.43804060050797489 121.52238633802164713 
 211.28291319354389088 133.29748212516457784 
 196.3528894832307401 148.22775877079303086 
 190.04263466930260051 171.77795034507886385 
 204.97265837961577972 156.84767369945043924 
 201.81753097265172414 168.62276948659336995 
 186.88750726233857336 183.55304613222179455 
 180.57725244841043377 207.10323770650765596 
 195.50727615872361298 192.17296106087920293 
 192.35214875175952898 203.94805684802213364 
 177.42212504144634977 218.87833349365055824 
 171.11187022751823861 242.42852506793641965 
 186.04189393783141782 227.49824842230799504 
 182.88676653086736223 239.27334420945089732 
 167.9567428205541546 254.20362085507937877 
 227.90416355287138117 30.476800899363720276 
 239.67905985622047638 27.321620040878197955 
  245.143701345641432 47.716630756678554803 
 238.83344653171332084 71.26682233096441621 
 253.76347024202650005 56.33654568533597029 
 250.60834283506244446 68.111641472478908099 
 235.67831912474926526 83.041918118107332702 
 229.36806431082115409 106.59210969239319411 
 244.29808802113430488 91.661833046764755295 
 241.1429606141702493  103.436928833907686 
 226.21293690385707009 118.36720547953612481 
 219.90268208992895893 141.91739705382198622 
 234.83270580024213814 126.98712040819351898 
 231.67757839327808256 138.7622161953364639 
 216.74755468296490335 153.69249284096491692 
 210.43729986903676377 177.24268441525077833 
 225.36732357934994297 162.3124077696223253 
 222.21219617238588739 174.08750355676525601 
 207.28217246207270819 189.01778020239370903 
 200.9719176481445686 212.56797177667954202 
 215.90194135845777623 197.63769513105108899 
 212.74681395149372065 209.4127909181940197 
 197.81679024118051302 224.3430675638224443 
 191.50653542725240186 247.89325913810827728 
 206.43655913756558107 232.96298249247985268 
 203.28143173060149707 244.73807827962278338 
  248.298828752605516 35.941534969535595678 
 256.07298432448340009 88.506652188279232973 
 249.76272951055528893 112.05684376256509438 
 246.60760210359120492 123.83193954970801087 
 240.29734728966312218 147.38213112399387228 
 255.22737099997627297 132.45185447836541925 
 252.07224359301221739 144.22695026550834996 
 237.14221988269903818 159.15722691113677456 
 230.83196506877092702 182.70741848542266439 
 245.76198877908407781 167.77714183979421136 
 242.60686137212002222 179.55223762693711365 
 227.67683766180684302 194.48251427256559509 
 221.36658284787870343 218.03270584685142808 
 236.29660655819191106 203.10242920122297505 
 233.14147915122785548 214.87752498836587733 
 218.21145544091464785 229.80780163399433036 
 211.90120062698653669 253.35799320828016334 
 226.8312243372997159 238.42771656265173874 
 223.67609693033566032 250.20281234979466944 
