 110.93875263415857546 3.9675085448382407805 
 90.543834499109152603 9.4324955503253935518 
 73.303897738751402358 26.672432310683120704 
 93.698815873800839427 21.207445305195985696 
 85.078847493621978515 29.827413685374839503 
 64.683929358572555657 35.292400690861995827 
 47.443992598214819623 52.53233745121971765 
 67.838910733264270903 47.067350445732571984 
 59.21894235308539578 55.687318825911440001 
 38.824024218035965816 61.152305831398585667 
 21.584087457678222677 78.392242591756314596 
 41.979005592727673957 72.92725558626916893 
 33.359037212548798834 81.547223966448044052 
 12.964119077499351107 87.012210971935189718 
 16.119100452191069905 98.787160726805765876 
 7.4991320720122143229  107.407129106984641 
 114.0937340088502765 15.742458299708800951 
 134.48865214389971356 10.277471294221649956 
 125.86868376372085265 18.897439674400505538 
 105.47376562867141558 24.36242667988765831 
 88.233828868313693761 41.602363440245383686 
 108.62874700336310241 36.13737643475825223 
 100.0087786231842415 44.757344814937106037 
 79.613860488134818638 50.222331820424258808 
 62.373923727777096815 67.462268580781980631 
 82.768841862826533884 61.99728157529482786 
 74.148873482647658761 70.617249955473710088 
 53.753955347598228798 76.082236960960841543 
 36.514018587240485658 93.322173721318591788 
 56.908936722289936938  87.8571867158314177 
 48.288968342111061816 96.477155096010307034 
 27.894050207061631852 101.9421421014974527 
 10.654113446703902923 119.18207886185518873 
 31.04903158175333644 113.71709185636801465 
 22.429063201574479081 122.33706023654688977 
 2.0341450665250473406 127.80204724203403543 
 5.1891264412167661391 139.5769969969046258 
 146.26360189877024709 13.432452668913338556 
 129.02366513841252527 30.672389429271081696 
 149.41858327346196234 25.207402423783914713 
 140.79861489328311563 33.827370803962772072 
 120.40369675823367857 39.292357809449939055 
 103.16375999787595674 56.532294569807667983 
 123.55867813292536539 51.067307564320515212 
 114.93870975274651869 59.687275944499369018 
 94.54379161769709583 65.152262949986521789 
 77.303854857339374007 82.392199710344243613 
 97.698772992388796865 76.927212704857083736 
 89.078804612209921743 85.547181085035973069 
 68.683886477160498885 91.012168090523118735 
 51.443949716802769956 108.25210485088086898 
 71.838867851852199919 102.78711784539368068 
 63.218899471673331902 111.40708622557257002 
 42.823981336623909044 116.87207323105972989 
 25.584044576266183668 134.1120099914174375 
 45.978962711315602974 128.64702298593027763 
 37.358994331136742062 137.26699136610915275 
 16.964076196087312098 142.73197837159631263 
 20.119057570779030897 154.50692812646687457 
 11.499089190600159327 163.1268965066457497 
 154.88357027894917906 4.812484288734450999 
 166.65852003381971258 7.9674656634261706856 
 161.1935330283325527 28.362383798475601537 
 143.95359626797480246 45.602320558833334019 
 164.34851440302423953 40.137333553346167037 
 155.7285460228453644 48.757301933525035054 
 135.33362788779595576 54.222288939012187825 
 118.09369112743821972 71.462225699369923859 
 138.48860926248764258 65.997238693882763982 
 129.86864088230876746 74.617207074061639105 
 109.47372274725935881 80.082194079548784771 
 92.233785986901636988 97.322130839906520805 
 112.62870412195105985 91.857143834419346717 
 104.00873574177219893 100.47711221459822184 
 83.613817606722776077 105.94209922008538172 
 66.373880846365025832 123.18203598044313196 
 86.768798981414462901 117.71704897495594366 
 78.148830601235587778  126.337017355134833 
 57.753912466186179131 131.80200436062199287 
 40.513975705828450202 149.0419411209797147 
 60.90889384087787306 143.57695411549255482 
 52.288925460699012149 152.19692249567140152 
 31.89400732564957508 157.6619095011585614 
 14.654070565291863915 174.90184626151628322 
 35.048988700341297431 169.43685925602915177 
 26.429020320162425861 178.05682763620799847 
 6.0341021851129923448 183.52181464169515834 
 169.81350140851142783 19.742415418296701546 
 190.20841954356083647 14.277428412809564762 
 181.58845116338198977 22.897396792988420344 
 176.12346415789477305 43.292314928037868071 
 158.88352739753707965   60.532251688395597 
 179.2784455325864883 55.067264682908430018 
 170.6584771524076416 63.68723306308729093 
 150.26355901735820453 69.152220068574450806 
 133.0236222570004827 86.392156828932201051 
 153.41854039204989135 80.927169823445026964 
 144.79857201187104465 89.547138203623902086 
 124.40365387682162179 95.012125209111047752 
 107.16371711646389997 112.25206196946878379 
 127.55863525151332283 106.7870749639816097 
 118.93866687133446192 115.40704334416048482 
 98.543748736285039058 120.8720303496476447 
 81.303811975927303024 138.11196711000539494 
 101.69873011097672588 132.64698010451820664 
 93.078761730797864971 141.26694848469711019 
 72.683843595748442112 146.73193549018427007 
 55.443906835390713184 163.97187225054199189 
 75.838824970440128936 158.50688524505480359 
 67.218856590261268025 167.12685362523367871 
 46.823938455211845167 172.59184063072083859 
 29.584001694854130449 189.83177739107858883 
 49.978919829903560412 184.36679038559137211 
 41.358951449724692395 192.98675876577024724 
 20.964033314675258879 198.45174577125743554 
 184.74343253807370502 34.672346547858964527 
 205.13835067312308524 29.207359542371829519 
 196.51838229294423854 37.827327922550686878 
 191.05339528745707867 58.222246057600131053 
 173.81345852709932842 75.462182817957867087 
 194.20837666214876549 69.997195812470692999 
 185.58840828196991879 78.617164192649568122 
 165.19349014692048172 84.082151198136713788 
 147.9535533865627599 101.32208795849444982 
 168.34847152161216854 95.857100953007289945 
 159.72850314143329342 104.47706933318615086 
 139.33358500638388477 109.94205633867331073 
 122.09364824602616295 127.18199309903104677 
 142.48856638107560002 121.71700609354387268 
 133.8685980008967249 130.33697447372276201 
 113.47367986584730204 135.80196147920989347 
 96.233743105489566005 153.04189823956764371 
 116.62866124053898886 147.57691123408048384 
 108.00869286036012795 156.19687961425935896 
 87.613774725310705094 161.66186661974651884 
 70.37383796495298327 178.90180338010424066 
 90.768756100002391918 173.43681637461708078 
 82.148787719823545217 182.05678475479592748 
 61.753869584774115253 187.52177176028308736 
 44.51393282441639343 204.76170852064080918 
 64.908850959465809183 199.29672151515367773 
 56.288882579286955377 207.91668989533252443 
 35.893964444237525413 213.38167690081971273 
 199.67336366763595379 49.602277677421227509 
 220.06828180268536244 44.137290671934096054 
 211.44831342250651574 52.75725905211294986 
 205.98332641701932744 73.152177187162394034 
 188.74338965666160561 90.392113947520144279 
 209.13830779171101426 84.927126942032970192 
 200.51833941153216756 93.547095322211831103 
 180.12342127648273049 99.01208232769899098 
 162.88348451612503709 116.25201908805672701 
 183.27840265117444574 110.78703208256956714 
 174.65843427099559904 119.40700046274842805 
 154.26351613594616197 124.87198746823558793 
 137.02357937558844014 142.11192422859332396 
 157.41849751063787721 136.64693722310616408 
 148.79852913045900209 145.26690560328503921 
 128.40361099540956502 150.73189260877219908 
 111.16367423505182899 167.97182936912992091 
 131.55859237010128027 162.50684236364273261 
 122.93862398992240514 171.12681074382163615 
 102.54370585487296808 176.59179774930879603 
 85.303769094515260463 193.83173450966651785 
 105.69868722956469753 188.36674750417932955 
 97.078718849385822409 196.9867158843582331 
 76.68380071433638534 202.45170288984536455 
 59.443863953978670622 219.6916396502031148 
 79.838782089028100586 214.22665264471595492 
 71.218813708849239674 222.84662102489480162 
 50.823895573799802605 228.3116080303819615 
 214.60329479719823098 64.532208806983504701 
 234.99821293224766805 59.067221801496373246 
 226.37824455206879293 67.687190181675234157 
 220.91325754658160463 88.082108316724657016 
 203.67332078622388281 105.32204507708239305 
 224.06823892127331987 99.857058071595233173 
 215.44827054109447317 108.47702645177409408 
 195.0533524060450361 113.94201345726125396 
 177.81341564568728586 131.18195021761900421 
 198.20833378073672293 125.71696321213184433 
 189.58836540055787623 134.33693159231069103 
 169.19344726550843916 139.80191859779785091 
 151.95351050515068891 157.04185535815557273 
 172.34842864020012598 151.57686835266844128 
 163.72846026002127928 160.19683673284728798 
 143.33354212497184221 165.66182373833441943 
 126.09360536461409197 182.9017604986921981 
 146.48852349966355746 177.4367734932050098 
 137.86855511948468234 186.05674187338388492 
 117.47363698443523106 191.52172887887107322 
 100.23370022407752344 208.76166563922876662 
 120.62861835912696051 203.29667863374163517 
 112.00864997894808539 211.91664701392048187 
 91.613731843898648322 217.38163401940764174 
 74.373795083540926498 234.62157077976533515 
 94.768713218590377778 229.15658377427820369 
 86.148744838411502656 237.77655215445705039 
 65.753826703362065587 243.24153915994423869 
 229.53322592676047975 79.462139936545753471 
 249.9281440618098884 73.997152931058636227 
 241.3081756816310417 82.617121311237497139 
 235.84318867614388182 103.01203944628693421 
 218.60325191578613158 120.25197620664465603 
 238.99817005083556865 114.78698920115751037 
 230.37820167065669352 123.40695758133635707 
 209.98328353560725645 128.87194458682353115 
 192.74334677524956305 146.11188134718125298 
 213.13826491029900012 140.6468943416940931 
  204.518296530120125 149.26686272187296822 
 184.12337839507068793 154.73184972736009968 
 166.88344163471296611 171.97178648771784992 
 187.2783597697624316 166.50679948223066162 
 178.65839138958352805 175.12676786240956517 
 158.26347325453409098 180.59175486789669662 
 141.02353649417636916 197.83169162825444687 
 161.41845462922580623 192.36670462276725857 
 152.79848624904693111 200.98667300294616211 
 132.40356811399749404 206.45166000843329357 
 115.16363135363978643 223.69159676879104381 
 135.55854948868920928 218.22660976330388394 
 126.93858110851034837 226.84657814348273064 
 106.5436629734609113 232.31156514896989052 
 89.30372621310318948 249.55150190932764076 
 109.69864434815262655 244.08651490384048088 
 101.07867596797376564 252.70648328401932758 
 244.46315705632275694 94.392071066108030664 
 256.23810681119334731 97.54705244079976012 
 250.77311980570613059 117.94197057584919719 
 233.53318304534840877 135.18190733620693322 
 253.92810118039784584 129.71692033071977335 
 245.30813280021899914 138.33688871089862005 
 224.91321466516956207 143.8018757163857515 
 207.67327790481181182 161.04181247674350175 
 228.06819603986124889 155.57682547125637029 
 219.44822765968240219 164.19679385143521699 
 199.05330952463296512 169.66178085692240529 
 181.81337276427521488 186.90171761728009869 
 202.20829089932465195 181.43673061179293882 
 193.58832251914580524 190.05669899197181394 
 173.19340438409636818 195.52168599745897382 
 155.95346762373861793 212.76162275781669564 
 176.34838575878808342 207.29663575232953576 
 167.7284173786092083 215.91660413250841088 
 147.33349924355977123 221.38159113799559918 
 130.09356248320204941 238.62152789835329258 
 150.48848061825148648 233.15654089286613271 
 141.86851223807261135 241.77650927304503625 
 121.47359410302317428 247.24149627853216771 
 248.46311417491065754 150.11183846576921042 
 239.84314579473181084 158.73180684594805712 
 222.60320903437408901 175.97174360630577894 
 242.99812716942352608 170.50675660081861906 
 234.37815878924465096 179.12672498099749419 
 213.98324065419524231 184.59171198648462564 
 196.74330389383749207 201.83164874684237589 
 217.13822202888695756 196.36666174135521601 
 208.51825364870805402 204.98663012153406271 
 188.12333551365861695 210.45161712702122259 
 170.88339875330089512 227.69155388737897283 
 191.27831688835036061 222.22656688189181295 
 182.65834850817145707 230.84653526207068808 
   162.26343037312202 236.31152226755781953 
 145.0234936127643266 253.55145902791556978 
 165.41841174781376367 248.0864720224284099 
 156.79844336763488855 256.7064404026072566 
 254.77307692429405961 173.66173797551027747 
 237.53314016393630936 190.90167473586802771 
 78.768884744238576445 6.2775141756337040633 
 70.148916364059715534 14.897482555812560534 
 228.91317178375746266 199.52164311604693125 
 211.67323502339974084 216.76157987640462466 
 52.908979603701986605 32.137419316170287686 
 44.289011223523118588 40.757387696349162809 
 203.05326664322089414 225.38154825658349978 
 185.81332988286314389 242.6214850169412216 
 27.04907446316540387 57.997324456706884632 
 18.429106082986518089 66.61729283688576686 
 177.19336150268429719 251.24145339712012515 
 1.1891693226288060359 83.857229597243488683 
