 216.25063373829144098 15.93181973088631409 
 191.86968135733906138 15.93181973088631409 
 210.15539564305333897 26.488875275247920626 
 197.96491945257716338 26.488875275247920626 
 179.67920516686288579 15.93181973088631409 
 155.29825278591047777 15.93181973088631409 
 173.58396707162478378 26.488875275247920626 
 161.39349088114857977 26.488875275247920626 
 143.10777659543430218 15.93181973088631409 
 118.72682421448193679 15.93181973088631409 
 137.0125385001962286 26.488875275247920626 
 124.82206230972002459 26.488875275247920626 
 106.53634802400574699 15.93181973088631409 
 82.155395643053338972 15.93181973088631409 
 100.4411099287676592 26.488875275247920626 
 88.250633738291469399 26.488875275247920626 
 69.964919452577163383 15.93181973088631409 
 45.58396707162479089 15.93181973088631409 
  63.8696813573390898 26.488875275247920626 
 51.679205166862914211 26.488875275247920626 
 33.393490881148608196 15.93181973088631409 
 9.0125385001962374787 15.93181973088631409 
 27.298252785910545271 26.488875275247920626 
  15.1077765954343608 26.488875275247920626 
 252.82206230972005301 15.93181973088631409 
 228.44110992876767341 15.93181973088631409 
 246.72682421448192258 26.488875275247920626 
 234.53634802400574699 26.488875275247920626 
 216.25063373829144098 37.045930819609530715 
 191.86968135733906138 37.045930819609530715 
 210.15539564305333897 47.602986363971155015 
 197.96491945257716338 47.602986363971155015 
 179.67920516686288579 37.045930819609530715 
 155.29825278591047777 37.045930819609530715 
 173.58396707162478378 47.602986363971155015 
 161.39349088114857977 47.602986363971155015 
 143.10777659543430218 37.045930819609530715 
 118.72682421448193679 37.045930819609530715 
 137.0125385001962286 47.602986363971155015 
 124.82206230972002459 47.602986363971155015 
 106.53634802400574699 37.045930819609530715 
 82.155395643053338972 37.045930819609530715 
 100.4411099287676592 47.602986363971155015 
 88.250633738291469399 47.602986363971155015 
 69.964919452577163383 37.045930819609530715 
 45.58396707162479089 37.045930819609530715 
  63.8696813573390898 47.602986363971155015 
 51.679205166862914211 47.602986363971155015 
 33.393490881148608196 37.045930819609530715 
 9.0125385001962374787 37.045930819609530715 
 27.298252785910545271 47.602986363971155015 
  15.1077765954343608 47.602986363971155015 
 252.82206230972005301 37.045930819609530715 
 228.44110992876767341 37.045930819609530715 
 246.72682421448192258 47.602986363971155015 
 234.53634802400574699 47.602986363971155015 
 216.25063373829144098 58.160041908332743787 
 191.86968135733906138 58.160041908332743787 
 210.15539564305333897 68.717097452694346771 
 197.96491945257716338 68.717097452694346771 
 179.67920516686288579 58.160041908332743787 
 155.29825278591047777 58.160041908332743787 
 173.58396707162478378 68.717097452694360982 
 161.39349088114857977 68.717097452694360982 
 143.10777659543430218 58.160041908332743787 
 118.72682421448193679 58.160041908332743787 
 137.0125385001962286 68.717097452694360982 
 124.82206230972002459 68.717097452694360982 
 106.53634802400574699 58.160041908332743787 
 82.155395643053338972 58.160041908332743787 
 100.4411099287676592 68.717097452694360982 
 88.250633738291469399 68.717097452694360982 
 69.964919452577163383 58.160041908332743787 
 45.58396707162479089 58.160041908332743787 
 63.869681357339096905 68.717097452694360982 
 51.679205166862914211 68.717097452694360982 
 33.393490881148608196 58.160041908332743787 
 9.0125385001962374787 58.160041908332743787 
 27.298252785910545271 68.717097452694360982 
  15.1077765954343608 68.717097452694360982 
 252.82206230972005301 58.160041908332743787 
 228.44110992876767341 58.160041908332743787 
 246.72682421448192258 68.717097452694346771 
 234.53634802400574699 68.717097452694346771 
 216.25063373829144098 79.274152997055963965 
 191.86968135733906138 79.274152997055963965 
 210.15539564305333897 89.831208541417581159 
 197.96491945257716338 89.831208541417581159 
 179.67920516686288579 79.274152997055978176 
 155.29825278591047777 79.274152997055978176 
 173.58396707162478378 89.831208541417581159 
 161.39349088114857977 89.831208541417581159 
 143.10777659543430218 79.274152997055978176 
 118.72682421448193679 79.274152997055978176 
 137.0125385001962286 89.831208541417581159 
 124.82206230972002459 89.831208541417581159 
 106.53634802400574699 79.274152997055978176 
 82.155395643053338972 79.274152997055978176 
 100.4411099287676592 89.831208541417581159 
 88.250633738291469399 89.831208541417581159 
 69.964919452577163383 79.274152997055978176 
 45.58396707162479089 79.274152997055992387 
 63.869681357339096905 89.831208541417581159 
 51.679205166862914211 89.831208541417581159 
 33.393490881148608196 79.274152997055992387 
 9.0125385001962374787 79.274152997055992387 
 27.298252785910545271 89.831208541417581159 
  15.1077765954343608 89.831208541417581159 
 252.82206230972005301 79.274152997055963965 
 228.44110992876767341 79.274152997055963965 
 246.72682421448192258 89.831208541417581159 
 234.53634802400574699 89.831208541417581159 
 216.25063373829144098 100.38826408577918414 
 191.86968135733906138 100.38826408577918414 
 210.15539564305333897 110.94531963014080134 
 197.96491945257716338 110.94531963014080134 
 179.67920516686288579 100.38826408577918414 
 155.29825278591050619 100.38826408577918414 
 173.58396707162478378 110.94531963014080134 
 161.39349088114857977 110.94531963014080134 
 143.10777659543430218 100.38826408577918414 
 118.72682421448193679 100.38826408577918414 
 137.0125385001962286 110.94531963014080134 
 124.82206230972002459 110.94531963014080134 
 106.53634802400574699 100.38826408577918414 
 82.155395643053338972 100.38826408577918414 
 100.4411099287676592 110.94531963014080134 
 88.250633738291469399 110.94531963014080134 
 69.964919452577163383 100.38826408577918414 
 45.58396707162479089 100.38826408577918414 
 63.869681357339096905 110.94531963014080134 
 51.679205166862914211 110.94531963014080134 
 33.393490881148608196 100.38826408577921256 
 9.0125385001962374787 100.38826408577921256 
 27.298252785910545271 110.94531963014080134 
  15.1077765954343608 110.94531963014080134 
 252.82206230972005301 100.38826408577916993 
 228.44110992876767341 100.38826408577916993 
 246.72682421448192258 110.94531963014080134 
 234.53634802400574699 110.94531963014080134 
 216.25063373829144098 121.50237517450240432 
 191.86968135733906138 121.50237517450240432 
 210.15539564305333897 132.0594307188640073 
 197.96491945257716338 132.0594307188640073 
 179.67920516686288579 121.50237517450240432 
 155.29825278591050619 121.50237517450240432 
 173.58396707162478378 132.0594307188640073 
 161.39349088114857977 132.0594307188640073 
 143.1077765954343306 121.50237517450240432 
 118.72682421448193679 121.50237517450240432 
 137.0125385001962286 132.0594307188640073 
 124.82206230972002459 132.0594307188640073 
 106.53634802400574699 121.50237517450240432 
 82.155395643053338972 121.50237517450240432 
 100.4411099287676592 132.0594307188640073 
 88.250633738291469399 132.0594307188640073 
 69.964919452577163383 121.50237517450240432 
 45.58396707162479089 121.50237517450240432 
 63.869681357339096905 132.0594307188640073 
 51.679205166862914211 132.0594307188640073 
 33.393490881148608196 121.50237517450240432 
 9.0125385001962374787 121.50237517450241853 
 27.298252785910545271 132.0594307188640073 
  15.1077765954343608 132.0594307188640073 
 252.82206230972005301 121.50237517450239011 
 228.44110992876767341 121.50237517450240432 
 246.72682421448192258 132.0594307188640073 
 234.53634802400574699 132.0594307188640073 
 216.25063373829144098 142.6164862632256245 
 191.86968135733906138 142.6164862632256245 
 210.15539564305333897 153.17354180758727011 
 197.96491945257716338 153.17354180758727011 
 179.67920516686288579 142.6164862632256245 
 155.29825278591050619 142.6164862632256245 
 173.58396707162478378 153.17354180758727011 
 161.39349088114857977 153.17354180758727011 
 143.1077765954343306 142.6164862632256245 
 118.72682421448193679 142.6164862632256245 
 137.0125385001962286 153.17354180758727011 
 124.82206230972002459 153.17354180758727011 
 106.53634802400574699 142.6164862632256245 
 82.155395643053338972 142.6164862632256245 
 100.4411099287676592 153.17354180758727011 
 88.250633738291469399 153.17354180758727011 
 69.964919452577163383 142.6164862632256245 
 45.58396707162479089 142.6164862632256245 
 63.869681357339096905 153.17354180758727011 
 51.679205166862914211 153.17354180758727011 
 33.393490881148608196 142.6164862632256245 
 9.0125385001962374787 142.6164862632256245 
 27.298252785910545271 153.17354180758727011 
  15.1077765954343608 153.17354180758727011 
 252.82206230972005301 142.6164862632256245 
 228.44110992876767341 142.6164862632256245 
 246.72682421448192258 153.17354180758727011 
 234.53634802400574699 153.17354180758727011 
 216.25063373829144098 163.73059735194885889 
 191.86968135733906138 163.73059735194885889 
 210.15539564305333897 174.28765289631047608 
 197.96491945257716338 174.28765289631047608 
 179.67920516686288579 163.73059735194885889 
 155.29825278591050619 163.73059735194885889 
 173.58396707162478378 174.28765289631047608 
 161.3934908811486082 174.28765289631047608 
 143.1077765954343306 163.73059735194885889 
 118.72682421448193679 163.73059735194885889 
 137.0125385001962286 174.28765289631047608 
 124.82206230972002459 174.28765289631047608 
 106.53634802400574699 163.73059735194885889 
 82.155395643053338972 163.73059735194885889 
 100.4411099287676592 174.28765289631047608 
 88.250633738291469399 174.28765289631047608 
 69.964919452577163383 163.73059735194885889 
 45.58396707162479089 163.73059735194885889 
 63.869681357339096905 174.28765289631047608 
 51.679205166862914211 174.28765289631047608 
 33.393490881148608196 163.73059735194885889 
 9.0125385001962374787 163.73059735194885889 
 27.298252785910545271 174.28765289631047608 
  15.1077765954343608 174.28765289631047608 
 252.82206230972005301 163.73059735194885889 
 228.44110992876767341 163.73059735194885889 
 246.72682421448192258 174.28765289631047608 
 234.53634802400574699 174.28765289631047608 
 216.25063373829144098 184.84470844067206485 
 191.86968135733906138 184.84470844067206485 
 210.15539564305333897 195.40176398503368205 
 197.96491945257716338 195.40176398503368205 
 179.67920516686288579 184.84470844067206485 
 155.29825278591050619 184.84470844067206485 
 173.58396707162478378 195.40176398503368205 
 161.3934908811486082 195.40176398503368205 
 143.1077765954343306 184.84470844067206485 
 118.72682421448193679 184.84470844067206485 
 137.0125385001962286 195.40176398503368205 
 124.82206230972002459 195.40176398503368205 
 106.53634802400574699 184.84470844067206485 
 82.155395643053338972 184.84470844067206485 
 100.4411099287676592 195.40176398503368205 
 88.250633738291469399 195.40176398503368205 
 69.964919452577163383 184.84470844067206485 
 45.58396707162479089 184.84470844067206485 
 63.869681357339104011 195.40176398503368205 
 51.679205166862914211 195.40176398503368205 
 33.393490881148608196 184.84470844067206485 
 9.0125385001962374787 184.84470844067206485 
 27.298252785910545271 195.40176398503368205 
  15.1077765954343608 195.40176398503368205 
 252.82206230972005301 184.84470844067206485 
 228.44110992876767341 184.84470844067206485 
 246.72682421448192258 195.40176398503368205 
 234.53634802400574699 195.40176398503368205 
 216.25063373829144098 205.95881952939527082 
 191.86968135733906138 205.95881952939527082 
 210.15539564305333897 216.51587507375691644 
 197.96491945257716338 216.51587507375691644 
 179.67920516686288579 205.95881952939527082 
 155.29825278591050619 205.95881952939527082 
 173.58396707162478378 216.51587507375691644 
 161.3934908811486082 216.51587507375691644 
 143.1077765954343306 205.95881952939527082 
 118.72682421448193679 205.95881952939527082 
 137.0125385001962286 216.51587507375691644 
 124.82206230972002459 216.51587507375691644 
 106.53634802400574699 205.95881952939527082 
 82.155395643053338972 205.95881952939527082 
 100.4411099287676592 216.51587507375691644 
 88.250633738291469399 216.51587507375691644 
 69.964919452577163383 205.95881952939527082 
 45.58396707162479089 205.95881952939527082 
 63.869681357339104011 216.51587507375691644 
 51.679205166862914211 216.51587507375691644 
 33.393490881148608196 205.95881952939527082 
 9.0125385001962374787 205.95881952939527082 
 27.298252785910545271 216.51587507375691644 
  15.1077765954343608 216.51587507375691644 
 252.82206230972005301 205.95881952939527082 
 228.44110992876767341 205.95881952939527082 
 246.72682421448192258 216.51587507375691644 
 234.53634802400574699 216.51587507375691644 
 216.25063373829144098 227.07293061811850521 
 191.86968135733906138 227.07293061811850521 
 210.15539564305333897 237.6299861624801224 
 197.96491945257716338 237.6299861624801224 
 179.67920516686288579 227.07293061811850521 
 155.29825278591050619 227.07293061811850521 
 173.58396707162478378 237.6299861624801224 
 161.3934908811486082 237.6299861624801224 
 143.1077765954343306 227.07293061811850521 
 118.72682421448193679 227.07293061811850521 
 137.0125385001962286 237.6299861624801224 
 124.82206230972002459 237.6299861624801224 
 106.53634802400574699 227.07293061811850521 
 82.155395643053338972 227.07293061811850521 
 100.4411099287676592 237.6299861624801224 
 88.250633738291469399 237.6299861624801224 
 69.964919452577163383 227.07293061811850521 
 45.58396707162479089 227.07293061811850521 
 63.869681357339104011 237.6299861624801224 
 51.679205166862914211 237.6299861624801224 
 33.393490881148608196 227.07293061811850521 
 9.0125385001962374787 227.07293061811850521 
 27.298252785910545271 237.6299861624801224 
  15.1077765954343608 237.6299861624801224 
 252.82206230972005301 227.07293061811850521 
 228.44110992876767341 227.07293061811850521 
 246.72682421448192258 237.6299861624801224 
 234.53634802400574699 237.6299861624801224 
 216.25063373829144098 248.18704170684171118 
 191.86968135733906138 248.18704170684171118 
 210.15539564305333897 5.3747641865246915671 
 197.96491945257716338 5.3747641865246915671 
 179.67920516686288579 248.18704170684171118 
 155.29825278591050619 248.18704170684171118 
 173.58396707162478378 5.3747641865246915671 
 161.39349088114857977 5.3747641865246915671 
 143.1077765954343306 248.18704170684171118 
 118.72682421448193679 248.18704170684171118 
 137.01253850019620018 5.3747641865246915671 
 124.82206230972002459 5.3747641865246915671 
 106.53634802400574699 248.18704170684171118 
 82.155395643053338972 248.18704170684171118 
 100.4411099287676592 5.3747641865246915671 
 88.250633738291469399 5.3747641865246915671 
 69.964919452577163383 248.18704170684171118 
 45.58396707162479089 248.18704170684171118 
  63.8696813573390898 5.3747641865246915671 
 51.679205166862914211 5.3747641865246915671 
 33.393490881148608196 248.18704170684171118 
 9.0125385001962374787 248.18704170684171118 
 27.298252785910545271 5.3747641865246915671 
  15.1077765954343608 5.3747641865246915671 
 252.82206230972005301 248.18704170684171118 
 228.44110992876767341 248.18704170684171118 
 246.72682421448192258 5.3747641865246915671 
 234.53634802400574699 5.3747641865246915671 
