 16.265982880569033853 39.487352462176744439 
 16.265982880569033853 67.931796906621187304 
 28.582788623281057738 46.598463573287844497 
 28.582788623281057738 60.82068579551006593 
 16.265982880569033853 82.154019128843401631 
 16.265982880569033853 110.59846357328785871 
 28.582788623281057738 89.265130239954515901 
 28.582788623281057738 103.48735246217674444 
 16.265982880569033853 124.82068579551007304 
 16.265982880569033853 153.2651302399545159 
 28.582788623281057738 131.93179690662117309 
 28.582788623281057738 146.15401912884343005 
 16.265982880569033853 167.48735246217674444 
 16.265982880569033853 195.93179690662117309 
 28.582788623281057738 174.59846357328785871 
 28.582788623281057738 188.82068579551005882 
 16.265982880569033853 210.15401912884343005 
 16.265982880569033853 238.59846357328785871 
 28.582788623281057738 217.26513023995454432 
 28.582788623281057738 231.48735246217674444 
 16.265982880569033853 252.82068579551008725 
 16.265982880569033853 25.265130239954537217 
 28.582788623281057738 3.9317969066211855278 
 28.582788623281057738 18.154019128843419395 
 40.899594365993074518 39.487352462176744439 
 40.899594365993074518 67.931796906621187304 
 53.21640010870508064 46.598463573287844497 
 53.21640010870508064 60.82068579551006593 
 40.899594365993074518 82.154019128843401631 
 40.899594365993074518 110.59846357328785871 
 53.21640010870508064 89.265130239954515901 
 53.21640010870508064 103.48735246217674444 
 40.899594365993074518 124.82068579551007304 
 40.899594365993074518 153.2651302399545159 
 53.21640010870508064 131.93179690662117309 
 53.21640010870508064 146.15401912884343005 
 40.899594365993074518 167.48735246217674444 
 40.899594365993074518 195.93179690662117309 
 53.21640010870508064 174.59846357328785871 
 53.21640010870508064 188.82068579551005882 
 40.899594365993074518 210.15401912884343005 
 40.899594365993074518 238.59846357328785871 
 53.21640010870508064 217.26513023995454432 
 53.21640010870508064 231.48735246217674444 
 40.899594365993074518 252.82068579551008725 
 40.899594365993074518 25.265130239954537217 
 53.21640010870508064 3.9317969066211855278 
 53.21640010870508064 18.154019128843419395 
 65.533205851417108079 39.487352462176744439 
 65.533205851417108079 67.931796906621187304 
 77.850011594129128412 46.598463573287844497 
 77.850011594129128412 60.82068579551006593 
 65.533205851417108079 82.154019128843401631 
 65.533205851417108079 110.59846357328785871 
 77.850011594129128412 89.265130239954515901 
 77.850011594129128412 103.48735246217674444 
 65.533205851417108079 124.82068579551007304 
 65.533205851417108079 153.2651302399545159 
 77.850011594129128412 131.93179690662117309 
 77.850011594129128412 146.15401912884343005 
 65.533205851417108079 167.48735246217674444 
 65.533205851417108079 195.93179690662117309 
 77.850011594129128412 174.59846357328785871 
 77.850011594129128412 188.82068579551005882 
 65.533205851417108079 210.15401912884343005 
 65.533205851417108079 238.59846357328785871 
 77.850011594129128412 217.26513023995454432 
 77.850011594129128412 231.48735246217674444 
 65.533205851417108079 252.82068579551008725 
 65.533205851417108079 25.265130239954537217 
 77.850011594129128412 3.9317969066211855278 
 77.850011594129128412 18.154019128843419395 
 90.166817336841134534 39.487352462176744439 
 90.166817336841134534 67.931796906621187304 
 102.48362307955315487 46.598463573287844497 
 102.48362307955315487 60.82068579551006593 
 90.166817336841134534 82.154019128843401631 
 90.166817336841134534 110.59846357328785871 
 102.48362307955315487 89.265130239954515901 
 102.48362307955315487 103.48735246217674444 
 90.166817336841134534 124.82068579551007304 
 90.166817336841134534 153.2651302399545159 
 102.48362307955315487 131.93179690662117309 
 102.48362307955315487 146.15401912884343005 
 90.166817336841134534 167.48735246217674444 
 90.166817336841134534 195.93179690662117309 
 102.48362307955315487 174.59846357328785871 
 102.48362307955315487 188.82068579551005882 
 90.166817336841134534 210.15401912884343005 
 90.166817336841134534 238.59846357328785871 
 102.48362307955315487 217.26513023995454432 
 102.48362307955315487 231.48735246217674444 
 90.166817336841134534 252.82068579551008725 
 90.166817336841134534 25.265130239954537217 
 102.48362307955315487 3.9317969066211855278 
 102.48362307955315487 18.154019128843419395 
 114.8004288222651752 39.487352462176744439 
 114.8004288222651752 67.931796906621187304 
 127.11723456497719553 46.598463573287844497 
 127.11723456497719553 60.82068579551006593 
 114.8004288222651752 82.154019128843401631 
 114.8004288222651752 110.59846357328785871 
 127.11723456497719553 89.265130239954515901 
 127.11723456497719553 103.48735246217674444 
 114.8004288222651752 124.82068579551007304 
 114.8004288222651752 153.2651302399545159 
 127.11723456497719553 131.93179690662117309 
 127.11723456497719553 146.15401912884343005 
 114.8004288222651752 167.48735246217674444 
 114.8004288222651752 195.93179690662117309 
 127.11723456497719553 174.59846357328785871 
 127.11723456497719553 188.82068579551005882 
 114.8004288222651752 210.15401912884343005 
 114.8004288222651752 238.59846357328785871 
 127.11723456497719553 217.26513023995454432 
 127.11723456497719553 231.48735246217674444 
 114.8004288222651752 252.82068579551008725 
 114.8004288222651752 25.265130239954537217 
 127.11723456497719553 3.9317969066211855278 
 127.11723456497719553 18.154019128843419395 
 139.43404030768920165 39.487352462176744439 
 139.43404030768920165 67.931796906621187304 
 151.75084605040120778 46.598463573287844497 
 151.75084605040120778 60.82068579551006593 
 139.43404030768920165 82.154019128843401631 
 139.43404030768920165 110.59846357328785871 
 151.75084605040120778 89.265130239954515901 
 151.75084605040120778 103.48735246217674444 
 139.43404030768920165 124.82068579551007304 
 139.43404030768920165 153.2651302399545159 
 151.75084605040120778 131.93179690662117309 
 151.75084605040120778 146.15401912884343005 
 139.43404030768920165 167.48735246217674444 
 139.43404030768920165 195.93179690662117309 
 151.75084605040120778 174.59846357328785871 
 151.75084605040120778 188.82068579551005882 
 139.43404030768920165 210.15401912884343005 
 139.43404030768920165 238.59846357328785871 
 151.75084605040120778 217.26513023995454432 
 151.75084605040120778 231.48735246217674444 
 139.43404030768920165 252.82068579551008725 
 139.43404030768920165 25.265130239954537217 
 151.75084605040120778 3.9317969066211855278 
 151.75084605040120778 18.154019128843419395 
 164.0676517931132139 39.487352462176744439 
 164.0676517931132139 67.931796906621187304 
 176.38445753582522002 46.598463573287844497 
 176.38445753582522002 60.82068579551006593 
 164.0676517931132139 82.154019128843401631 
 164.0676517931132139 110.59846357328785871 
 176.38445753582522002 89.265130239954515901 
 176.38445753582522002 103.48735246217674444 
 164.0676517931132139 124.82068579551007304 
 164.0676517931132139 153.2651302399545159 
 176.38445753582522002 131.93179690662117309 
 176.38445753582522002 146.15401912884343005 
 164.0676517931132139 167.48735246217674444 
 164.0676517931132139 195.93179690662117309 
 176.38445753582522002 174.59846357328785871 
 176.38445753582522002 188.82068579551005882 
 164.0676517931132139 210.15401912884343005 
 164.0676517931132139 238.59846357328785871 
 176.38445753582522002 217.26513023995454432 
 176.38445753582522002 231.48735246217674444 
 164.0676517931132139 252.82068579551008725 
 164.0676517931132139 25.265130239954537217 
 176.38445753582522002 3.9317969066211855278 
 176.38445753582522002 18.154019128843419395 
 188.70126327853725456 39.487352462176744439 
 188.70126327853725456 67.931796906621187304 
 201.01806902124926069 46.598463573287844497 
 201.01806902124926069 60.82068579551006593 
 188.70126327853725456 82.154019128843401631 
 188.70126327853725456 110.59846357328785871 
 201.01806902124926069 89.265130239954515901 
 201.01806902124926069 103.48735246217674444 
 188.70126327853725456 124.82068579551007304 
 188.70126327853725456 153.2651302399545159 
 201.01806902124926069 131.93179690662117309 
 201.01806902124926069 146.15401912884343005 
 188.70126327853725456 167.48735246217674444 
 188.70126327853725456 195.93179690662117309 
 201.01806902124926069 174.59846357328785871 
 201.01806902124926069 188.82068579551005882 
 188.70126327853725456 210.15401912884343005 
 188.70126327853725456 238.59846357328785871 
 201.01806902124926069 217.26513023995454432 
 201.01806902124926069 231.48735246217674444 
 188.70126327853725456 252.82068579551008725 
 188.70126327853725456 25.265130239954537217 
 201.01806902124926069 3.9317969066211855278 
 201.01806902124926069 18.154019128843419395 
 213.33487476396129523 39.487352462176744439 
 213.33487476396129523 67.931796906621187304 
 225.65168050667330135 46.598463573287844497 
 225.65168050667330135 60.82068579551006593 
 213.33487476396129523 82.154019128843401631 
 213.33487476396129523 110.59846357328785871 
 225.65168050667330135 89.265130239954515901 
 225.65168050667330135 103.48735246217674444 
 213.33487476396129523 124.82068579551007304 
 213.33487476396129523 153.2651302399545159 
 225.65168050667330135 131.93179690662117309 
 225.65168050667330135 146.15401912884343005 
 213.33487476396129523 167.48735246217674444 
 213.33487476396129523 195.93179690662117309 
 225.65168050667330135 174.59846357328785871 
 225.65168050667330135 188.82068579551005882 
 213.33487476396129523 210.15401912884343005 
 213.33487476396129523 238.59846357328785871 
 225.65168050667330135 217.26513023995454432 
 225.65168050667330135 231.48735246217674444 
 213.33487476396129523 252.82068579551008725 
 213.33487476396129523 25.265130239954537217 
 225.65168050667330135 3.9317969066211855278 
 225.65168050667330135 18.154019128843419395 
 237.9684862493853359 39.487352462176744439 
 237.9684862493853359 67.931796906621187304 
 250.28529199209734202 46.598463573287844497 
 250.28529199209734202 60.82068579551006593 
 237.9684862493853359 82.154019128843401631 
 237.9684862493853359 110.59846357328785871 
 250.28529199209734202 89.265130239954515901 
 250.28529199209734202 103.48735246217674444 
 237.9684862493853359 124.82068579551007304 
 237.9684862493853359 153.2651302399545159 
 250.28529199209734202 131.93179690662117309 
 250.28529199209734202 146.15401912884343005 
 237.9684862493853359 167.48735246217674444 
 237.9684862493853359 195.93179690662117309 
 250.28529199209734202 174.59846357328785871 
 250.28529199209734202 188.82068579551005882 
 237.9684862493853359 210.15401912884343005 
 237.9684862493853359 238.59846357328785871 
 250.28529199209734202 217.26513023995454432 
 250.28529199209734202 231.48735246217674444 
 237.9684862493853359 252.82068579551008725 
 237.9684862493853359 25.265130239954537217 
 250.28529199209734202 3.9317969066211855278 
 250.28529199209734202 18.154019128843419395 
