 75.671334667918330297 25.517587826528206563 
 71.727491617203227747 46.193857700777506636 
 30.833600842524376162 45.537007575026827055 
 22.94605741847062319 86.891006865727064223 
 26.889530965013420882 66.214523658144400997 
 19.002583871927811288 107.56749007330971324 
 16.038237853973619451  128.805141320954192 
 12.094394803258520454 149.48141119520349207 
 78.635680685872486606 4.2799365788837491209 
 112.62175189605437708 46.850921159861535159 
 108.67790884533928875 67.527191034110842338 
 67.78401807066042295 66.870340908360148546 
 59.896474646606662873 108.22434019906039282 
 63.839948193149474776 87.547856991477729593 
 55.953001100063865181 128.90082340664304184 
 52.988655082109687555 150.13847465428750638 
 49.044812031394592111 170.81474452853683488 
 8.1509212567157085516 170.1578944027861553 
 119.5295714605513524 4.936786704634414491 
 4.2068513792047657063 190.83541048590370792 
 115.5860979140085476 25.613269912217074165 
 149.57216912419042387 68.184254493194870861 
 145.62832607347536396 88.860524367444170935 
 104.73443529879648395 88.203674241693477143 
 96.846891874742738082 129.55767353239372142 
 100.79036542128554288 108.8811903248110724 
 92.903418328199919074 150.23415673997638464 
 89.939072310245720132 171.47180798762084919 
 85.995229259530646004 192.14807786187014926 
 45.101338484851765998 191.49122773611946968 
 156.47998868868742761 26.270120037967739535 
 41.157268607340832034 212.16874381923705073 
 152.53651514214459439 46.946603245550413419 
 186.52258635232647066 89.517587826528185246 
 182.57874330161138232 110.19385770077749953 
 141.68485252693253074 109.53700757502680574 
 133.79730910287875645 150.8910068657270358 
 137.74078264942156125  130.214523658144401 
 129.85383555633595165 171.56749007330967061 
 126.88948953838175271 192.80514132095416358 
 122.94564648766667858 213.48141119520349207 
 82.051755712987826996 212.82456106945281249 
 193.43040591682350282 47.603453371301064578 
 78.107685835476871716 233.50207715257036512 
 189.48693237028061276 68.27993657888373491 
 223.47300358046251745 110.85092115986151384 
 219.52916052974742911 131.52719103411081392 
 178.63526975506860595 130.87034090836013434 
 170.74772633101480324 172.22434019906037861 
 174.69119987755760803 151.54785699147771538 
 166.80425278447199844 192.90082340664301341 
 163.83990676651782792 214.13847465428750638 
 159.89606371580271116 234.81474452853677803 
 119.00217294112388799 234.15789440278612688 
 230.38082314495949277 68.936786704634386069 
 115.0581030636129185 254.83541048590370792 
 226.43734959841668797 89.613269912217063506 
 256.4795777578834759 152.86052436744415672 
 215.58568698320465273 152.20367424169347714 
 207.69814355915085002 193.55767353239369299 
 211.64161710569368324 172.88119032481105819 
 203.75467001260804523 214.23415673997635622 
 200.79032399465387471 235.47180798762084919 
 196.84648094393881479 256.14807786187009242 
 155.95259016925993478 255.49122773611946968 
