 103.03801643006306676 27.970151050585876362 
 93.877144147411485164 46.92115242102563144 
 54.546684233027171729 35.702566159732647577 
 36.224699726167756353 73.60601563774154954 
 45.385270309926063703 54.654712568408506002 
 27.064129142409466766 92.557318707074614395 
 18.704082149474654528 112.30408533117429215 
 9.5432098668230729288 131.25508670161406144 
 111.39806342299789321 8.2233844264861701845 
 133.20790576068910127 58.140040381211896658 
 124.04703347803751967 77.091041751651658842 
 84.71657356365318492 65.872455490358660768 
 66.39458905679379086 103.77590496836758405 
 75.555159640552091105 84.824601899034533403 
 57.234018473035504826 122.7272080377006489 
 48.873971480100692588 142.47397466180032666 
 39.713099197449096778 161.42497603224009595 
 150.72852333738219954 19.441970687779178917 
 141.56795275362392772 38.393273757112204692 
 163.37779509131513578 88.309929711837938271 
 154.21692280866352576 107.26093108227766493 
 114.88646289427920522 96.042344820984695275 
 96.564478387419825367 133.94579429899363276 
 105.72504897117812561 114.9944912296605537 
 87.403907803661539333 152.89709736832665499 
 79.043860810726727095 172.64386399242636116 
 69.882988528075117074 191.59486536286610203 
 30.552528613690789427 180.37627910157311817 
 180.89841266800823405 49.611860018405202766 
 190.05898325176650587 30.660556949072141464 
 171.73784208424999065 68.563163087738246304 
 193.54768442194117029 118.47981904246395857 
 184.38681213928958869 137.43082041290372786 
 145.05635222490525393 126.21223415161071557 
 126.73436771804585987 164.11568362961963885 
 135.89493830180416012 145.16438056028658821 
 117.57379713428755963 183.06698669895268949 
 109.21375014135274739 202.81375332305239567 
 100.05287785870115158 221.76475469349216496 
 60.722417944316838145 210.54616843219915268 
 211.06830199863426856 79.781749349031230167 
 220.22887258239254038 60.830446279698179524 
 201.90773141487596831 98.733052418364252389 
 223.71757375256720479 148.64970837308999307 
 214.55670146991559477 167.60070974352970552 
 175.22624155553128844 156.3821234822367785 
 156.90425704867186596 194.28557296024567336 
 166.0648276324301662 175.33426989091259429 
 147.74368646491362256 213.23687602957875242 
 139.38363947197876769 232.98364265367840176 
 130.22276718932718609 251.93464402411814262 
 90.892307274942879758 240.7160577628252156 
 241.23819132926030306 109.95163867965726467 
 250.39876191301857489 91.000335610324185609 
 232.07762074550203124 128.9029417489902869 
 253.88746308319326772 178.81959770371602758 
 63.707254816785450657 16.751263090399607592 
 205.39613088615735137 186.55201281286278459 
 187.07414637929792889 224.45546229087167944 
 196.23471696305622913 205.50415922153865722 
 177.91357579553962864 243.40676536020475851 
