 59.129809955017350376 9.131009088593456724 
 70.443518454002116869 28.726927030858877998 
  74.5846231756424487 13.27211381023378145 
 54.98870523337702565 24.585822309218553272 
 50.847600511736686713 40.040635529843655149 
 62.161309010721460311  59.6365534721090782 
 66.302413732361785037 44.181740251483979876 
 46.706495790096361986 55.495448750468732158 
 42.565391068456023049 70.950261971093837587 
 53.879099567440796648 90.546179913359267744 
 58.020204289081121374 75.091366692734169419 
 38.424286346815698323 86.405075191718935912 
 34.283181625175359386 101.85988841234402003 
 45.596890124160132984 121.45580635460942176 
 49.737994845800457711 106.00099313398435186 
 30.14207690353503466 117.31470163296910414 
 26.000972181894709934 132.76951485359418825 
 37.314680680879469321 152.36543279585961841 
 41.455785402519808258 136.9106195752345343 
 21.859867460254367444 148.22432807421927237 
 17.718762738614028507 163.6791412948443849 
 29.032471237598802105 183.27505923710981506 
 33.173575959239130384 167.82024601648473094 
 13.577658016973705557 179.13395451546946902 
 9.4365532953333808308 194.58876773609458155 
 20.750261794318138442 214.18468567835998329 
 24.891366515958477379 198.72987245773489917 
 5.2954485736930418938 210.04358095671966566 
 1.1543438520527169455 225.49839417734474978 
 16.609157072677817268 229.6394988989850674 
 90.039436396267547025 17.413218531874122164 
 101.35314489525231352 37.009136474139559425 
 105.49424961689264535 21.554323253514461101 
 85.898331674627200982 32.868031752499220488 
 81.757226952986883362 48.322844973124318813 
 93.070935451971649854 67.918762915389720547 
 97.212040173611981686 52.46394969476465775 
 77.61612223134655153 63.777658193749402926 
 73.475017509706219698 79.232471414374501251 
 84.78872600869097198 98.828389356639931407 
 88.929830730331318023 83.373576136014833082 
 69.333912788065873656 94.687284634999599575 
 65.192808066425556035 110.1420978556246979 
 76.506516565410322528 129.73801579789008542 
 80.64762128705065436 114.28320257726501552 
 61.051703344785231309 125.5969110762497678 
 56.910598623144892372 141.05172429687485192 
 68.224307122129658865 160.64764223914028207 
 72.365411843770004907 145.19282901851519796 
 52.769493901504553435 156.50653751749996445 
 48.628389179864228709 171.96135073812504857 
 59.942097678848995201 191.55726868039047872 
 64.083202400489327033 176.10245545976536619 
 44.487284458223889771 187.4161639587501611 
 40.346179736583565045 202.87097717937521679 
 51.659888235568331538 222.46689512164067537 
 55.800992957208670475 207.01208190101556283 
 36.205075014943219003 218.32579040000032933 
 32.063970293302901382 233.78060362062541344 
 109.63535433853297718 6.0995100328893476771 
 47.518783513928006812 237.92170834226573106 
 94.180541117907878856 1.958405311249008518 
 120.94906283751772946 25.695427975154785827 
 132.26277133650251017 45.291345917420223088 
 136.40387605814282779 29.836532696795124764 
 116.80795811587739763 41.150241195779884151 
 112.6668533942370658 56.605054416404982476 
 123.98056189322183229 76.200972358670398421 
 128.12166661486219255 60.746159138045321413 
 108.52574867259673397 72.059867637030066589 
 104.38464395095640214 87.514680857655164914 
 115.69835244994116863 107.11059879992059507 
 119.83945717158150046 91.655785579295496746 
 100.2435392293160703 102.96949407828026324 
 96.102434507675752684 118.42430729890534735 
 107.41614300666051918 138.02022524117077751 
 111.55724772830085101 122.56541202054567918 
 91.961329786035406642 133.87912051953040304 
 87.82022506439507481  149.333933740155544 
 99.133933563379841303 168.92985168242094574 
 103.27503828502018735 153.47503846179586162 
 83.679120342754742978 164.78874696078062811 
 79.538015621114425358 180.24356018140574065 
 90.85172412009917764 199.83947812367114238 
 94.992828841739523682 184.38466490304605827 
 75.396910899474079315 195.69837340203082476 
 71.255806177833747483 211.15318662265590888 
 82.569514676818513976 230.74910456492133903 
 86.710619398458860019 215.29429134429625492 
 67.114701456193415652 226.60799984328099299 
 62.973596734553090926 242.0628130639060771 
 140.54498077978317383 14.381719476170012229 
 78.428409955178196356 246.20391778554639473 
 125.09016755915806129 10.240614754529671515 
 151.8586892787679119 33.97763741843544949 
 163.17239777775267839 53.573555360700872541 
 167.31350249939302444 38.118742140075774216 
 147.71758455712759428 49.432450639060547815 
 143.57647983548724824 64.887263859685646139 
 154.89018833447201473 84.483181801951047873 
 159.03129305611233235 69.028368581325977971 
 139.43537511384693062 80.342077080310730253 
 135.29427039220658457 95.796890300935828577 
 146.60797889119135107 115.39280824320124452 
 150.74908361283166869 99.937995022576146198 
 131.15316567056626695 111.2517035215609269 
 127.01206094892593512 126.70651674218601102 
 138.3257694479106874 146.30243468445141275 
 142.46687416955100502 130.84762146382635706 
 122.87095622728558908 142.16132996281109513 
 118.72985150564527146 157.61614318343617924 
 130.04356000463002374 177.2120611257016094 
 134.18466472627036978 161.75724790507652529 
 114.58874678400492542 173.07095640406129178 
 110.4476420623646078 188.52576962468637589 
 121.76135056134934587 208.12168756695180605 
 125.90245528298969191 192.66687434632669351 
 106.30653734072426175 203.98058284531148843 
 102.16543261908394413 219.43539606593657254 
 113.4791411180686822 239.0313140082020027 
 117.62024583970902825 223.57650078757689016 
 98.02432789744359809 234.89020928656168508 
 93.88322317580329468 250.34502250718671235 
 171.45460722103334206 22.663928919450661681 
 109.33803639642836458 254.48612722882702997 
 155.99979400040825794 18.522824197810336955 
 182.76831572001810855 42.259846861716113153 
 194.08202421900290346 61.855764803981536204 
 198.22312894064322109 46.40095158335643788 
 178.62721099837779093 57.714660082341211478 
 174.48610627673744489 73.169473302966309802 
 185.79981477572221138 92.765391245231725748 
  189.940919497362529 77.310578024606627423 
 170.34500155509712727 88.624286523591393916 
 166.2038968334567528 104.07909974421649224 
 177.51760533244151929 123.6750176864819224 
 181.65871005408186534 108.22020446585682407 
 162.06279211181643518 119.53391296484159056 
 157.92168739017611756 134.98872618546667468 
 169.23539588916088405 154.58464412773210483 
 173.37650061080120167 139.12983090710702072 
 153.78058266853579994 150.44353940609173037 
 149.6394779468954539 165.89835262671684291 
 160.95318644588022039 185.49427056898230148 
 165.09429116752056643 170.03945734835718895 
 145.49837322525510785 181.35316584734192702 
 141.35726850361479023 196.80797906796703955 
 152.67097700259955673 216.40389701023246971 
 156.81208172423987435 200.9490837896073856 
 137.21616378197444419 212.26279228859212367 
 133.07505906033412657 227.7176055092172362 
 144.38876755931886464 247.31352345148263794 
 148.52987228095923911 231.85871023085755382 
 128.93395433869380895 243.17241872984232032 
 202.36423366228353871 30.946138362731339555 
 186.90942044165845459 26.805033641091000618 
 213.6779421612683052 50.542056304996776817 
 224.99165066025307169 70.137974247262206973 
 229.13275538189341773 54.683161026637115754 
 209.53683743962798758 65.996869525621875141 
 205.39573271798764154 81.451682746246973466 
 216.70944121697240803 101.04760068851238941 
 220.85054593861272565 85.592787467887305297 
 201.25462799634729549 96.906495966872057579 
 197.11352327470694945 112.3613091874971559 
 208.42723177369171594 131.95722712976257185 
 212.56833649533206199 116.50241390913748774 
 192.97241855306663183 127.81612240812225423 
 188.83131383142631421 143.27093562874733834 
 200.1450223304110807 162.86685357101274008 
 204.28612705205139832 147.41204035038768438 
 184.69020910978596817 158.72574884937242246 
 180.54910438814565055 174.18056206999750657 
 191.86281288713041704 193.77648001226296515 
 196.00391760877076308 178.32166679163788103 
 176.40799966650533293 189.6353752906226191 
 172.26689494486498688 205.09018851124770322 
 183.58060344384975338 224.6861064535131618 
  187.721708165490071 209.23129323288807768 
 168.12579022322464084 220.54500173187281575 
 163.98468550158432322 235.99981495249787145 
 175.29839400056906129 255.59573289476333002 
 179.43949872220943575 240.14091967413821749 
 159.84358077994397718 251.45462817312298398 
 233.27386010353373536 39.228347806012003218 
 217.81904688290862282 35.087243084371664281 
  244.587568602518445 58.82426574827744048 
 255.90127710150323992 78.420183690542856425 
 240.44646388087812738 74.279078968902538804 
 236.30535915923780976 89.733892189527637129 
 247.61906765822257626 109.32981013179305307 
 251.76017237986289388 93.87499691116795475 
 232.16425443759746372 105.18870541015272124 
 228.0231497159571461 120.64351863077781957 
 239.33685821494191259 140.23943657304326393 
 243.47796293658225864 124.7846233524181514 
 223.88204499431682848 136.09833185140291789 
 219.74094027267648244 151.55314507202800201 
 231.05464877166127735 171.14906301429343216 
 235.19575349330159497 155.69424979366831963 
 215.59983555103613639 167.00795829265308612 
 211.45873082939581877 182.46277151327819865 
 222.77243932838058527 202.05868945554362881 
 226.91354405002095973 186.60387623491851627 
 207.31762610775547273 197.91758473390328277 
 203.17652138611515511 213.3723979545283953 
 214.4902298850999216 232.96831589679379704 
 218.63133460674023922 217.51350267616871292 
 199.03541666447480907 228.82721117515347942 
 194.89431194283449145 244.28202439577856353 
 210.34912516345960398 248.42312911741888115 
 248.72867332415879105 43.369452527652327944 
 39.533892012751955747 20.444717587578228546 
 43.674996734392280473 4.9899043669531319978 
 31.251682569471292084 51.354344028828407431 
 35.39278729111161681 35.899530808203330423 
 22.96947312619062842 82.26397047007860408 
 27.110577847830953147 66.809157249453505756 
 254.79167143556699671 144.38054129468358155 
 250.65056671392665066 159.83535451530866567 
 14.687263682909964757 113.1735969113287581 
 18.828368404550289483 97.718783690703688194 
 246.50946199228630462 175.29016773593374978 
  242.368357270645987 190.7449809565588339 
 6.4050542396293002056 144.08322335257895475 
 10.546158961269640031 128.62841013195387063 
 238.22725254900566938 206.19979417718394643 
 234.08614782736535176 221.65460739780903054 
 2.2639495179889612686 159.53803657320403886 
 229.94504310572500572 237.10942061843414308 
 225.80393838408465967 252.56423383905922719 
