 8.4405497140272913725 28.687922290896345601 
 19.754258213012064971 44.687922290896338495 
 8.4405497140272913725 60.687922290896345601 
 19.754258213012064971 76.687922290896352706 
 8.4405497140272913725 92.687922290896352706 
 19.754258213012064971 108.68792229089635271 
 8.4405497140272913725 124.68792229089635271 
 19.754258213012064971 140.68792229089635271 
 8.4405497140272913725 156.68792229089635271 
 19.754258213012064971 172.68792229089638113 
 8.4405497140272913725 188.68792229089638113 
 19.754258213012064971 204.68792229089638113 
 8.4405497140272913725 220.68792229089632428 
 19.754258213012064971 236.68792229089635271 
 8.4405497140272913725 252.68792229089635271 
 19.754258213012064971 12.687922290896352706 
 31.067966711996810147 28.687922290896345601 
 42.381675210981583746 44.687922290896338495 
 31.067966711996810147 60.687922290896345601 
 42.381675210981583746 76.687922290896352706 
 31.067966711996810147 92.687922290896352706 
 42.381675210981583746 108.68792229089635271 
 31.067966711996810147 124.68792229089635271 
 42.381675210981583746 140.68792229089635271 
 31.067966711996810147 156.68792229089635271 
 42.381675210981583746 172.68792229089638113 
 31.067966711996810147 188.68792229089638113 
 42.381675210981583746 204.68792229089638113 
 31.067966711996810147 220.68792229089632428 
 42.381675210981583746 236.68792229089635271 
 31.067966711996810147 252.68792229089635271 
 42.381675210981583746 12.687922290896352706 
 53.695383709966343133 28.687922290896345601 
 65.009092208951102521 44.687922290896338495 
 53.695383709966343133 60.687922290896345601 
 65.009092208951102521 76.687922290896352706 
 53.695383709966343133 92.687922290896352706 
 65.009092208951102521 108.68792229089635271 
 53.695383709966343133 124.68792229089635271 
 65.009092208951102521 140.68792229089635271 
 53.695383709966343133 156.68792229089635271 
 65.009092208951102521 172.68792229089638113 
 53.695383709966343133 188.68792229089638113 
 65.009092208951102521 204.68792229089638113 
 53.695383709966343133 220.68792229089632428 
 65.009092208951102521 236.68792229089635271 
 53.695383709966343133 252.68792229089635271 
 65.009092208951102521 12.687922290896352706 
 76.322800707935854803 28.687922290896345601 
 87.636509206920621295 44.687922290896338495 
 76.322800707935854803 60.687922290896345601 
 87.636509206920621295 76.687922290896352706 
 76.322800707935854803 92.687922290896352706 
 87.636509206920621295 108.68792229089635271 
 76.322800707935854803 124.68792229089635271 
 87.636509206920621295 140.68792229089635271 
 76.322800707935854803 156.68792229089635271 
 87.636509206920621295 172.68792229089638113 
 76.322800707935854803 188.68792229089638113 
 87.636509206920621295 204.68792229089638113 
 76.322800707935854803 220.68792229089632428 
 87.636509206920621295 236.68792229089635271 
 76.322800707935854803 252.68792229089635271 
 87.636509206920621295 12.687922290896352706 
 98.950217705905373577 28.687922290896345601 
 110.26392620489014007 44.687922290896338495 
 98.950217705905373577 60.687922290896345601 
 110.26392620489014007 76.687922290896352706 
 98.950217705905373577 92.687922290896352706 
 110.26392620489014007 108.68792229089635271 
 98.950217705905373577 124.68792229089635271 
 110.26392620489014007 140.68792229089635271 
 98.950217705905373577 156.68792229089635271 
 110.26392620489014007 172.68792229089638113 
 98.950217705905373577 188.68792229089638113 
 110.26392620489014007 204.68792229089638113 
 98.950217705905373577 220.68792229089632428 
 110.26392620489014007 236.68792229089635271 
 98.950217705905373577 252.68792229089635271 
 110.26392620489014007 12.687922290896352706 
 121.57763470387489235 28.687922290896345601 
 132.89134320285964463 44.687922290896338495 
 121.57763470387489235 60.687922290896345601 
 132.89134320285964463 76.687922290896352706 
 121.57763470387489235 92.687922290896352706 
 132.89134320285964463 108.68792229089635271 
 121.57763470387489235 124.68792229089635271 
 132.89134320285964463 140.68792229089635271 
 121.57763470387489235 156.68792229089635271 
 132.89134320285964463 172.68792229089638113 
 121.57763470387489235 188.68792229089638113 
 132.89134320285964463 204.68792229089638113 
 121.57763470387489235 220.68792229089632428 
 132.89134320285964463 236.68792229089635271 
 121.57763470387489235 252.68792229089635271 
 132.89134320285964463 12.687922290896352706 
 144.20505170184441113 28.687922290896345601 
 155.51876020082920604 44.687922290896338495 
 144.20505170184441113 60.687922290896345601 
 155.51876020082920604 76.687922290896352706 
 144.20505170184441113 92.687922290896352706 
 155.51876020082920604 108.68792229089635271 
 144.20505170184441113 124.68792229089635271 
 155.51876020082920604 140.68792229089635271 
 144.20505170184441113 156.68792229089635271 
 155.51876020082920604 172.68792229089638113 
 144.20505170184441113 188.68792229089638113 
 155.51876020082920604 204.68792229089638113 
 144.20505170184441113 220.68792229089632428 
 155.51876020082920604 236.68792229089635271 
 144.20505170184441113 252.68792229089635271 
 155.51876020082920604 12.687922290896352706 
 166.83246869981394411 28.687922290896345601 
 178.14617719879871061 44.687922290896338495 
 166.83246869981394411 60.687922290896345601 
 178.14617719879871061 76.687922290896352706 
 166.83246869981394411 92.687922290896352706 
 178.14617719879871061 108.68792229089635271 
 166.83246869981394411 124.68792229089635271 
 178.14617719879871061 140.68792229089635271 
 166.83246869981394411 156.68792229089635271 
 178.14617719879871061 172.68792229089638113 
 166.83246869981394411 188.68792229089638113 
 178.14617719879871061 204.68792229089638113 
 166.83246869981394411 220.68792229089632428 
 178.14617719879871061 236.68792229089635271 
 166.83246869981394411 252.68792229089635271 
 178.14617719879871061 12.687922290896352706 
 189.45988569778344868 28.687922290896345601 
 200.77359419676824359 44.687922290896338495 
 189.45988569778344868 60.687922290896345601 
 200.77359419676824359 76.687922290896352706 
 189.45988569778344868 92.687922290896352706 
 200.77359419676824359 108.68792229089635271 
 189.45988569778344868 124.68792229089635271 
 200.77359419676824359 140.68792229089635271 
 189.45988569778344868 156.68792229089635271 
 200.77359419676824359 172.68792229089638113 
 189.45988569778344868 188.68792229089638113 
 200.77359419676824359 204.68792229089638113 
 189.45988569778344868 220.68792229089632428 
 200.77359419676824359 236.68792229089635271 
 189.45988569778344868 252.68792229089635271 
 200.77359419676824359 12.687922290896352706 
 212.08730269575298166 28.687922290896345601 
 223.40101119473774816 44.687922290896338495 
 212.08730269575298166 60.687922290896345601 
 223.40101119473774816 76.687922290896352706 
 212.08730269575298166 92.687922290896352706 
 223.40101119473774816 108.68792229089635271 
 212.08730269575298166 124.68792229089635271 
 223.40101119473774816 140.68792229089635271 
 212.08730269575298166 156.68792229089635271 
 223.40101119473774816 172.68792229089638113 
 212.08730269575298166 188.68792229089638113 
 223.40101119473774816 204.68792229089638113 
 212.08730269575298166 220.68792229089632428 
 223.40101119473774816 236.68792229089635271 
 212.08730269575298166 252.68792229089635271 
 223.40101119473774816 12.687922290896352706 
 234.71471969372248623 28.687922290896345601 
 246.02842819270725272 44.687922290896338495 
 234.71471969372248623 60.687922290896345601 
 246.02842819270725272 76.687922290896352706 
 234.71471969372248623 92.687922290896352706 
 246.02842819270725272 108.68792229089635271 
 234.71471969372248623 124.68792229089635271 
 246.02842819270725272 140.68792229089635271 
 234.71471969372248623 156.68792229089635271 
 246.02842819270725272 172.68792229089638113 
 234.71471969372248623 188.68792229089638113 
 246.02842819270725272 204.68792229089638113 
 234.71471969372248623 220.68792229089632428 
 246.02842819270725272 236.68792229089635271 
 234.71471969372248623 252.68792229089635271 
 246.02842819270725272 12.687922290896352706 
