 82.042803574140293676 16.128903675011557084 
 64.380159893425897621 11.396212564565448844 
 59.647468782979807145 29.058856245279837793 
 77.310112463694196094 33.791547355725931823 
 72.577421353248098512 51.454191036440334983 
 54.914777672533716668 46.721499925994230296 
 50.182086562087619086 64.384143606708619245 
 67.844730242802015141 69.116834717154716827 
 63.112039132355910453 86.779478397869112882 
 45.449395451641528609 82.046787287423029511 
 40.716704341195438133 99.709430968137397144 
 58.379348021909827082 104.44212207858350894 
 53.646656911463736606 122.10476575929787657 
 35.984013230749347656 117.3720746488517932 
 31.251322120303253627 135.03471832956617504 
 48.913965801017646129 139.76740944001227263 
 44.181274690571534336 157.43005312072668289 
 26.51863100985716315 152.69736201028058531 
 21.785939899411072673 170.36000569099496715 
 39.448583580125443859 175.09269680144103631 
 34.715892469679353383 192.75534048215544658 
 17.053248788964964433 188.02264937170932058 
 12.32055767851887218 205.68529305242373084 
 29.983201359233262906 210.41798416286982842 
 25.250510248787168877 228.08062784358423869 
 7.587866568072779927 223.34793673313814111 
 104.43813836530078731 3.1989511047432430679 
 122.10078204601516916 7.9316422151893348769 
 117.36809093556908579 25.59428589590374159 
 99.705447254854675521 20.861594785457647561 
 94.972756144408592149 38.524238466172022299 
 112.6353998251229882 43.256929576618126987 
 107.90270871467690483 60.919573257332508831 
 90.240065033962494567 56.18688214688642546 
 85.507373923516396985 73.849525827600800199 
 103.17001760423079304 78.582216938046897781 
 98.437326493784695458 96.244860618761293836 
 80.774682813070313614 91.512169508315210464 
 76.041991702624216032 109.17481318902959231 
 93.704635383338612087 113.90750429947568989 
 88.971944272892514505 131.57014798019005752 
 71.309300592178132661 126.83745686974397415 
 66.576609481732035078 144.50010055045837021 
 84.239253162446416923 149.23279166090443937 
 79.506562052000333551 166.89543534161884963 
 61.843918371285944602 162.16274423117275205 
 57.11122726083984702 179.8253879118871339 
 74.773870941554235969 184.55807902233323148 
 70.041179831108152598 202.22072270304764174 
 52.378536150393756543 197.48803159260154416 
 47.645845039947666066 215.15067527331592601 
 65.308488720662055016 219.88336638376202359 
 60.575797610215957434 237.54601006447640543 
 42.91315392950157559 232.81331895403033627 
 139.76342572672956521 12.66433332563542713 
 157.42606940744394706 17.397024436081519383 
 152.69337829699784947 35.059668116795926096 
 135.03073461628346763 30.326977006349832067 
 130.29804350583737005 47.989620687064224569 
 147.96068718655178031 52.722311797510315046 
 143.22799607610568273 70.38495547822469689 
 125.56535239539128668 65.652264367778599308 
 120.83266128494517488 83.314908048492981152 
 138.49530496565958515 88.047599158939092945 
 133.76261385521348757  105.710242839653489 
 116.09997017449909151 100.97755172920739142 
 111.36727906405299393 118.64019540992178747 
 129.02992274476738999 123.37288652036787084 
 124.29723163432130661 141.03553020108225269 
 106.63458795360691056 136.30283909063615511 
 101.90189684316081298 153.96548277135053695 
 119.56454052387522324 158.69817388179663453 
 114.83184941342912566 176.3608175625110448 
 97.169205732714715396 171.62812645206494722 
 92.436514622268632024 189.29077013277932906 
 110.09915830298302808 194.02346124322545506 
 105.3664671925369305 211.68610492393980849 
 87.703823511822534442 206.95341381349373933 
 82.971132401376451071 224.61605749420809275 
 100.63377608209083292 229.34874860465419033 
 95.901084971644749544 247.0113922853686006 
 78.238441290930353489 242.27870117492250301 
 175.0887130881583289 22.12971554652760986 
 192.75135676887276759 26.862406656973703889 
 188.01866565842667001 44.525050337688107049 
 170.35602197771223132 39.792359227242016573 
 165.62333086726613374 57.455002907956405522 
 183.28597454798057242 62.187694018402495999 
 178.55328343753447484 79.850337699116892054 
 160.89063975682006458 75.117646588670794472 
 156.15794864637396699 92.780290269385176316 
 173.82059232708840568 97.512981379831273898 
 169.0879012166423081 115.17562506054566995 
 151.42525753592786941 110.44293395009957237 
 146.69256642548177183 128.10557763081396843 
 164.35521010619621052 132.83826874126006601 
 159.62251899575011294 150.50091242197444785 
 141.95987531503567425 145.76822131152835027 
 137.22718420458960509 163.43086499224273211 
 154.88982788530401535 168.1635561026888297 
 150.15713677485791777 185.82619978340321154 
 132.49449309414350751 181.09350867295714238 
 127.76180198369740992 198.7561523536714958 
 145.42444566441182019 203.48884346411762181 
 140.69175455396572261 221.15148714483200365 
 123.02911087325129813 216.41879603438590607 
 118.29641976280521476 234.08143971510028791 
 135.95906344351962503 238.81413082554638549 
 131.22637233307352744 256.47677450626076734 
 113.56372865235911718 251.74408339581469818 
 210.41400044958712101 31.595097767419794366 
 228.07664413030153128 36.327788877865884842 
 223.34395301985546212 53.990432558580295108 
 205.68130933914102343 49.257741448134197526 
 200.94861822869492585 66.920385128848593581 
 218.61126190940936453 71.653076239294691163 
 213.87857079896323853 89.315719920009073007 
 196.21592711824882826 84.583028809562975425 
 191.48323600780273068 102.24567249027737148 
 209.14587968851714095 106.97836360072348327 
 204.41318857807104337 124.64100728143786512 
 186.75054489735666152 119.90831617099175332 
 182.01785378691056394 137.57095985170613517 
 199.68049746762497421 142.30365096215226117 
 194.94780635717887662 159.96629464286664302 
 177.28516267646446636 155.23360353242054543 
 172.55247156601836878 172.89624721313489886 
 190.21511524673277904 177.62893832358099644 
 185.48242413628668146 195.2915820042954067 
 167.81978045557227119 190.55889089384930912 
 163.08708934512620203 208.22153457456371939 
 180.74973302584058388 212.95422568500981697 
 176.01704191539451472 230.61686936572419881 
 158.35439823468010445 225.88417825527810123 
 153.62170712423400687 243.54682193599248308 
 171.28435080494841714 248.27951304643858066 
 245.73928781101591312 41.060479988311975319 
 241.00659670056981554 58.723123669026385585 
 236.27390559012374638 76.385767349740774534 
 253.93654927083812822 81.118458460186886327 
 249.20385816039205906 98.781102140901268172 
 231.5412144796776488 94.048411030455156379 
 226.80852336923155121 111.71105471116955243 
 244.47116704994596148 116.44374582161566423 
 239.7384759394998639 134.10638950233004607 
 222.07583225878545363 129.37369839188394849 
 217.34314114833935605 147.03634207259835875 
 235.00578482905376632 151.76903318304442791 
 230.27309371860766873 169.43167686375880976 
 212.61045003789328689 164.69898575331271218 
 207.87775892744718931 182.36162943402709402 
 225.54040260816159957 187.09432054447322002 
 220.80771149771550199 204.75696422518760187 
 203.1450678170010633 200.02427311474150429 
 198.41237670655496572 217.68691679545591455 
 216.07502038726940441 222.41960790590201213 
 211.34232927682330683 240.08225158661639398 
 193.67968559610886814 235.34956047617026798 
 188.94699448566277056 253.01220415688464982 
 46.717516212711522883 6.6635214541193725779 
 41.984825102265432406 24.326165134833747317 
 37.252133991819341929 41.98880881554815403 
 32.519442881373251453 59.651452496262535874 
 27.786751770927157423 77.314096176976931929 
 252.66842850976811974 156.5017242934905255 
 23.054060660481063394 94.976739857691327984 
 18.321369550034972917 112.63938353840569562 
 247.93573739932202216 174.16436797420490734 
 243.20304628887592457 191.82701165491928919 
 13.588678439588880664 130.30202721912007746 
 8.8559873291427884112 147.96467089983448773 
 238.47035517842982699 209.48965533563367103 
 233.73766406798375783 227.1522990163480813 
 4.1232962186966961582 165.62731458054886957 
 229.00497295753766025 244.81494269706246314 
