 150.49950803070379379 3.7012711986543984644 
 124.63960289016722527 3.7012711986544295506 
 137.56955546043550953 16.63122376892271248 
 124.63960289016722527 29.561176339191010953 
 111.7096503198989268 16.63122376892271248 
 98.779697749630628323 29.561176339191025164 
 111.7096503198989268 42.491128909459305873 
 98.779697749630628323 55.421081479727604346 
 85.84974517936232985 42.491128909459305873 
 72.919792609094031377 55.421081479727618557 
 85.84974517936232985 68.351034049995902819 
 72.919792609094045588 81.280986620264201292 
 59.98984003882574001 68.35103404999591703 
 47.059887468557448642 81.280986620264201292 
 59.989840038825747115 94.210939190532499765 
 47.059887468557448642 107.14089176080078403 
 34.129934898289150169 94.210939190532499765 
 21.199982328020851696 107.14089176080079824 
 34.12993489828916438 120.07084433106909671 
 21.199982328020851696 133.00079690133736676 
 8.2700297577525709869 120.07084433106909671 
 8.2700297577525709869 145.93074947160567945 
 176.35941317124041916 3.7012711986543984644 
 189.28936574150870342 16.63122376892271248 
 176.35941317124041916 29.56117633919099319 
 163.42946060097210648 16.63122376892271248 
 150.49950803070379379 29.561176339191010953 
 163.42946060097210648 42.491128909459305873 
 150.49950803070382221 55.421081479727604346 
 137.56955546043550953 42.491128909459305873 
 124.63960289016722527 55.421081479727604346 
 137.56955546043550953 68.351034049995902819 
 124.63960289016723948 81.280986620264201292 
 111.7096503198989268 68.351034049995902819 
 98.779697749630628323 81.280986620264201292 
 111.7096503198989268 94.210939190532499765 
 98.779697749630642534 107.14089176080079824 
 85.84974517936232985 94.210939190532499765 
 72.919792609094045588 107.14089176080078403 
 85.849745179362358272 120.07084433106909671 
 72.919792609094045588 133.00079690133736676 
 59.989840038825747115 120.07084433106909671 
 47.059887468557448642 133.00079690133736676 
 59.989840038825761326 145.93074947160567945 
 47.059887468557462853 158.86070204187396371 
 34.12993489828916438 145.93074947160567945 
 21.199982328020851696 158.86070204187396371 
 34.12993489828916438 171.79065461214227639 
 21.19998232802086946 184.72060718241056065 
 8.2700297577525709869 171.79065461214227639 
 202.21931831177698768 29.56117633919099319 
 215.14927088204530037 42.491128909459291663 
 202.21931831177698768 55.421081479727590136 
 189.28936574150870342 42.491128909459305873 
 176.35941317124041916 55.421081479727604346 
 189.28936574150870342 68.351034049995902819 
 176.35941317124041916 81.280986620264201292 
 163.42946060097210648 68.351034049995902819 
 150.49950803070382221 81.280986620264201292 
 163.42946060097210648 94.210939190532499765 
 150.49950803070382221 107.14089176080079824 
 137.56955546043550953 94.210939190532499765 
 124.63960289016723948 107.14089176080079824 
 137.56955546043553795 120.07084433106909671 
 124.63960289016723948 133.00079690133739518 
 111.70965031989894101 120.07084433106909671 
 98.779697749630642534 133.00079690133736676 
 111.70965031989895522 145.93074947160567945 
 98.779697749630642534 158.86070204187396371 
 85.849745179362358272 145.93074947160567945 
 72.919792609094059799 158.86070204187396371 
 85.849745179362358272 171.79065461214227639 
 72.919792609094059799 184.72060718241056065 
 59.989840038825761326 171.79065461214227639 
 47.059887468557462853 184.72060718241056065 
 59.989840038825761326 197.65055975267887334 
 47.059887468557462853 210.5805123229471576 
 34.12993489828916438 197.65055975267887334 
 228.07922345231361305 55.421081479727590136 
 241.00917602258189731 68.351034049995888608 
 228.07922345231361305 81.280986620264187081 
 215.14927088204530037 68.351034049995888608 
 202.21931831177698768 81.280986620264201292 
 215.14927088204530037 94.210939190532499765 
 202.21931831177701611 107.14089176080079824 
 189.28936574150870342 94.210939190532499765 
 176.35941317124041916 107.14089176080079824 
 189.28936574150870342 120.07084433106909671 
 176.35941317124041916 133.00079690133739518 
 163.42946060097210648 120.07084433106909671 
 150.49950803070382221 133.00079690133739518 
 163.42946060097210648 145.93074947160567945 
 150.49950803070382221 158.86070204187396371 
 137.56955546043553795 145.93074947160567945 
 124.63960289016723948 158.86070204187396371 
 137.56955546043553795 171.79065461214227639 
 124.63960289016725369 184.72060718241056065 
 111.70965031989895522 171.79065461214227639 
 98.779697749630656745 184.72060718241056065 
 111.70965031989895522 197.65055975267884492 
 98.779697749630656745 210.5805123229471576 
 85.849745179362358272 197.65055975267884492 
 72.919792609094059799 210.5805123229471576 
 85.849745179362358272 223.51046489321547028 
 72.91979260909407401 236.44041746348375455 
 59.989840038825768431 223.51046489321547028 
   253.93912859285021 81.280986620264187081 
   253.93912859285021 107.14089176080078403 
 241.00917602258189731 94.210939190532485554 
 228.07922345231361305 107.14089176080078403 
 241.00917602258189731 120.07084433106909671 
 228.07922345231361305 133.00079690133736676 
 215.14927088204530037 120.07084433106909671 
 202.21931831177701611 133.00079690133736676 
 215.14927088204530037 145.93074947160567945 
 202.21931831177701611 158.86070204187396371 
 189.28936574150873184 145.93074947160567945 
 176.35941317124041916 158.86070204187396371 
 189.28936574150873184 171.79065461214227639 
 176.35941317124041916 184.72060718241056065 
 163.42946060097210648 171.79065461214227639 
 150.49950803070382221 184.72060718241056065 
 163.4294606009721349 197.65055975267884492 
 150.49950803070382221 210.5805123229471576 
 137.56955546043553795 197.65055975267884492 
 124.63960289016725369 210.5805123229471576 
 137.56955546043553795 223.51046489321547028 
 124.63960289016725369 236.44041746348375455 
 111.70965031989895522 223.51046489321547028 
 98.779697749630656745 236.44041746348375455 
 111.70965031989895522 249.37037003375203881 
 85.849745179362358272 249.37037003375203881 
   253.93912859285021 133.00079690133736676 
   253.93912859285021 158.86070204187396371 
 241.00917602258189731 145.93074947160567945 
 228.07922345231361305 158.86070204187396371 
 241.00917602258192574 171.79065461214227639 
 228.07922345231361305 184.72060718241056065 
 215.14927088204530037 171.79065461214227639 
 202.21931831177701611 184.72060718241056065 
 215.14927088204530037 197.65055975267887334 
 202.21931831177701611 210.5805123229471576 
 189.28936574150873184 197.65055975267887334 
 176.35941317124041916 210.5805123229471576 
 189.28936574150873184 223.51046489321547028 
 176.35941317124041916 236.44041746348375455 
 163.4294606009721349 223.51046489321547028 
 150.49950803070385064 236.44041746348375455 
 163.4294606009721349 249.37037003375203881 
 137.56955546043553795 249.37037003375203881 
 98.779697749630628323 3.7012711986544295506 
   253.93912859285021 184.72060718241056065 
 85.84974517936232985 16.63122376892271248 
 72.919792609094031377 29.561176339191025164 
 241.00917602258192574 197.65055975267887334 
 228.07922345231361305 210.5805123229471576 
 59.989840038825732904 42.491128909459320084 
 47.059887468557434431 55.421081479727618557 
 215.14927088204530037 223.51046489321547028 
 202.21931831177704453 236.44041746348375455 
 34.129934898289150169 68.351034049995902819 
 21.199982328020851696 81.280986620264201292 
 189.28936574150873184 249.37037003375203881 
 8.2700297577525709869 94.210939190532499765 
