 170.99080314008253367 3.9303469190843189907 
 155.15491004230995031 13.073204061941478216 
 139.31901694453736695 22.216061204798606354 
 130.17615980168019973 6.3801681070260167772 
 114.34026670390761637 15.523025249883160015 
 123.48312384676476938 31.358918347655762915 
 107.64723074899218602 40.501775490512905264 
 98.504373606135018804 24.665882392740304141 
 82.668480508362435444 33.808739535597446491 
 91.811337651219602662 49.644632633370051167 
 75.975444553446990881 58.787489776227189964 
 66.832587410589837873 42.951596678454585287 
 50.996694312817261618 52.09445382131173119 
 60.139551455674400415 67.930346919084328761 
 44.303658357901802844 77.073204061941481768 
 35.160801215044656942 61.237310964168877092 
 19.324908117272070029 70.380168107026022994 
 28.467765260129212379 86.216061204798620565 
 12.63187216235662369 95.358918347655773573 
 3.4890150194994657973 79.523025249883161791 
 195.96955338071228425 10.623382873999764442 
 205.11241052356945147 26.459275971772353131 
 189.27651742579681127 35.602133114629495481 
 180.13366028293970089 19.766240016856908568 
 164.29776718516711753 28.909097159714065128 
 173.44062432802425633 44.744990257486655594 
 157.60473123025164455 53.88784740034378018 
 148.46187408739450575 38.051954302571189714 
 132.62598098962192239 47.194811445428349828 
 141.76883813247906119 63.030704543200940293 
 125.93294503470646362 72.17356168605807909 
 116.79008789184931061 56.33766858828549573 
 100.95419479407672725 65.480525731142634527 
 110.09705193693388026 81.316418828915232098 
 94.261158839161296896 90.459275971772370895 
 85.118301696304129678 74.623382873999773324 
 69.282408598531546318 83.766240016856926331 
 78.425265741388685115 99.602133114629509691 
 62.589372643616101755 108.74499025748664849 
 53.446515500758955852 92.909097159714065128 
 37.610622402986372492 102.05195430257120393 
 46.753479545843511289 117.8878474003438015 
 30.917586448070910166 127.0307045432009545 
 21.774729305213767816 111.19481144542837114 
 5.9388362074411791269 120.33766858828549573 
 15.081693350298321477 136.1735616860580933 
 214.25526766642656185 42.295169069544940044 
 223.39812480928370064 58.13106216731754472 
 207.56223171151111728 67.273919310174690622 
 198.41937456865395006 51.438026212402100157 
 182.58348147088139513 60.580883355259238954 
 191.7263386137385055 76.416776453031829419 
 175.89044551596592214 85.559633595888968216 
 166.74758837310878334 69.723740498116384856 
 150.91169527533622841 78.866597640973523653 
 160.05455241819333878 94.702490738746121224 
 144.21865932042075542 103.84534788160327423 
 135.07580217756361662 88.009454783830676661 
 119.23990907979101905 97.152311926687815458 
 128.38276622264817206 112.98820502446039882 
 112.54687312487557449 122.13106216731756604 
 103.40401598201842148 106.29516906954495425 
 87.568122884245838122 115.43802621240209305 
 96.71098002710299113 131.27391931017470483 
 80.875086929330393559 140.41677645303184363 
 71.732229786473240551 124.58088335525926027 
 55.896336688700657191 133.72374049811639907 
 65.039193831557795988 149.55963359588898243 
 49.203300733785198418 158.70249073874612122 
 40.060443590928052515 142.86659764097353786 
 24.224550493155465603 152.00945478383067666 
 33.367407636012607952 167.84534788160328844 
 17.531514538240017487 176.98820502446042724 
 8.3886573953828751371 161.15231192668781546 
 232.54098195214086786 73.966955265090135185 
 241.68383909499800666 89.802848362862732756 
 225.8479459972254233 98.945705505719885764 
 216.70508885436825608 83.109812407947288193 
 200.86919575659567272 92.252669550804412779 
 210.01205289945283994 108.08856264857702456 
 194.17615980168025658 117.23141979143416336 
 185.03330265882308936 101.39552669366156579 
  169.197409561050506 110.53838383651870458 
 178.34026670390767322 126.37427693429131637 
 162.50437360613503301 135.51713407714845516 
 153.36151646327792264 119.68124097937585759 
 137.52562336550531086 128.8240981222330106 
 146.66848050836244965 144.65999122000562238 
 130.83258741058986629 153.80284836286273276 
 121.6897302677327275 137.9669552650901494 
 105.85383716996011572 147.10981240794731661 
 114.99669431281728293 162.94570550571989997 
 99.160801215044685364 172.08856264857703877 
 90.017944072187532356 156.25266955080442699 
 74.182050974414948996 165.39552669366159421 
 83.324908117272102004 181.23141979143417757 
 67.489015019499490222 190.37427693429131637 
 58.346157876642351425 174.53838383651873301 
 42.510264778869768065 183.6812409793758718 
 51.653121921726906862 199.51713407714845516 
 35.817228823954323502 208.65999122000562238 
  26.6743716810971776 192.82409812223303902 
 250.82669623785517388 105.63874146063533033 
 244.13366028293970089 130.61749170126506669 
 234.99080314008256209 114.78159860349246912 
 219.15491004231000716 123.92445574634962213 
 228.29776718516711753 139.76034884412220549 
 212.46187408739453417 148.90320598697934429 
 203.31901694453736695 133.06731288920676093 
 187.48312384676478359 142.21017003206389973 
 196.62598098962195081 158.04606312983651151 
 180.79008789184933903 167.1889202726936503 
 171.64723074899220023 151.35302717492106694 
 155.81133765121961687 160.49588431777820574 
 164.95419479407672725 176.3317774155507891 
 149.11830169630414389 185.47463455840795632 
 139.97544455344700509 169.63874146063531612 
 124.13955145567442173 178.78159860349248333 
 133.28240859853156053 194.61749170126506669 
 117.44651550075897717 203.76034884412223391 
 108.30365835790183837 187.92445574634965055 
 92.467765260129240801 197.06731288920676093 
 101.6106224029863796 212.90320598697940113 
 85.774729305213796238 222.04606312983651151 
 76.63187216235664323 206.21017003206392815 
 60.795979064584052765 215.35302717492106694 
 69.938836207441198667 231.1889202726936503 
 54.102943109668622412 240.3317774155507891 
 44.960085966811462299 224.49588431777820574 
 253.27651742579683969 146.45338479903767848 
 237.44062432802425633 155.59624194189478885 
 246.58348147088139513 171.43213503966740063 
 230.74758837310881177 180.57499218252453943 
 221.60473123025167297 164.73909908475192765 
 205.76883813247906119 173.88195622760909487 
 214.91169527533622841 189.71784932538167823 
 199.07580217756364505 198.86070646823884545 
 189.93294503470647783 183.02481337046623366 
 174.09705193693389447 192.16767051332337246 
 183.23990907979106169 208.00356361109598424 
 167.4040159820184499 217.14642075395312304 
 158.26115883916131111 201.31052765618053968 
 142.42526574138872775 210.45338479903765005 
 151.56812288424583812 226.28927789681023341 
 135.73222978647325476 235.43213503966740063 
 126.58937264361611597 219.59624194189481727 
 110.75347954584353261 228.73909908475198449 
 119.8963366887006714 244.57499218252456785 
 104.06044359092808804 253.71784932538167823 
 94.917586448070920824 237.88195622760909487 
 79.081693350298337464 247.02481337046623366 
 63.245800252525754104 256.16767051332340088 
 255.72633861373856234 187.26802813743998399 
 239.89044551596597898 196.41088528029712279 
 224.05455241819339562 205.55374242315426159 
 89.361516463277894218 8.8299892949677296627 
 208.21865932042078384 214.69659956601142881 
 192.38276622264817206 223.8394567088685676 
 73.525623365505310858 17.972846437824873789 
 57.689730267732706182 27.115703580682016138 
 176.5468731248755887 232.9823138517257064 
 160.71098002710300534 242.1251709945828452 
 41.853837169960115716 36.258560723539154935 
 26.017944072187514593 45.401417866396300838 
 144.87508692933042198 251.26802813743998399 
 10.182050974414925903 54.54427500925344674 
