 211.03594513655932019 15.451315594338128179 
 193.37330145584493835 20.184006704784220432 
 188.64061034539884076 2.5213630240698297058 
 170.97796666468445892 7.2540541345159370579 
 175.7106577751305565 24.916697815230310908 
 158.04801409441614624 29.649388925676404938 
 153.31532298397004865 11.986745244962028423 
 135.65267930325566681 16.719436355408120676 
 140.38537041370176439 34.382080036122509625 
 122.72272673298736834 39.114771146568600102 
 117.99003562254127075 21.452127465854214705 
 100.32739194182688891 26.184818576300305182 
 105.06008305227298649 43.847462257014697684 
 87.397439371558590437 48.580153367460788161 
 82.664748261112492855 30.917509686746395658 
  65.0021045803980968 35.650200797192489688 
 69.734795690844194382 53.312844477906878637 
 52.072152010129812538 58.045535588352969114 
 47.339460899683722062 40.382891907638580165 
 29.676817218969311796 45.115583018084670641 
 34.409508329415402272 62.778226698799059591 
 16.746864648700999112 67.510917809245157173 
 12.014173538254908635 49.848274128530761118 
 228.69858881727370203 10.718624483892035926 
 215.76863624700541777 33.113959275052515352 
 220.50132735745151535 50.776602955766904302 
 202.83868367673710509 55.509294066213001884 
 198.10599256629100751 37.846650385498612934 
 180.44334888557665408 42.579341495944717622 
 185.17603999602275167 60.241985176659099466 
 167.5133963153083414 64.974676287105182837 
 162.78070520486224382 47.312032606390808098 
 145.11806152414786197 52.044723716836898575 
 149.85075263459395956 69.707367397551280419 
 132.18810895387954929 74.44005850799736379 
 127.45541784343346592 56.777414827282989052 
 109.79277416271906986 61.510105937729086634 
 114.52546527316516745 79.172749618443475583 
 96.862821592450771391 83.905440728889573165 
 92.13013048200468802 66.24279704817517711 
 74.467486801290291965 70.975488158621274692 
 79.200177911736389547 88.638131839335656537 
 61.537534231021993492 93.370822949781754119 
 56.804843120575903015 75.708179269067358064 
 39.142199439861514065 80.440870379513455646 
 43.874890550307604542 98.10351406022783749 
 26.212246869593197829 102.83620517067393507 
 21.479555759147107352 85.173561489959539017 
 3.8169120784327179585 89.906252600405636599 
 8.5496031888788088793 107.56889628112004686 
 238.16397103816592562 46.043911845320813825 
 233.43127992771982804 28.381268164606424875 
 225.23401846789761294 68.439246636481300357 
 229.96670957834371052 86.101890317195682201 
 212.30406589762930025 90.834581427641779783 
 207.57137478718320267 73.171937746927383728 
 189.90873110646882083 77.904628857373495521 
 194.64142221691491841 95.567272538087891576 
 176.97877853620050814 100.29996364853397495 
 172.24608742575441056 82.637319967819593103 
 154.58344374504005714 87.370011078265676474 
 159.31613485548615472 105.03265475898007253 
 141.65349117477174445 109.7653458694261559 
 136.92080006432564687 92.102702188711774056 
 119.25815638361125082 96.835393299157857427 
 123.9908474940573484 114.49803697987225348 
 106.32820381334295234 119.23072809031835106 
 101.59551270289686897 101.56808440960395501 
 83.932869022182472918 106.30077552005005259 
  88.6655601326285705 123.96341920076443444 
 71.002916451914174445 128.69611031121053202 
 66.270225341468091074 111.03346663049613596 
 48.607581660753695019 115.76615774094223354 
 53.340272771199785495 133.4288014216566296 
 35.677629090485382335 138.16149253210272718 
 30.944937980039291858 120.49884885138831692 
 13.282294299324901132 125.2315399618344145 
 18.014985409770993385 142.89418364254882476 
 247.62935325905809236 81.369199206749598829 
 242.8966621486120232 63.706555526035202774 
 234.69940068878977968 103.76453399791009247 
 239.43209179923587726 121.42717767862448852 
 221.76944811852146699 126.15986878907057189 
 217.03675700807539783 108.49722510835619005 
 199.37411332736101599 113.22991621880227342 
 204.10680443780711357 130.89255989951666947 
 186.44416075709270331 135.62525100996276706 
 181.71146964664660572  117.962607329248371 
 164.04882596593222388 122.69529843969445437 
 168.78151707637832146 140.35794212040883622 
 151.1188733956639112 145.09063323085496222 
 146.38618228521784204 127.42798955014055196 
 128.72353860450346019 132.16068066058664954 
 133.45622971494952935 149.8233243413010598 
 115.79358603423514751 154.55601545174712896 
 111.06089492378904993 136.89337177103274712 
 93.398251243074653871 141.62606288147881628 
 98.130942353520751453 159.28870656219322655 
 80.468298672806355398 164.02139767263932413 
 75.735607562360272027 146.35875399192491386 
 58.072963881645883077 151.09144510237101144 
 62.805654992091973554 168.75408878308542171 
 45.143011311377570394 173.48677989353151929 
 40.410320200931472812 155.82413621281710903 
 22.747676520217083862 160.55682732326320661 
 27.480367630663177891 178.21947100397758845 
 252.36204436950418994 99.031842887463994884 
 244.16478290968197484 139.08982135933888458 
 248.89747402012807242 156.75246504005326642 
 231.23483033941366216  161.485156150499364 
 226.50213922896756458 143.82251246978495374 
 208.83949554825321115 148.55520358023105132 
 213.57218665869928031 166.21784726094546158 
 195.90954297798492689 170.95053837139155917 
 191.17685186753882931 153.2878946906771489 
 173.51420818682441904 158.02058580112324648 
 178.24689929727051663 175.68322948183765675 
 160.58425561655610636 180.41592059228372591 
 155.85156450611000878 162.75327691156934407 
 138.18892082539562693 167.48596802201541323 
 142.92161193584172452 185.14861170272982349 
 125.25896825512732846 189.88130281317592107 
 120.52627714468123088 172.21865913246151081 
 102.86363346396684904 176.95135024290760839 
 107.59632457441294662 194.61399392362201866 
 89.933680893698550562 199.34668503406811624 
 85.20098978325245298 181.68404135335370597 
 67.538346102538071136 186.41673246379983198 
 72.271037212984168718 204.0793761445141854 
 54.608393532269751347 208.81206725496028298 
 49.87570242182366087 191.14942357424590114 
 32.213058741109264815 195.88211468469199872 
 36.945749851555362397 213.54475836540638056 
 253.63016513057417001 174.41510872076764826 
 240.70021256030588575 196.81044351192815611 
 235.96752144985978816 179.14779983121374585 
 218.3048777691453779 183.88049094165984343 
 223.03756887959147548 201.54313462237425369 
 205.37492519887709364 206.27582573282032286 
 200.64223408843099605 188.61318205210591259 
 182.97959040771661421 193.34587316255201017 
 187.71228151816268337 211.00851684326642044 
 170.04963783744830153 215.74120795371251802 
 165.31694672700220394 198.07856427299810775 
 147.6543030462878221 202.81125538344420534 
 152.38699415673391968 220.4738990641586156 
 134.72435047601950941 225.20659017460471318 
 129.99165936557341183 207.54394649389030292 
 112.3290156848590442 212.27663760433637208 
 117.06170679530514178 229.93928128505078234 
 99.399063114590731516 234.67197239549687993 
 94.666372004144633934 217.00932871478246966 
  77.0037283234302663 221.74201982522856724 
 81.736419433876349672 239.40466350594297751 
 64.073775753161939406 244.13735461638907509 
 59.341084642715848929 226.47471093567466482 
 41.678440962001452874 231.20740204612079083 
 46.411132072447543351 248.87004572683517267 
 245.43290367075198333 214.47308719264250954 
 227.77025999003760148 219.20577830308860712 
 210.10761630932319122 223.9384694135347047 
 192.44497262860878095 228.6711605239808307 
 113.25734451209518738 3.789483785139807992 
 174.78232894789437069 233.40385163442692829 
 157.11968526718001726 238.13654274487302587 
 95.594700831380777117 8.5221748955858984687 
 77.932057150666395273 13.254866006031992498 
  139.457041586465607 242.86923385531909503 
 121.79439790575122515 247.60192496576519261 
 60.269413469951999218 17.987557116478082975 
 42.606769789237610269 22.720248226924177004 
 104.13175422503684331 252.33461607621129019 
 24.944126108523221319 27.452939337370267481 
 7.2814824278088163823 32.185630447816357957 
