 49.374778723056259366 38.214721604391726828 
 35.15227205638958452 58.328128938050419094 
 63.596858723056257645 78.441536271709111361 
 42.263525389722921943 78.441536271709111361 
 28.041445389722927217 38.214721604391726828 
 56.485605389722927328 58.328128938050419094 
 49.374778723056259366 98.551926745110776551 
 35.15227205638958452 118.66533407876947592 
 63.596858723056257645 138.77874141242816108 
 42.263525389722921943 138.77874141242816108 
 28.041445389722927217 98.551926745110776551 
 56.485605389722927328 118.66533407876947592 
 49.374778723056259366 158.88913188582981206 
 35.15227205638958452 179.00253921948853986 
 63.596858723056257645 199.11594655314723923 
 42.263525389722921943 199.11594655314723923 
 28.041445389722927217 158.88913188582981206 
 56.485605389722927328 179.00253921948853986 
 49.374778723056259366 219.22633702654886179 
 35.15227205638958452 239.33974436020758958 
 63.596858723056257645 18.104331130990093612 
 42.263525389722921943 18.104331130990093612 
 28.041445389722927217 219.22633702654886179 
 56.485605389722927328 239.33974436020758958 
 92.041445389722923665 38.214721604391726828 
 77.818938723056248818 58.328128938050419094 
 106.26352538972291484 78.441536271709111361 
 84.930192056389586241 78.441536271709111361 
 70.708112056389595068 38.214721604391726828 
 99.152272056389591626 58.328128938050419094 
 92.041445389722923665 98.551926745110776551 
 77.818938723056248818 118.66533407876947592 
 106.26352538972291484 138.77874141242816108 
 84.930192056389586241 138.77874141242816108 
 70.708112056389595068 98.551926745110776551 
 99.152272056389591626 118.66533407876947592 
 92.041445389722923665 158.88913188582981206 
 77.818938723056248818 179.00253921948853986 
 106.26352538972291484 199.11594655314723923 
 84.930192056389586241 199.11594655314723923 
 70.708112056389595068 158.88913188582981206 
 99.152272056389591626 179.00253921948853986 
 92.041445389722923665 219.22633702654886179 
 77.818938723056248818 239.33974436020758958 
 106.26352538972291484 18.104331130990093612 
 84.930192056389586241 18.104331130990093612 
 70.708112056389595068 219.22633702654886179 
 99.152272056389591626 239.33974436020758958 
 134.70811205638958086 38.214721604391726828 
 120.48560538972290601 58.328128938050419094 
 148.93019205638958624 78.441536271709111361 
 127.59685872305624343 78.441536271709111361 
 113.37477872305625226 38.214721604391726828 
 141.81893872305624882 58.328128938050419094 
 134.70811205638958086 98.551926745110776551 
 120.48560538972290601 118.66533407876947592 
 148.93019205638958624 138.77874141242816108 
 127.59685872305624343 138.77874141242816108 
 113.37477872305625226 98.551926745110776551 
 141.81893872305624882 118.66533407876947592 
 134.70811205638958086 158.88913188582981206 
 120.48560538972290601 179.00253921948853986 
 148.93019205638958624 199.11594655314723923 
 127.59685872305624343 199.11594655314723923 
 113.37477872305625226 158.88913188582981206 
 141.81893872305624882 179.00253921948853986 
 134.70811205638958086 219.22633702654886179 
 120.48560538972290601 239.33974436020758958 
 148.93019205638958624 18.104331130990093612 
 127.59685872305624343 18.104331130990093612 
 113.37477872305625226 219.22633702654886179 
 141.81893872305624882 239.33974436020758958 
 177.37477872305626647 38.214721604391726828 
 163.15227205638959163 58.328128938050419094 
 191.59685872305627186 78.441536271709111361 
 170.26352538972292905 78.441536271709111361 
 156.04144538972292366 38.214721604391726828 
 184.48560538972293443 58.328128938050419094 
 177.37477872305626647 98.551926745110776551 
 163.15227205638959163 118.66533407876947592 
 191.59685872305627186 138.77874141242816108 
 170.26352538972292905 138.77874141242816108 
 156.04144538972292366 98.551926745110776551 
 184.48560538972293443 118.66533407876947592 
 177.37477872305626647 158.88913188582981206 
 163.15227205638959163 179.00253921948853986 
 191.59685872305627186 199.11594655314723923 
 170.26352538972292905 199.11594655314723923 
 156.04144538972292366 158.88913188582981206 
 184.48560538972293443 179.00253921948853986 
 177.37477872305626647 219.22633702654886179 
 163.15227205638959163 239.33974436020758958 
 191.59685872305627186 18.104331130990093612 
 170.26352538972292905 18.104331130990093612 
 156.04144538972292366 219.22633702654886179 
 184.48560538972293443 239.33974436020758958 
 220.04144538972289524 38.214721604391726828 
 205.81893872305627724 58.328128938050419094 
 234.26352538972290063 78.441536271709111361 
 212.93019205638961466 78.441536271709111361 
 198.70811205638960928 38.214721604391726828 
 227.1522720563895632 58.328128938050419094 
 220.04144538972289524 98.551926745110776551 
 205.81893872305627724 118.66533407876947592 
 234.26352538972290063 138.77874141242816108 
 212.93019205638961466 138.77874141242816108 
 198.70811205638960928 98.551926745110776551 
 227.1522720563895632 118.66533407876947592 
 220.04144538972289524 158.88913188582981206 
 205.81893872305627724 179.00253921948853986 
 234.26352538972290063 199.11594655314723923 
 212.93019205638961466 199.11594655314723923 
 198.70811205638960928 158.88913188582981206 
 227.1522720563895632 179.00253921948853986 
 220.04144538972289524 219.22633702654886179 
 205.81893872305627724 239.33974436020758958 
 234.26352538972290063 18.104331130990093612 
 212.93019205638961466 18.104331130990093612 
 198.70811205638960928 219.22633702654886179 
 227.1522720563895632 239.33974436020758958 
 6.7081120563895701991 38.214721604391726828 
 248.48560538972290601 58.328128938050419094 
 20.930192056389575583 78.441536271709111361 
 255.59685872305624343 78.441536271709111361 
 241.37477872305623805 38.214721604391726828 
 13.818938723056239937 58.328128938050419094 
 6.7081120563895701991 98.551926745110776551 
 248.48560538972290601 118.66533407876947592 
 20.930192056389575583 138.77874141242816108 
 255.59685872305624343 138.77874141242816108 
 241.37477872305623805 98.551926745110776551 
 13.818938723056239937 118.66533407876947592 
 6.7081120563895701991 158.88913188582981206 
 248.48560538972290601 179.00253921948853986 
 20.930192056389575583 199.11594655314723923 
 255.59685872305624343 199.11594655314723923 
 241.37477872305623805 158.88913188582981206 
 13.818938723056239937 179.00253921948853986 
 6.7081120563895701991 219.22633702654886179 
 248.48560538972290601 239.33974436020758958 
 20.930192056389575583 18.104331130990093612 
 255.59685872305624343 18.104331130990093612 
 241.37477872305623805 219.22633702654886179 
 13.818938723056239937 239.33974436020758958 
