 102.72807296470455185 13.987236479397875399 
 80.354317219048326137 24.294704853677206557 
 94.931348205700444964 55.93571989462319749 
 76.45613959163242157 45.269053227956526086 
 84.252864350636528457 3.3205698127312186507 
 98.829525833116363742 34.961371520343874408 
  72.5594703943450412 66.240788924613596578 
 50.185714648688808381 76.54825729889292063 
 64.762745635340920103 108.18927233983892222 
 46.287537021272896709 97.522605673172265028 
 54.084261780277003595 55.57412225794693228 
 68.660923262756853092 87.214923965559592034 
 42.390867823985509233 118.49434136982934263 
 20.01711207832928352 128.80180974410865247 
 34.594143064981402347 160.44282478505465406 
 16.118934450913386058 149.77615811838799686 
 23.915659209917475181 107.82767470316268543 
 38.49232069239732823 139.46847641077533808 
 12.222265253625996806 170.74789381504504604 
 125.09995077605995561 3.6821674494074803086 
 8.3237181220378033686 191.72202885599105571 
 139.67849019284059864 35.320569812731207548 
 117.30473444718438714 45.628038187010531601 
 131.88176543383650596 77.269053227956518981 
 113.40655681976848257 66.602386561289861788 
 121.20328157877257524 24.653903146064532592 
 135.77994306125239632 56.294704853677203005 
 109.50988762248108799 87.574122257946939385 
 87.136131876824862275 97.881590632226263438 
 101.71316286347696689 129.52260567317225082 
 83.237954249408943497 118.85593900650559362 
 91.034679008413064594 76.907455591280267981 
 105.61134049089289988 108.54825729889293484 
 79.341285052121563126 139.82767470316267122 
 56.967529306465344519 150.13514307744196685 
 71.54456029311745624 181.77615811838796844 
 53.069351679049432846 171.10949145172133967 
 60.866076438053518416 129.16100803649598561 
 75.442737920533389229 160.80180974410865247 
 49.172682481762059581 192.08122714837836043 
 26.798926736105819657 202.3886955226577129 
 162.0503680041960024 25.015500782740822672 
 143.57515939012799322 14.348834116074151268 
 30.697473867694011318 181.41456048171167481 
 45.274135350173864367 213.05536218932439851 
 176.62890742097667385 56.653903146064529039 
 154.25515167532043392 66.961371520343860197 
 168.83218266197255275 98.602386561289847577 
 150.35697404790451515 87.935719894623176174 
 158.15369880690863624 45.987236479397878952 
 172.73036028938847153 77.628038187010531601 
 146.46030485061714899 108.90745559128026798 
 124.08654910496090906 119.21492396555957782 
 138.66358009161302789 150.85593900650559362 
 120.1883714775450045 140.18927233983893643 
 127.98509623654911138 98.240788924613596578 
 142.56175771902894667 129.88159063222624923 
 116.29170228025760991 161.16100803649598561 
 93.917946534601384201 171.46847641077528124 
 108.49497752125350303 203.10949145172131125 
 90.019768907185479634 192.44282478505465406 
 97.81649366618958652 150.49434136982932841 
 112.39315514866942181 182.13514307744196685 
 86.123099709898099263 213.41456048171170323 
 63.749343964241866445 223.72202885599102729 
 199.00078523233207761 46.348834116074151268 
 180.52557661826404001 35.682167449407479864 
 67.647891095830075869 202.74789381504501762 
 82.224552578309896944 234.3886955226577129 
 213.57932464911272064 77.987236479397878952 
 191.20556890345650913 88.294704853677188794 
 205.78259989010859954 119.93571989462317617 
 187.30739127604059036 109.26905322795651898 
 195.10411603504468303 67.320569812731207548 
 209.68077751752451832 98.961371520343860197 
 183.41072207875319577 130.24078892461358237 
 161.03696633309698427 140.54825729889293484 
 175.61399731974907468 172.18927233983890801 
 157.13878870568106549 161.52260567317227924 
 164.93551346468515817 119.57412225794692517 
 179.51217494716499345 151.21492396555959203 
 153.24211950839367091 182.49434136982932841 
 130.86836376273745941 192.80180974410862405 
 145.44539474938954982 224.44282478505465406 
 126.97018613532154063 213.77615811838799686 
 134.76691089432563331 171.8276747031626428 
 149.34357237680546859 203.46847641077530966 
 123.07351693803417447 234.74789381504504604 
 100.69976119237793455 245.05536218932437009 
 235.95120246046809598 67.68216744940748697 
 217.47599384640011522 57.015500782740822672 
 104.59830832396613687 224.08122714837836043 
 119.17496980644597215 255.72202885599105571 
 250.52974187724871058 99.320569812731179127 
 228.15598613159255592 109.62803818701051739 
 242.7330171182446179 141.26905322795650477 
 224.25780850417663714 130.60238656128984758 
 232.05453326318072982 88.653903146064536145 
 246.6311947456605651 120.29470485367717458 
 220.36113930688918572 151.57412225794689675 
 197.98738356123303106 161.88159063222622081 
 212.56441454788509304 193.5226056731722224 
 194.08920593381711228 182.85593900650559362 
 201.88593069282120496 140.90745559128023956 
 216.46259217530104024 172.54825729889290642 
 190.19253673652966086 203.8276747031626428 
 167.8187809908735062 214.13514307744196685 
 182.39581197752556818 245.77615811838796844 
 163.92060336345758742 235.10949145172133967 
 171.7173281224616801 193.16100803649598561 
 186.29398960494151538 224.80180974410862405 
 160.02393416617016442 256.08122714837838885 
 254.42641107453613358 78.348834116074158374 
 141.54872555210218366 245.41456048171167481 
 57.980930977564348439 34.602386561289840472 
 61.879108604980316954 13.628038187010533377 
 35.609053166208973096 44.907455591280260876 
 234.93780078936904943 183.21492396555959203 
 27.812328407204820024 86.855939006505565203 
 231.03962316195315907 204.18927233983890801 
 238.83634792095725174 162.24078892461355395 
 31.710506034620792093 65.881590632226263438 
 5.4404505958494464579 97.161008036496014029 
 204.76919821900952456 235.46847641077528124 
 200.87102059159363421 256.44282478505465406 
 208.66774535059772688 214.49434136982929999 
 1.5419034642612676755 118.13514307744199527 
