 101.67033797043684729 5.719098539273169024 
 79.296582224780621573 16.026566913552485971 
  93.8736132114327404 47.667581954498473351 
 75.398404597364717006 37.000915287831816158 
 97.771790838848673388 26.693233580219153822 
 71.501735400077336635 57.97265098448888665 
 49.127979654421096711 68.280119358768232019 
 63.705010641073222644 99.921134399714219398 
 45.22980202700519925 89.254467733047547995 
 53.026526786009306136 47.305984317822215246 
 67.603188268489148527 78.946786025434903422 
 41.333132829717811774 110.22620342970461138 
 18.95937708406157185 120.53367180398394964 
 33.536408070713690677 152.17468684492996545 
 15.061199456645660177 141.50802017826330825 
 22.857924215649781274 99.559536763037939977 
 37.43458569812961656 131.20033847065062105 
 11.164530259358301123 162.47975587492035743 
 7.2659831277701076857 183.4538909158663671 
 138.62075519857290828 27.05243187260648341 
 116.24699945291666836 37.359900246885814568 
 130.82403043956878719 69.000915287831816158 
 112.34882182550076379 58.334248621165144755 
 120.14554658450487068 16.385765205939826217 
 134.72220806698470597 48.026566913552485971 
 108.45215262821338342 79.305984317822208141 
 86.078396882557143499 89.613452692101560615 
 100.65542786920927654 121.25446773304753378 
 82.180219255141238932 110.58780106638086238 
 89.976944014145360029 68.639317651155550948 
 104.5536054966251811 100.28011935876823202 
 78.283550057853858561 131.55953676303795419 
 55.909794312197632848 141.86700513731727824 
 70.486825298849751675 173.50802017826327983 
 52.011616684781721176 162.84135351159665106 
 59.808341443785842273 120.89287009637126857 
 74.385002926265656242 152.53367180398396385 
  48.1149474874943337 183.81308920825367181 
 25.741191741838107987 194.12055758253299587 
 160.99263300992831205 16.747362842616116296 
 142.51742439586027444 6.0806961759494457809 
 29.639738873426317411 173.14642254158701462 
 44.216400355906138486 204.78722424919968148 
 175.57117242670892665 48.385765205939812006 
 153.19741668105268673 58.693233580219143164 
 167.77444766770483398 90.334248621165130544 
 149.29923905363679637 79.66758195449845914 
 157.09596381264091747 37.719098539273154813 
 171.67262529512075275 69.359900246885814568 
 145.40256985634940179 100.63931765115553674 
 123.02881411069319029 110.94678602543488921 
 137.60584509734530911 142.58780106638087659 
 119.13063648327728572 131.92113439971419098 
 126.92736124228140682 89.972650984488879544 
 141.50402272476122789 121.61345269210156061 
 115.23396728598990535 152.89287009637126857 
 92.860211540333679636 163.20033847065059263 
 107.43724252698579846 194.84135351159662264 
 88.962033912917746648 184.17468684492996545 
 96.758758671921881955 142.22620342970461138 
 111.33542015440168882 173.86700513731727824 
 85.065364715630380488 205.1464225415869862 
 62.691608969974147669 215.45389091586633867 
 197.94305023806433041 38.080696175949448445 
 179.46784162399632123 27.414029509282773489 
 66.590156101562371305 194.47975587492032901 
 81.166817584042178169 226.12055758253302429 
 212.52158965484500186 69.719098539273147708 
 190.14783390918879036 80.026566913552485971 
 204.72486489584090918 111.66758195449845914 
    186.2496562817729 101.00091528783180195 
 194.04638104077699268 59.05243187260648341 
 208.62304252325679954 90.693233580219157375 
 182.35298708448550542 121.97265098448887954 
 159.9792313388292655 132.28011935876821781 
 174.55626232548138432 163.92113439971419098 
 156.08105371141337514 153.25446773304756221 
 163.87777847041746782 111.30598431782220814 
 178.45443995289727468 142.94678602543490342 
 152.18438451412598056 174.22620342970461138 
 129.81062876846974063 184.53367180398393543 
 144.38765975512183104 216.17468684492993702 
 125.91245114105382186 205.50802017826325141 
 133.70917590005794295 163.55953676303792577 
 148.28583738253777824 195.20033847065062105 
 122.0157819437664557 226.47975587492032901 
 99.642026198110215773 236.78722424919968148 
 234.89346746620040562 59.414029509282777042 
 216.41825885213239644 48.747362842616119849 
 103.54057332969840388 215.81308920825364339 
 118.11723481217825338 247.4538909158663671 
 249.47200688298102023 91.052431872606447882 
 227.09825113732480872 101.35990024688580036 
 241.67528212397692755 133.00091528783178774 
 223.20007350990891837 122.33424862116513054 
 230.99679826891301104  80.3857652059398049 
 245.57345975139284633 112.02656691355247176 
 219.30340431262149536 143.30598431782220814 
 196.92964856696528386 153.61345269210153219 
 211.50667955361740269 185.25446773304750536 
 193.03147093954939351 174.58780106638087659 
 200.82819569855348618 132.63931765115555095 
 215.40485718103332147 164.28011935876821781 
 189.1348017422619705 195.55953676303792577 
  166.761045996605759 205.86700513731724982 
 181.33807698325787783 237.50802017826327983 
 162.86286836918986864 226.84135351159662264 
 170.65959312819396132 184.89287009637126857 
 185.23625461067379661 216.53367180398393543 
 158.96619917190244564 247.81308920825364339 
 253.36867608026841481 70.080696175949427129 
 140.49099055783446488 237.1464225415869862 
 56.923195983296693612 26.334248621165148307 
 60.821373610712591073 5.3599002468858127912 
 34.551318171941261426 36.639317651155543842 
 233.88006579510133065  174.946786025434875 
 26.75459341293716875 78.587801066380876591 
 229.98188816768541187 195.92113439971416256 
 237.77861292668953297 153.97265098448886533 
 30.652771040353066212 57.613452692101560615 
 4.3827156015817365642 88.892870096371268573 
 203.71146322474180579 227.20033847065059263 
 199.81328559732591543 248.17468684492996545 
 207.61001035633000811 206.22620342970458296 
