 165.34604040611529285 57.780922152138913361 
 142.23692521343150474 49.248768528092725205 
 130.17086637458118048 81.929862287399288334 
 124.64939341239409032 61.32344465989918092 
 159.82456744392817427 37.174504524638791736 
 147.75839817561862333 69.85518615559283262 
 107.06477567459323552 73.397339970814726939 
 83.955660481909447412 64.865186346768538783 
 71.889601643059137359 97.546280106075101912 
 66.368128680872032987 76.939862478574980287 
 101.54330271240611694 52.790922343314591103 
 89.477133444096565995 85.471603974268646198 
 48.783510943071156873 89.013757789490540517 
 25.67439575038737587 80.48160416544433815 
 13.608336911537042724 113.1626979247509297 
 8.0868639493499365756 92.556280297250808076 
 43.262037980884045396 68.407340161990404681 
 31.195868712574498005 101.08802179294445978 
 223.62730513763739282 42.164504333463099783 
 200.51818994495354787 33.632350709416925838 
 188.45213110610325202 66.313444468723488967 
 182.93065814391616186 45.707026841223374447 
 218.10583217545027424 21.558086705962974605 
 206.03966290714066645 54.238768336917033253 
 176.3889863304895016 98.993757407139170823 
 153.27987113780574191 90.461603783092954245 
 141.21381229895538922 123.1426975423995458 
 135.69233933676829906 102.53627991489942417 
 170.86751336830241144 78.387339779639034987 
 158.80134409999283207 111.06802141059310429 
 118.10772159896744427 114.6101752258149844 
 94.998606406283670367 106.07802160176876782 
 82.932547567433360314 138.75911536107537358 
 77.411074605246241731 118.15269773357523775 
 112.58624863678033989 94.003757598314848565 
 100.52007936847077474 126.68443922926890366 
 59.826456867445365617 130.22659304449078377 
 36.717341674761598824 121.6944394204445814 
 24.651282835911267455 154.37553317975115874 
 19.129809873724163083 133.76911555225106554 
 54.304983905258261245 109.62017541699066214 
 42.238814636948710302 142.30085704794470303 
 234.67025106201157314 83.377339588463343034 
 211.56113586932778503 74.845185964417154878 
 199.49507703047748919 107.52627972372373222 
 193.97360406829037061 86.919862096223624803 
 229.14877809982448298 62.770921960963214303 
 217.08260883151487519 95.451603591917290714 
 187.43193225486371034 140.20659266213939986 
 164.32281706217995065 131.6744390380931975 
 152.25675822332962639 164.35553279739980326 
 146.73528526114250781 143.74911516989968163 
 181.91045929267662018 119.60017503463929245 
 169.84429002436704081 152.28085666559331912 
 129.15066752334166722 155.82301048081524186 
 106.04155233065787911 147.29085685676901107 
 93.975493491807569058 179.97195061607561684 
 88.454020529620464686 159.36553298857546679 
 123.62919456115454864 135.21659285331509182 
 111.56302529284498348 167.89727448426916112 
 70.869402791819595677 171.43942829949102702 
 47.760287599135814673 162.90727467544482465 
 35.694228760285476199 195.58836843475143041 
 30.172755798098371827 174.98195080725128037 
 65.347929829632477094 150.83301067199093382 
 53.281760561322933256 183.51369230294494628 
 245.71319698638581031 124.5901748434636005 
 222.60408179370196535 116.05802121941738392 
 210.53802295485169793 148.73911497872398968 
 205.01654999266460777 128.13269735122383963 
 240.19172402419869172 103.98375721596346466 
 228.12555475588908394 136.66443884691753397 
 198.47487817923794751 181.41942791713967154 
 175.3657629865541594 172.88727429309346917 
 163.29970414770386355 205.56836805240004651 
 157.77823118551677339 184.9619504248999533 
 192.95340521705082892 160.81301028963954991 
 180.88723594874127798 193.49369192059359079 
 140.19361344771590439 197.03584573581548511 
 117.08449825503210207 188.50369211176928275 
 105.01843941618180622 221.18478587107586009 
 99.49696645399468764 200.57836824357576688 
 134.6721404855287858 176.42942810831536349 
 122.60597121721922065 209.11010973926943279 
 81.912348716193804421 212.65226355449127027 
 58.803233523510037628 204.12010993044509632 
 46.737174684659706259 236.80120368975167366 
 41.215701722472601887 216.19478606225155204 
 76.390875754006700049 192.04584592699117707 
 64.324706485697149105 224.72652755794521795 
 256.75614291075999063 165.80301009846382954 
 233.64702771807620252 157.27085647441765559 
 221.58096887922590668 189.95195023372423293 
 216.05949591703881651 169.3455326062241113 
 251.23466994857292889 145.19659247096373633 
 239.1685006802633211 177.87727410191783406 
 209.51782410361215625 222.63226317213988636 
 186.40870891092839656 214.10010954809371242 
 174.3426500720780723 246.78120330740028976 
 168.82117710989095372 226.17478567990016813 
 203.99635114142503767 202.02584554463979316 
 191.93018187311548672 234.70652717559380562 
 151.23655937209011313 238.24868099081567152 
 128.12744417940632502 229.71652736676949758 
 110.53991237836891059 241.79120349857601013 
 145.71508640990299455 217.64226336331557832 
 133.64891714159341518 250.3229449942696192 
 92.955294640568013165 253.8650988094914851 
 69.846179447884253477 245.33294518544533958 
 87.433821678380923004 233.25868118199142032 
 244.68997364245041126 198.48369172941789884 
 232.62391480360014384 231.16478548872447618 
 227.10244184141302526 210.55836786122438298 
 250.21144660463750142 219.09010935691802047 
 154.30309448174105569 16.568086897138670111 
  131.193979289057296 8.0359332730924641908 
 119.12792045020697174 40.717027032399073505 
 113.60644748801985315 20.110609404898930563 
 136.71545225124441458 28.642350900592585816 
 96.021829750219012567 32.184504715814469478 
 72.912714557535238669 23.652351091768267111 
 60.846655718684928615 56.333444851074872872 
 55.325182756497810033 35.727027223574737036 
 90.500356788031908195 11.578087088314331865 
 78.43418751972234304 44.258768719268388736 
 37.740565018696926813 47.800922534490290161 
 14.63144982601316535 39.268768910444080689 
 2.5653909871628322037 71.94986266975068645 
 32.219092056509822442 27.194504906990147219 
 20.152922788200271498 59.875186537944209419 
 177.4091851817290717 25.100609213723252822 
 171.88771221954195312 4.494191586223115209 
 194.99671698276642928 13.025933081916784673 
