 207.3733520716932901 49.278671233907793692 
 187.25994473803459073 35.056164567241118846 
 167.14653740437589136 63.500751233907784865 
 167.14653740437589136 42.167417900574456269 
 207.3733520716932901 27.945337900574465095 
 187.25994473803459073 56.389497900574461653 
 147.03614693097421195 49.278671233907793692 
  126.922739597315541 35.056164567241118846 
 106.80933226365687005 63.500751233907784865 
 106.80933226365687005 42.167417900574456269 
 147.03614693097421195 27.945337900574465095 
  126.922739597315541 56.389497900574461653 
 86.698941790255176443 49.278671233907793692 
 66.585534456596491282 35.056164567241118846 
 46.472127122937784804 63.500751233907791971 
 46.472127122937784804 42.167417900574456269 
 86.698941790255176443 27.945337900574465095 
 66.585534456596491282 56.389497900574461653 
 26.361736649536155142 49.278671233907793692 
 247.59714987875364045 35.056164567241118846 
 227.48374254509494108 63.50075123390777776 
 227.48374254509494108 42.167417900574456269 
 26.361736649536155142 27.945337900574465095 
 247.59714987875364045 56.389497900574461653 
 207.3733520716932901 91.945337900574472201 
 187.25994473803459073 77.722831233907797355 
 167.14653740437591978 106.16741790057446337 
 167.14653740437591978 84.834084567241134778 
 207.3733520716932901 70.612004567241115183 
 187.25994473803459073 99.056164567241140162 
 147.03614693097421195 91.945337900574472201 
  126.922739597315541 77.722831233907797355 
 106.80933226365687005 106.16741790057446337 
 106.80933226365687005 84.834084567241134778 
 147.03614693097421195 70.612004567241115183 
  126.922739597315541 99.056164567241140162 
 86.698941790255176443 91.945337900574472201 
 66.585534456596491282 77.722831233907797355 
 46.472127122937784804 106.16741790057446337 
 46.472127122937784804 84.834084567241134778 
 86.698941790255176443 70.612004567241115183 
 66.585534456596491282 99.056164567241140162 
 26.361736649536155142 91.945337900574472201 
 247.59714987875364045 77.722831233907797355 
 227.48374254509494108 106.16741790057444916 
 227.48374254509494108 84.834084567241134778 
 26.361736649536155142 70.612004567241115183 
 247.59714987875364045 99.056164567241140162 
 207.3733520716932901 134.61200456724111518 
 187.25994473803459073 120.38949790057445455 
 167.14653740437591978 148.83408456724112057 
 167.14653740437591978 127.50075123390779197 
 207.3733520716932901 113.2786712339078008 
 187.25994473803459073 141.72283123390778314 
 147.03614693097421195 134.61200456724111518 
  126.922739597315541 120.38949790057445455 
 106.80933226365687005 148.83408456724112057 
 106.80933226365687005 127.50075123390779197 
 147.03614693097421195 113.2786712339078008 
  126.922739597315541 141.72283123390778314 
 86.698941790255176443 134.61200456724111518 
 66.585534456596491282 120.38949790057445455 
 46.472127122937784804 148.83408456724112057 
 46.472127122937784804 127.50075123390779197 
 86.698941790255176443 113.2786712339078008 
 66.585534456596491282 141.72283123390778314 
 26.361736649536155142 134.61200456724111518 
 247.59714987875364045 120.38949790057445455 
 227.48374254509494108 148.83408456724112057 
 227.48374254509494108 127.50075123390779197 
 26.361736649536155142 113.2786712339078008 
 247.59714987875364045 141.72283123390778314 
 207.3733520716932901 177.2786712339078008 
 187.25994473803459073 163.05616456724112595 
 167.14653740437591978 191.50075123390777776 
 167.14653740437591978 170.16741790057446337 
 207.3733520716932901 155.94533790057445799 
 187.25994473803459073 184.38949790057446876 
 147.0361469309742688 177.2786712339078008 
  126.922739597315541 163.05616456724112595 
 106.80933226365687005 191.50075123390777776 
 106.80933226365687005 170.16741790057446337 
 147.03614693097421195 155.94533790057445799 
  126.922739597315541 184.38949790057446876 
 86.698941790255176443 177.2786712339078008 
 66.585534456596491282 163.05616456724112595 
 46.472127122937784804 191.50075123390777776 
 46.472127122937784804 170.16741790057446337 
 86.698941790255176443 155.94533790057445799 
 66.585534456596491282 184.38949790057446876 
 26.361736649536155142 177.2786712339078008 
 247.59714987875364045 163.05616456724112595 
 227.48374254509494108 191.50075123390777776 
 227.48374254509494108 170.16741790057446337 
 26.361736649536155142 155.94533790057445799 
 247.59714987875364045 184.38949790057446876 
 207.3733520716932901 219.94533790057442957 
 187.25994473803459073 205.72283123390778314 
 167.14653740437591978 234.16741790057443495 
 167.14653740437591978 212.83408456724112057 
 207.3733520716932901 198.61200456724111518 
 187.25994473803459073 227.05616456724109753 
 147.0361469309742688 219.94533790057442957 
  126.922739597315541 205.72283123390778314 
 106.80933226365687005 234.16741790057443495 
 106.80933226365687005 212.83408456724112057 
 147.0361469309742688 198.61200456724111518 
  126.922739597315541 227.05616456724109753 
 86.698941790255176443 219.94533790057442957 
 66.585534456596505493 205.72283123390778314 
 46.472127122937784804 234.16741790057443495 
 46.472127122937784804 212.83408456724112057 
 86.698941790255176443 198.61200456724111518 
 66.585534456596505493 227.05616456724109753 
 26.361736649536155142 219.94533790057442957 
 247.59714987875364045 205.72283123390778314 
 227.48374254509494108 234.16741790057443495 
 227.48374254509494108 212.83408456724112057 
 26.361736649536155142 198.61200456724111518 
 247.59714987875364045 227.05616456724109753 
 207.37335207169326168 6.6120045672411222881 
 187.25994473803459073 248.38949790057444034 
 167.14653740437589136 20.834084567241099251 
 167.14653740437591978 255.50075123390777776 
 207.3733520716932901 241.27867123390777238 
 187.25994473803459073 13.722831233907761828 
 147.03614693097421195 6.6120045672411222881 
  126.922739597315541 248.38949790057444034 
 106.80933226365687005 20.834084567241099251 
 106.80933226365687005 255.50075123390777776 
 147.0361469309742688 241.27867123390777238 
  126.922739597315541 13.722831233907761828 
 86.698941790255176443 6.6120045672411222881 
 66.585534456596505493 248.38949790057444034 
 46.472127122937784804 20.834084567241099251 
 46.472127122937806121 255.50075123390777776 
 86.698941790255176443 241.27867123390777238 
 66.585534456596491282 13.722831233907761828 
 26.361736649536140931 6.6120045672411222881 
 247.59714987875364045 248.38949790057444034 
 227.48374254509494108 20.834084567241099251 
 227.4837425450949695 255.50075123390777776 
 26.361736649536155142 241.27867123390777238 
 247.59714987875364045 13.722831233907761828 
