 97.760768127258430127 5.0386924602320348754 
 72.78201788662870797 11.731728415147470557 
 79.475053841544152533 36.71047865577719449 
 54.496303600914430376 43.403514610692660369 
 61.189339555829867834 68.382264851322403842 
 36.210589315200152782 75.075300806237834195 
 42.903625270115576029 100.05405104686759898 
 17.92487502948586453 106.74708700178302934 
 24.617910984401284225 131.72583724241280834 
 6.3321966986870092953 163.39762343795800348 
 129.43255432280361106 23.324406745946308916 
 104.4538040821738889 30.017442700861760585 
 111.14684003708934767 54.996192941491486295 
 86.168089796459611307 61.689228896406952174 
 92.861125751375070081 86.667979137036695647 
 67.882375510745347924 93.361015091952111788 
 74.575411465660778276 118.33976533258187658 
 49.596661225031056119 125.03280128749730693 
 56.289697179946493577 150.01155152812708593 
 31.310946939316764315 156.70458748304250207 
 38.003982894232201772 181.68333772367225265 
 13.025232653602474286 188.37637367858769721 
 19.718268608517938389 213.35512391921741937 
 154.41130456343336164 16.631370791030860801 
 161.1043405183488062 41.610121031660597168 
 136.12559027771908404 48.303156986576034626 
 142.81862623263455703 73.281907227205778099 
 117.83987599200479224 79.974943182121236873 
 124.53291194692026522 104.95369342275097324 
 99.554161706290528855 111.64672937766640359 
 106.24719766120597342 136.62547961829616838 
 81.268447420576251261 143.31851557321158452 
 87.961483375491681613 168.29726581384139195 
 62.982733134861952351 174.99030176875677967 
 69.675769089777389809 199.96905200938655867 
 44.697018849147667652 206.66208796430197481 
 51.390054804063147742 231.64083820493169696 
 186.08309075897852836 34.917085076745138394 
 192.77612671389397292 59.895835317374874762 
 167.79737647326425076 66.588871272290319325 
 174.49041242817972375 91.567621512920055693 
 149.51166218754997317 98.260657467835500256 
 156.20469814246541773 123.23940770846525083 
 131.22594790183569557 129.93244366338066698 
 137.91898385675114014 154.91119390401044598 
 112.94023361612140377 161.60422985892586212 
 119.63326957103684833 186.58298009955564112 
 94.654519330407111966 193.27601605447105726 
 101.34755528532257074 218.25476629510083626 
 76.368805044692834372 224.9478022500162524 
 83.061840999608307357 249.92655249064597456 
 217.7548769545237235 53.202799362459423094 
 224.44791290943919648 78.181549603089166567 
 199.4691626688094459 84.874585558004596919 
 206.16219862372489047 109.8533357986343475 
 181.18344838309516831 116.54637175354979206 
 187.87648433801061287 141.52512199417955685 
 162.89773409738089072 148.21815794909494457 
 169.59077005229633528 173.19690818972475199 
 144.6120198116665847 179.88994414464016813 
 151.30505576658202926 204.86869438526991871 
 126.32630552595230711 211.56173034018536327 
 133.01934148086775167 236.54048058081511385 
 108.0405912402380153 243.23351653573055842 
 249.42666315006891864 71.488513648173707793 
 256.1196991049843632 96.467263888803458372 
 231.14094886435464105 103.16029984371888872 
 237.83398481927008561 128.1390500843486393 
 212.85523457864036345 134.83208603926408387 
 219.54827053355583644 159.81083627989383444 
 194.56952029292608586 166.50387223480925059 
 201.26255624784153042 191.48262247543902959 
 176.28380600721177984 198.17565843035444573 
 182.97684196212725283 223.15440867098422473 
 157.99809172149750225 229.84744462589964087 
 164.69112767641297523 254.82619486652941987 
 47.803267645998992919 18.42476437006293466 
 244.52702077418553017 153.11780032497836146 
 29.517553360284701114 50.096550565608126249 
 226.24130648847125258 184.78958652052352818 
 11.231839074570412862 81.76833676115332139 
 207.95559220275697498 216.46137271606872332 
 189.66987791704269739 248.13315891161391846 
