 121.00271689081846205 8.5365288381166841702 
 96.023966650188711469 1.8434928832012327238 
 89.330930695273266906 26.822243123830972422 
 64.352180454643530538 20.129207168915520754 
 57.65914449972807887 45.107957409545264227 
 32.680394259098356713 38.414921454629812558 
 25.987358304182890834 63.393671695259570242 
 1.0086080635531642358 56.700635740344104363 
 170.96021737207792057 21.922600747947569744 
 145.98146713144819842 15.229564793032134062 
 139.28843117653275385 40.208315033661861548 
 114.30968093590301748 33.515279078746424091 
 107.61664498098755871 58.494029319376153353 
 82.637894740357836554 51.800993364460715895 
 75.94485878544237778 76.779743605090445158 
 50.966108544812648518 70.086707650175000595 
 44.273072589897182638 95.065457890804722751 
 19.294322349267453376 88.372421935889292399 
 12.601286394352003484 113.35117217651901456 
 202.63200356762311571 3.6368864622332806036 
 195.93896761270764273 28.615636702863021412 
 189.24593165779219817 53.594386943492764885 
 164.26718141716247601 46.901350988577327428 
 157.57414546224703145 71.88010122920705669 
 132.59539522161728087 65.187065274291597916 
 125.90235926670185052 90.165815514921334284 
 100.92360902607211415 83.472779560005889721 
 94.230573071156669585 108.45152980063562609 
 69.251822830526933217 101.75849384572018153 
 62.558786875611481548 126.73724408634991789 
 37.580036634981745181 120.04420813143448754 
 30.887000680066293512 145.0229583720642097 
 5.9082504394365669143 138.32992241714876513 
 220.91771785333739331 35.308672657778473081 
 214.22468189842194874 60.287422898408195238 
 207.53164594350650418 85.266173139037945816 
 182.55289570287678202 78.573137184122487042 
 175.85985974796133746 103.55188742475222341 
 150.88110950733158688 96.858851469836778847 
 144.18807355241614232 121.83760171046651521 
 119.20932331178640595 115.14456575555107065 
 112.51628735687094718 140.12331599618082123 
 87.537537116241225021 133.43028004126534825 
 80.844501161325766248 158.40903028189509882 
 55.865750920696036985 151.71599432697965426 
 49.172714965780585317 176.69474456760940484 
 24.193964725150856054 170.00170861269393185 
 239.20343213905169932 66.980458853323654012 
 232.51039618413622634 91.959209093953390379 
 225.81736022922078178 116.93795933458314096 
 200.83860998859105962 110.24492337966768218 
 194.14557403367561506 135.22367362029740434 
 169.16682379304586448 128.53063766538195978 
 162.47378783813041991 153.50938790601171036 
 137.49503759750069776 146.81635195109626579 
 130.80200164258525319 171.79510219172598795 
 105.82325140195551683 165.10206623681054339 
 99.130215447040058052 190.08081647744029397 
 74.151465206410321684 183.3877805225248494 
 67.458429251494877121 208.36653076315459998 
 42.479679010865147859  201.673494808239127 
 250.79611046985053235 123.63099528949858552 
 244.10307451493508779 148.60974553012832189 
 219.12432427430533721 141.91670957521287733 
 212.43128831938992107 166.89545981584259948 
 187.45253807876017049 160.20242386092715492 
 180.75950212384472593 185.1811741015569055 
 155.78075188321500377 178.48813814664146093 
 149.08771592829955921 203.46688838727118309 
 124.10896568766980863 196.77385243235573853 
 117.41592973275434986 221.75260267298548911 
 92.437179492124613489 215.05956671807001612 
 85.744143537209183137 240.03831695869979512 
 60.765393296579446769 233.34528100378432214 
 237.41003856001961481 173.58849577075804405 
 230.71700260510419866 198.56724601138779462 
 205.73825236447444809 191.87421005647232164 
 199.04521640955900352 216.8529602971020438 
 174.06646616892928137 210.15992434218659923 
 167.37343021401380838 235.13867458281637823 
 142.39467997338408622 228.44563862790090525 
 135.70164401846864166 253.42438886853065583 
 110.72289377783890529 246.73135291361518284 
