 97.077355802603264578 12.740679691461412659 
 118.80217234088833322 13.797737149455160832 
 65.405569607058097858 31.026393977175690253 
 87.130386145343138082 32.083451435169465071 
 33.733783411512902717 49.312108262889978505 
 55.458599949797978468 50.369165720883742665 
 2.0619972159677129042 67.59782254860428452 
 23.786813754252783326 68.65488000659803447 
 140.52698887917338766 14.854794607448937427 
 162.25180541745848473 15.911852065442714022 
 108.85520268362820673 33.140508893163243442 
 130.58001922191328958 34.197566351157007603 
 77.183416488083040008 51.426223178877521036 
 98.908233026368094443 52.483280636871292302 
 45.511630292537851972 69.711937464591812841 
 67.236446830822913512 70.768994922585577001 
 13.839844096992663935 87.997651750306090435 
 35.564660635277732581 89.054709208299868806 
 3.8928744397325445448 107.34042349401416061 
 152.30483576019835823 35.254623809150778868 
 174.02965229848339845 36.311681267144528817 
 120.63304956465314888 53.540338094865070673 
 142.35786610293820331 54.597395552858820622 
 88.961263369107982157 71.826052380579341161 
 110.68607990739300817 72.883109838573119532 
 57.289477173562808332 90.111766666293632966 
 79.014293711847855661 91.168824124287397126 
 25.617690978017616743 108.39748095200793898 
 47.34250751630267473 109.45453841000168893 
 15.670721320757481365 127.74025269571599495 
 183.97662195574355337 16.968909523436479958 
 205.7014384940285936 18.025966981430254776 
 164.08268264122327196 55.654453010852598993 
 185.8074991795083406 56.711510468846370259 
 132.41089644567807682 73.940167296566897903 
 154.13571298396314546 74.997224754560662063 
 100.73911025013292431 92.225881582281175497 
 122.46392678841796453 93.282939040274953868 
 69.067324054587743376 110.5115958679954673 
 90.792140592872797811 111.56865332598924567 
 37.39553785904255534 128.79731015370975911 
 59.120354397327609774 129.85436761170353748 
 5.7237516634973619745 147.0830244394240367 
 27.448568201782418186 148.14008189741781507 
 195.7544688367684671 37.368738725138307188 
 217.47928537505350732 38.425796183132085559 
 175.86052952224821411 76.054282212554426224 
 197.58534606053331117 77.111339670548190384 
 144.18874332670304739 94.339996498268718028 
 165.91355986498811603 95.397053956262482188 
 112.51695713115786646 112.62571078398299562 
 134.24177366944292089 113.6827682419767882 
 80.845170935612685525 130.91142506969728743 
 102.56998747389773996 131.9684825276910658 
 49.173384740067490384 149.19713935541159344 
 70.898201278352559029 150.25419681340534339 
 17.501598544522298795 167.48285364112589946 
 39.226415082807356782 168.53991109911964941 
 207.53231571779340925 57.768567926840120208 
 229.25713225607842105 58.82562538483391279 
 187.63837640327318468 96.454111414256260559 
 209.36319294155825332 97.511168872250010509 
 155.96659020772796111 114.73982569997053815 
 177.69140674601302976 115.79688315796430231 
 124.29480401218280861 133.02553998568484417 
 146.01962055046783462 134.08259744367862254 
 92.623017816637613464 151.31125427139912176 
 114.34783435492268211 152.36831172939287171 
 60.951231621092425428 169.59696855711339936 
 82.676048159377486968 170.65402601510717773 
 29.279445425547237392 187.88268284282770537 
 51.004261963832306037 188.93974030082148374 
 219.31016259881837982 78.168397128541954544 
 241.03497913710339162 79.225454586535747126 
 199.41622328429812683 116.85394061595808068 
 221.14103982258319547 117.91099807395187327 
 167.74443708875290326 135.13965490167240091 
 189.46925362703800033 136.19671235966615086 
 136.07265089320773654 153.42536918738665008 
 157.79746743149277677 154.48242664538045688 
 104.40086469766256982 171.7110834731009561 
 126.12568123594762426 172.76814093109473447 
 72.729078502117374683 189.99679775881523369 
 94.453895040402457539 191.05385521680904048 
 41.057292306572186646 208.28251204452953971 
 62.782108844857262397 209.33956950252331808 
 231.08800947984332197 98.56822633024378888 
 252.81282601812833377 99.625283788237581462 
 211.19407016532304056 137.25376981765990081 
 232.91888670360813762 138.31082727565367918 
 179.52228396977787384 155.53948410337420682 
 201.24710050806294248 156.5965415613679852 
 147.85049777423270712 173.82519838908848442 
 169.57531431251774734 174.88225584708226279 
 116.17871157868751197 192.11091267480279043 
 137.90352811697258062 193.16797013279656881 
 84.506925383142316832 210.39662696051706803 
 106.23174192142738548 211.4536844185108464 
 52.835139187597128796 228.68234124623137404 
 74.559955725882204547 229.73939870422512399 
 242.8658563608682357 118.96805553194562322 
 222.9719170463479827 157.65359901936173515 
 244.69673358463305135 158.71065647735551352 
 191.30013085080278756 175.93931330507601274 
 213.02494738908785621 176.99637076306979111 
 159.62834465525762084 194.22502759079031875 
 181.35316119354266107 195.28208504878412555 
 127.95655845971243991 212.51074187650459635 
 149.68137499799749435 213.56779933449837472 
 96.284772264167258982 230.79645616221887394 
 118.00958880245232763 231.85351362021265231 
 64.61298606862206384 249.08217044793317996 
 86.337802606907132486 250.13922790592695833 
 254.64370324189317785 139.36788473364742913 
 234.74976392737292485 178.05342822106356948 
 256.4745804656579935 179.11048567905734785 
 203.07797773182772971 196.33914250677784707 
 224.80279427011279836 197.39619996477162545 
 171.40619153628256299 214.62485679249215309 
 193.13100807456760322 215.68191425048593146 
 139.73440534073739627 232.91057107820640226 
 161.45922187902246492 233.96762853620018063 
 108.06261914519218692 251.1962853639207367 
 129.78743568347726978 252.25334282191451507 
