 22.496194121355465256 28.208453279860258078 
 22.496194121355465256 53.808453279860259499 
 34.155667867052834197 53.808453279860259499 
 34.155667867052834197 28.208453279860258078 
 22.496194121355465256 79.408453279860268026 
 22.496194121355465256 105.00845327986024813 
 34.155667867052834197 105.00845327986024813 
 34.155667867052834197 79.408453279860268026 
 22.496194121355465256 130.60845327986027087 
 22.496194121355465256 156.20845327986026518 
 34.155667867052834197 156.20845327986026518 
 34.155667867052834197 130.60845327986027087 
 22.496194121355465256 181.8084532798602595 
 22.496194121355465256 207.40845327986022539 
 34.155667867052834197 207.40845327986022539 
 34.155667867052834197 181.8084532798602595 
 22.496194121355465256 233.00845327986024813 
 22.496194121355465256 2.6084532798602411141 
 34.155667867052834197 2.6084532798602411141 
 34.155667867052834197 233.00845327986024813 
 45.815141612750203137 28.208453279860258078 
 45.815141612750203137 53.808453279860259499 
 57.474615358447564972 53.808453279860259499 
 57.474615358447564972 28.208453279860258078 
 45.815141612750203137 79.408453279860268026 
 45.815141612750203137 105.00845327986024813 
 57.474615358447564972 105.00845327986024813 
 57.474615358447564972 79.408453279860268026 
 45.815141612750203137 130.60845327986027087 
 45.815141612750203137 156.20845327986026518 
 57.474615358447564972 156.20845327986026518 
 57.474615358447564972 130.60845327986027087 
 45.815141612750203137 181.8084532798602595 
 45.815141612750203137 207.40845327986022539 
 57.474615358447564972 207.40845327986022539 
 57.474615358447564972 181.8084532798602595 
 45.815141612750203137 233.00845327986024813 
 45.815141612750203137 2.6084532798602411141 
 57.474615358447564972 2.6084532798602411141 
 57.474615358447564972 233.00845327986024813 
 69.134089104144933913 28.208453279860258078 
 69.134089104144933913 53.808453279860259499 
 80.793562849842302853 53.808453279860259499 
 80.793562849842302853 28.208453279860258078 
 69.134089104144933913 79.408453279860268026 
 69.134089104144933913 105.00845327986024813 
 80.793562849842302853 105.00845327986024813 
 80.793562849842302853 79.408453279860268026 
 69.134089104144933913 130.60845327986027087 
 69.134089104144933913 156.20845327986026518 
 80.793562849842302853 156.20845327986026518 
 80.793562849842302853 130.60845327986027087 
 69.134089104144933913 181.8084532798602595 
 69.134089104144933913 207.40845327986022539 
 80.793562849842302853 207.40845327986022539 
 80.793562849842302853 181.8084532798602595 
 69.134089104144933913 233.00845327986024813 
 69.134089104144933913 2.6084532798602411141 
 80.793562849842302853 2.6084532798602411141 
 80.793562849842302853 233.00845327986024813 
 92.453036595539686004 28.208453279860258078 
 92.453036595539686004 53.808453279860259499 
 104.11251034123705494 53.808453279860259499 
 104.11251034123705494 28.208453279860258078 
 92.453036595539686004 79.408453279860268026 
 92.453036595539686004 105.00845327986024813 
 104.11251034123705494 105.00845327986024813 
 104.11251034123705494 79.408453279860268026 
 92.453036595539686004 130.60845327986027087 
 92.453036595539686004 156.20845327986026518 
 104.11251034123705494 156.20845327986026518 
 104.11251034123705494 130.60845327986027087 
 92.453036595539686004 181.8084532798602595 
 92.453036595539686004 207.40845327986022539 
 104.11251034123705494 207.40845327986022539 
 104.11251034123705494 181.8084532798602595 
 92.453036595539686004 233.00845327986024813 
 92.453036595539686004 2.6084532798602411141 
 104.11251034123705494 2.6084532798602411141 
 104.11251034123705494 233.00845327986024813 
 115.77198408693442389 28.208453279860258078 
 115.77198408693442389 53.808453279860259499 
 127.43145783263179283 53.808453279860259499 
 127.43145783263179283 28.208453279860258078 
 115.77198408693442389 79.408453279860268026 
 115.77198408693442389 105.00845327986024813 
 127.43145783263179283 105.00845327986024813 
 127.43145783263179283 79.408453279860268026 
 115.77198408693442389 130.60845327986027087 
 115.77198408693442389 156.20845327986026518 
 127.43145783263179283 156.20845327986026518 
 127.43145783263179283 130.60845327986027087 
 115.77198408693442389 181.8084532798602595 
 115.77198408693442389 207.40845327986022539 
 127.43145783263179283 207.40845327986022539 
 127.43145783263179283 181.8084532798602595 
 115.77198408693442389 233.00845327986024813 
 115.77198408693442389 2.6084532798602411141 
 127.43145783263179283 2.6084532798602411141 
 127.43145783263179283 233.00845327986024813 
 139.09093157832916177 28.208453279860258078 
 139.09093157832916177 53.808453279860259499 
 150.75040532402650229 53.808453279860259499 
 150.75040532402650229 28.208453279860258078 
 139.09093157832916177 79.408453279860268026 
 139.09093157832916177 105.00845327986024813 
 150.75040532402650229 105.00845327986024813 
 150.75040532402650229 79.408453279860268026 
 139.09093157832916177 130.60845327986027087 
 139.09093157832916177 156.20845327986026518 
 150.75040532402650229 156.20845327986026518 
 150.75040532402650229 130.60845327986027087 
 139.09093157832916177 181.8084532798602595 
 139.09093157832916177 207.40845327986022539 
 150.75040532402650229 207.40845327986022539 
 150.75040532402650229 181.8084532798602595 
 139.09093157832916177 233.00845327986024813 
 139.09093157832916177 2.6084532798602411141 
 150.75040532402650229 2.6084532798602411141 
 150.75040532402650229 233.00845327986024813 
 162.40987906972387123 28.208453279860258078 
 162.40987906972387123 53.808453279860259499 
 174.06935281542126859 53.808453279860259499 
 174.06935281542126859 28.208453279860258078 
 162.40987906972387123 79.408453279860268026 
 162.40987906972387123 105.00845327986024813 
 174.06935281542126859 105.00845327986024813 
 174.06935281542126859 79.408453279860268026 
 162.40987906972387123 130.60845327986027087 
 162.40987906972387123 156.20845327986026518 
 174.06935281542126859 156.20845327986026518 
 174.06935281542126859 130.60845327986027087 
 162.40987906972387123 181.8084532798602595 
 162.40987906972387123 207.40845327986022539 
 174.06935281542126859 207.40845327986022539 
 174.06935281542126859 181.8084532798602595 
 162.40987906972387123 233.00845327986024813 
 162.40987906972387123 2.6084532798602411141 
 174.06935281542126859 2.6084532798602411141 
 174.06935281542126859 233.00845327986024813 
 185.72882656111863753 28.208453279860258078 
 185.72882656111863753 53.808453279860259499 
 197.38830030681603489 53.808453279860259499 
 197.38830030681603489 28.208453279860258078 
 185.72882656111863753 79.408453279860268026 
 185.72882656111863753 105.00845327986024813 
 197.38830030681603489 105.00845327986024813 
 197.38830030681603489 79.408453279860268026 
 185.72882656111863753 130.60845327986027087 
 185.72882656111863753 156.20845327986026518 
 197.38830030681603489 156.20845327986026518 
 197.38830030681603489 130.60845327986027087 
 185.72882656111863753 181.8084532798602595 
 185.72882656111863753 207.40845327986022539 
 197.38830030681603489 207.40845327986022539 
 197.38830030681603489 181.8084532798602595 
 185.72882656111863753 233.00845327986024813 
 185.72882656111863753 2.6084532798602411141 
 197.38830030681603489 2.6084532798602411141 
 197.38830030681603489 233.00845327986024813 
 209.04777405251334699 28.208453279860258078 
 209.04777405251334699 53.808453279860259499 
 220.70724779821074435 53.808453279860259499 
 220.70724779821074435 28.208453279860258078 
 209.04777405251334699 79.408453279860268026 
 209.04777405251334699 105.00845327986024813 
 220.70724779821074435 105.00845327986024813 
 220.70724779821074435 79.408453279860268026 
 209.04777405251334699 130.60845327986027087 
 209.04777405251334699 156.20845327986026518 
 220.70724779821074435 156.20845327986026518 
 220.70724779821074435 130.60845327986027087 
 209.04777405251334699 181.8084532798602595 
 209.04777405251334699 207.40845327986022539 
 220.70724779821074435 207.40845327986022539 
 220.70724779821074435 181.8084532798602595 
 209.04777405251334699 233.00845327986024813 
 209.04777405251334699 2.6084532798602411141 
 220.70724779821074435 2.6084532798602411141 
 220.70724779821074435 233.00845327986024813 
 232.36672154390811329 28.208453279860258078 
 232.36672154390811329 53.808453279860259499 
 244.02619528960548223 53.808453279860259499 
 244.02619528960548223 28.208453279860258078 
 232.36672154390811329 79.408453279860268026 
 232.36672154390811329 105.00845327986024813 
 244.02619528960548223 105.00845327986024813 
 244.02619528960548223 79.408453279860268026 
 232.36672154390811329 130.60845327986027087 
 232.36672154390811329 156.20845327986026518 
 244.02619528960548223 156.20845327986026518 
 244.02619528960548223 130.60845327986027087 
 232.36672154390811329 181.8084532798602595 
 232.36672154390811329 207.40845327986022539 
 244.02619528960548223 207.40845327986022539 
 244.02619528960548223 181.8084532798602595 
 232.36672154390811329 233.00845327986024813 
 232.36672154390811329 2.6084532798602411141 
 244.02619528960548223 2.6084532798602411141 
 244.02619528960548223 233.00845327986024813 
