 23.916333870933712547 23.608734159256336227 
 23.916333870933712547 49.208734159256337648 
 35.575807616631081487 49.208734159256337648 
 35.575807616631081487 23.608734159256336227 
 23.916333870933712547 74.808734159256346175 
 23.916333870933712547 100.40873415925632628 
 35.575807616631081487 100.40873415925632628 
 35.575807616631081487 74.808734159256346175 
 23.916333870933712547 126.00873415925633481 
 23.916333870933712547 151.60873415925635754 
 35.575807616631081487 151.60873415925635754 
 35.575807616631081487 126.00873415925633481 
 23.916333870933712547 177.20873415925635186 
 23.916333870933712547 202.80873415925631775 
 35.575807616631081487 202.80873415925631775 
 35.575807616631081487 177.20873415925635186 
 23.916333870933712547 228.40873415925634049 
 23.916333870933712547 254.00873415925633481 
 35.575807616631081487 254.00873415925633481 
 35.575807616631081487 228.40873415925634049 
 47.235281362328443322 23.608734159256336227 
 47.235281362328443322 49.208734159256337648 
 58.894755108025812262 49.208734159256337648 
 58.894755108025812262 23.608734159256336227 
 47.235281362328443322 74.808734159256346175 
 47.235281362328443322 100.40873415925632628 
 58.894755108025812262 100.40873415925632628 
 58.894755108025812262 74.808734159256346175 
 47.235281362328443322 126.00873415925633481 
 47.235281362328443322 151.60873415925635754 
 58.894755108025812262 151.60873415925635754 
 58.894755108025812262 126.00873415925633481 
 47.235281362328443322 177.20873415925635186 
 47.235281362328443322 202.80873415925631775 
 58.894755108025812262 202.80873415925631775 
 58.894755108025812262 177.20873415925635186 
 47.235281362328443322 228.40873415925634049 
 47.235281362328443322 254.00873415925633481 
 58.894755108025812262 254.00873415925633481 
 58.894755108025812262 228.40873415925634049 
 70.554228853723202519 23.608734159256336227 
 70.554228853723202519 49.208734159256337648 
 82.213702599420543038 49.208734159256337648 
 82.213702599420543038 23.608734159256336227 
 70.554228853723202519 74.808734159256346175 
 70.554228853723202519 100.40873415925632628 
 82.213702599420543038 100.40873415925632628 
 82.213702599420543038 74.808734159256346175 
 70.554228853723202519 126.00873415925633481 
 70.554228853723202519 151.60873415925635754 
 82.213702599420543038 151.60873415925635754 
 82.213702599420543038 126.00873415925633481 
 70.554228853723202519 177.20873415925635186 
 70.554228853723202519 202.80873415925631775 
 82.213702599420543038 202.80873415925631775 
 82.213702599420543038 177.20873415925635186 
 70.554228853723202519 228.40873415925634049 
 70.554228853723202519 254.00873415925633481 
 82.213702599420543038 254.00873415925633481 
 82.213702599420543038 228.40873415925634049 
 93.873176345117926189 23.608734159256336227 
 93.873176345117926189 49.208734159256337648 
 105.53265009081529513 49.208734159256337648 
 105.53265009081529513 23.608734159256336227 
 93.873176345117926189 74.808734159256346175 
 93.873176345117926189 100.40873415925632628 
 105.53265009081529513 100.40873415925632628 
 105.53265009081529513 74.808734159256346175 
 93.873176345117926189 126.00873415925633481 
 93.873176345117926189 151.60873415925635754 
 105.53265009081529513 151.60873415925635754 
 105.53265009081529513 126.00873415925633481 
 93.873176345117926189 177.20873415925635186 
 93.873176345117926189 202.80873415925631775 
 105.53265009081529513 202.80873415925631775 
 105.53265009081529513 177.20873415925635186 
 93.873176345117926189 228.40873415925634049 
 93.873176345117926189 254.00873415925633481 
 105.53265009081529513 254.00873415925633481 
 105.53265009081529513 228.40873415925634049 
 117.19212383651266407 23.608734159256336227 
 117.19212383651266407 49.208734159256337648 
 128.85159758221004722 49.208734159256337648 
 128.85159758221004722 23.608734159256336227 
 117.19212383651266407 74.808734159256346175 
 117.19212383651266407 100.40873415925632628 
 128.85159758221004722 100.40873415925632628 
 128.85159758221004722 74.808734159256346175 
 117.19212383651266407 126.00873415925633481 
 117.19212383651266407 151.60873415925635754 
 128.85159758221004722 151.60873415925635754 
 128.85159758221004722 126.00873415925633481 
 117.19212383651266407 177.20873415925635186 
 117.19212383651266407 202.80873415925631775 
 128.85159758221004722 202.80873415925631775 
 128.85159758221004722 177.20873415925635186 
 117.19212383651266407 228.40873415925634049 
 117.19212383651266407 254.00873415925633481 
 128.85159758221004722 254.00873415925633481 
 128.85159758221004722 228.40873415925634049 
 140.51107132790738774 23.608734159256336227 
 140.51107132790738774 49.208734159256337648 
 152.17054507360475668 49.208734159256337648 
 152.17054507360475668 23.608734159256336227 
 140.51107132790738774 74.808734159256346175 
 140.51107132790738774 100.40873415925632628 
 152.17054507360475668 100.40873415925632628 
 152.17054507360475668 74.808734159256346175 
 140.51107132790738774 126.00873415925633481 
 140.51107132790738774 151.60873415925635754 
 152.17054507360475668 151.60873415925635754 
 152.17054507360475668 126.00873415925633481 
 140.51107132790738774 177.20873415925635186 
 140.51107132790738774 202.80873415925631775 
 152.17054507360475668 202.80873415925631775 
 152.17054507360475668 177.20873415925635186 
 140.51107132790738774 228.40873415925634049 
 140.51107132790738774 254.00873415925633481 
 152.17054507360475668 254.00873415925633481 
 152.17054507360475668 228.40873415925634049 
 163.83001881930212562 23.608734159256336227 
 163.83001881930212562 49.208734159256337648 
 175.48949256499952298 49.208734159256337648 
 175.48949256499952298 23.608734159256336227 
 163.83001881930212562 74.808734159256346175 
 163.83001881930212562 100.40873415925632628 
 175.48949256499952298 100.40873415925632628 
 175.48949256499952298 74.808734159256346175 
 163.83001881930212562 126.00873415925633481 
 163.83001881930212562 151.60873415925635754 
 175.48949256499952298 151.60873415925635754 
 175.48949256499952298 126.00873415925633481 
 163.83001881930212562 177.20873415925635186 
 163.83001881930212562 202.80873415925631775 
 175.48949256499952298 202.80873415925631775 
 175.48949256499952298 177.20873415925635186 
 163.83001881930212562 228.40873415925634049 
 163.83001881930212562 254.00873415925633481 
 175.48949256499952298 254.00873415925633481 
 175.48949256499952298 228.40873415925634049 
 187.14896631069689192 23.608734159256336227 
 187.14896631069689192 49.208734159256337648 
 198.80844005639428929 49.208734159256337648 
 198.80844005639428929 23.608734159256336227 
 187.14896631069689192 74.808734159256346175 
 187.14896631069689192 100.40873415925632628 
 198.80844005639428929 100.40873415925632628 
 198.80844005639428929 74.808734159256346175 
 187.14896631069689192 126.00873415925633481 
 187.14896631069689192 151.60873415925635754 
 198.80844005639428929 151.60873415925635754 
 198.80844005639428929 126.00873415925633481 
 187.14896631069689192 177.20873415925635186 
 187.14896631069689192 202.80873415925631775 
 198.80844005639428929 202.80873415925631775 
 198.80844005639428929 177.20873415925635186 
 187.14896631069689192 228.40873415925634049 
 187.14896631069689192 254.00873415925633481 
 198.80844005639428929 254.00873415925633481 
 198.80844005639428929 228.40873415925634049 
 210.46791380209160138 23.608734159256336227 
 210.46791380209160138 49.208734159256337648 
 222.12738754778899875 49.208734159256337648 
 222.12738754778899875 23.608734159256336227 
 210.46791380209160138 74.808734159256346175 
 210.46791380209160138 100.40873415925632628 
 222.12738754778899875 100.40873415925632628 
 222.12738754778899875 74.808734159256346175 
 210.46791380209160138 126.00873415925633481 
 210.46791380209160138 151.60873415925635754 
 222.12738754778899875 151.60873415925635754 
 222.12738754778899875 126.00873415925633481 
 210.46791380209160138 177.20873415925635186 
 210.46791380209160138 202.80873415925631775 
 222.12738754778899875 202.80873415925631775 
 222.12738754778899875 177.20873415925635186 
 210.46791380209160138 228.40873415925634049 
 210.46791380209160138 254.00873415925633481 
 222.12738754778899875 254.00873415925633481 
 222.12738754778899875 228.40873415925634049 
 233.78686129348636769 23.608734159256336227 
 233.78686129348636769 49.208734159256337648 
 245.44633503918376505 49.208734159256337648 
 245.44633503918376505 23.608734159256336227 
 233.78686129348636769 74.808734159256346175 
 233.78686129348636769 100.40873415925632628 
 245.44633503918376505 100.40873415925632628 
 245.44633503918376505 74.808734159256346175 
 233.78686129348636769 126.00873415925633481 
 233.78686129348636769 151.60873415925635754 
 245.44633503918376505 151.60873415925635754 
 245.44633503918376505 126.00873415925633481 
 233.78686129348636769 177.20873415925635186 
 233.78686129348636769 202.80873415925631775 
 245.44633503918376505 202.80873415925631775 
 245.44633503918376505 177.20873415925635186 
 233.78686129348636769 228.40873415925634049 
 233.78686129348636769 254.00873415925633481 
 245.44633503918376505 254.00873415925633481 
 245.44633503918376505 228.40873415925634049 
