 84.067101957636722886 11.617195258424199977 
 71.267101957636711518 33.787445595305840129 
 81.364502416168349441 39.617182468154517494 
 94.164502416168346599 17.446932131272877342 
 58.467101957636721465 55.957695932187469623 
 45.667101957636724308 78.127946269069099117 
 55.764502416168362231 83.957683141917769376 
 68.564502416168352283 61.787432805036161199 
 32.867101957636720044 100.29819660595073572 
 20.067101957636722886 122.46844694283234389 
 30.164502416168357257 128.29818381568105679 
 42.964502416168350862 106.12793347879940598 
 7.2671019576367283932 144.63869727971396628 
 4.5645024161683673825 172.63868448944430156 
 17.36450241616837431 150.46843415256265075 
 104.26190287469998452 23.276669004121568918 
 91.461902874699987365 45.44691934100320907 
 101.55930333323161108 51.276656213851886434 
 114.35930333323160824 29.106405876970260493 
 78.661902874699990207 67.617169677884845669 
 65.861902874699993049 89.787420014766468057 
 75.959303333231616762 95.617156887615138317 
 88.759303333231613919 73.446906550733530139 
 53.06190287469998168 111.95767035164810466 
 40.261902874699991628 134.12792068852974126 
 50.359303333231622446 139.95765756137842573 
 63.159303333231619604 117.78740722449678913 
 27.46190287469999447 156.29817102541136364 
 14.661902874700015076 178.46842136229298603 
 24.759303333231631683 184.2981582351416705 
 37.559303333231625288 162.12790789826001969 
  1.86190287469997795 200.63867169917463684 
 117.06190287469999589 1.1064186672399420885 
 127.1593033332316196 6.9361555400886194533 
 11.959303333231611433 206.46840857202332131 
 124.45670379176323195 34.936142749818934305 
 111.65670379176323479 57.10639308670057801 
 121.75410425029487271 62.936129959549255375 
 134.55410425029484145 40.765879622667625881 
 98.856703791763237632 79.276643423582200398 
 86.056703791763240474 101.44689376046382279 
 96.154104250294878398 107.27663063331250726 
 108.95410425029486134 85.106380296430899079 
 73.256703791763229106 123.6171440973454736 
 60.456703791763239053 145.78739443422708177 
 70.554104250294869871 151.61713130707576624 
 83.354104250294867029 129.44688097019414386 
 47.656703791763263212 167.95764477110870416 
 34.856703791763251843 190.12789510799032655 
 44.954104250294882661 195.95763198083901102 
 57.754104250294879819 173.78738164395738863 
 22.056703791763244027 212.29814544487200578 
 137.25670379176324332 12.76589241293729593 
 147.35410425029488124 18.595629285785985729 
 32.154104250294864187 218.12788231772071867 
 144.65150470882647937 46.595616495516303246 
 131.85150470882649643 68.76586683239793274 
 141.94890516735810593 74.59560370524661721 
 154.7489051673581173 52.425353368364994822 
 119.05150470882648506 90.936117169279569339 
 106.25150470882650211 113.10636750616119173 
 116.34890516735811161 118.9361043790098762 
 129.14890516735812298 96.765854042128253809 
 93.451504708826490742 135.27661784304282833 
 80.651504708826493584 157.44686817992445071 
 90.748905167358131507 163.27660505277313518 
 103.54890516735810024 141.10635471589154122 
 67.851504708826496426 179.61711851680610152 
 55.051504708826506373 201.78736885368769549 
 65.148905167358137192 207.61710572653637996 
 77.948905167358120138 185.44685538965475757 
 42.251504708826480794 223.95761919056937472 
 157.45150470882649074 24.425366158634663094 
 167.54890516735812867 30.25510303148335467 
 52.348905167358111612 229.78735606341805919 
 164.8463056258897268 58.255090241213672186 
 152.04630562588971543 80.425340578095315891 
 162.14370608442135335 86.25507745094398615 
 174.9437060844213363 64.084827114062349551 
 139.24630562588973248 102.59559091497693828 
 126.44630562588973532 124.76584125185856067 
 136.54370608442135904 130.59557812470725935 
 149.34370608442137041 108.42532778782562275 
 113.64630562588973817 146.93609158874022569 
 100.84630562588974101 169.10634192562181966 
 110.94370608442136472 174.93607879847050413 
 123.74370608442136188 152.76582846158888174 
 88.046305625889743851 191.27659226250344204 
 75.246305625889760904 213.44684259938506443 
 85.343706084421370406 219.2765794722337489 
 98.143706084421381775 197.10632913535209809 
 62.446305625889735325 235.61709293626671524 
 177.64630562588973817 36.084839904332028482 
 187.74370608442134767 41.914576777180705847 
 72.543706084421373248 241.44682980911542813 
 185.04110654295300264 69.914563986911034021 
 172.24110654295299128 92.084814323792684831 
 182.33850700148460078 97.914551196641355091 
 195.13850700148461215 75.744300859759732703 
 159.44110654295297991 114.25506466067430722 
 146.64110654295299696 136.4253149975559154 
 156.73850700148460646 142.25505187040459987 
 169.53850700148458941 120.08480153352297748 
 133.84110654295298559 158.59556533443756621 
 121.04110654295301686 180.7658156713191886 
 131.13850700148461215 186.59555254416790149 
 143.93850700148462352 164.42530220728625068 
 108.2411065429530197 202.93606600820081098 
 95.44110654295302254 225.10631634508246179 
 105.53850700148463204 230.93605321793111784 
 118.33850700148461499 208.76580288104949545 
 82.641106542952996961 247.2765666819641126 
 197.84110654295301401 47.744313650029397422 
 207.93850700148459509 53.574050522878074787 
 92.738507001484606462 253.10630355481279707 
 205.23590746001622165 81.574037732608402962 
 192.43590746001626712 103.74428806949005377 
 202.53330791854787662 109.57402494233873824 
 215.33330791854788799 87.403774605457101643 
 179.63590746001625575 125.91453840637167616 
 166.83590746001624439 148.08478874325331276 
 176.93330791854788231 153.91452561610199723 
 189.73330791854789368 131.74427527922037484 
 154.03590746001626144 170.25503908013493515 
 141.23590746001625007 192.42528941701658596 
 151.33330791854788799 198.25502628986527043 
 164.13330791854787094 176.08477595298361962 
 128.43590746001626712 214.59553975389817992 
 115.63590746001625575 236.76579009077980231 
 125.73330791854790789 242.59552696362848678 
 138.53330791854790505 220.42527662674686439 
 218.03590746001623302 59.403787395726766363 
 228.13330791854789936 65.233524268575465044 
 225.4307083770794975 93.233511478305771902 
 212.63070837707948613 115.4037618151874085 
 222.72810883561112405 121.23349868803609297 
  235.528108835611107 99.063248351154470583 
 199.83070837707950318 137.57401215206905931 
 187.03070837707949181 159.74426248895065328 
 197.12810883561115816 165.57399936179933775 
 209.9281088356111411 143.40374902491774378 
 174.23070837707950886 181.91451282583230409 
 161.43070837707952592 204.08476316271392648 
 171.52810883561113542 209.91450003556263937 
 184.32810883561111837 187.74424969868098856 
 148.63070837707951455 226.25501349959554886 
 135.8307083770795316 248.42526383647717125 
 145.9281088356111411 254.25500070932585572 
 158.72810883561115247 232.08475037244426176 
 238.23070837707950886 71.063261141424135303 
 248.32810883561111837 76.892998014272819773 
 245.62550929414274492 104.89298522400314084 
 232.82550929414273355 127.06323556088477744 
 242.92290975267437148 132.89297243373346191 
 255.72290975267438284 110.72272209685183952 
 220.0255092941427506 149.23348589776639983 
 207.22550929414276766 171.40373623464802222 
 217.32290975267437716 177.23347310749673511 
 230.12290975267436011 155.06322277061511272 
 194.42550929414272787 193.57398657152970145 
 181.62550929414274492 215.74423690841129542 
 191.72290975267438284 221.57397378125997989 
 204.52290975267439421 199.40372344437838592 
 168.82550929414276197 237.91448724529291781 
 178.9229097526743999 243.74422411814160228 
 253.0203102112060094 138.72270930658214638 
 61.169701499105109122 27.957708722457148554 
 73.969701499105099174 5.7874583855755235007 
 240.22031021120599803 160.89295964346376877 
 227.42031021120601508 183.06320998034539116 
 35.569701499105121911 72.298209396220400436 
 48.369701499105111964 50.127959059338792258 
 214.62031021120600371 205.23346031722704197 
 201.82031021120599235 227.40371065410866436 
 9.9697014991051187138 116.63871006998368784 
 22.769701499105110543 94.468459733102051246 
 189.0203102112060094 249.57396099099025832 
