 27.24158468921507037 37.860906413929640735 
 42.32652935452808407 69.860906413929626524 
 27.24158468921507037 48.527573080596290822 
 42.32652935452808407 59.194239747262976437 
 27.24158468921507037 80.527573080596312138 
 42.32652935452808407 112.52757308059629793 
 27.24158468921507037 91.19423974726295512 
 42.32652935452808407 101.86090641392964073 
 27.24158468921507037 123.19423974726296933 
 42.32652935452808407 155.19423974726296933 
 27.24158468921507037 133.86090641392962652 
 42.32652935452808407 144.52757308059631214 
 27.24158468921507037 165.86090641392962652 
 42.32652935452808407 197.86090641392962652 
 27.24158468921507037 176.52757308059631214 
 42.32652935452808407 187.19423974726296933 
 27.24158468921507037 208.52757308059631214 
 42.32652935452808407 240.52757308059628372 
 27.24158468921507037 219.19423974726299775 
 42.32652935452808407 229.86090641392962652 
 27.24158468921507037 251.19423974726296933 
 42.32652935452808407 27.194239747262958673 
 27.24158468921507037 5.8609064139296549456 
 42.32652935452808407 16.527573080596280164 
 57.411474019841101324 37.860906413929640735 
 72.496418685154111472 69.860906413929626524 
 57.411474019841101324 48.527573080596290822 
 72.496418685154111472 59.194239747262976437 
 57.411474019841101324 80.527573080596312138 
 72.496418685154111472 112.52757308059629793 
 57.411474019841101324 91.19423974726295512 
 72.496418685154111472 101.86090641392964073 
 57.411474019841101324 123.19423974726296933 
 72.496418685154111472 155.19423974726296933 
 57.411474019841101324 133.86090641392962652 
 72.496418685154111472 144.52757308059631214 
 57.411474019841101324 165.86090641392962652 
 72.496418685154111472 197.86090641392962652 
 57.411474019841101324 176.52757308059631214 
 72.496418685154111472 187.19423974726296933 
 57.411474019841101324 208.52757308059631214 
 72.496418685154111472 240.52757308059628372 
 57.411474019841101324 219.19423974726299775 
 72.496418685154111472 229.86090641392962652 
 57.411474019841101324 251.19423974726296933 
 72.496418685154111472 27.194239747262958673 
 57.411474019841101324 5.8609064139296549456 
 72.496418685154111472 16.527573080596280164 
 87.581363350467114515 37.860906413929640735 
 102.66630801578013177 69.860906413929626524 
 87.581363350467114515 48.527573080596290822 
 102.66630801578013177 59.194239747262976437 
 87.581363350467114515 80.527573080596312138 
 102.66630801578013177 112.52757308059629793 
 87.581363350467114515 91.19423974726295512 
 102.66630801578013177 101.86090641392964073 
 87.581363350467114515 123.19423974726296933 
 102.66630801578013177 155.19423974726296933 
 87.581363350467114515 133.86090641392962652 
 102.66630801578013177 144.52757308059631214 
 87.581363350467114515 165.86090641392962652 
 102.66630801578013177 197.86090641392962652 
 87.581363350467114515 176.52757308059631214 
 102.66630801578013177 187.19423974726296933 
 87.581363350467114515 208.52757308059631214 
 102.66630801578013177 240.52757308059628372 
 87.581363350467114515 219.19423974726299775 
 102.66630801578013177 229.86090641392962652 
 87.581363350467114515 251.19423974726296933 
 102.66630801578013177 27.194239747262958673 
 87.581363350467114515 5.8609064139296549456 
 102.66630801578013177 16.527573080596280164 
 117.75125268109314902 37.860906413929640735 
 132.83619734640615206 69.860906413929626524 
 117.75125268109314902 48.527573080596290822 
 132.83619734640615206 59.194239747262976437 
 117.75125268109314902 80.527573080596312138 
 132.83619734640615206 112.52757308059629793 
 117.75125268109314902 91.19423974726295512 
 132.83619734640615206 101.86090641392964073 
 117.75125268109314902 123.19423974726296933 
 132.83619734640615206 155.19423974726296933 
 117.75125268109314902 133.86090641392962652 
 132.83619734640615206 144.52757308059631214 
 117.75125268109314902 165.86090641392962652 
 132.83619734640615206 197.86090641392962652 
 117.75125268109314902 176.52757308059631214 
 132.83619734640615206 187.19423974726296933 
 117.75125268109314902 208.52757308059631214 
 132.83619734640615206 240.52757308059628372 
 117.75125268109314902 219.19423974726299775 
 132.83619734640615206 229.86090641392962652 
 117.75125268109314902 251.19423974726296933 
 132.83619734640615206 27.194239747262958673 
 117.75125268109314902 5.8609064139296549456 
 132.83619734640615206 16.527573080596280164 
 147.92114201171915511 37.860906413929640735 
 163.00608667703215815 69.860906413929626524 
 147.92114201171915511 48.527573080596290822 
 163.00608667703215815 59.194239747262976437 
 147.92114201171915511 80.527573080596312138 
 163.00608667703215815 112.52757308059629793 
 147.92114201171915511 91.19423974726295512 
 163.00608667703215815 101.86090641392964073 
 147.92114201171915511 123.19423974726296933 
 163.00608667703215815 155.19423974726296933 
 147.92114201171915511 133.86090641392962652 
 163.00608667703215815 144.52757308059631214 
 147.92114201171915511 165.86090641392962652 
 163.00608667703215815 197.86090641392962652 
 147.92114201171915511 176.52757308059631214 
 163.00608667703215815 187.19423974726296933 
 147.92114201171915511 208.52757308059631214 
 163.00608667703215815 240.52757308059628372 
 147.92114201171915511 219.19423974726299775 
 163.00608667703215815 229.86090641392962652 
 147.92114201171915511 251.19423974726296933 
 163.00608667703215815 27.194239747262958673 
 147.92114201171915511 5.8609064139296549456 
 163.00608667703215815 16.527573080596280164 
 178.09103134234516119 37.860906413929640735 
 193.17597600765816424 69.860906413929626524 
 178.09103134234516119 48.527573080596290822 
 193.17597600765816424 59.194239747262976437 
 178.09103134234516119 80.527573080596312138 
 193.17597600765816424 112.52757308059629793 
 178.09103134234516119 91.19423974726295512 
 193.17597600765816424 101.86090641392964073 
 178.09103134234516119 123.19423974726296933 
 193.17597600765816424 155.19423974726296933 
 178.09103134234516119 133.86090641392962652 
 193.17597600765816424 144.52757308059631214 
 178.09103134234516119 165.86090641392962652 
 193.17597600765816424 197.86090641392962652 
 178.09103134234516119 176.52757308059631214 
 193.17597600765816424 187.19423974726296933 
 178.09103134234516119 208.52757308059631214 
 193.17597600765816424 240.52757308059628372 
 178.09103134234516119 219.19423974726299775 
 193.17597600765816424 229.86090641392962652 
 178.09103134234516119 251.19423974726296933 
 193.17597600765816424 27.194239747262958673 
 178.09103134234516119 5.8609064139296549456 
 193.17597600765816424 16.527573080596280164 
 208.26092067297122412 37.860906413929640735 
 223.34586533828422716 69.860906413929626524 
 208.26092067297122412 48.527573080596290822 
 223.34586533828422716 59.194239747262976437 
 208.26092067297122412 80.527573080596312138 
 223.34586533828422716 112.52757308059629793 
 208.26092067297122412 91.19423974726295512 
 223.34586533828422716 101.86090641392964073 
 208.26092067297122412 123.19423974726296933 
 223.34586533828422716 155.19423974726296933 
 208.26092067297122412 133.86090641392962652 
 223.34586533828422716 144.52757308059631214 
 208.26092067297122412 165.86090641392962652 
 223.34586533828422716 197.86090641392962652 
 208.26092067297122412 176.52757308059631214 
 223.34586533828422716 187.19423974726296933 
 208.26092067297122412 208.52757308059631214 
 223.34586533828422716 240.52757308059628372 
 208.26092067297122412 219.19423974726299775 
 223.34586533828422716 229.86090641392962652 
 208.26092067297122412 251.19423974726296933 
 223.34586533828422716 27.194239747262958673 
 208.26092067297122412 5.8609064139296549456 
 223.34586533828422716 16.527573080596280164 
 238.43081000359720178 37.860906413929640735 
 12.156640023902028247 69.860906413929626524 
 238.43081000359720178 48.527573080596290822 
 12.156640023902028247 59.194239747262976437 
 238.43081000359720178 80.527573080596312138 
 12.156640023902028247 112.52757308059629793 
 238.43081000359720178 91.19423974726295512 
 12.156640023902028247 101.86090641392964073 
 238.43081000359720178 123.19423974726296933 
 12.156640023902028247 155.19423974726296933 
 238.43081000359720178 133.86090641392962652 
 12.156640023902028247 144.52757308059631214 
 238.43081000359720178 165.86090641392962652 
 12.156640023902028247 197.86090641392962652 
 238.43081000359720178 176.52757308059631214 
 12.156640023902028247 187.19423974726296933 
 238.43081000359720178 208.52757308059631214 
 12.156640023902028247 240.52757308059628372 
 238.43081000359720178 219.19423974726299775 
 12.156640023902028247 229.86090641392962652 
 238.43081000359720178 251.19423974726296933 
 12.156640023902028247 27.194239747262958673 
 238.43081000359720178 5.8609064139296549456 
 12.156640023902028247 16.527573080596280164 
