 66.536516963619376952 13.44682738444433312 
 69.297253444712950454 3.1436185706942847418 
 49.204842842158505789 19.845765224493728596 
 55.493571039245161103 54.659662639444597687 
 46.444106361064939392 30.148974038243792961 
  58.2543075203387275 44.356453825694536874 
 38.161896917784282834 61.058600479493975399 
 44.450625114870959464 95.872497894444833832 
 35.401160436690737754 71.361809293244036212 
 47.211361595964504545 85.569289080694787231 
 27.118950993410063433 102.27143573449421865 
 33.40767919049673651 137.08533314944506287 
 24.358214512316514799 112.57464454824429367 
 36.168415671590295801 126.78212433569500206 
 16.076005069035858241 143.4842709894944619 
 22.364733266122531319 178.29816840444530612 
 13.315268587942293621 153.78747980324453692 
 25.125469747216076399 167.99495959069525952 
 5.0330591446616352869 184.69710624449470515 
 11.321787341748308364 219.51100365944554937 
 2.272322663568073331 195.0003150582448086 
 14.082523822841856997 209.20779484569550277 
 95.67839224435407175 21.255369331845692216 
 98.439128725447631041 10.952160518095629627 
 78.346718122893193481 27.654307171895087691 
 84.635446319979848795 62.468204586845956783 
 75.58598164179963419 37.957515985645137846 
 87.396182801073422297 52.16499577309589597 
 67.303772198518970526  68.8671424268953416 
 73.592500395605640051 103.68103984184618582 
 64.543035717425425446 79.170351240645402413 
 76.353236876699199343 93.377831028096139221 
 56.260826274144754677 110.07997768189557064 
 62.549554471231431307 144.89387509684641486 
 53.500089793051209597 120.38318649564564566 
 65.310290952324990599 134.59066628309636826 
 45.217880349770545934 151.29281293689581389 
 51.506608546857222564 186.10671035184665811 
 42.457143868676986642 161.59602175064588891 
 54.267345027950767644 175.80350153809661151 
 34.174934425396330084 192.50564819189605714 
 40.463662622482999609 227.31954560684690136 
 31.414197944302763688 202.80885700564613217 
 43.224399103576551795 217.01633679309685476 
 124.82026752508876655 29.063911279247051311 
 115.77080284690853773 4.5532226780462465854 
 127.58100400618231163 18.760702465496986946 
 107.48859340362787407 35.462849119296436129 
 113.77732160071454359 70.276746534247294562 
 104.72785692253431478 45.766057933046496942 
 116.53805808180810288 59.97353772049724796 
 96.445647479253651113 76.675684374296693591 
 102.73437567634032064 111.48958178924755202 
 93.684910998160091822 86.978893188046740192 
 105.49511215743389414 101.18637297549750542 
 85.402701554879442369 117.88851962929692263 
 91.691429751966126105 152.70241704424776685 
 82.641965073785868867 128.19172844304699765 
 94.452166233059685396 142.39920823049772025 
 74.359755630505219415 159.10135488429716588 
 80.648483827591917361 193.9152522992480101 
 71.599019149411660123 169.4045636980472409 
 83.409220308685462442 183.6120434854979635 
 63.316809706131003566 200.31419013929740913 
 69.605537903217694407 235.12808755424825335 
 60.556073225037444274 210.61739895304748416 
 72.366274384311239487 224.82487874049820675 
 147.67341460873680603 2.0585558116975293252 
 153.96214280582344713 36.872453226648410407 
 144.91267812764323253 12.361764625447605681 
 156.72287928691702064 26.569244412898346042 
 136.63046868436254044 43.271391066697795225 
 142.91919688144923839 78.085288481648660763 
 133.86973220326899536 53.574599880447856037 
 145.67993336254278347 67.782079667898614161 
 125.58752275998834591 84.484226321698059792 
 131.87625095707502965 119.29812373664890401 
 122.82678627889478662 94.787435135448106394 
 134.63698743816860315 108.9949149228988432 
 114.54457683561412296 125.69706157669827462 
 120.83330503270080669 160.51095899164911884 
 111.78384035452057788 136.00027039044834964 
 123.59404151379438019 150.20775017789907224 
 103.50163091123991421 166.90989683169851787 
 109.79035910832661216 201.72379424664939052 
 100.74089443014635492 177.2131056454485929 
 112.55109558942015724 191.42058543289931549 
 92.458684986865691258 208.12273208669876112 
 98.747413183952389204 242.93662950164963377 
 89.697948505772131966 218.42594090044883615 
 101.50814966504593428 232.63342068789958716 
 176.81528988947147241 9.8670977590988879768 
 183.10401808655811351 44.680995174049769503 
 174.05455340837792733 20.170306572848964777 
 185.86475456765168701 34.37778636029970869 
 165.77234396509726366 51.07993301409915432 
 172.06107216218393319 85.893830429050012754 
 163.01160748400369016 61.383141827849215133 
 174.82180864327747827 75.590621615299951941 
 154.7293980407230265 92.292768269099411782 
 161.01812623780972444 127.10666568405027022 
 151.96866155962948142 102.59597708284945838 
 163.77886271890326952 116.8034568703002094 
 143.68645211634881775 133.50560352409962661 
 149.97518031343548728 168.31950093905049926 
 140.92571563525524425 143.80881233784970163 
 152.73591679452903236 158.01629212530045265 
 132.64350619197460901 174.71843877909986986 
 138.93223438906127853 209.53233619405074251 
 129.88276971088103551 185.02164759284997331 
 141.69297087015482361 199.2291273803006959 
 121.60056026760038606 215.93127403410014153 
 127.88928846468705558 250.74517144905098576 
 118.83982378650682676 226.23448284785021656 
 130.65002494578058645 240.44196263530093916 
 205.95716517020613878 17.675639706500231085 
 212.24589336729277989 52.489537121451114388 
 203.1964286891125937 27.978848520250309662 
 215.00662984838635339 42.186328307701053575 
 194.91421924583193004  58.8884749615004921 
 201.20294744291859956 93.702372376451378955 
 192.15348276473835654 69.191683775250567123 
 203.96368392401214464 83.399163562701303931 
 183.87127332145769287 100.10131021650076377 
 190.1600015185443624 134.91520763145163642 
 181.11053684036414779 110.40451903025082458 
 192.9207379996379359 124.61199881770154718 
 172.82832739708348413 141.31414547150100702 
 179.11705559417015365 176.12804288645185125 
 170.06759091598991063 151.61735428525108205 
 181.87779207526369873 165.82483407270180464 
 161.78538147270927539 182.52698072650125027 
 168.07410966979594491 217.3408781414520945 
 159.02464499161573031 192.83018954025129688 
 170.83484615088948999 207.03766932770204789 
 150.74243554833506664 223.73981598150149352 
 147.98169906724146472 234.04302479525154013 
 159.79190022651525283 248.25050458270229115 
  235.099040450940862 25.484181653901590181 
 241.3877686480275031 60.298079068852473483 
 232.33830396984726008 35.787390467651668757 
 244.14850512912104818 49.994870255102412671 
 224.05609452656659641 66.697016908901858301 
 230.34482272365326594 101.51091432385273094 
 221.29535804547305133 77.000225722651919114 
 233.10555920474683944 91.207705510102655921 
 213.01314860219241609 107.90985216390211576 
 219.3018767992790572 142.72374957885298841 
 210.25241212109884259 118.21306097765217658 
 222.06261328037260228 132.42054076510291338 
 201.97020267781815051 149.12268741890235901 
 208.25893087490484845 183.93658483385320324 
 199.20946619672463385 159.42589623265243404 
 211.01966735599839353 173.63337602010315663 
 190.92725675344397018 190.33552267390260226 
 197.21598495053063971 225.14942008885344649 
 188.16652027235039668 200.63873148765264887 
 199.97672143162421321 214.84621127510339988 
 179.88431082906973302 231.54835792890284552 
 177.12357434797618794 241.85156674265289212 
 188.93377550724994762 256.05904653010361471 
 37.394641682884675049 5.6382854370429740243 
 253.19796980730131963 74.505558856303210291 
 26.351695758510455647 46.851120692043238591 
 250.43723332620774613 84.808767670053271104 
 29.112432239604018491 36.547911878293177779 
 242.15502388292708247 115.71839411130348196 
 15.308749834136250456 88.063955947043467631 
 239.39428740183353739 126.02160292505354278 
 18.069486315229799089 77.76074713329342103 
 231.11207795855287372  156.931229366303711 
 4.2658039097620301661 129.27679120204368246 
 228.35134147745930022 167.23443818005378603 
 7.0265403908555779111 118.97358238829365007 
 220.06913203417866498 198.14406462130395425 
 217.3083955530851199 208.44727343505400086 
 209.02618610980442782 239.35689987630419751 
 206.26544962871085431 249.66010869005424411 
