 244.63146248592659049 17.236452090263647108 
 212.63146248592659049 32.321396755576685678 
 233.96479581925990487 17.236452090263661319 
 223.2981291525932761 32.321396755576685678 
 201.9647958192599333 17.236452090263661319 
 169.96479581925990487 32.321396755576685678 
 191.29812915259324768 17.236452090263661319 
 180.63146248592659049 32.321396755576685678 
 159.2981291525932761 17.236452090263661319 
 127.29812915259324768 32.321396755576685678 
 148.63146248592659049 17.236452090263661319 
 137.9647958192599333 32.321396755576685678 
 116.63146248592659049 17.236452090263661319 
  84.6314624859266047 32.321396755576685678 
 105.96479581925991909 17.236452090263661319 
 95.298129152593261892 32.321396755576685678 
 73.964795819259933296 17.236452090263661319 
 41.964795819259947507 32.321396755576685678 
 63.298129152593247682 17.236452090263661319 
 52.631462485926597594 32.321396755576685678 
 31.298129152593265445 17.236452090263661319 
 255.2981291525932761 32.321396755576671467 
 20.631462485926583383 17.236452090263661319 
 9.9647958192599315197 32.321396755576699888 
 244.63146248592659049 47.406341420889674509 
 212.63146248592659049 62.491286086202705974 
 233.96479581925990487 47.40634142088968872 
 223.2981291525932761 62.491286086202705974 
 201.9647958192599333 47.40634142088968872 
 169.96479581925990487 62.491286086202705974 
 191.29812915259324768 47.40634142088968872 
 180.63146248592659049 62.491286086202705974 
 159.2981291525932761 47.40634142088968872 
 127.29812915259324768 62.491286086202705974 
 148.63146248592659049 47.40634142088968872 
 137.9647958192599333 62.491286086202705974 
 116.63146248592659049 47.40634142088968872 
  84.6314624859266047 62.491286086202705974 
 105.96479581925991909 47.40634142088968872 
 95.298129152593261892 62.491286086202705974 
 73.964795819259933296 47.40634142088968872 
 41.964795819259947507 62.491286086202705974 
 63.298129152593247682 47.40634142088968872 
 52.631462485926597594 62.491286086202705974 
 31.298129152593265445 47.40634142088968872 
 255.2981291525932761 62.491286086202691763 
 20.631462485926583383 47.40634142088968872 
 9.9647958192599315197 62.491286086202720185 
 244.63146248592659049 77.576230751515723227 
 212.63146248592659049 92.66117541682872627 
 233.96479581925990487 77.576230751515723227 
 223.2981291525932761 92.66117541682872627 
 201.9647958192599333 77.576230751515723227 
 169.96479581925990487 92.66117541682872627 
 191.29812915259324768 77.576230751515723227 
 180.63146248592659049 92.66117541682872627 
 159.2981291525932761 77.576230751515723227 
 127.29812915259324768 92.66117541682872627 
 148.63146248592659049 77.576230751515723227 
 137.9647958192599333 92.66117541682872627 
 116.63146248592659049 77.576230751515723227 
  84.6314624859266047 92.66117541682872627 
 105.96479581925991909 77.576230751515723227 
 95.298129152593261892 92.66117541682872627 
 73.964795819259933296 77.576230751515723227 
 41.964795819259947507 92.661175416828740481 
 63.298129152593247682 77.576230751515723227 
 52.631462485926597594 92.661175416828740481 
 31.298129152593265445 77.576230751515723227 
 255.2981291525932761 92.66117541682872627 
 20.631462485926583383 77.576230751515723227 
 9.9647958192599315197 92.661175416828740481 
 244.63146248592659049 107.7461200821417151 
 212.63146248592659049 122.83106474745476078 
 233.96479581925990487 107.7461200821417151 
 223.2981291525932761 122.83106474745476078 
 201.9647958192599333 107.74612008214172931 
 169.96479581925990487 122.83106474745476078 
 191.29812915259324768 107.74612008214172931 
 180.63146248592659049 122.83106474745476078 
 159.2981291525932761 107.74612008214172931 
 127.29812915259324768 122.83106474745476078 
 148.63146248592659049 107.74612008214172931 
 137.9647958192599333 122.83106474745476078 
 116.63146248592659049 107.74612008214172931 
  84.6314624859266047 122.83106474745476078 
 105.96479581925991909 107.74612008214172931 
 95.298129152593261892 122.83106474745476078 
 73.964795819259933296 107.74612008214172931 
 41.964795819259947507 122.83106474745476078 
 63.298129152593247682 107.74612008214172931 
 52.631462485926597594 122.83106474745476078 
 31.298129152593265445 107.74612008214174352 
 255.2981291525932761 122.83106474745474657 
 20.631462485926583383 107.74612008214174352 
 9.9647958192599315197 122.83106474745477499 
 244.63146248592659049 137.91600941276774961 
 212.63146248592659049 153.00095407808078107 
 233.96479581925990487 137.91600941276774961 
 223.2981291525932761 153.00095407808078107 
 201.9647958192599333 137.91600941276774961 
 169.96479581925990487 153.00095407808078107 
 191.29812915259324768 137.91600941276774961 
 180.63146248592659049 153.00095407808078107 
 159.2981291525932761 137.91600941276774961 
 127.29812915259324768 153.0009540780808095 
 148.63146248592659049 137.91600941276774961 
 137.9647958192599333 153.0009540780808095 
 116.63146248592659049 137.91600941276774961 
  84.6314624859266047 153.0009540780808095 
 105.96479581925991909 137.91600941276777803 
 95.298129152593261892 153.0009540780808095 
 73.964795819259933296 137.91600941276777803 
 41.964795819259947507 153.0009540780808095 
 63.298129152593247682 137.91600941276777803 
 52.631462485926597594 153.0009540780808095 
 31.298129152593265445 137.91600941276777803 
 255.2981291525932761 153.00095407808078107 
 20.631462485926583383 137.91600941276777803 
 9.9647958192599315197 153.0009540780808095 
 244.63146248592659049 168.08589874339378412 
 212.63146248592659049 183.17084340870678716 
 233.96479581925990487 168.08589874339378412 
 223.2981291525932761 183.17084340870678716 
 201.9647958192599333 168.08589874339378412 
 169.96479581925990487 183.17084340870681558 
 191.29812915259324768 168.08589874339378412 
 180.63146248592659049 183.17084340870681558 
 159.2981291525932761 168.08589874339381254 
 127.29812915259324768 183.17084340870681558 
 148.63146248592659049 168.08589874339381254 
 137.9647958192599333 183.17084340870681558 
 116.63146248592659049 168.08589874339381254 
  84.6314624859266047 183.17084340870681558 
 105.96479581925991909 168.08589874339381254 
 95.298129152593261892 183.17084340870681558 
 73.964795819259933296 168.08589874339381254 
 41.964795819259947507 183.17084340870681558 
 63.298129152593247682 168.08589874339381254 
 52.631462485926597594 183.17084340870681558 
 31.298129152593265445 168.08589874339381254 
 255.2981291525932761 183.17084340870678716 
 20.631462485926583383 168.08589874339381254 
 9.9647958192599315197 183.17084340870681558 
 244.63146248592659049 198.25578807401981862 
 212.63146248592659049 213.34073273933279324 
 233.96479581925990487 198.25578807401981862 
 223.2981291525932761 213.34073273933279324 
 201.9647958192599333 198.25578807401981862 
 169.96479581925990487 213.34073273933279324 
 191.29812915259324768 198.25578807401981862 
 180.63146248592659049 213.34073273933279324 
 159.2981291525932761 198.25578807401981862 
 127.29812915259324768 213.34073273933279324 
 148.63146248592659049 198.25578807401981862 
 137.9647958192599333 213.34073273933279324 
 116.63146248592659049 198.25578807401981862 
  84.6314624859266047 213.34073273933279324 
 105.96479581925991909 198.25578807401981862 
 95.298129152593261892 213.34073273933279324 
 73.964795819259933296 198.25578807401981862 
 41.964795819259947507 213.34073273933279324 
 63.298129152593247682 198.25578807401981862 
 52.631462485926597594 213.34073273933279324 
 31.298129152593265445 198.25578807401981862 
 255.2981291525932761 213.34073273933279324 
 20.631462485926583383 198.25578807401981862 
 9.9647958192599315197 213.34073273933282167 
 244.63146248592659049 228.42567740464582471 
 212.63146248592661891 243.51062206995885617 
 233.96479581925990487 228.42567740464585313 
 223.29812915259330452 243.51062206995885617 
 201.9647958192599333 228.42567740464585313 
 169.96479581925990487 243.51062206995885617 
 191.29812915259324768 228.42567740464585313 
 180.63146248592659049 243.51062206995885617 
 159.2981291525932761 228.42567740464585313 
 127.29812915259324768 243.51062206995885617 
 148.63146248592659049 228.42567740464585313 
 137.9647958192599333 243.51062206995885617 
 116.63146248592659049 228.42567740464585313 
  84.6314624859266047 243.51062206995885617 
 105.96479581925991909 228.42567740464585313 
 95.298129152593261892 243.51062206995885617 
 73.964795819259933296 228.42567740464585313 
 41.964795819259961718 243.51062206995885617 
 63.298129152593247682 228.42567740464585313 
 52.631462485926611805 243.51062206995885617 
 31.298129152593265445 228.42567740464585313 
 255.2981291525932761 243.51062206995882775 
 20.631462485926583383 228.42567740464585313 
 9.9647958192599457306 243.51062206995885617 
