 24.85333364889507024 41.561700788951327468 
 47.480750646864585462 25.561700788951338126 
 47.480750646864585462 41.561700788951327468 
 24.85333364889507024 25.561700788951338126 
 24.85333364889507024 73.561700788951341679 
 47.480750646864585462 57.561700788951334573 
 47.480750646864585462 73.561700788951341679 
 24.85333364889507024 57.561700788951334573 
 24.85333364889507024 105.56170078895134168 
 47.480750646864585462 89.561700788951327468 
 47.480750646864585462 105.56170078895134168 
 24.85333364889507024 89.561700788951327468 
 24.85333364889507024 137.56170078895135589 
 47.480750646864585462 121.56170078895134168 
 47.480750646864585462 137.56170078895135589 
 24.85333364889507024 121.56170078895134168 
 24.85333364889507024 169.56170078895132747 
 47.480750646864585462 153.56170078895132747 
 47.480750646864585462 169.56170078895132747 
 24.85333364889507024 153.56170078895132747 
 24.85333364889507024 201.56170078895132747 
 47.480750646864585462 185.56170078895132747 
 47.480750646864585462 201.56170078895132747 
 24.85333364889507024 185.56170078895132747 
 24.85333364889507024 233.56170078895135589 
 47.480750646864585462 217.56170078895135589 
 47.480750646864585462 233.56170078895135589 
 24.85333364889507024 217.56170078895135589 
 24.85333364889507024 9.5617007889513310204 
 47.480750646864585462 249.56170078895132747 
 47.480750646864585462 9.5617007889513310204 
 24.85333364889507024 249.56170078895132747 
 70.108167644834111343 41.561700788951327468 
 92.735584642803630118 25.561700788951338126 
 92.735584642803630118 41.561700788951327468 
 70.108167644834111343 25.561700788951338126 
 70.108167644834111343 73.561700788951341679 
 92.735584642803630118 57.561700788951334573 
 92.735584642803630118 73.561700788951341679 
 70.108167644834111343 57.561700788951334573 
 70.108167644834111343 105.56170078895134168 
 92.735584642803630118 89.561700788951327468 
 92.735584642803630118 105.56170078895134168 
 70.108167644834111343 89.561700788951327468 
 70.108167644834111343 137.56170078895135589 
 92.735584642803630118 121.56170078895134168 
 92.735584642803630118 137.56170078895135589 
 70.108167644834111343 121.56170078895134168 
 70.108167644834111343 169.56170078895132747 
 92.735584642803630118 153.56170078895132747 
 92.735584642803630118 169.56170078895132747 
 70.108167644834111343 153.56170078895132747 
 70.108167644834111343 201.56170078895132747 
 92.735584642803630118 185.56170078895132747 
 92.735584642803630118 201.56170078895132747 
 70.108167644834111343 185.56170078895132747 
 70.108167644834111343 233.56170078895135589 
 92.735584642803630118 217.56170078895135589 
 92.735584642803630118 233.56170078895135589 
 70.108167644834111343 217.56170078895135589 
 70.108167644834111343 9.5617007889513310204 
 92.735584642803630118 249.56170078895132747 
 92.735584642803630118 9.5617007889513310204 
 70.108167644834111343 249.56170078895132747 
 115.3630016407731631 41.561700788951327468 
 137.9904186387427103 25.561700788951338126 
 137.9904186387427103 41.561700788951327468 
 115.3630016407731631 25.561700788951338126 
 115.3630016407731631 73.561700788951341679 
 137.9904186387427103 57.561700788951334573 
 137.9904186387427103 73.561700788951341679 
 115.3630016407731631 57.561700788951334573 
 115.3630016407731631 105.56170078895134168 
 137.9904186387427103 89.561700788951327468 
 137.9904186387427103 105.56170078895134168 
 115.3630016407731631 89.561700788951327468 
 115.3630016407731631 137.56170078895135589 
 137.9904186387427103 121.56170078895134168 
 137.9904186387427103 137.56170078895135589 
 115.3630016407731631 121.56170078895134168 
 115.3630016407731631 169.56170078895132747 
 137.9904186387427103 153.56170078895132747 
 137.9904186387427103 169.56170078895132747 
 115.3630016407731631 153.56170078895132747 
 115.3630016407731631 201.56170078895132747 
 137.9904186387427103 185.56170078895132747 
 137.9904186387427103 201.56170078895132747 
 115.3630016407731631 185.56170078895132747 
 115.3630016407731631 233.56170078895135589 
 137.9904186387427103 217.56170078895135589 
 137.9904186387427103 233.56170078895135589 
 115.3630016407731631 217.56170078895135589 
 115.3630016407731631 9.5617007889513310204 
 137.9904186387427103 249.56170078895132747 
 137.9904186387427103 9.5617007889513310204 
 115.3630016407731631 249.56170078895132747 
 160.61783563671221486 41.561700788951327468 
 183.24525263468171943 25.561700788951338126 
 183.24525263468171943 41.561700788951327468 
 160.61783563671221486 25.561700788951338126 
 160.61783563671221486 73.561700788951341679 
 183.24525263468171943 57.561700788951334573 
 183.24525263468171943 73.561700788951341679 
 160.61783563671221486 57.561700788951334573 
 160.61783563671221486 105.56170078895134168 
 183.24525263468171943 89.561700788951327468 
 183.24525263468171943 105.56170078895134168 
 160.61783563671221486 89.561700788951327468 
 160.61783563671221486 137.56170078895135589 
 183.24525263468171943 121.56170078895134168 
 183.24525263468171943 137.56170078895135589 
 160.61783563671221486 121.56170078895134168 
 160.61783563671221486 169.56170078895132747 
 183.24525263468171943 153.56170078895132747 
 183.24525263468171943 169.56170078895132747 
 160.61783563671221486 153.56170078895132747 
 160.61783563671221486 201.56170078895132747 
 183.24525263468171943 185.56170078895132747 
 183.24525263468171943 201.56170078895132747 
 160.61783563671221486 185.56170078895132747 
 160.61783563671221486 233.56170078895135589 
 183.24525263468171943 217.56170078895135589 
 183.24525263468171943 233.56170078895135589 
 160.61783563671221486 217.56170078895135589 
 160.61783563671221486 9.5617007889513310204 
 183.24525263468171943 249.56170078895132747 
 183.24525263468171943 9.5617007889513310204 
 160.61783563671221486 249.56170078895132747 
 205.87266963265128084 41.561700788951327468 
 228.5000866306207854 25.561700788951338126 
 228.5000866306207854 41.561700788951327468 
 205.87266963265128084 25.561700788951338126 
 205.87266963265128084 73.561700788951341679 
 228.5000866306207854 57.561700788951334573 
 228.5000866306207854 73.561700788951341679 
 205.87266963265128084 57.561700788951334573 
 205.87266963265128084 105.56170078895134168 
 228.5000866306207854 89.561700788951327468 
 228.5000866306207854 105.56170078895134168 
 205.87266963265128084 89.561700788951327468 
 205.87266963265128084 137.56170078895135589 
 228.5000866306207854 121.56170078895134168 
 228.5000866306207854 137.56170078895135589 
 205.87266963265128084 121.56170078895134168 
 205.87266963265128084 169.56170078895132747 
 228.5000866306207854 153.56170078895132747 
 228.5000866306207854 169.56170078895132747 
 205.87266963265128084 153.56170078895132747 
 205.87266963265128084 201.56170078895132747 
 228.5000866306207854 185.56170078895132747 
 228.5000866306207854 201.56170078895132747 
 205.87266963265128084 185.56170078895132747 
 205.87266963265128084 233.56170078895135589 
 228.5000866306207854 217.56170078895135589 
 228.5000866306207854 233.56170078895135589 
 205.87266963265128084 217.56170078895135589 
 205.87266963265128084 9.5617007889513310204 
 228.5000866306207854 249.56170078895132747 
 228.5000866306207854 9.5617007889513310204 
 205.87266963265128084 249.56170078895132747 
