 109.77775969261328726 16.106282631694099905 
 137.3736776348787032 13.563584670127836418 
 129.37367763487873162 27.419991130678848634 
 117.77775969261327305 2.2498761711430859123 
 93.777759692613287257 43.819095552796134996 
 121.37367763487871741 41.276397591229873285 
 113.37367763487871741 55.132804051780901489 
 101.77775969261328726 29.962689092245110345 
 77.777759692613273046 71.531908473898170087 
 105.37367763487873162 68.989210512331908376 
 97.373677634878731624 82.845616972882936579 
 85.777759692613287257 57.675502013347148988 
 61.777759692613287257 99.244721395000212283 
 89.373677634878717413 96.702023433433950572 
 81.373677634878717413 110.55842989398497878 
 69.777759692613273046 85.38831493444919829 
 45.777759692613294362 126.95753431610224027 
 73.373677634878717413 124.41483635453600698 
 65.373677634878731624 138.27124281508702097 
 53.777759692613287257 113.10112785555124049 
 29.77775969261329081 154.67034723720428246 
 57.373677634878724518 152.12764927563802075 
 49.373677634878724518 165.98405573618907738 
 37.777759692613294362 140.81394077665328268 
 13.77775969261328548 182.38316015830633887 
 41.373677634878717413 179.84046219674007716 
 33.373677634878717413 193.69686865729110536 
 21.777759692613287257 168.52675369775531067 
 25.373677634878742282 207.55327511784210515 
 5.7777596926132970268 196.23956661885733865 
 148.96959557714416178 38.733699629663611574 
 176.56551351940953509 36.191001668097356969 
 168.56551351940956351 50.047408128648363856 
 156.96959557714416178 24.877293169112601134 
 132.96959557714416178 66.446512550765660876 
 160.56551351940956351 63.903814589199384955 
 152.56551351940956351 77.760221049750413158 
 140.96959557714416178 52.590106090214639778 
 116.96959557714416178 94.159325471867688861 
 144.56551351940956351 91.616627510301427151 
 136.56551351940956351 105.47303397085244114 
 124.96959557714416178 80.302919011316674869 
 100.96959557714414757 121.87213839296974527 
 128.56551351940956351 119.32944043140346935 
 120.5655135194095493 133.18584689195449755 
 108.96959557714414757 108.01573193241871707 
 84.96959557714416178 149.58495131407175904 
 112.5655135194095493 147.04225335250549733 
 104.56551351940957773 160.89865981305652554 
 92.969595577144147569 135.72854485352075926 
 68.96959557714416178 177.29776423517381545 
 96.565513519409577725 174.75506627360752532 
 88.565513519409577725 188.61147273415858194 
 76.96959557714416178 163.44135777462278725 
 52.96959557714416178 205.01057715627587186 
 80.565513519409563514 202.46787919470958172 
 72.565513519409563514 216.32428565526060993 
 60.969595577144168885 191.15417069572484365 
 164.96959557714416178 11.020886708561576484 
 64.565513519409577725 230.18069211581160971 
 184.56551351940953509 22.334595207546325213 
 44.96959557714416178 218.86698361682687164 
 188.16143146167499367 61.361116627633130349 
 215.75734940394045225 58.818418666066882849 
 207.75734940394042383 72.674825126617889737 
 196.16143146167499367 47.504710167082116357 
 172.16143146167502209 89.07392954873516544 
 199.75734940394042383 86.531231587168903729 
 191.75734940394042383 100.38763804771993193 
 180.16143146167499367 75.217523088184151447 
 156.16143146167499367 116.78674246983720764 
 183.75734940394042383 114.24404450827094593 
 175.75734940394042383 128.10045096882197413 
 164.16143146167502209 102.93033600928617943 
 140.16143146167499367 144.49955539093923562 
 167.75734940394042383 141.95685742937297391 
 159.75734940394042383 155.81326388992403054 
 148.16143146167499367 130.64314893038823584 
 124.16143146167500788 172.21236831204126361 
 151.75734940394042383 169.66967035047503032 
 143.75734940394045225 183.52607681102605852 
 132.16143146167499367 158.35596185149029225 
 108.16143146167500788 199.92518123314332001 
 135.75734940394045225 197.3824832715770583 
 127.75734940394043804 211.23888973212808651 
 116.16143146167500788 186.06877477259232023 
 92.16143146167499367 227.63799415424537642 
 119.75734940394043804 225.09529619267911471 
 111.75734940394043804 238.95170265323017134 
 100.16143146167500788 213.78158769369437664 
 204.16143146167499367 33.648303706531095258 
 103.75734940394045225 252.8081091137811427 
 223.75734940394045225 44.962012205515854646 
 84.161431461675007881 241.4944006147963762 
 227.35326734620585398 83.988533625602642019 
 254.94918528847128414 81.445835664036380308 
 246.94918528847128414 95.302242124587394301 
 235.35326734620585398 70.132127165051642237 
 211.35326734620585398 111.70134654670468422 
 238.94918528847125572 109.1586485851384225 
 230.94918528847125572 123.01505504568945071 
 219.35326734620585398 97.844940086153656011 
 195.35326734620585398 139.4141594678067122 
 222.94918528847125572 136.87146150624045049 
 214.94918528847125572 150.72786796679147869 
 203.35326734620585398 125.55775300725569821 
 179.35326734620582556 167.12697238890876861 
 206.94918528847125572 164.5842744273425069 
 198.94918528847128414 178.4406808878935351 
 187.35326734620585398 153.2705659283577404 
 163.35326734620585398 194.83978531001079659 
 190.94918528847128414 192.29708734844453488 
 182.94918528847131256 206.15349380899556309 
 171.35326734620582556 180.98337884945979681 
 147.35326734620585398  222.552598231112853 
 174.94918528847131256 220.00990026954656287 
 166.94918528847131256 233.86630673009761949 
 155.35326734620585398 208.6961917705618248 
 131.35326734620585398 250.26541115221488099 
 158.94918528847131256 247.7227131906486477 
 139.35326734620585398 236.4090046916638812 
 243.35326734620585398 56.275720704500606928 
 90.18184175034784289 4.7925741327093174249 
 250.54510323073671429 134.32876354467418878 
 82.18184175034784289 18.648980593260343852 
 74.181841750347857101 32.505387053811375608 
 234.54510323073671429 162.04157646577624519 
 66.18184175034784289 46.361793514362382496 
 58.18184175034784289 60.218199974913410699 
 242.54510323073671429 148.18517000522521698 
 218.54510323073674272 189.75438938687830159 
 50.18184175034784289 74.074606435464417586 
 42.181841750347857101 87.931012896015460001 
 226.54510323073671429 175.89798292632727339 
 202.54510323073671429 217.46720230798032958 
 34.181841750347849995 101.78741935656647399 
 26.181841750347864206 115.64382581711748799 
 210.54510323073674272 203.6107958474293298 
 186.54510323073671429 245.18001522908235756 
 18.181841750347860653 129.50023227766848777 
 10.181841750347858877 143.35663873821951597 
 194.54510323073671429 231.32360876853135778 
 2.1818417503478553243 157.21304519877054418 
