 57.731991279564262243 160.67236731909127911 
 96.758512699651035405 157.07644937682584896 
 85.444804200666283123 176.67236731909127911 
 77.245251989607666587 158.87440834795856404 
 65.931543490622900094 178.47032629022399419 
 74.131095701681530841 196.26828526135668085 
 116.27177340969443264 155.2784904056931623 
 104.95806491070968036 174.87440834795856404 
 124.47132562075309181 173.07644937682584896 
 113.15761712176832532 192.67236731909127911 
 93.644356411724913869 194.47032629022402261 
 101.84390862278357304 212.26828526135670927 
 82.330647912740175798 214.06624423248942435 
 132.67087783181173677 190.87440834795853561 
 121.35716933282697028 210.47032629022402261 
 140.87043004287039594 208.67236731909127911 
 41.332886857446979434 125.07644937682583475 
 80.359408277533773912 121.4805314345604188 
 69.045699778549035841 141.07644937682584896 
 60.846147567490383778 123.27849040569311967 
 49.532439068505624391 142.87440834795853561 
 119.38592969762056839 117.88461349229497444 
 108.0722211986358019 137.4805314345604188 
 99.872668987577185362 119.68257246342770372 
 88.55896048859243308 139.27849040569313388 
 138.89919040766397984 116.08665452116225936 
 127.58548190867919914 135.68257246342770372 
 147.09874261872263901 133.88461349229498865 
 135.78503411973787252 153.4805314345604188 
 155.29829482978126975 151.68257246342770372 
 143.98458633079650326 171.27849040569310546 
 163.4978470408399005 169.4805314345604188 
 152.18413854185516243 189.07644937682582054 
 171.69739925189850283 187.27849040569313388 
 160.38369075291376475 206.87440834795853561 
 179.89695146295719042 205.07644937682582054 
 63.960303855416491103 85.884613492295002857 
 52.646595356431738821 105.48053143456040459 
 44.44704314537310097 87.682572463427717935 
 33.133334646388341582 107.27849040569314809 
 102.98682527550329269 82.288695550029572701 
 91.673116776518540405 101.88461349229498865 
 83.473564565459895448 84.086654521162273568 
 72.159856066475128955 103.68257246342770372 
 142.01334669559008717 78.692777607764128334 
 130.69963819660532067 98.288695550029544279 
 122.50008598554668993 80.490736578896871833 
 111.18637748656193764 100.08665452116228778 
 150.21289890664871791 96.490736578896843412 
 169.72615961669211515 94.692777607764142545 
 158.41245111770737708 114.28869555002955849 
 177.92571182775077432 112.49073657889687183 
 166.61200332876603625 132.08665452116227357 
 186.12526403880943349 130.28869555002958691 
 174.81155553982466699 149.88461349229501707 
 194.32481624986806423 148.08665452116227357 
 183.01110775088329774 167.68257246342770372 
 202.52436846092669498 165.88461349229498865 
 191.21065996194192849 185.48053143456039038 
 210.7239206719852973 183.68257246342770372 
 199.41021217300053081 203.27849040569313388 
 75.27401235440123628 66.288695550029586911 
 55.760751644357860357 68.08665452116230199 
 114.30053377448805918 62.69277760776414965 
 94.78727306444464773 64.490736578896857623 
 133.81379448453145642 60.894818636631441677 
 153.32705519457485366 59.096859665498719494 
 161.5266074056334844 76.894818636631427466 
 181.03986811567688164 75.096859665498712388 
 189.23942032673551239 92.894818636631427466 
 197.43897253779419998 110.69277760776414254 
 205.6385247488528023 128.49073657889687183 
 213.83807695991146147 146.28869555002958691 
 222.03762917097009222 164.08665452116227357 
 172.8403159046182509 57.298900694365983099 
