 106.19061625399966431 97.698220373598971378 
 149.90342917510170651 109.41103329470099936 
 136.0470227145506783 117.41103329470099936 
 128.0470227145506783 103.55462683414998537 
 114.1906162539996501 111.55462683414998537 
 122.1906162539996501 125.41103329470099936 
 108.33420979344862189 133.41103329470101357 
 100.33420979344862189 119.55462683414999958 
 94.477803332897593691 141.41103329470101357 
 171.75983563565267787 115.26743975525201336 
 157.90342917510167808 123.26743975525201336 
 165.90342917510170651 137.12384621580301314 
 152.0470227145506783 145.12384621580301314 
 144.04702271455064988 131.26743975525201336 
 130.1906162539996501 139.26743975525201336 
 138.1906162539996501 153.12384621580304156 
 124.33420979344863611 161.12384621580304156 
 116.33420979344862189 147.26743975525201336 
 102.4778033328976079 155.26743975525201336 
 110.4778033328976079 169.12384621580304156 
 88.621396872346579698 163.26743975525201336 
 160.0470227145506783 158.98025267635406976 
 146.1906162539996501 166.98025267635406976 
 154.1906162539996501 180.83665913690506954 
 132.33420979344862189 174.98025267635406976 
 90.190616253999635887 69.985407452496929182 
 133.90342917510167808 81.698220373598971378 
 120.0470227145506783 89.698220373598971378 
 112.04702271455066409 75.841813913047957385 
 98.190616253999635887 83.841813913047957385 
 92.334209793448636105 105.69822037359898559 
 84.334209793448607684 91.841813913047971596 
 78.477803332897607902 113.69822037359898559 
 177.61624209620370607 93.411033294700985152 
 163.75983563565270629 101.41103329470099936 
 155.75983563565270629 87.554626834149999581 
 141.90342917510167808 95.55462683414998537 
 86.477803332897607902 127.55462683414999958 
 80.621396872346565488 149.41103329470101357 
 72.621396872346579698 135.55462683415001379 
 66.764990411795579917 157.41103329470101357 
 199.47264855675473427 99.267439755251999145 
 185.61624209620373449 107.26743975525199915 
 193.61624209620373449 121.12384621580302735 
 179.75983563565270629 129.12384621580304156 
 96.621396872346579698 177.12384621580306998 
 74.764990411795579917 171.26743975525204178 
 82.764990411795579917 185.12384621580304156 
 60.908583951244551713 179.26743975525204178 
 187.75983563565267787 142.98025267635406976 
 173.90342917510167808 150.98025267635406976 
 181.90342917510170651 164.83665913690506954 
 168.04702271455070672 172.83665913690506954 
 140.33420979344865032 188.83665913690509797 
 118.4778033328976079 182.98025267635406976 
 126.4778033328976079 196.83665913690509797 
 104.6213968723465797 190.98025267635406976 
 176.0470227145506783 186.69306559745609775 
 162.1906162539996501 194.69306559745606933 
 170.1906162539996501 208.54947205800709753 
 148.33420979344865032 202.69306559745609775 
 117.90342917510167808 53.985407452496914971 
 104.04702271455066409 61.985407452496922076 
 96.047022714550664091 48.129000991945922294 
 82.190616253999650098 56.129000991945922294 
 76.334209793448607684 77.985407452496929182 
 68.334209793448621895  64.1290009919459294 
 62.477803332897586586 85.985407452496929182 
 161.61624209620370607 65.698220373598971378 
 147.75983563565270629 73.698220373598985589 
 139.75983563565270629 59.84181391304795028 
 125.90342917510167808 67.841813913047957385 
 70.477803332897607902 99.841813913047971596 
 64.621396872346579698 121.69822037359898559 
 56.621396872346572593 107.8418139130479716 
 50.764990411795579917 129.69822037359898559 
 205.32905501730573405 77.411033294700999363 
 191.47264855675473427 85.411033294700985152 
 183.47264855675476269 71.55462683414997116 
 169.61624209620370607 79.55462683414997116 
 58.764990411795579917 143.55462683415001379 
 52.908583951244544608 165.41103329470101357 
 44.908583951244558818 151.55462683415001379 
 39.052177490693544826 173.41103329470101357 
 213.32905501730573405 91.267439755252013356 
 221.32905501730576248 105.12384621580304156 
 207.47264855675473427 113.12384621580302735 
 68.908583951244551713 193.12384621580304156 
 47.052177490693551931 187.26743975525204178 
 55.052177490693551931 201.12384621580304156 
 215.47264855675473427 126.98025267635405555 
 201.61624209620373449 134.98025267635404134 
 209.61624209620373449 148.83665913690506954 
 195.75983563565270629 156.83665913690506954 
 112.6213968723465797 204.83665913690509797 
 90.764990411795579917 198.98025267635404134 
 98.764990411795594127 212.83665913690509797 
 76.908583951244551713 206.98025267635409818 
 203.75983563565270629 170.69306559745609775 
 189.90342917510167808 178.69306559745606933 
 197.90342917510167808 192.54947205800709753 
 184.0470227145506783 200.54947205800709753 
 156.33420979344862189 216.54947205800712595 
 134.47780333289759369 210.69306559745606933 
 142.47780333289759369 224.54947205800712595 
 120.62139687234659391 218.69306559745609775 
 192.0470227145506783 214.40587851855812573 
 178.1906162539996501 222.40587851855809731 
 164.33420979344862189 230.40587851855812573 
 131.75983563565267787 45.985407452496929182 
 109.90342917510167808 40.129000991945915189 
 54.477803332897593691  72.1290009919459294 
 48.621396872346558382 93.985407452496929182 
 175.47264855675473427 57.698220373598957167 
 153.61624209620370607 51.84181391304795028 
 42.764990411795572811 115.84181391304795739 
 36.908583951244551713 137.69822037359898559 
 197.32905501730576248 63.55462683414998537 
 31.052177490693559037 159.55462683415001379 
 229.32905501730576248 118.98025267635404134 
 223.47264855675473427 140.83665913690506954 
 84.908583951244565924 220.83665913690509797 
 63.052177490693559037 214.98025267635406976 
 217.61624209620370607 162.69306559745606933 
 211.75983563565270629 184.54947205800709753 
 128.62139687234659391 232.54947205800712595 
 106.76499041179557992 226.69306559745606933 
 205.90342917510167808 206.40587851855809731 
 150.47780333289762211 238.40587851855809731 
