 128.30658570648438399 54.267938731950536635 
 160.30658570648435557 86.267938731950550846 
 144.30658570648438399 86.267938731950550846 
 144.30658570648438399 70.267938731950550846 
 128.30658570648438399 70.267938731950550846 
 128.30658570648438399 86.267938731950550846 
 112.30658570648436978 86.267938731950550846 
 112.30658570648436978 70.267938731950550846 
 96.306585706484355569 86.267938731950550846 
 192.30658570648438399 118.26793873195053663 
 176.30658570648435557 118.26793873195053663 
 176.30658570648435557 102.26793873195055085 
 160.30658570648435557 102.26793873195055085 
 160.30658570648435557 118.26793873195053663 
 144.30658570648438399 118.26793873195053663 
 144.30658570648438399 102.26793873195055085 
 128.30658570648438399 102.26793873195055085 
 128.30658570648438399 118.26793873195053663 
 112.30658570648436978 118.26793873195053663 
 112.30658570648436978 102.26793873195055085 
 96.306585706484355569 102.26793873195055085 
 96.306585706484355569 118.26793873195053663 
 80.306585706484355569 118.26793873195053663 
 80.306585706484355569 102.26793873195055085 
 64.306585706484383991 118.26793873195053663 
 208.30658570648438399 134.26793873195055085 
 192.30658570648438399 134.26793873195055085 
 192.30658570648438399 150.26793873195057927 
 176.30658570648435557 150.26793873195057927 
 176.30658570648435557 134.26793873195055085 
 160.30658570648435557 134.26793873195055085 
 160.30658570648435557 150.26793873195057927 
 144.30658570648438399 150.26793873195057927 
 144.30658570648438399 134.26793873195055085 
 128.30658570648438399 134.26793873195055085 
 128.30658570648438399 150.26793873195057927 
 112.30658570648436978 150.26793873195057927 
 112.30658570648436978 134.26793873195055085 
 96.306585706484355569 134.26793873195055085 
 96.306585706484355569 150.26793873195057927 
 80.306585706484355569 150.26793873195057927 
 80.306585706484355569 134.26793873195055085 
 64.306585706484383991 134.26793873195055085 
 64.306585706484383991 150.26793873195057927 
 48.30658570648436978 134.26793873195055085 
 176.30658570648435557 166.26793873195057927 
 160.30658570648438399 166.26793873195057927 
 160.30658570648438399 182.26793873195057927 
 144.30658570648438399 182.26793873195057927 
 144.30658570648438399 166.26793873195057927 
 128.30658570648438399 166.26793873195057927 
 128.30658570648438399 182.26793873195057927 
 112.30658570648436978 182.26793873195057927 
 112.30658570648436978 166.26793873195057927 
 96.306585706484355569 166.26793873195057927 
 96.306585706484355569 182.26793873195057927 
 80.306585706484355569 166.26793873195057927 
 144.30658570648438399 198.26793873195055085 
 128.30658570648438399 198.26793873195055085 
 128.30658570648438399 214.26793873195057927 
 112.30658570648436978 198.26793873195055085 
 160.30658570648435557 54.267938731950536635 
 144.30658570648438399 54.267938731950536635 
 144.30658570648438399 38.26793873195054374 
 128.30658570648438399 38.26793873195054374 
 112.30658570648436978 54.267938731950536635 
 112.30658570648436978 38.26793873195054374 
 96.306585706484355569 54.267938731950536635 
 192.30658570648438399 86.267938731950536635 
 176.30658570648435557 86.267938731950550846 
 176.30658570648435557 70.267938731950550846 
 160.30658570648435557 70.267938731950550846 
 96.306585706484355569 70.267938731950550846 
 80.306585706484355569 86.267938731950550846 
 80.306585706484355569 70.267938731950550846 
 64.306585706484383991 86.267938731950565057 
 224.30658570648438399 118.26793873195053663 
 208.30658570648438399 118.26793873195053663 
 208.30658570648438399 102.26793873195055085 
 192.30658570648438399 102.26793873195055085 
 64.306585706484383991 102.26793873195055085 
 48.30658570648436978 118.26793873195053663 
 48.30658570648436978 102.26793873195055085 
 32.306585706484383991 118.26793873195053663 
 224.30658570648438399 134.26793873195055085 
 224.30658570648438399 150.26793873195057927 
 208.30658570648438399 150.26793873195057927 
 48.30658570648436978 150.26793873195057927 
 32.306585706484383991 134.26793873195055085 
 32.306585706484383991 150.26793873195057927 
 208.30658570648438399 166.26793873195057927 
 192.30658570648438399 166.26793873195057927 
 192.30658570648438399 182.26793873195057927 
 176.30658570648435557 182.26793873195057927 
 80.306585706484355569 182.26793873195057927 
 64.306585706484383991 166.26793873195057927 
 64.306585706484383991 182.26793873195057927 
 48.30658570648436978 166.26793873195057927 
 176.30658570648435557 198.26793873195055085 
 160.30658570648438399 198.26793873195055085 
 160.30658570648438399 214.26793873195057927 
 144.30658570648438399 214.26793873195057927 
 112.30658570648436978 214.26793873195057927 
 96.306585706484355569 198.26793873195055085 
 96.306585706484355569 214.26793873195057927 
 80.306585706484355569 198.26793873195055085 
 144.30658570648438399 230.26793873195055085 
 128.30658570648438399 230.26793873195055085 
 112.30658570648436978 230.26793873195055085 
 192.30658570648438399 54.267938731950536635 
 176.30658570648435557 54.267938731950536635 
 176.30658570648435557 38.26793873195054374 
 160.30658570648435557 38.26793873195054374 
 96.306585706484355569 38.26793873195054374 
 80.306585706484355569 54.267938731950536635 
 80.306585706484355569 38.26793873195054374 
 64.30658570648436978 54.267938731950536635 
 224.30658570648438399 86.267938731950536635 
 208.30658570648438399 86.267938731950536635 
 208.30658570648438399 70.267938731950536635 
 192.30658570648438399 70.267938731950536635 
 64.306585706484383991 70.267938731950565057 
 48.30658570648436978 86.267938731950565057 
 48.30658570648436978 70.267938731950565057 
 32.306585706484383991 86.267938731950565057 
 224.30658570648438399 102.26793873195055085 
 32.306585706484383991 102.26793873195055085 
 224.30658570648438399 166.26793873195057927 
 224.30658570648438399 182.26793873195057927 
 208.30658570648438399 182.26793873195057927 
 48.30658570648436978 182.26793873195057927 
 32.306585706484383991 166.26793873195057927 
 32.306585706484383991 182.26793873195057927 
 208.30658570648438399 198.26793873195055085 
 192.30658570648438399 198.26793873195055085 
 192.30658570648438399 214.26793873195057927 
 176.30658570648435557 214.26793873195057927 
 80.306585706484355569 214.26793873195057927 
 64.306585706484383991 198.26793873195055085 
 64.306585706484383991 214.26793873195057927 
 48.30658570648436978 198.26793873195055085 
 176.30658570648435557 230.26793873195055085 
 160.30658570648438399 230.26793873195055085 
 96.306585706484355569 230.26793873195055085 
 80.306585706484355569 230.26793873195055085 
 208.30658570648438399 54.267938731950536635 
 192.30658570648438399 38.26793873195054374 
 64.30658570648436978 38.26793873195054374 
 48.30658570648436978 54.267938731950536635 
 224.30658570648438399 70.267938731950536635 
 32.306585706484383991 70.267938731950565057 
 224.30658570648438399 198.26793873195055085 
 208.30658570648438399 214.26793873195057927 
 48.30658570648436978 214.26793873195057927 
 32.306585706484383991 198.26793873195055085 
 192.30658570648438399 230.26793873195055085 
 64.306585706484383991 230.26793873195055085 
