 37.834363580827741202 50.59732914633050882 
 37.834363580827741202 73.753776601216017639 
 69.834363580827726992 50.59732914633050882 
 69.834363580827726992 73.753776601216017639 
 53.834363580827734097 30.25207441246810447 
 85.834363580827726992 47.786136425307404352 
 85.834363580827726992 70.942583880192913171 
 53.834363580827734097 53.408521867353606183 
 37.834363580827741202 96.910224056101512247 
 37.834363580827741202 120.06667151098702107 
 69.834363580827726992 96.910224056101512247 
 69.834363580827726992 120.06667151098702107 
 53.834363580827734097 76.564969322239107896 
 85.834363580827726992 94.099031335078421989 
 85.834363580827726992 117.25547878996393081 
 53.834363580827734097 99.721416777124630926 
 37.834363580827741202 143.22311896587254409 
 37.834363580827741202 166.3795664207580387 
 69.834363580827726992 143.22311896587254409 
 69.834363580827726992 166.3795664207580387 
 53.834363580827734097 122.87786423201012553 
 85.834363580827726992 140.41192624484943963 
 85.834363580827726992 163.56837369973493423 
 53.834363580827734097 146.03431168689562014 
 37.834363580827741202 189.53601387564353331 
 37.834363580827741202 212.69246133052905634 
 69.834363580827726992 189.53601387564353331 
 69.834363580827726992 212.69246133052905634 
 53.834363580827734097 169.19075914178114317 
 85.834363580827726992 186.72482115462042884 
 85.834363580827726992 209.88126860950595187 
 53.834363580827734097 192.34720659666663778 
 37.834363580827741202 235.84890878541457937 
 37.834363580827741202 27.440881691444989343 
 69.834363580827726992 235.84890878541457937 
 69.834363580827726992 27.440881691444989343 
 53.834363580827734097 215.50365405155218923 
 85.834363580827726992 233.0377160643914749 
 85.834363580827726992 24.629688970421877769 
 53.834363580827734097 238.66010150643765542 
 101.8343635808277412 50.59732914633050882 
 101.8343635808277412 73.753776601216017639 
 133.83436358082772699 50.59732914633050882 
 133.83436358082772699 73.753776601216017639 
 117.8343635808277412 30.25207441246810447 
 149.83436358082772699 47.786136425307404352 
 149.83436358082772699 70.942583880192913171 
 117.8343635808277412 53.408521867353606183 
 101.8343635808277412 96.910224056101512247 
 101.8343635808277412 120.06667151098702107 
 133.83436358082772699 96.910224056101512247 
 133.83436358082772699 120.06667151098702107 
 117.8343635808277412 76.564969322239107896 
 149.83436358082772699 94.099031335078421989 
 149.83436358082772699 117.25547878996393081 
 117.8343635808277412 99.721416777124630926 
 101.8343635808277412 143.22311896587254409 
 101.8343635808277412 166.3795664207580387 
 133.83436358082772699 143.22311896587254409 
 133.83436358082772699 166.3795664207580387 
 117.8343635808277412 122.87786423201012553 
 149.83436358082772699 140.41192624484943963 
 149.83436358082772699 163.56837369973493423 
 117.8343635808277412 146.03431168689562014 
 101.8343635808277412 189.53601387564353331 
 101.8343635808277412 212.69246133052905634 
 133.83436358082772699 189.53601387564353331 
 133.83436358082772699 212.69246133052905634 
 117.8343635808277412 169.19075914178114317 
 149.83436358082772699 186.72482115462042884 
 149.83436358082772699 209.88126860950595187 
 117.8343635808277412 192.34720659666663778 
 101.8343635808277412 235.84890878541457937 
 101.8343635808277412 27.440881691444989343 
 133.83436358082772699 235.84890878541457937 
 133.83436358082772699 27.440881691444989343 
 117.8343635808277412 215.50365405155218923 
 149.83436358082772699 233.0377160643914749 
 149.83436358082772699 24.629688970421877769 
 117.8343635808277412 238.66010150643765542 
 165.83436358082772699 50.59732914633050882 
 165.83436358082772699 73.753776601216017639 
 197.83436358082775541 50.59732914633050882 
 197.83436358082775541 73.753776601216017639 
 181.83436358082775541 30.25207441246810447 
 213.83436358082772699 47.786136425307404352 
 213.83436358082772699 70.942583880192913171 
 181.83436358082775541 53.408521867353606183 
 165.83436358082772699 96.910224056101512247 
 165.83436358082772699 120.06667151098702107 
 197.83436358082775541 96.910224056101512247 
 197.83436358082775541 120.06667151098702107 
 181.83436358082775541 76.564969322239107896 
 213.83436358082772699 94.099031335078421989 
 213.83436358082772699 117.25547878996393081 
 181.83436358082775541 99.721416777124630926 
 165.83436358082772699 143.22311896587254409 
 165.83436358082772699 166.3795664207580387 
 197.83436358082775541 143.22311896587254409 
 197.83436358082775541 166.3795664207580387 
 181.83436358082775541 122.87786423201012553 
 213.83436358082772699 140.41192624484943963 
 213.83436358082772699 163.56837369973493423 
 181.83436358082775541 146.03431168689562014 
 165.83436358082772699 189.53601387564353331 
 165.83436358082772699 212.69246133052905634 
 197.83436358082775541 189.53601387564353331 
 197.83436358082775541 212.69246133052905634 
 181.83436358082775541 169.19075914178114317 
 213.83436358082772699 186.72482115462042884 
 213.83436358082772699 209.88126860950595187 
 181.83436358082775541 192.34720659666663778 
 165.83436358082772699 235.84890878541457937 
 165.83436358082772699 27.440881691444989343 
 197.83436358082775541 235.84890878541457937 
 197.83436358082775541 27.440881691444989343 
 181.83436358082775541 215.50365405155218923 
 213.83436358082772699 233.0377160643914749 
 213.83436358082772699 24.629688970421877769 
 181.83436358082775541 238.66010150643765542 
 229.83436358082772699 50.59732914633050882 
 229.83436358082772699 73.753776601216017639 
 5.8343635808276950172 50.59732914633050882 
 5.8343635808276950172 73.753776601216017639 
 245.83436358082775541 30.25207441246810447 
 21.834363580827730544 47.786136425307404352 
 21.834363580827730544 70.942583880192913171 
 245.83436358082775541 53.408521867353606183 
 229.83436358082772699 96.910224056101512247 
 229.83436358082772699 120.06667151098702107 
 5.8343635808276950172 96.910224056101512247 
 5.8343635808276950172 120.06667151098702107 
 245.83436358082775541 76.564969322239107896 
 21.834363580827730544 94.099031335078421989 
 21.834363580827730544 117.25547878996393081 
 245.83436358082775541 99.721416777124630926 
 229.83436358082772699 143.22311896587254409 
 229.83436358082772699 166.3795664207580387 
 5.8343635808276950172 143.22311896587254409 
 5.8343635808276950172 166.3795664207580387 
 245.83436358082775541 122.87786423201012553 
 21.834363580827730544 140.41192624484943963 
 21.834363580827730544 163.56837369973493423 
 245.83436358082775541 146.03431168689562014 
 229.83436358082772699 189.53601387564353331 
 229.83436358082772699 212.69246133052905634 
 5.8343635808276950172 189.53601387564353331 
 5.8343635808276950172 212.69246133052905634 
 245.83436358082775541 169.19075914178114317 
 21.834363580827730544 186.72482115462042884 
 21.834363580827730544 209.88126860950595187 
 245.83436358082775541 192.34720659666663778 
 229.83436358082772699 235.84890878541457937 
 229.83436358082772699 27.440881691444989343 
 5.8343635808276950172 235.84890878541457937 
 5.8343635808276950172 27.440881691444989343 
 245.83436358082775541 215.50365405155218923 
 21.834363580827730544 233.0377160643914749 
 21.834363580827730544 24.629688970421877769 
 245.83436358082775541 238.66010150643765542 
