 168.76848281308284072 29.728400393681639002 
 148.71441105575249253 41.306624121124379201 
 184.76848281308284072 57.441213314783666988 
 164.71441105575246411 69.019437042226428503 
 194.3879902590732911 33.412179487301436609 
 195.20304712442276696 69.892023414823128746 
 175.14897536709236192 81.470247142265890261 
 174.33391850174294291 44.990403214744212335 
 128.66033929842211592 52.884847848567140716 
 108.60626754109175351 64.463071576009895125 
 144.66033929842214434 80.597660769669190017 
 124.60626754109176773 92.17588449711192311 
 154.2798467444125663 56.568626942186952533 
 155.09490360976204215 93.048470869708637565 
 135.04083185243166554 104.62669459715139908 
 134.22577498708218968 68.146850669629728259 
 88.552195783761391112 76.041295303452670851 
 68.498124026431057132 87.619519030895418155 
 104.55219578376139111 103.75410822455469884 
 84.498124026431057132 115.33233195199744614 
 114.17170322975186991 79.725074397072475563 
 114.98676009510131735 116.20491832459416059 
 94.932688337770954945 127.78314205203692211 
 94.11763147242150751 91.303298124515222867 
 48.444052269100687624 99.197742758338165459 
 28.389980511770318117 110.77596648578092697 
 64.44405226910069473 126.91055567944020765 
 44.389980511770325222 138.48877940688296917 
 74.063559715091145108 102.88152185195798438 
 74.878616580440620965 139.36136577947968362 
 54.824544823110244351 150.93958950692243093 
 54.009487957760789811 114.45974557940073169 
 8.3359087544399521619 122.3541902132237027 
 188.82255457041318891 18.150176666238866829 
 24.335908754439959267 150.0670031343257449 
 204.82255457041318891 45.862989587340912578 
 33.955416200430427409 126.03796930684350741 
 34.770473065779889055 162.51781323436517823 
 215.25711888175311515 58.313799687380367232 
  13.9013444431000881 137.61619303428628314 
 200.76848281308284072 85.154026235885694973 
 180.71441105575246411 96.732249963328456488 
 216.7684828130828123 112.86683915698772296 
 196.71441105575249253 124.44506288443048447 
 226.38799025907331952 88.837805329505513896 
 227.20304712442273853 125.31764925702719893 
 207.14897536709239034 136.89587298446994623 
 206.33391850174294291 100.41602905694827541 
 160.66033929842214434  108.310473690771218 
 140.60626754109176773 119.88869741821397952 
 176.66033929842214434 136.02328661187323178 
 156.6062675410917393 147.60151033931597908 
 186.27984674441259472 111.99425278439102271 
 187.09490360976204215 148.47409671191272196 
 167.04083185243166554 160.05232043935546926 
 166.2257749870822181 123.57247651183378423 
 120.55219578376140532 131.46692114565672682 
 100.49812402643107134 143.04514487309947413 
 136.55219578376141953 159.17973406675875481 
 116.49812402643105713 170.75795779420150211 
 146.17170322975186991 135.15070023927654574 
 146.98676009510131735 171.63054416679821657 
 126.93268833777095494 183.20876789424099229 
 126.11763147242150751 146.72892396671929305 
 80.44405226910069473 154.62336860054224985 
 60.389980511770332328 166.20159232798499715 
 96.44405226910069473 182.33618152164424941 
 76.389980511770332328 193.91440524908702514 
 106.06355971509114511 158.30714769416206877 
 106.87861658044062096 194.7869916216837396 
 86.824544823110244351 206.3652153491264869 
 86.009487957760811128 169.88537142160478766 
 40.335908754439969925 177.77981605542777288 
 220.82255457041321733 73.575802508442933458 
 56.33590875443996282 205.49262897652980087 
 236.82255457041321733 101.28861542954497565 
 65.955416200430420304 181.46359514904756338 
 66.77047306577989616 217.94343907656926262 
 247.25711888175311515 113.73942552958443741 
 45.901344443100086323 193.04181887649033911 
 232.76848281308286914 140.57965207808979358 
 212.71441105575249253 152.15787580553254088 
 248.76848281308286914 168.29246499919182156 
 228.71441105575249253 179.87068872663456887 
 239.14897536709239034 192.32149882667403062 
 238.33391850174297133 155.84165489915233138 
 192.66033929842211592 163.73609953297528818 
 172.60626754109179615 175.31432326041803549 
 208.66033929842217276 191.44891245407734459 
 188.60626754109176773 203.02713618152012032 
 218.27984674441259472 167.41987862659510711 
 219.09490360976204215 203.89972255411680635 
 199.04083185243166554 215.47794628155952523 
 198.2257749870822181 178.99810235403788283 
 152.55219578376141953 186.89254698786081121 
 132.49812402643107134 198.4707707153035301 
 168.55219578376141953 214.6053599089628392 
 148.49812402643109976 226.1835836364055865 
 178.17170322975186991 190.57632608148063014 
 178.98676009510131735 227.05617000900227254 
 158.93268833777096916 238.63439373644504826 
 158.11763147242152172 202.15454980892337744 
 112.44405226910070894 210.04899444274630582 
 92.389980511770346538 221.62721817018908155 
 128.44405226910072315 237.76180736384836223 
 108.38998051177036075 249.34003109129110953 
 138.06355971509117353 213.73277353636612474 
 138.87861658044062096 250.21261746388779557 
 118.00948795776082534 225.31099726380887205 
 72.335908754439984136 233.20544189763185727 
 252.82255457041321733 129.00142835064701785 
 97.955416200430420304 236.88922099125164777 
 77.901344443100086323 248.46744471869439508 
 244.71441105575249253 207.58350164773662527 
 152.7684828130828123 2.0155874725795785984 
 132.71441105575246411 13.593811200022337005 
 163.20304712442273853 14.466397572619094092 
 143.14897536709239034 26.044621300061837843 
 224.66033929842214434 219.16172537517937258 
 204.60626754109179615 230.73994910262211988 
 112.66033929842211592 25.172034927465094967 
 92.606267541091753515 36.750258654907852929 
 122.2798467444125663 1.1430010999828930096 
 123.09490360976202794 37.622845027504610016 
 103.04083185243167975 49.20106875494735732 
 102.22577498708220389 12.721224827425650972 
 184.55219578376139111 242.31817283006486718 
 164.49812402643107134 253.89639655750761449 
 72.552195783761376902 48.328482382350614444 
 52.498124026431042921 59.906706109793354642 
 82.171703229751855702 24.299448554868394723 
 82.986760095101331558 60.779292482390111729 
 62.93268833777096205 72.357516209832866139 
 62.117631472421500405 35.877672282311152685 
 32.444052269100680519 71.484929837236123262 
 12.389980511770312788 83.063153564678870566 
 42.063559715091145108  47.4558960097539142 
 42.878616580440620965 83.935739937275613443 
 22.824544823110240799 95.513963664718389168 
 22.009487957760793364 59.034119737196668609 
 1.9554162004304123101 70.612343464639437229 
 2.7704730657799032656 107.09218739216115068 
 183.25711888175311515 2.8881738451763219189 
