 70.375639868015710476 53.375747082894484663 
 77.298306534682396318 73.253843574854812459 
 41.554733201349044691 93.13194006681513315 
 55.400919868015726877 132.8893257126720755 
 48.477826534682385784 113.0112292207117406 
 62.324013201349053759 152.76742220463242461 
 70.375639868015710476 172.64194071078389925 
 77.298306534682396318 192.52003720274421994 
 41.554733201349044691 212.39813369470456905 
 55.400919868015726877 13.623132084782676898 
 48.477826534682385784 232.27742284860116229 
 62.324013201349053759 33.501228576743010024 
 113.04230653468239609 53.375747082894484663 
 119.96497320134905351 73.253843574854812459 
 84.221399868015708989 93.13194006681513315 
 98.067586534682391175 132.8893257126720755 
 91.144493201349050082 113.0112292207117406 
 104.99067986801571806 152.76742220463242461 
 113.04230653468239609 172.64194071078389925 
 119.96497320134905351 192.52003720274421994 
 84.221399868015708989 212.39813369470456905 
 98.067586534682391175 13.623132084782676898 
 91.144493201349050082 232.27742284860116229 
 104.99067986801571806 33.501228576743010024 
 155.70897320134903907 53.375747082894484663 
 162.63163986801572491 73.253843574854812459 
 126.8880665346823946 93.13194006681513315 
 140.73425320134904837 132.8893257126720755 
 133.81115986801572149 113.0112292207117406 
 147.65734653468237525 152.76742220463242461 
 155.70897320134903907 172.64194071078389925 
 162.63163986801572491 192.52003720274421994 
 126.8880665346823946 212.39813369470456905 
 140.73425320134904837 13.623132084782676898 
 133.81115986801572149 232.27742284860116229 
 147.65734653468237525 33.501228576743010024 
 198.37563986801569627 53.375747082894484663 
 205.29830653468238211 73.253843574854812459 
 169.5547332013490518 93.13194006681513315 
 183.40091986801573398 132.8893257126720755 
 176.47782653468237868 113.0112292207117406 
 190.32401320134903244 152.76742220463242461 
 198.37563986801569627 172.64194071078389925 
 205.29830653468238211 192.52003720274421994 
 169.5547332013490518 212.39813369470456905 
 183.40091986801573398 13.623132084782676898 
 176.47782653468237868 232.27742284860116229 
 190.32401320134903244 33.501228576743010024 
 241.04230653468238188 53.375747082894484663 
 247.9649732013490393 73.253843574854812459 
 212.22139986801570899 93.13194006681513315 
 226.06758653468236275 132.8893257126720755 
 219.14449320134903587 113.0112292207117406 
 232.99067986801571806 152.76742220463242461 
 241.04230653468238188 172.64194071078389925 
 247.9649732013490393 192.52003720274421994 
 212.22139986801570899 212.39813369470456905 
 226.06758653468236275 13.623132084782676898 
 219.14449320134903587 232.27742284860116229 
 232.99067986801571806 33.501228576743010024 
 27.708973201349092363 53.375747082894484663 
 34.631639868015717809 73.253843574854812459 
 254.8880665346823946 93.13194006681513315 
 12.73425320134905725 132.8893257126720755 
 5.8111598680157161567 113.0112292207117406 
 19.657346534682400119 152.76742220463242461 
 27.708973201349092363 172.64194071078389925 
 34.631639868015717809 192.52003720274421994 
 254.8880665346823946 212.39813369470456905 
 12.73425320134905725 13.623132084782676898 
 5.8111598680157161567 232.27742284860116229 
 19.657346534682400119 33.501228576743010024 
