 237.47739355615351542  10.3285013792136251 
 209.03294911170905834  10.3285013792136251 
 230.36628244504240115 22.645307121925643656 
 216.14406022282017261 22.645307121925643656 
 194.8107268894868298  10.3285013792136251 
 166.36628244504240115  10.3285013792136251 
 187.69961577837574396 22.645307121925643656 
 173.47739355615351542 22.645307121925643656 
 152.14406022282017261  10.3285013792136251 
 123.69961577837572975  10.3285013792136251 
 145.03294911170905834 22.645307121925643656 
 130.81072688948685823 22.645307121925643656 
 109.47739355615352963  10.3285013792136251 
 81.032949111709086765  10.3285013792136251 
 102.36628244504240115 22.645307121925643656 
 88.144060222820201034 22.645307121925643656 
 66.810726889486844016  10.3285013792136251 
 38.366282445042394045  10.3285013792136251 
 59.699615778375729747 22.645307121925643656 
 45.477393556153522525 22.645307121925643656 
 24.144060222820158401  10.3285013792136251 
 251.69961577837571554 10.328501379213610889 
 17.03294911170905479 22.645307121925643656 
 2.8107268894868200348 22.645307121925657867 
 237.47739355615351542 34.962112864637667542 
 209.03294911170908676 34.962112864637667542 
 230.36628244504240115 47.278918607349673664 
 216.14406022282017261 47.278918607349673664 
 194.81072688948685823 34.962112864637667542 
 166.36628244504240115 34.962112864637667542 
 187.69961577837574396 47.278918607349673664 
 173.47739355615351542 47.278918607349673664 
 152.14406022282017261 34.962112864637667542 
 123.69961577837572975 34.962112864637667542 
 145.03294911170905834 47.278918607349673664 
 130.81072688948685823 47.278918607349673664 
 109.47739355615352963 34.962112864637667542 
 81.032949111709086765 34.962112864637667542 
 102.36628244504240115 47.278918607349673664 
 88.144060222820201034 47.278918607349673664 
 66.810726889486844016 34.962112864637667542 
 38.366282445042408256 34.962112864637667542 
 59.699615778375729747 47.278918607349673664 
 45.477393556153522525 47.278918607349673664 
 24.144060222820172612 34.962112864637667542 
 251.69961577837571554 34.962112864637653331 
 17.03294911170905479 47.278918607349673664 
 2.8107268894868200348 47.278918607349687875 
 237.47739355615351542 59.595724350061708208 
 209.03294911170908676 59.595724350061708208 
 230.36628244504240115 71.912530092773707224 
 216.14406022282017261 71.912530092773707224 
 194.81072688948685823 59.595724350061708208 
 166.36628244504240115 59.595724350061708208 
 187.69961577837577238 71.912530092773707224 
 173.47739355615351542 71.912530092773707224 
 152.14406022282017261 59.595724350061708208 
 123.69961577837572975 59.595724350061708208 
 145.03294911170905834 71.912530092773707224 
 130.81072688948685823 71.912530092773707224 
 109.47739355615352963 59.595724350061708208 
 81.032949111709086765 59.595724350061708208 
 102.36628244504240115 71.912530092773707224 
 88.144060222820201034 71.912530092773707224 
 66.810726889486844016 59.595724350061708208 
 38.366282445042408256 59.595724350061708208 
 59.699615778375729747 71.912530092773707224 
 45.477393556153522525 71.912530092773707224 
 24.144060222820172612 59.595724350061708208 
 251.69961577837571554 59.595724350061693997 
 17.03294911170905479 71.912530092773707224 
 2.8107268894868200348 71.912530092773707224 
 237.47739355615351542 84.229335835485713346 
 209.03294911170908676 84.229335835485713346 
 230.36628244504240115 96.546141578197719468 
 216.14406022282017261 96.546141578197719468 
 194.81072688948685823 84.229335835485713346 
 166.36628244504240115 84.229335835485713346 
 187.69961577837577238 96.546141578197719468 
 173.47739355615351542 96.546141578197733679 
 152.14406022282017261 84.229335835485713346 
 123.69961577837572975 84.229335835485713346 
 145.03294911170905834 96.546141578197733679 
 130.81072688948685823 96.546141578197733679 
 109.47739355615352963 84.229335835485713346 
 81.032949111709086765 84.229335835485713346 
 102.36628244504240115 96.546141578197733679 
 88.144060222820201034 96.546141578197733679 
 66.810726889486844016 84.229335835485713346 
 38.366282445042408256 84.229335835485713346 
 59.699615778375729747 96.54614157819774789 
 45.477393556153522525 96.54614157819774789 
 24.144060222820172612 84.229335835485713346 
 251.69961577837571554 84.229335835485713346 
 17.03294911170905479 96.54614157819774789 
 2.8107268894868200348 96.54614157819774789 
 237.47739355615351542 108.86294732090975401 
 209.03294911170908676 108.86294732090975401 
 230.36628244504240115 121.17975306362177434 
 216.14406022282017261 121.17975306362177434 
 194.81072688948685823 108.86294732090975401 
 166.36628244504240115 108.86294732090975401 
 187.69961577837577238 121.17975306362177434 
 173.47739355615351542 121.17975306362177434 
 152.14406022282017261 108.86294732090975401 
 123.69961577837572975 108.86294732090975401 
 145.03294911170905834 121.17975306362177434 
 130.81072688948685823 121.17975306362177434 
 109.47739355615352963 108.86294732090975401 
 81.032949111709086765 108.86294732090975401 
 102.36628244504240115 121.17975306362177434 
 88.144060222820201034 121.17975306362177434 
 66.810726889486844016 108.86294732090975401 
 38.366282445042408256 108.86294732090975401 
 59.699615778375729747 121.17975306362177434 
 45.477393556153522525 121.17975306362177434 
 24.144060222820172612 108.86294732090975401 
 251.69961577837571554 108.86294732090975401 
 17.03294911170905479 121.17975306362178856 
 2.8107268894868200348 121.17975306362178856 
 237.47739355615351542 133.49655880633380889 
 209.03294911170908676 133.49655880633380889 
 230.36628244504240115 145.81336454904581501 
 216.14406022282017261 145.81336454904581501 
 194.81072688948685823 133.49655880633380889 
 166.36628244504240115 133.49655880633380889 
 187.69961577837577238 145.81336454904581501 
 173.47739355615351542 145.81336454904581501 
 152.14406022282017261 133.49655880633380889 
 123.69961577837572975 133.49655880633380889 
 145.03294911170905834 145.81336454904581501 
 130.81072688948685823 145.81336454904581501 
 109.47739355615352963 133.49655880633380889 
 81.032949111709086765 133.49655880633380889 
 102.36628244504240115 145.81336454904581501 
 88.144060222820201034 145.81336454904581501 
 66.810726889486844016 133.49655880633380889 
 38.366282445042408256 133.49655880633380889 
 59.699615778375729747 145.81336454904581501 
 45.477393556153522525 145.81336454904581501 
 24.144060222820172612 133.49655880633380889 
 251.69961577837571554 133.49655880633380889 
 17.03294911170905479 145.81336454904581501 
 2.8107268894868200348 145.81336454904581501 
 237.47739355615351542 158.13017029175782113 
 209.03294911170908676 158.13017029175782113 
 230.36628244504240115 170.44697603446982725 
 216.14406022282017261 170.44697603446982725 
 194.81072688948685823 158.13017029175782113 
 166.36628244504240115 158.13017029175782113 
 187.69961577837577238 170.44697603446982725 
 173.47739355615351542 170.44697603446982725 
 152.14406022282020103 158.13017029175782113 
 123.69961577837572975 158.13017029175782113 
 145.03294911170908676 170.44697603446982725 
 130.81072688948685823 170.44697603446982725 
 109.47739355615352963 158.13017029175782113 
 81.032949111709086765 158.13017029175782113 
 102.36628244504240115 170.44697603446982725 
 88.144060222820201034 170.44697603446982725 
 66.810726889486844016 158.13017029175782113 
 38.366282445042408256 158.13017029175782113 
 59.699615778375729747 170.44697603446982725 
 45.477393556153522525 170.44697603446982725 
 24.144060222820172612 158.13017029175782113 
 251.69961577837571554 158.13017029175782113 
 17.03294911170905479 170.44697603446982725 
 2.8107268894868200348 170.44697603446982725 
 237.47739355615351542 182.7637817771818618 
 209.03294911170908676 182.7637817771818618 
 230.36628244504240115 195.08058751989386792 
 216.14406022282017261 195.08058751989386792 
 194.81072688948685823 182.7637817771818618 
 166.36628244504240115 182.7637817771818618 
 187.69961577837577238 195.08058751989386792 
 173.47739355615351542 195.08058751989386792 
 152.14406022282020103 182.7637817771818618 
 123.69961577837572975 182.7637817771818618 
 145.03294911170908676 195.08058751989386792 
 130.81072688948685823 195.08058751989386792 
 109.47739355615352963 182.7637817771818618 
 81.032949111709086765 182.7637817771818618 
 102.36628244504240115 195.08058751989386792 
 88.144060222820201034 195.08058751989386792 
 66.810726889486844016 182.7637817771818618 
 38.366282445042408256 182.7637817771818618 
 59.699615778375729747 195.08058751989386792 
 45.477393556153522525 195.08058751989386792 
 24.144060222820172612 182.7637817771818618 
 251.69961577837571554 182.7637817771818618 
 17.03294911170905479 195.08058751989386792 
 2.8107268894868200348 195.08058751989389634 
 237.47739355615351542 207.39739326260590246 
 209.03294911170908676 207.39739326260590246 
 230.36628244504240115 219.71419900531790859 
 216.14406022282017261 219.71419900531790859 
 194.81072688948685823 207.39739326260590246 
 166.36628244504240115 207.39739326260590246 
 187.69961577837577238 219.71419900531790859 
 173.47739355615351542 219.71419900531790859 
 152.14406022282020103 207.39739326260590246 
 123.69961577837572975 207.39739326260590246 
 145.03294911170908676 219.71419900531790859 
 130.81072688948685823 219.71419900531790859 
 109.47739355615352963 207.39739326260590246 
 81.032949111709086765 207.39739326260590246 
 102.36628244504240115 219.71419900531790859 
 88.144060222820201034 219.71419900531790859 
 66.810726889486844016 207.39739326260590246 
 38.366282445042408256 207.39739326260590246 
 59.699615778375729747 219.71419900531790859 
 45.477393556153522525 219.71419900531790859 
 24.144060222820172612 207.39739326260590246 
 251.69961577837571554 207.39739326260587404 
 17.03294911170905479 219.71419900531790859 
 2.8107268894868200348 219.71419900531790859 
 237.47739355615351542 232.03100474802994313 
 209.03294911170908676 232.03100474802994313 
 230.36628244504240115 244.34781049074194925 
 216.14406022282020103 244.34781049074194925 
 194.81072688948685823 232.03100474802994313 
 166.36628244504240115 232.03100474802994313 
 187.69961577837577238 244.34781049074194925 
 173.47739355615351542 244.34781049074194925 
 152.14406022282020103 232.03100474802994313 
 123.69961577837572975 232.03100474802994313 
 145.03294911170908676 244.34781049074194925 
 130.81072688948685823 244.34781049074194925 
 109.47739355615352963 232.03100474802994313 
 81.032949111709086765 232.03100474802994313 
 102.36628244504240115 244.34781049074194925 
 88.144060222820201034 244.34781049074194925 
 66.810726889486844016 232.03100474802994313 
 38.366282445042408256 232.03100474802994313 
 59.699615778375743957 244.34781049074194925 
 45.477393556153536736 244.34781049074194925 
 24.144060222820172612 232.03100474802994313 
 251.69961577837571554 232.03100474802994313 
 17.032949111709069001 244.34781049074194925 
 2.8107268894868338016 244.34781049074197767 
