 215.67701014645402324 27.557579336259124148 
 187.23256570200959459 27.557579336259124148 
 208.56589903534290897 39.87438507897114448 
 194.34367681312068044 39.87438507897114448 
 173.01034347978736605 27.557579336259124148 
 144.56589903534290897 27.557579336259124148 
 165.89923236867625178 39.87438507897114448 
 151.67701014645402324 39.87438507897114448 
 130.34367681312068044 27.557579336259124148 
 101.89923236867626599 27.557579336259124148 
 123.23256570200956617 39.87438507897114448 
 109.01034347978735184 39.87438507897114448 
 87.677010146454037454 27.557579336259124148 
 59.232565702009587483 27.557579336259124148 
 80.565899035342908974 39.87438507897114448 
 66.343676813120708857 39.87438507897114448 
 45.010343479787351839 27.557579336259124148 
 16.565899035342916079 27.557579336259124148 
 37.89923236867623757 39.87438507897114448 
 23.677010146454030348 39.87438507897114448 
 2.3436768131206791033 27.557579336259138358 
 229.89923236867622336 27.557579336259124148 
 251.23256570200956617 39.87438507897113027 
 237.01034347978733763 39.87438507897114448 
 215.67701014645402324 52.191190821683164813 
 187.23256570200959459 52.191190821683164813 
 208.56589903534290897 64.507996564395170935 
 194.34367681312068044 64.507996564395170935 
 173.01034347978736605 52.191190821683164813 
 144.56589903534290897 52.191190821683164813 
 165.89923236867625178 64.507996564395170935 
 151.67701014645402324 64.507996564395170935 
 130.34367681312068044 52.191190821683164813 
 101.89923236867626599 52.191190821683164813 
 123.23256570200956617 64.507996564395170935 
 109.01034347978735184 64.507996564395170935 
 87.677010146454037454 52.191190821683164813 
 59.232565702009587483 52.191190821683164813 
 80.565899035342908974 64.507996564395170935 
 66.343676813120708857 64.507996564395170935 
 45.010343479787351839 52.191190821683164813 
 16.565899035342916079 52.191190821683164813 
 37.89923236867623757 64.507996564395170935 
 23.677010146454030348 64.507996564395170935 
 2.3436768131206791033 52.191190821683179024 
 229.89923236867622336 52.191190821683164813 
 251.23256570200956617 64.507996564395156724 
 237.01034347978733763 64.507996564395170935 
 215.67701014645402324 76.824802307107177057 
 187.23256570200959459 76.824802307107177057 
 208.56589903534290897 89.141608049819211601 
 194.34367681312068044 89.141608049819211601 
 173.01034347978736605 76.824802307107191268 
 144.56589903534290897 76.824802307107191268 
 165.89923236867625178 89.141608049819211601 
 151.67701014645402324 89.141608049819211601 
 130.34367681312068044 76.824802307107191268 
 101.89923236867626599 76.824802307107191268 
 123.23256570200956617 89.141608049819211601 
 109.01034347978735184 89.141608049819211601 
 87.677010146454037454 76.824802307107191268 
 59.232565702009587483 76.824802307107205479 
 80.565899035342908974 89.141608049819211601 
 66.343676813120708857 89.141608049819211601 
 45.010343479787351839 76.824802307107205479 
 16.565899035342916079 76.824802307107205479 
 37.89923236867623757 89.141608049819211601 
 23.677010146454030348 89.141608049819211601 
 2.3436768131206791033 76.824802307107205479 
 229.89923236867622336 76.824802307107177057 
 251.23256570200956617 89.141608049819211601 
 237.01034347978733763 89.141608049819211601 
 215.67701014645402324 101.45841379253121772 
 187.23256570200959459 101.45841379253121772 
 208.56589903534290897 113.77521953524323806 
 194.34367681312068044 113.77521953524323806 
 173.01034347978736605 101.45841379253121772 
 144.56589903534290897 101.45841379253121772 
 165.89923236867625178 113.77521953524323806 
 151.67701014645402324 113.77521953524323806 
 130.34367681312068044 101.45841379253121772 
 101.89923236867626599 101.45841379253121772 
 123.23256570200956617 113.77521953524323806 
 109.01034347978735184 113.77521953524323806 
 87.677010146454037454 101.45841379253121772 
 59.232565702009587483 101.45841379253121772 
 80.565899035342908974 113.77521953524323806 
 66.343676813120708857 113.77521953524323806 
 45.010343479787351839 101.45841379253121772 
 16.565899035342916079 101.45841379253121772 
 37.89923236867623757 113.77521953524323806 
 23.677010146454030348 113.77521953524325227 
 2.3436768131206791033 101.45841379253121772 
 229.89923236867622336 101.45841379253121772 
 251.23256570200956617 113.77521953524322385 
 237.01034347978733763 113.77521953524322385 
 215.67701014645402324 126.09202527795525839 
 187.23256570200959459 126.09202527795525839 
 208.56589903534290897 138.40883102066726451 
 194.34367681312068044 138.40883102066726451 
 173.01034347978736605 126.09202527795525839 
 144.56589903534290897 126.09202527795525839 
 165.89923236867625178 138.40883102066726451 
 151.67701014645402324 138.40883102066726451 
 130.34367681312068044 126.09202527795525839 
 101.89923236867626599 126.09202527795525839 
 123.23256570200956617 138.40883102066726451 
 109.01034347978735184 138.40883102066726451 
 87.677010146454037454 126.09202527795525839 
 59.232565702009587483 126.09202527795525839 
 80.565899035342908974 138.40883102066726451 
 66.343676813120708857 138.40883102066726451 
 45.010343479787351839 126.09202527795525839 
 16.565899035342916079 126.09202527795525839 
 37.89923236867623757 138.40883102066726451 
 23.677010146454030348 138.40883102066726451 
 2.3436768131206791033 126.0920252779552726 
 229.89923236867622336 126.09202527795525839 
 251.23256570200956617 138.40883102066726451 
 237.01034347978733763 138.40883102066726451 
 215.67701014645402324 150.72563676337929905 
 187.23256570200959459 150.72563676337929905 
 208.56589903534290897 163.04244250609130518 
 194.34367681312068044 163.04244250609130518 
 173.01034347978736605 150.72563676337929905 
 144.56589903534290897 150.72563676337929905 
 165.89923236867625178 163.04244250609130518 
 151.67701014645402324 163.04244250609130518 
 130.34367681312068044 150.72563676337929905 
 101.89923236867626599 150.72563676337929905 
 123.23256570200956617 163.04244250609130518 
 109.01034347978735184 163.04244250609130518 
 87.677010146454037454 150.72563676337929905 
 59.232565702009587483 150.72563676337929905 
 80.565899035342908974 163.04244250609130518 
 66.343676813120708857 163.04244250609130518 
 45.010343479787351839 150.72563676337929905 
 16.565899035342916079 150.72563676337929905 
 37.89923236867623757 163.04244250609130518 
 23.677010146454030348 163.04244250609130518 
 2.3436768131206791033 150.72563676337929905 
 229.89923236867622336 150.72563676337929905 
 251.23256570200956617 163.04244250609130518 
 237.01034347978733763 163.04244250609130518 
 215.67701014645402324 175.3592482488033113 
 187.23256570200959459 175.3592482488033113 
 208.56589903534290897 187.67605399151531742 
 194.34367681312068044 187.67605399151531742 
 173.01034347978736605 175.3592482488033113 
 144.56589903534290897 175.3592482488033113 
 165.89923236867625178 187.67605399151531742 
 151.67701014645402324 187.67605399151531742 
 130.34367681312068044 175.3592482488033113 
 101.89923236867626599 175.3592482488033113 
 123.23256570200956617 187.67605399151531742 
 109.01034347978735184 187.67605399151531742 
 87.677010146454037454 175.3592482488033113 
 59.232565702009587483 175.3592482488033113 
 80.565899035342908974 187.67605399151531742 
 66.343676813120708857 187.67605399151531742 
 45.010343479787351839 175.3592482488033113 
 16.565899035342916079 175.3592482488033113 
 37.89923236867623757 187.67605399151531742 
 23.677010146454030348 187.67605399151531742 
 2.3436768131206791033 175.3592482488033113 
 229.89923236867622336 175.3592482488033113 
 251.23256570200956617 187.67605399151531742 
 237.01034347978733763 187.67605399151531742 
 215.67701014645402324 199.99285973422735196 
 187.23256570200959459 199.99285973422735196 
 208.56589903534290897 212.30966547693935809 
 194.34367681312068044 212.30966547693935809 
 173.01034347978736605 199.99285973422735196 
 144.56589903534290897 199.99285973422735196 
 165.89923236867625178 212.30966547693935809 
 151.67701014645402324 212.30966547693935809 
 130.34367681312068044 199.99285973422735196 
 101.89923236867626599 199.99285973422735196 
 123.23256570200956617 212.30966547693935809 
 109.01034347978735184 212.30966547693935809 
 87.677010146454037454 199.99285973422735196 
 59.232565702009587483 199.99285973422735196 
 80.565899035342908974 212.30966547693935809 
 66.343676813120708857 212.30966547693935809 
 45.010343479787351839 199.99285973422735196 
 16.565899035342916079 199.99285973422735196 
 37.89923236867623757 212.30966547693935809 
 23.677010146454030348 212.30966547693935809 
 2.3436768131206791033 199.99285973422738039 
 229.89923236867622336 199.99285973422735196 
 251.23256570200956617 212.30966547693935809 
 237.01034347978733763 212.30966547693935809 
 215.67701014645402324 224.62647121965139263 
 187.23256570200959459 224.62647121965139263 
 208.56589903534290897 236.94327696236339875 
 194.34367681312068044 236.94327696236339875 
 173.01034347978736605 224.62647121965139263 
 144.56589903534290897 224.62647121965139263 
 165.89923236867625178 236.94327696236339875 
 151.67701014645402324 236.94327696236339875 
 130.34367681312068044 224.62647121965139263 
 101.89923236867626599 224.62647121965139263 
 123.23256570200956617 236.94327696236339875 
 109.01034347978735184 236.94327696236339875 
 87.677010146454037454 224.62647121965139263 
 59.232565702009587483 224.62647121965139263 
 80.565899035342908974 236.94327696236339875 
 66.343676813120708857 236.94327696236339875 
 45.010343479787351839 224.62647121965139263 
 16.565899035342916079 224.62647121965139263 
 37.89923236867623757 236.94327696236339875 
 23.677010146454030348 236.94327696236339875 
 2.3436768131206791033 224.62647121965139263 
 229.89923236867622336 224.62647121965139263 
 251.23256570200956617 236.94327696236337033 
 237.01034347978733763 236.94327696236339875 
 215.67701014645402324 249.2600827050754333 
 187.23256570200959459 249.2600827050754333 
 208.56589903534290897 15.240773593547087827 
 194.34367681312068044 15.240773593547087827 
 173.01034347978736605 249.2600827050754333 
 144.56589903534290897 249.2600827050754333 
 165.89923236867625178 15.240773593547087827 
 151.67701014645402324 15.240773593547087827 
 130.34367681312068044 249.2600827050754333 
 101.89923236867626599 249.2600827050754333 
 123.23256570200956617 15.240773593547087827 
 109.01034347978735184 15.240773593547087827 
 87.677010146454037454 249.2600827050754333 
 59.232565702009601694 249.2600827050754333 
 80.565899035342908974 15.240773593547087827 
 66.343676813120708857 15.240773593547087827 
 45.01034347978736605 249.2600827050754333 
 16.56589903534293029 249.2600827050754333 
 37.89923236867623757 15.240773593547087827 
 23.677010146454030348 15.240773593547087827 
 2.3436768131206791033 249.26008270507546172 
 229.89923236867622336 249.2600827050754333 
 251.23256570200956617 15.240773593547073617 
 237.01034347978733763 15.240773593547087827 
