 227.24552122627198969 47.532059572173551487 
 207.36742473431164058 54.454726238840223118 
 187.48932824235131989 18.711152905506882149 
 147.73194259649434912 32.557339572173546571 
 167.61003908845469823 25.634246238840223242 
 127.85384610453404264 39.480432905506887664 
 107.97932759838255379 47.532059572173551487 
 88.101231106422204675 54.454726238840223118 
 68.223134614461883984 18.711152905506882149 
 28.465748968604959401 32.557339572173546571 
 48.34384546056529075 25.634246238840223242 
 247.12003973242343591 39.480432905506887664 
 227.24552122627198969 90.19872623884020868 
 207.36742473431164058 97.121392905506894522 
 187.48932824235131989    61.37781957217355 
 147.73194259649434912 75.224006238840217975 
 167.61003908845469823 68.300912905506891093 
 127.85384610453404264 82.147099572173559068 
 107.97932759838255379 90.198726238840222891 
 88.101231106422218886 97.121392905506894522 
 68.223134614461883984    61.37781957217355 
 28.465748968604959401 75.224006238840232186 
 48.34384546056529075 68.300912905506891093 
 247.12003973242343591 82.147099572173544857 
 227.24552122627198969 132.86539290550689429 
 207.36742473431164058 139.78805957217358014 
 187.48932824235131989 104.0444862388402214 
 147.73194259649434912 117.89067290550687517 
 167.61003908845469823 110.9675795721735625 
 127.85384610453404264 124.81376623884023047 
 107.97932759838255379 132.86539290550689429 
 88.101231106422218886 139.78805957217358014 
 68.223134614461883984 104.0444862388402214 
 28.465748968604959401 117.89067290550687517 
 48.34384546056529075 110.9675795721735625 
 247.12003973242343591 124.81376623884023047 
 227.24552122627198969 175.53205957217355149 
 207.36742473431164058 182.45472623884020891 
 187.48932824235131989 146.7111529055068786 
 147.73194259649437754 160.55733957217356078 
 167.61003908845469823 153.6342462388402339 
 127.85384610453404264 167.48043290550688766 
 107.97932759838255379 175.53205957217355149 
 88.101231106422218886 182.45472623884020891 
 68.223134614461883984 146.7111529055068786 
 28.465748968604959401 160.55733957217356078 
 48.34384546056529075 153.6342462388402339 
 247.12003973242343591 167.48043290550688766 
 227.24552122627198969 218.19872623884020868 
 207.36742473431164058 225.1213929055068661 
 187.48932824235131989 189.37781957217356421 
 147.73194259649437754 203.22400623884021797 
 167.61003908845472665 196.30091290550686267 
 127.85384610453404264 210.14709957217354486 
 107.97932759838255379 218.19872623884020868 
 88.101231106422233097 225.1213929055068661 
 68.223134614461883984 189.37781957217356421 
 28.465748968604959401 203.22400623884021797 
 48.34384546056529075 196.30091290550686267 
 247.12003973242343591 210.14709957217354486 
 227.24552122627196127 4.8653929055069031762 
 207.36742473431164058 11.788059572173555267 
 187.48932824235134831 232.04448623884024983 
 147.73194259649437754 245.89067290550690359 
 167.61003908845472665 238.96757957217354829 
 127.85384610453405685 252.81376623884023047 
 107.97932759838253958 4.8653929055069031762 
 88.101231106422204675 11.788059572173555267 
 68.223134614461898195 232.04448623884024983 
 28.465748968604959401 245.89067290550690359 
 48.34384546056529075 238.96757957217354829 
 247.12003973242346433 252.81376623884023047 
