 91.384166211349338482 19.649416459840882254 
 102.69787471033411919 8.3357079608561086559 
 80.070457712364600411 8.3357079608561228667 
 68.756749213379819707 19.649416459840882254 
 68.756749213379819707 42.276833457810411687 
  80.0704577123645862 30.963124958825655852 
 57.443040714395067425 30.963124958825655852 
 46.129332215410322249 42.276833457810397476 
 46.129332215410308038 64.904250455779930462 
 57.443040714395081636 53.590541956795156864 
 34.815623716425562861 53.590541956795171075 
 23.501915217440789263 64.904250455779930462 
 23.501915217440789263 87.531667453749463448 
 34.81562371642554865 76.217958954764682744 
 12.188206718456017441 76.217958954764696955 
 12.188206718456017441 98.845375952734229941 
 136.63900020728840445 19.649416459840868043 
 147.9527087062731141 8.3357079608561086559 
 125.32529170830363796 8.3357079608561086559 
 114.01158320931888568 19.649416459840882254 
 114.01158320931885726 42.276833457810397476 
 125.32529170830363796 30.963124958825627431 
 102.69787471033411919 30.963124958825641642 
 91.384166211349352693 42.276833457810397476 
 91.384166211349338482 64.904250455779930462 
 102.69787471033410498 53.590541956795156864 
 80.070457712364600411 53.590541956795171075 
 68.756749213379848129 64.904250455779916251 
 68.756749213379819707 87.531667453749435026 
 80.070457712364600411 76.217958954764654322 
 57.443040714395081636 76.217958954764682744 
 46.129332215410308038 87.531667453749449237 
 46.129332215410308038 110.15908445171896801 
 57.443040714395067425 98.845375952734201519 
 34.81562371642554865 98.84537595273421573 
 23.501915217440789263 110.15908445171898222 
 23.501915217440775052  132.786501449688501 
 34.81562371642553444 121.4727929507037345 
 12.188206718456017441 121.47279295070374872 
 12.188206718456031652 144.10020994867323907 
 159.2664172052578806 19.649416459840882254 
 159.26641720525790902 42.276833457810397476 
 170.58012570424267551 30.963124958825655852 
 147.95270870627314252 30.963124958825627431 
 136.63900020728840445 42.276833457810397476 
 136.63900020728840445 64.904250455779930462 
 147.95270870627317095 53.590541956795156864 
 125.32529170830363796 53.590541956795156864 
 114.01158320931887147 64.904250455779930462 
 114.01158320931887147 87.531667453749463448 
 125.32529170830363796 76.217958954764682744 
 102.69787471033411919 76.217958954764682744 
 91.384166211349366904 87.531667453749435026 
 91.384166211349366904 110.15908445171896801 
 102.6978747103341334 98.845375952734201519 
 80.070457712364600411 98.845375952734201519 
 68.756749213379819707 110.15908445171896801 
 68.756749213379833918  132.786501449688501 
 80.070457712364600411 121.4727929507037345 
 57.443040714395067425 121.4727929507037345 
 46.129332215410308038  132.786501449688501 
 46.129332215410308038 155.41391844765803398 
 57.443040714395067425 144.10020994867326749 
 34.81562371642553444 144.10020994867326749 
 23.501915217440789263 155.41391844765800556 
 23.501915217440789263 178.04133544562753855 
 34.815623716425562861 166.72762694664280048 
 12.188206718456017441 166.72762694664280048 
  181.893834203227442 19.649416459840853832 
 12.188206718456045863 189.35504394461230504 
 170.58012570424270393 8.335707960856094445 
  181.893834203227442 42.276833457810397476 
  181.893834203227442 64.90425045577990204 
 193.20754270221218007 53.590541956795156864 
 170.58012570424267551 53.590541956795156864 
 159.26641720525790902 64.904250455779916251 
 159.26641720525790902 87.531667453749435026 
 170.58012570424267551 76.217958954764654322 
 147.95270870627314252 76.217958954764668533 
 136.63900020728840445 87.531667453749449237 
 136.63900020728837603 110.15908445171896801 
 147.95270870627314252 98.845375952734201519 
 125.32529170830363796 98.845375952734201519 
 114.01158320931888568 110.1590844517189538 
 114.01158320931887147 132.78650144968847258 
 125.32529170830365217 121.47279295070370608 
 102.69787471033411919 121.47279295070372029 
 91.384166211349352693  132.786501449688501 
 91.384166211349338482 155.41391844765800556 
 102.69787471033411919 144.10020994867323907 
 80.070457712364600411 144.10020994867323907 
 68.756749213379819707 155.41391844765800556 
 68.756749213379819707 178.04133544562756697 
  80.0704577123645862 166.72762694664280048 
 57.443040714395067425 166.72762694664280048 
 46.129332215410322249 178.04133544562753855 
 46.129332215410308038 200.66875244359704311 
 57.443040714395081636 189.35504394461227662 
 34.81562371642554865 189.35504394461227662 
 23.501915217440803474 200.66875244359704311 
 204.52125120119697499 42.276833457810369055 
 34.815623716425562861 211.9824609425818096 
 193.2075427022122085 30.963124958825609667 
 204.52125120119691815 64.904250455779930462 
 204.52125120119697499 87.531667453749435026 
 215.83495970018171306 76.217958954764682744 
 193.2075427022122085 76.217958954764668533 
  181.893834203227442 87.531667453749435026 
  181.893834203227442 110.15908445171896801 
 193.2075427022122085 98.845375952734187308 
 170.58012570424267551 98.845375952734187308 
 159.26641720525790902 110.15908445171896801 
 159.26641720525790902  132.786501449688501 
 170.58012570424267551 121.47279295070372029 
 147.95270870627314252 121.47279295070372029 
 136.63900020728840445 132.78650144968847258 
 136.63900020728840445 155.41391844765800556 
 147.95270870627317095 144.10020994867323907 
 125.32529170830365217 144.10020994867323907 
 114.01158320931887147 155.41391844765800556 
 114.01158320931888568 178.04133544562753855 
 125.32529170830365217 166.72762694664280048 
 102.69787471033411919 166.72762694664280048 
 91.384166211349338482 178.04133544562756697 
 91.384166211349352693 200.66875244359707153 
 102.69787471033411919 189.35504394461230504 
 80.070457712364600411 189.35504394461230504 
 68.756749213379848129 200.66875244359704311 
 68.756749213379833918 223.29616944156660452 
 80.070457712364614622 211.9824609425818096 
 57.443040714395067425 211.9824609425818096 
 46.129332215410322249 223.2961694415665761 
 227.14866819916650797 64.90425045577990204 
 57.443040714395095847 234.60987794055134259 
 215.83495970018174148 53.590541956795128442 
 227.14866819916647955 87.531667453749449237 
 227.14866819916650797 110.15908445171896801 
 238.46237669815124605 98.845375952734201519 
 215.83495970018174148 98.845375952734201519 
 204.52125120119697499 110.15908445171896801 
 204.52125120119697499  132.786501449688501 
 215.8349597001817699 121.47279295070372029 
 193.2075427022122085 121.47279295070372029 
  181.893834203227442  132.786501449688501 
  181.893834203227442 155.41391844765800556 
 193.2075427022122085 144.10020994867323907 
 170.58012570424270393 144.10020994867326749 
 159.26641720525793744 155.41391844765800556 
 159.26641720525793744 178.04133544562753855 
 170.58012570424273235 166.72762694664274363 
 147.95270870627317095 166.72762694664280048 
 136.63900020728840445 178.04133544562753855 
 136.63900020728840445 200.66875244359704311 
 147.95270870627317095 189.35504394461230504 
 125.32529170830365217 189.35504394461230504 
 114.01158320931888568 200.66875244359707153 
 114.01158320931888568 223.29616944156660452 
 125.32529170830365217 211.9824609425818096 
 102.69787471033411919 211.9824609425818096 
 91.384166211349366904 223.29616944156660452 
 91.384166211349366904 245.92358643953610908 
 102.69787471033414761 234.60987794055134259 
 80.070457712364600411 234.60987794055134259 
 68.756749213379848129 245.92358643953608066 
 249.77608519713601254 87.531667453749435026 
 238.46237669815127447 76.217958954764654322 
 249.77608519713598412 110.1590844517189538 
 249.77608519713601254 132.78650144968847258 
 238.46237669815124605 121.47279295070370608 
 227.14866819916647955 132.78650144968847258 
 227.14866819916647955 155.41391844765800556 
 238.46237669815124605 144.10020994867323907 
 215.83495970018174148 144.10020994867323907 
 204.52125120119694657 155.41391844765800556 
 204.52125120119694657 178.04133544562753855 
 215.83495970018174148 166.72762694664274363 
 193.2075427022122085 166.72762694664274363 
  181.893834203227442 178.04133544562751013 
  181.893834203227442 200.66875244359704311 
 193.2075427022122085 189.35504394461227662 
 170.58012570424270393 189.35504394461227662 
 159.26641720525790902 200.66875244359704311 
 159.26641720525790902 223.29616944156660452 
 170.58012570424270393 211.9824609425818096 
 147.95270870627314252 211.9824609425818096 
 136.63900020728840445 223.29616944156660452 
 136.63900020728840445 245.92358643953610908 
 147.95270870627314252 234.60987794055134259 
 125.32529170830363796 234.60987794055134259 
 114.01158320931888568 245.92358643953608066 
 249.77608519713601254 155.41391844765797714 
 249.77608519713598412 178.04133544562751013 
 238.46237669815124605 166.72762694664271521 
 227.14866819916647955 178.04133544562751013 
 227.14866819916647955 200.66875244359704311 
 238.46237669815124605 189.35504394461227662 
 215.83495970018171306 189.35504394461227662 
 204.52125120119697499 200.66875244359701469 
 204.52125120119694657 223.29616944156654768 
 215.83495970018174148 211.98246094258175276 
 193.2075427022122085 211.98246094258178118 
  181.893834203227442 223.29616944156654768 
  181.893834203227442 245.92358643953608066 
 193.2075427022122085 234.60987794055131417 
 170.58012570424267551 234.60987794055131417 
 159.2664172052578806 245.92358643953608066 
