 245.92044557508120306 32.564148440393893225 
 229.92044557508120306 48.564148440393886119 
 245.92044557508120306 48.564148440393886119 
 229.92044557508120306 32.564148440393893225 
 213.92044557508117464 32.564148440393893225 
 197.92044557508117464 48.564148440393886119 
 213.92044557508117464 48.564148440393886119 
 197.92044557508117464 32.564148440393893225 
 181.92044557508120306 32.564148440393893225 
 165.92044557508120306 48.564148440393886119 
 181.92044557508120306 48.564148440393886119 
 165.92044557508120306 32.564148440393893225 
 149.92044557508117464 32.564148440393893225 
 133.92044557508120306 48.564148440393886119 
 149.92044557508117464 48.564148440393886119 
 133.92044557508120306 32.564148440393893225 
 117.92044557508120306 32.564148440393893225 
 101.92044557508118885 48.564148440393886119 
 117.92044557508120306 48.564148440393886119 
 101.92044557508118885 32.564148440393893225 
 85.920445575081188849 32.564148440393893225 
 69.920445575081174638 48.564148440393886119 
 85.920445575081188849 48.564148440393886119 
 69.920445575081174638 32.564148440393893225 
 53.920445575081195955 32.564148440393893225 
 37.920445575081188849 48.564148440393886119 
 53.920445575081195955 48.564148440393886119 
 37.920445575081188849 32.564148440393893225 
 21.920445575081213718 32.564148440393893225 
 5.9204455750812057246 48.56414844039390033 
 21.920445575081213718 48.564148440393886119 
 5.9204455750812057246 32.564148440393907435 
 245.92044557508120306 64.564148440393893225 
 229.92044557508120306 80.564148440393879014 
 245.92044557508120306 80.564148440393879014 
 229.92044557508120306 64.564148440393893225 
 213.92044557508117464 64.564148440393893225 
 197.92044557508117464 80.564148440393879014 
 213.92044557508117464 80.564148440393879014 
 197.92044557508117464 64.564148440393893225 
 181.92044557508120306 64.564148440393893225 
 165.92044557508120306 80.564148440393879014 
 181.92044557508120306 80.564148440393879014 
 165.92044557508120306 64.564148440393893225 
 149.92044557508117464 64.564148440393893225 
 133.92044557508120306 80.564148440393879014 
 149.92044557508117464 80.564148440393879014 
 133.92044557508120306 64.564148440393893225 
 117.92044557508120306 64.564148440393893225 
 101.92044557508118885 80.564148440393879014 
 117.92044557508120306 80.564148440393879014 
 101.92044557508118885 64.564148440393893225 
 85.920445575081188849 64.564148440393893225 
 69.920445575081174638 80.564148440393879014 
 85.920445575081188849 80.564148440393879014 
 69.920445575081174638 64.564148440393893225 
 53.920445575081195955 64.564148440393893225 
 37.920445575081188849 80.564148440393879014 
 53.920445575081195955 80.564148440393879014 
 37.920445575081188849 64.564148440393893225 
 21.920445575081213718 64.564148440393893225 
 5.9204455750812057246 80.564148440393879014 
 21.920445575081213718 80.564148440393879014 
 5.9204455750812057246 64.564148440393893225 
 245.92044557508120306 96.564148440393893225 
 229.92044557508120306 112.56414844039389322 
 245.92044557508120306 112.56414844039389322 
 229.92044557508120306 96.564148440393893225 
 213.92044557508117464 96.564148440393893225 
 197.92044557508117464 112.56414844039389322 
 213.92044557508117464 112.56414844039389322 
 197.92044557508117464 96.564148440393893225 
 181.92044557508120306 96.564148440393893225 
 165.92044557508120306 112.56414844039389322 
 181.92044557508120306 112.56414844039389322 
 165.92044557508120306 96.564148440393893225 
 149.92044557508117464 96.564148440393893225 
 133.92044557508120306 112.56414844039389322 
 149.92044557508120306 112.56414844039389322 
 133.92044557508120306 96.564148440393893225 
 117.92044557508120306 96.564148440393893225 
 101.92044557508118885 112.56414844039389322 
 117.92044557508120306 112.56414844039389322 
 101.92044557508118885 96.564148440393893225 
 85.920445575081188849 96.564148440393893225 
 69.920445575081174638 112.56414844039389322 
 85.920445575081188849 112.56414844039389322 
 69.920445575081174638 96.564148440393893225 
 53.920445575081195955 96.564148440393893225 
 37.920445575081188849 112.56414844039389322 
 53.920445575081195955 112.56414844039389322 
 37.920445575081188849 96.564148440393893225 
 21.920445575081213718 96.564148440393893225 
 5.9204455750812057246 112.56414844039389322 
 21.920445575081213718 112.56414844039389322 
 5.9204455750812057246 96.564148440393893225 
 245.92044557508120306 128.56414844039389322 
 229.92044557508120306 144.56414844039389322 
 245.92044557508120306 144.56414844039389322 
 229.92044557508120306 128.56414844039389322 
 213.92044557508117464 128.56414844039389322 
 197.92044557508117464 144.56414844039389322 
 213.92044557508117464 144.56414844039389322 
 197.92044557508117464 128.56414844039389322 
 181.92044557508120306 128.56414844039389322 
 165.92044557508120306 144.56414844039389322 
 181.92044557508120306 144.56414844039389322 
 165.92044557508120306 128.56414844039389322 
 149.92044557508120306 128.56414844039389322 
 133.92044557508120306 144.56414844039389322 
 149.92044557508120306 144.56414844039389322 
 133.92044557508120306 128.56414844039389322 
 117.92044557508120306 128.56414844039389322 
 101.92044557508118885 144.56414844039389322 
 117.92044557508120306 144.56414844039389322 
 101.92044557508118885 128.56414844039389322 
 85.920445575081188849 128.56414844039389322 
 69.920445575081174638 144.56414844039389322 
 85.920445575081188849 144.56414844039389322 
 69.920445575081174638 128.56414844039389322 
 53.920445575081195955 128.56414844039389322 
 37.920445575081188849 144.56414844039389322 
 53.920445575081195955 144.56414844039389322 
 37.920445575081188849 128.56414844039389322 
 21.920445575081213718 128.56414844039389322 
 5.9204455750812057246 144.56414844039389322 
 21.920445575081213718 144.56414844039389322 
 5.9204455750812057246 128.56414844039392165 
 245.92044557508120306 160.56414844039389322 
 229.92044557508120306 176.56414844039389322 
 245.92044557508120306 176.56414844039389322 
 229.92044557508120306 160.56414844039389322 
 213.92044557508117464 160.56414844039389322 
 197.92044557508117464 176.56414844039389322 
 213.92044557508117464 176.56414844039389322 
 197.92044557508117464 160.56414844039389322 
 181.92044557508120306 160.56414844039389322 
 165.92044557508120306 176.56414844039389322 
 181.92044557508120306 176.56414844039389322 
 165.92044557508120306 160.56414844039389322 
 149.92044557508120306 160.56414844039389322 
 133.92044557508120306 176.56414844039389322 
 149.92044557508120306 176.56414844039389322 
 133.92044557508120306 160.56414844039389322 
 117.92044557508120306 160.56414844039389322 
 101.92044557508118885 176.56414844039389322 
 117.92044557508120306 176.56414844039389322 
 101.92044557508118885 160.56414844039389322 
 85.920445575081188849 160.56414844039389322 
 69.920445575081174638 176.56414844039389322 
 85.920445575081188849 176.56414844039389322 
 69.920445575081174638 160.56414844039389322 
 53.920445575081195955 160.56414844039389322 
 37.920445575081188849 176.56414844039389322 
 53.920445575081195955 176.56414844039389322 
 37.920445575081188849 160.56414844039389322 
 21.920445575081213718 160.56414844039389322 
 5.9204455750812057246 176.56414844039389322 
 21.920445575081213718 176.56414844039389322 
 5.9204455750812057246 160.56414844039389322 
 245.92044557508120306 192.56414844039389322 
 229.92044557508120306 208.56414844039392165 
 245.92044557508120306 208.56414844039392165 
 229.92044557508120306 192.56414844039389322 
 213.92044557508117464 192.56414844039389322 
 197.92044557508117464 208.56414844039392165 
 213.92044557508117464 208.56414844039392165 
 197.92044557508117464 192.56414844039389322 
 181.92044557508120306 192.56414844039389322 
 165.92044557508120306 208.56414844039392165 
 181.92044557508120306 208.56414844039392165 
 165.92044557508120306 192.56414844039389322 
 149.92044557508120306 192.56414844039389322 
 133.92044557508120306 208.56414844039392165 
 149.92044557508120306 208.56414844039392165 
 133.92044557508120306 192.56414844039389322 
 117.92044557508120306 192.56414844039389322 
 101.92044557508118885 208.56414844039392165 
 117.92044557508120306 208.56414844039392165 
 101.92044557508118885 192.56414844039389322 
 85.920445575081188849 192.56414844039389322 
 69.920445575081174638 208.56414844039392165 
 85.920445575081188849 208.56414844039392165 
 69.920445575081174638 192.56414844039389322 
 53.920445575081195955 192.56414844039389322 
 37.920445575081188849 208.56414844039392165 
 53.920445575081195955 208.56414844039392165 
 37.920445575081188849 192.56414844039389322 
 21.920445575081213718 192.56414844039389322 
 5.9204455750812057246 208.56414844039392165 
 21.920445575081213718 208.56414844039392165 
 5.9204455750812057246 192.56414844039389322 
 245.92044557508120306 224.56414844039389322 
 229.92044557508120306 240.56414844039389322 
 245.92044557508120306 240.56414844039389322 
 229.92044557508120306 224.56414844039389322 
 213.92044557508117464 224.56414844039389322 
 197.92044557508117464 240.56414844039389322 
 213.92044557508117464 240.56414844039389322 
 197.92044557508117464 224.56414844039389322 
 181.92044557508120306 224.56414844039389322 
 165.92044557508120306 240.56414844039389322 
 181.92044557508120306 240.56414844039389322 
 165.92044557508120306 224.56414844039389322 
 149.92044557508120306 224.56414844039389322 
 133.92044557508120306 240.56414844039389322 
 149.92044557508120306 240.56414844039389322 
 133.92044557508120306 224.56414844039389322 
 117.92044557508120306 224.56414844039389322 
 101.92044557508118885 240.56414844039389322 
 117.92044557508120306 240.56414844039389322 
 101.92044557508118885 224.56414844039389322 
 85.920445575081188849 224.56414844039389322 
 69.920445575081174638 240.56414844039389322 
 85.920445575081188849 240.56414844039389322 
 69.920445575081174638 224.56414844039389322 
 53.920445575081195955 224.56414844039389322 
 37.920445575081188849 240.56414844039389322 
 53.920445575081195955 240.56414844039389322 
 37.920445575081188849 224.56414844039389322 
 21.920445575081213718 224.56414844039389322 
 5.9204455750812057246 240.56414844039392165 
 21.920445575081213718 240.56414844039389322 
 5.9204455750812057246 224.56414844039392165 
 245.92044557508120306 256.5641484403938648 
 229.92044557508120306 16.564148440393886119 
 245.92044557508120306 16.564148440393886119 
 229.92044557508120306 256.5641484403938648 
 213.92044557508117464 256.5641484403938648 
 197.92044557508117464 16.564148440393886119 
 213.92044557508117464 16.564148440393886119 
 197.92044557508120306 256.5641484403938648 
 181.92044557508120306 256.5641484403938648 
 165.92044557508120306 16.564148440393886119 
 181.92044557508120306 16.564148440393886119 
 165.92044557508120306 256.5641484403938648 
 149.92044557508120306 256.5641484403938648 
 133.92044557508120306 16.564148440393886119 
 149.92044557508117464 16.564148440393886119 
 133.92044557508120306 256.5641484403938648 
 117.92044557508120306 256.5641484403938648 
 101.92044557508118885 16.564148440393886119 
 117.92044557508120306 16.564148440393886119 
 101.92044557508118885 256.5641484403938648 
 85.920445575081188849 256.5641484403938648 
 69.920445575081174638 16.564148440393886119 
 85.920445575081188849 16.564148440393886119 
 69.920445575081174638 256.5641484403938648 
 53.920445575081210166 256.5641484403938648 
 37.920445575081188849 16.564148440393886119 
 53.920445575081195955 16.564148440393886119 
 37.92044557508120306 256.5641484403938648 
 21.920445575081227929 256.5641484403938648 
 5.9204455750812057246 16.56414844039390033 
 21.920445575081213718 16.564148440393886119 
 5.9204455750812199355 256.5641484403938648 
