 39.425942213332980657 2.2197751694127232369 
 57.088585894047383817 6.952466279858830589 
 52.355894783601293341 24.615109960573221315 
 34.69325110288689018 19.882418850127127286 
 29.960559992440796151 37.545062530841533999 
 47.623203673155202864 42.277753641287624475 
 42.890512562709112387 59.940397322001999214 
 25.227868881994702122 55.207706211555908737 
 20.495177771548611645 72.870349892270297687 
 38.157821452263014805 77.60304100271640948 
 33.425130341816924329 95.265684683430791324 
 15.762486661102519392 90.532993572984693742 
 11.029795550656427139 108.1956372536990898 
 28.692439231370833852 112.92832836414518738 
 23.959748120924725612 130.59097204485956922 
 6.297104440210320675 125.85828093441348585 
 1.564413329764228644 143.52092461512788191 
 19.227057010478635135 148.25361572557395107 
 14.494365900032542882 165.91625940628836133 
 9.761674789586450629 183.5789030870027716 
 5.028983679140358376 201.24154676771715344 
 74.751229574761779872 11.685157390304922842 
 92.413873255476175927 16.417848500751013319 
 87.681182145030092556 34.080492181465402268 
 70.01853846431568229 29.347801071019311792 
 65.285847353869584708 47.010444751733714952 
 82.948491034583994974 51.743135862179812534 
 78.215799924137897392 69.405779542894194378 
 60.553156243423501337 64.673088432448082585 
 55.820465132977403755 82.335732113162492851 
 73.483108813691814021 87.068423223608590433 
 68.750417703245702228 104.73106690432297228 
 51.087774022531313278 99.998375793876888906 
 46.355082912085222802 117.66101947459127075 
 64.017726592799618857 122.39371058503736833 
 59.285035482353521274 140.05635426575176439 
 41.622391801639132325 135.32366315530566681 
 36.889700691193020532 152.98630683602004865 
 54.552344371907430798 157.71899794646614623 
 49.819653261461340321 175.3816416271805565 
 32.157009580746930055 170.64895051673445892 
 27.424318470300839579 188.31159419744886918 
 45.086962151015242739 193.04428530789496676 
 40.354271040569138052 210.70692898860932019 
 22.691627359854749102 205.97423787816325103 
 17.958936249408655073 223.63688155887760445 
 35.621579930123047575 228.36957266932370203 
 110.07651693619055777 21.150539611197107348 
 127.73916061690495383 25.883230721643197825 
 123.00646950645885624 43.545874402357590327 
 105.34382582574446019 38.813183291911492745 
 100.61113471529837682 56.475826972625903011 
 118.27377839601275866 61.208518083071993487 
 113.54108728556666108 78.871161763786361121 
 95.878443604852279236 74.13847065334027775 
 91.145752494406181654 91.801114334054673805 
 108.80839617512057771 96.533805444500771387 
 104.07570506467448013 114.19644912521516744 
 86.413061383960098283 109.46375801476906986 
 81.680370273514000701 127.12640169548346591 
 99.343013954228396756 131.85909280592954929 
 94.610322843782299174 149.52173648664395955 
 76.947679163067917329 144.78904537619786197 
 72.214988052621819747 162.45168905691224381 
 89.877631733336187381 167.1843801673583414 
 85.144940622890104009 184.84702384807272324 
 67.482296942175707954 180.11433273762665408 
 62.749605831729617478 197.77697641834106435 
 80.412249512444006427 202.50966752878713351 
 75.679558401997923056 220.17231120950151535 
 58.016914721283527001 215.43962009905541777 
 53.284223610837436524 233.10226377976979961 
 70.946867291551825474 237.83495489021589719 
 132.4718517273510372 8.2205870409288088752 
 114.80920804663664114 3.4878959304827166221 
 145.40180429761932146 30.615921832089291854 
 163.06444797833373173 35.348612942535382331 
 158.33175686788763414 53.01125662324977128 
 140.6691131871732523 48.278565512803680804 
 135.93642207672715472 65.94120919351809107 
 153.59906575744156498 70.673900303964188652 
 148.8663746469954674 88.336543984678570496 
 131.20373096628105714 83.603852874232458703 
 126.47103985583495955 101.26649655494686897 
 144.13368353654936982 105.99918766539295234 
 139.40099242610327224 123.66183134610734839 
 121.73834874538887618 118.92914023566125081 
 117.0056576349427786 136.59178391637564687 
 134.66830131565717465 141.32447502682174445 
 129.93561020521107707 158.98711870753615472 
 112.27296652449669523 154.25442759709005713 
 107.54027541405059765 171.91707127780441056 
 125.2029190947649937 176.64976238825050814 
 120.47022798431889612 194.3124060689649184 
 102.80758430360450006 189.57971495851882082 
 98.074893193158416693 207.24235863923323109 
 115.73753687387279854 211.97504974967932867 
 111.00484576342670096 229.63769343039371051 
 93.342202082712319111 224.90500231994761293 
 88.60951097226623574 242.56764600066199478 
 106.27215465298060337 247.30033711110806394 
 167.79713908877982931 17.685969261820993381 
 150.13449540806541904 12.953278151374901128 
 180.72709165904811357 40.081304052981472807 
 198.38973533976252384  44.8139951634275846 
 193.65704422931642625 62.476638844141966445 
 175.99440054860201599 57.743947733695861757 
 171.26170943815591841 75.406591414410272023 
 188.92435311887032867 80.139282524856355394 
 184.19166200842423109 97.801926205570751449 
 166.52901832770984925 93.069235095124653867 
 161.79632721726375166 110.73187877583904992 
 179.45897089797816193 115.46456988628513329 
 174.72627978753206435 133.12721356699952935 
 157.06363610681765408 128.39452245655343177 
 152.3309449963715565 146.05716613726784203 
 169.99358867708596676 150.78985724771391119 
 165.26089756663986918 168.45250092842832146 
 147.59825388592545892 163.71980981798222388 
 142.86556277547938976 181.38245349869660572 
 160.5282064561937716 186.1151446091427033 
 155.79551534574770244 203.77778828985711357 
 138.13287166503329217 199.04509717941101599 
 133.40018055458719459 216.70774086012542625 
 151.06282423530160486 221.44043197057152383 
 146.33013312485550728 239.10307565128587726 
 128.66748944414109701 234.37038454083977967 
 123.93479833369501364 252.03302822155416152 
 141.59744201440940969 256.76571933200028752 
 203.12242645020862142 27.151351482713174335 
 185.45978276949421115 22.418660372267083858 
 216.0523790204769341 49.546686273873675077 
 233.71502270119128752 54.279377384319765554 
 228.98233159074521836 71.942021065034154503 
 211.31968791003083652 67.209329954588056921 
 206.58699679958473894 84.871973635302452976 
 224.24964048029912078 89.604664745748564769 
 219.5169493698530232 107.2673084264629324 
 201.85430568913864136 102.53461731601684903 
 197.12161457869254377 120.19726099673123088 
 214.78425825940692562 124.92995210717732846 
 210.05156714896082804 142.59259578789172451 
 192.38892346824644619 137.85990467744562693 
 187.65623235780034861 155.52254835816000877 
 205.31887603851475887 160.25523946860613478 
 200.58618492806866129 177.91788314932051662 
 182.92354124735425103 173.18519203887441904 
 178.19085013690815344 190.84783571958880088 
 195.85349381762256371 195.58052683003487004 
 191.12080270717643771 213.24317051074928031 
 173.45815902646205586 208.51047940030318273 
 168.7254679160159867 226.17312308101759299 
 186.38811159673034012 230.90581419146369058 
 181.65542048628424254 248.56845787217810084 
 163.99277680556988912 243.83576676173200326 
 238.44771381163738511 36.616733703605376604 
 220.78507013092300326 31.884042593159282575 
 251.37766638190566937 59.01206849476585603 
 246.64497527145957179 76.674712175480252085 
 241.9122841610134742 94.33735585619464814 
 254.84223673128181531 116.73269064735512757 
 237.17959305056740504 111.99999953690902998 
 232.44690194012130746 129.66264321762341183 
 250.10954562083571773 134.39533432806950941 
 245.37685451038962015 152.05797800878391968 
 227.71421082967520988 147.32528689833782209 
 222.9815197192291123 164.98793057905223236 
 240.64416339994352256 169.72062168949832994 
 235.91147228949742498 187.38326537021268337 
 218.24882860878301472 182.6505742597666142 
 213.51613749833694555 200.31321794048096763 
 231.17878117905135582 205.04590905092709363 
 226.44609006860525824 222.70855273164147548 
 208.78344638789084797 217.97586162119537789 
 204.05075527744475039 235.63850530190978816 
 221.71339895815916066 240.37119641235588574 
 199.31806416699865281 253.30114898262419842 
 256.11035749235179537 41.349424814051467081 
