 103.14058474236664154 1.0816170927495327714 
 77.280679601830044589 1.0816170927495483145 
 90.210632172098328851 14.011569663017830578 
 77.280679601830044589 26.941522233286129051 
 64.350727031561746116 14.011569663017846565 
 51.420774461293454749 26.941522233286143262 
 64.350727031561746116 39.871474803554427524 
 51.420774461293454749 52.801427373822725997 
 38.490821891025156276 39.871474803554441735 
 25.560869320756872014 52.801427373822725997 
 38.490821891025170487 65.731379944091017364 
 25.560869320756872014 78.661332514359315837 
 12.630916750488573541 65.731379944091031575 
 12.630916750488573541 91.591285084627600099 
 154.86039502343979279 1.0816170927495327714 
 129.00048988290322427 1.0816170927495327714 
 141.93044245317150853 14.011569663017846565 
 129.00048988290325269 26.941522233286129051 
 116.0705373126349258 14.011569663017846565 
 103.14058474236662732 26.941522233286129051 
 116.0705373126349258 39.871474803554441735 
 103.14058474236664154 52.801427373822725997 
 90.210632172098328851 39.871474803554441735 
 77.280679601830044589 52.801427373822725997 
 90.210632172098343062 65.731379944091031575 
 77.280679601830044589 78.661332514359315837 
 64.350727031561746116 65.731379944091031575 
 51.420774461293454749 78.661332514359315837 
 64.350727031561774538 91.59128508462761431 
 51.42077446129346896 104.52123765489591278 
 38.490821891025156276 91.59128508462761431 
 25.56086932075685425 104.52123765489591278 
 38.490821891025170487 117.45119022516421126 
 25.560869320756872014 130.38114279543250973 
 12.630916750488573541 117.45119022516421126 
 12.630916750488573541 143.31109536570082241 
 180.72030016397641816 1.0816170927495327714 
 193.65025273424470242 14.011569663017830578 
 180.72030016397641816 26.941522233286129051 
 167.79034759370810548 14.011569663017830578 
 154.86039502343982122 26.941522233286129051 
 167.79034759370810548 39.871474803554427524 
 154.86039502343982122 52.801427373822725997 
 141.93044245317150853 39.871474803554427524 
 129.00048988290325269 52.801427373822725997 
 141.93044245317150853 65.731379944091017364 
 129.00048988290325269 78.661332514359315837 
 116.07053731263494001 65.731379944091017364 
 103.14058474236664154 78.661332514359315837 
 116.07053731263494001 91.59128508462761431 
 103.14058474236664154 104.52123765489591278 
 90.210632172098343062 91.59128508462761431 
  77.2806796018300588 104.52123765489591278 
 90.210632172098357273 117.45119022516419705 
 77.280679601830044589 130.38114279543250973 
 64.350727031561774538 117.45119022516419705 
 51.42077446129346896 130.38114279543250973 
 64.350727031561774538 143.31109536570079399 
 51.42077446129346896 156.24104793596910667 
 38.490821891025170487 143.31109536570079399 
 25.560869320756872014 156.24104793596910667 
 38.490821891025170487 169.17100050623739094 
 25.560869320756872014 182.10095307650570362 
 12.630916750488573541 169.17100050623739094 
 206.58020530451298669 26.941522233286129051 
 219.51015787478129937 39.871474803554427524 
 206.58020530451298669 52.801427373822725997 
 193.65025273424470242 39.871474803554427524 
 180.72030016397641816 52.801427373822725997 
 193.65025273424470242 65.731379944091017364 
 180.72030016397641816 78.661332514359315837 
 167.79034759370810548 65.731379944091017364 
 154.86039502343982122 78.661332514359315837 
 167.79034759370810548 91.59128508462761431 
 154.86039502343982122 104.52123765489591278 
 141.93044245317150853 91.59128508462761431 
 129.00048988290325269 104.52123765489591278 
 141.93044245317150853 117.45119022516421126 
 129.00048988290325269 130.38114279543250973 
 116.07053731263494001 117.45119022516421126 
 103.14058474236664154 130.38114279543248131 
 116.07053731263495422 143.31109536570079399 
 103.14058474236665575 156.24104793596910667 
 90.210632172098357273 143.31109536570079399 
  77.2806796018300588 156.24104793596910667 
 90.210632172098357273 169.17100050623739094 
  77.2806796018300588 182.10095307650570362 
 64.350727031561774538 169.17100050623739094 
 51.42077446129346896 182.10095307650570362 
 64.350727031561774538 195.03090564677398788 
 51.42077446129346896 207.96085821704230057 
 38.490821891025170487 195.0309056467740163 
 232.44011044504961205 52.801427373822725997 
 245.37006301531792474 65.731379944091031575 
 232.44011044504961205 78.661332514359315837 
 219.51015787478129937 65.731379944091031575 
 206.58020530451301511 78.661332514359315837 
 219.51015787478129937 91.591285084627628521 
 206.58020530451301511 104.52123765489591278 
 193.65025273424473085 91.591285084627628521 
 180.72030016397641816 104.52123765489591278 
 193.65025273424473085 117.45119022516422547 
 180.72030016397641816 130.38114279543250973 
 167.7903475937081339 117.45119022516422547 
 154.86039502343982122 130.38114279543250973 
 167.7903475937081339 143.31109536570082241 
 154.86039502343982122 156.24104793596910667 
 141.93044245317156538 143.31109536570082241 
 129.00048988290325269 156.24104793596910667 
 141.93044245317156538 169.17100050623739094 
 129.00048988290328111 182.10095307650570362 
 116.07053731263495422 169.17100050623739094 
 103.14058474236666996 182.10095307650570362 
 116.07053731263496843 195.0309056467740163 
 103.14058474236666996 207.96085821704230057 
 90.210632172098357273 195.0309056467740163 
 77.280679601830073011 207.96085821704230057 
 90.210632172098371484 220.89081078731058483 
 77.280679601830073011 233.82076335757889751 
 64.350727031561774538 220.89081078731061325 
 245.37006301531792474 91.591285084627628521 
 232.44011044504961205 104.52123765489591278 
 245.37006301531792474 117.45119022516422547 
 232.44011044504961205 130.38114279543250973 
 219.51015787478132779 117.45119022516422547 
 206.58020530451301511 130.38114279543250973 
 219.51015787478132779 143.31109536570082241 
 206.58020530451304353 156.24104793596910667 
 193.65025273424473085 143.31109536570082241 
 180.72030016397641816 156.24104793596910667 
 193.65025273424473085 169.17100050623741936 
 180.72030016397641816 182.10095307650570362 
 167.7903475937081339 169.17100050623741936 
 154.86039502343987806 182.10095307650570362 
 167.79034759370819074 195.0309056467740163 
 154.86039502343987806 207.96085821704230057 
 141.93044245317156538 195.0309056467740163 
 129.00048988290328111 207.96085821704230057 
 141.93044245317156538 220.89081078731058483 
 129.00048988290328111 233.82076335757889751 
 116.07053731263496843 220.89081078731058483 
 103.14058474236666996 233.82076335757889751 
 116.07053731263496843 246.7507159278472102 
 90.210632172098371484 246.7507159278472102 
 245.37006301531792474 143.31109536570082241 
 232.44011044504961205 156.24104793596910667 
 245.37006301531792474 169.17100050623739094 
 232.44011044504961205 182.10095307650570362 
 219.51015787478132779 169.17100050623739094 
 206.58020530451304353 182.10095307650570362 
 219.51015787478132779 195.0309056467740163 
 206.58020530451304353 207.96085821704230057 
 193.65025273424473085 195.0309056467740163 
 180.72030016397647501 207.96085821704227214 
 193.65025273424473085 220.89081078731058483 
 180.72030016397647501 233.82076335757889751 
 167.79034759370819074 220.89081078731058483 
 154.86039502343987806 233.82076335757889751 
 167.79034759370819074 246.75071592784718177 
 141.93044245317156538 246.75071592784718177 
