 164.60661650047816806 3.4891395602399644105 
 148.7707234027055847 12.63199670309710676 
 123.79197316207583413 5.938960748181662197 
 132.93483030493300134 21.774853845954250886 
 117.09893720716038956 30.917710988811393236 
 107.95608006430325077 15.081817891038804547 
 92.120186966530667405 24.224675033895948673 
 101.2630441093878062 40.060568131668539138 
 85.427151011615222842 49.203425274525677935 
 76.284293868758069834 33.367532176753087469 
 60.448400770985465158 42.510389319610247583 
 69.59125791384261106 58.346282417382838048 
  53.7553648160700277 67.489139560239976845 
 44.612507673212867587 51.653246462467393485 
 28.776614575440280674 60.796103605324539387 
 37.919471718297437235 76.631996703097144064 
 22.083578620524832559 85.77485384595426865 
 12.940721477667690209 69.93896074818168529 
 6.2476855227522305469 94.917710988811421657 
 173.74947364333530686  19.3250326580125531 
 182.89233078619244566 35.160925755785157776 
 167.0564376884198623 44.303782898642296573 
 157.91358054556275192 28.46788980086970966 
 142.07768744779011172 37.610746943726837799 
 151.22054459064727894 53.446640041499442475 
 135.38465149287466716 62.589497184356581272 
 126.24179435001754257 46.753604086583997912 
  110.405901252244945 55.896461229441136709 
 119.54875839510209801 71.732354327213741385 
 103.71286529732950044 80.875211470070865971 
 94.570008154472361639 65.039318372298282611 
 78.734115056699749857 74.182175515155435619 
 87.876972199556902865 90.01806861292803319 
 72.041079101784305294 99.160925755785171987 
 62.898221958927159392 83.325032658012588627 
 47.062328861154561821 92.467889800869727424 
 56.205186004011721934 108.30378289864231078 
 40.369292906239117258  117.446640041499478 
 31.226435763381978461 101.61074694372686622 
 15.390542665609387996 110.75360408658401923 
 24.533399808466516134 126.58949718435660259 
 8.6975067106939274453 135.7323543272137556 
 198.72822388396505744 26.018068612928011873 
 189.58536674110789022 10.182175515155424961 
 192.03518792904958445 50.996818853557741136 
 201.17804507190675167 66.832711951330338707 
 185.34215197413416831 75.975569094187477504 
 176.19929483127700109 60.139675996414887038 
 160.36340173350441773 69.28253313927203294 
 169.50625887636155653 85.118426237044630511 
 153.67036577858897317 94.261283379901755097 
 144.52750863573183437 78.425390282129171737 
 128.69161553795925101 87.568247424986324745 
 137.83447268081638981 103.40414052275892232 
 121.99857958304379224 112.54699766561606111 
 112.85572244018663923 96.711104567843463542 
 97.019829342414041662 105.85396171070061655 
 106.16268648527118046 121.68985480847319991 
 90.326793387498597099 130.83271195133036713 
 81.183936244641458302 114.99681885355775535 
 65.348043146868860731 124.13967599641490835 
 74.490900289726013739 139.97556909418750593 
 58.655007191953401957 149.11842623704464472 
 49.51215004909626316 133.28253313927206136 
 33.676256951323672695 142.42539028212920016 
 42.819114094180818597 158.26128337990178352 
 26.983220996408228132 167.40414052275892232 
 17.840363853551085782 151.56824742498633896 
 2.0044707557784979812 160.71110456784350617 
 11.147327898635641219 176.54699766561608953 
 217.01393816967933503 57.689854808473192804 
 207.87108102682216781 41.853961710700602339 
 210.32090221476389047 82.668605049102936277 
 219.46375935762102927 98.504498146875519637 
 203.62786625984847433 107.64735528973267265 
 194.48500911699130711 91.811462191960060863 
 178.64911601921872375 100.95431933481722808 
 187.79197316207586255 116.79021243258981144 
 171.95608006430327919 125.93306957544695024 
 162.81322292144611197 110.09717647767436688 
 146.97732982367352861 119.24003362053150568 
 156.12018696653066741 135.07592671830408904 
 140.28429386875808405 144.21878386116125625 
 131.14143672590094525 128.38289076338864447 
 115.30554362812833347 137.52574790624581169 
 124.44840077098547226 153.36164100401839505 
 108.6125076732128889 162.50449814687553385 
 99.469650530355735896 146.66860504910295049 
 83.633757432583152536 155.81146219196011771 
 92.776614575440291333 171.64735528973270107 
 76.940721477667707973 180.79021243258981144 
 67.797864334810554965 164.95431933481722808 
 51.961971237037957394 174.09717647767436688 
 61.104828379895103296 189.93306957544695024 
 45.268935282122512831 199.07592671830411746 
 36.126078139265374034 183.2400336205315341 
 20.290185041492783569 192.38289076338867289 
 29.433042184349925918 208.21878386116125625 
 235.29965245539361263 89.361641004018380841 
 226.15679531253650225 73.52574790624578327 
 228.60661650047816806 114.34039124464811721 
 237.74947364333530686 130.17628434242070057 
 221.9135805455627235 139.31914148527783937 
 212.77072340270561313 123.48324838750525601 
 196.93483030493297292 132.6261055303623948 
 206.07768744779014014 148.46199862813497816 
 190.24179435001755678 157.60485577099214538 
 181.09893720716038956 141.76896267321956202 
 165.2630441093878062 150.9118198160766724 
 174.40590125224497342 166.74771291384928418 
 158.57000815447236164 175.89057005670642297 
 149.42715101161522284 160.05467695893383961 
 133.59125791384263948 169.19753410179097841 
 142.73411505669974986 185.03342719956356177 
 126.8982219589271665 194.17628434242072899 
 117.7553648160700277 178.34039124464811721 
 101.91947171829744434 187.48324838750528443 
 111.06232886115458314 203.31914148527786779 
 95.226435763381985566 212.46199862813500658 
 86.08357862052484677 196.62610553036242322 
 70.247685522752249199 205.76896267321956202 
 79.390542665609402206 221.6048557709921738 
 63.554649567836811741 230.74771291384928418 
 54.411792424979658733 214.91181981607670082 
 38.575899327207068268 224.05467695893386804 
 47.718756470064228381 239.8905700567064514 
 253.58536674110789022 121.03342719956356177 
 244.44250959825075142 105.1975341017909642 
 246.89233078619247408 146.01217744019328393 
 256.03518792904958445 161.84807053796589571 
 240.19929483127705794 170.99092768082303451 
 231.05643768841989072 155.15503458305045115 
 215.22054459064730736 164.29789172590756152 
 224.36340173350441773 180.1337848236801733 
 208.52750863573183437 189.2766419665373121 
  199.384651492874724 173.44074886876472874 
 183.54875839510211222 182.58360601162189596 
 192.69161553795925101 198.41949910939447932 
 176.85572244018666765 207.56235625225161812 
 167.71286529732952886 191.72646315447900633 
 151.87697219955691708 200.86932029733617355 
 161.01982934241405587 216.70521339510875691 
 145.18393624464144409 225.84807053796589571 
 136.04107910178433372 210.01217744019331235 
 120.20518600401173615 219.15503458305045115 
 129.34804314686886073 234.99092768082306293 
 113.51215004909627737 244.13378482368020173 
 104.36929290623913857 228.29789172590761837 
 88.533399808466526792 237.44074886876475716 
 97.676256951323694011 253.27664196653734052 
 72.697506710693943432 246.58360601162189596 
 56.861613612921352967 255.72646315447903476 
 249.34215197413416831 186.82682077859561787 
 233.50625887636158495 195.96967792145275666 
 217.67036577858900159 205.11253506430989546 
 201.83447268081641823 214.25539220716706268 
 82.977329823673500186 8.3887819361233599835 
 67.141436725900916827 17.531639078980504109 
 185.99857958304380645 223.39824935002420148 
 170.16268648527119467 232.54110649288134027 
 51.30554362812831215 26.67449622183766067 
 35.469650530355721685 35.81735336469480302 
 154.32679338749861131 241.68396363573847907 
 138.49090028972602795 250.82682077859564629 
 19.633757432583134772 44.960210507551963133 
 3.7978643348105327604 54.103067650409087719 
