 126.65989606439481463 1.2336735869477379879 
 102.38073843652662731 5.3991693958741757697 
 108.27177183817779849 39.734856234319920532 
 93.186827172864781232 24.649911569006917489 
 117.46568310183964456 20.484114061187177924 
 83.995049151548556665 43.898520499794017269 
 59.715891523680369346 48.064016308720439952 
 65.606924925331540521 82.399703147166192707 
 50.521980260018516162 67.314758481853175454 
 68.910104486235539412 28.813575834480996463 
  74.8008361889933866 63.148960974033442994 
 41.330202238702291595 86.563367412640275234 
 17.051044610834118487 90.728863221566683706 
 22.942078012485268346 125.06455006001245067 
 7.857133347172250204 109.97960539469944763 
 26.245257573389270789 71.478422747327272191 
 32.13598927614713574 105.81380788687970096 
 156.82978539502082072 31.403562917573761837 
 132.55062776715266182 35.569058726500195178 
 138.44166116880379036 69.904745564945940828 
 123.35671650349080153 54.819800899632937785 
 141.74484072970784609 16.318618252260755241 
 147.63557243246569328 50.654003391813219537 
 114.16493848217457696 74.068409830420037565 
 89.885780854306403853 78.233905639346460248 
 95.776814255957560817  112.569592477792213 
 80.691869590644557775 97.48464781247919575 
 99.079993816861573919 58.983465165107034522 
 104.97072551961942111 93.318850304659477501 
 71.500091569328333208 116.73325674326629553 
 47.220933941460138783  120.898752552192704 
 53.111967343111288642 155.23443939063847097 
 38.027022677798285599 140.14949472532546793 
 56.415146904015308849 101.64831207795329249 
 62.305878606773177353 135.98369721750572126 
 28.835244656482093006 159.39810365611253928 
 4.5560870286139065755 163.56359946503894776 
 181.10650808165007675 27.239898652099697074 
 166.02156341633704528 12.154953986786678044 
 13.750299991169075753 144.31315899079953624 
 19.641031693926926494 178.64854413035197922 
 186.99967472564685522 61.573452248199785686 
 162.7205170977786679 65.738948057126208369 
 168.61155049942985329 100.07463489557196112 
 153.52660583411682182 84.98969023025894387 
 171.91473006033385218 46.488507582886782643 
 177.80546176309169937 80.823892722439225622 
 144.33482781280059726 104.23829916104605786 
 120.05567018493242415 108.40379496997246633 
 125.94670358658359532 142.73948180841821909 
 110.86175892127056386 127.65453714310521605 
 129.24988314748759421 89.153354495733040608 
 135.1406148502454414 123.48873963528548359 
 101.66998089995433929 146.90314607389231583 
 77.390823272086180395 151.0686418828187243 
 83.281856673737323149 185.40432872126450548 
 68.196912008424305895 170.31938405595147401 
 86.58503623464133625 131.81820140857931278 
 92.475767937399197649 166.15358654813175576 
 59.005133987108116855 189.56799298673854537 
 34.725976359239915325 193.73348879566501068 
 211.27639741227608283 57.40978798272571737 
 196.19145274696305137 42.324843317412700117 
 43.920189321795099602 174.48304832142557075 
 49.81092102455294679 208.81843346097801373 
 217.16956405627288973 91.743341578825820193 
 192.89040642840470241 95.908837387752257087 
 198.7814398300558878 130.24452422619799563 
 183.69649516474285633 115.15957956088499259 
 202.08461939095988669 76.658396913512802939 
 207.97535109371773387 110.99378205306527434 
 174.50471714342663176 134.40818849167209237 
 150.22555951555847287 138.57368430059850084 
 156.11659291720960141 172.9093711390442536 
 141.03164825189662679 157.82442647373125055 
 159.41977247811362872 119.32324382635907511 
 165.31050418087150433 153.6586289659115323 
 131.83987023058040222 177.07303540451835033 
 107.5607126027122149 181.23853121344475881 
 113.45174600436335766 215.57421805189053998 
 98.366801339050354613 200.48927338657750852 
 116.75492556526737076 161.98809073920534729 
 122.64565726802523216 196.32347587875779027 
 89.175023317734158468 219.7378823173646083 
 64.895865689865956938 223.90337812629104519 
 241.44628674290211734 87.579677313351737666 
 226.3613420775891143 72.494732648038748835 
 74.090078652421141214 204.65293765205157683 
 79.980810355178988402 238.98832279160404823 
 247.33945338689889581 121.91323090945181207 
 223.06029575903073692 126.07872671837827738 
 228.95132916068189388 160.41441355682400172 
 213.86638449536889084 145.3294688915110271 
 232.25450872158592119 106.82828624413882324 
 238.14524042434373996 141.16367138369128043 
 204.67460647405263785 164.57807782229807003 
 180.39544884618447895 168.74357363122453535 
 186.28648224783566434 203.0792604696702881 
 171.20153758252263287 187.99431580435725664 
 189.58966180873966323 149.49313315698509541 
 195.48039351149751042 183.82851829653753839 
 162.00975956120637989  207.242924735144328 
 137.73060193333822099 211.40842054407076489 
 143.62163533498937795 245.74410738251654607 
 128.53669066967637491 230.65916271720354302 
 146.92481489589340526 192.1579800698313818 
 152.81554659865125245 226.49336520938376793 
 119.34491264836015034 249.90777164799061438 
 95.065755020491991445 254.07326745691705128 
 256.5312314082151488 102.66462197866475492 
 104.25996798304716151 234.82282698267758292 
 253.23018508965677142 156.24861604900428347 
 78.101882507551735557 9.5649669036938842481 
 244.03627382599489692 175.49935822213703318 
 234.84449580467870078 194.74796715292413296 
 210.56533817681051346 198.91346296185054143 
 35.437035594705477592 52.229813816540151095 
 201.37142691314866738 218.16420513498329115 
 219.75955113936566931 179.66302248761112992 
 44.630946858367344987 32.979071643407422698 
 192.17964889183244281 237.41281406577041935 
 167.9004912639642555 241.5783098746967994 
 177.09470422651941135 222.32786940045738788 
 1.9660999455210990128 75.643918556253666452 
