 186.2825049151965402 25.546127824481580149 
 163.17338972251275209 17.013974200435377782 
 151.10733088366242782 49.695067959741969332 
 145.58585792147530924 29.088650332241844154 
 180.76103195300942161 4.939710196981442536 
 168.69486268469987067 37.620391827935499407 
 128.00124018367446865 41.162545643157400832 
 104.89212499099068054 32.630392019111198465 
 92.82606615214035628 65.311485778417790016 
 87.304593189953237697 44.705068150917661285 
 122.47976722148735007 20.556128015657261443 
 110.41359795317779913 53.23680964661132009 
  69.7199754521523829 56.77896346183321441 
 46.610860259468616107 48.246809837786997832 
 34.544801420618270527 80.927903597093589383 
 29.023328458431162602 60.321485969593467757 
 64.198502489965278528 36.172545834333078574 
 52.132333221655720479 68.853227465287119458 
 11.438710720630345108 72.395381280509013777 
 209.38859561518449937 34.078650141066169965 
 203.86712265299738078 13.472232513566043011 
 5.9172377584432247488 51.788963653008877941 
 197.32545083957077736 66.758963079481830505 
 174.21633564688696083 58.226809455435628138 
 162.15027680803663657 90.907903214742219689 
 156.62880384584954641 70.301485587242112274 
 191.80397787738365878 46.152545451981708879 
 179.73780860907407941 78.833227082935749763 
 139.0441861080486774 82.375380898157644083 
 115.93507091536488929 73.843227274111441716 
 103.86901207651457923 106.52432103341803327 
 98.347539114327460652 85.917903405917911641 
 133.52271314586158724 61.768963270657508247 
 121.45654387755200787 94.449644901611563341 
 80.762921376526605854 97.991798716833457661 
 57.653806183842831956 89.459645092787241083 
 45.587747344992493481 122.14073885209384684 
 40.066274382805389109 101.53432122459372522 
 75.241448414339501483 77.385381089333321825 
 63.175279146029943433 110.06606272028737692 
 22.481656645004569839 113.60821653550927124 
 220.43154153955870811 75.291485396066420321 
 214.91006857737161795 54.685067768566291591 
 16.960183682817451256 93.001798908009121192 
 4.8940144145078825488 125.6824805389631905 
 208.36839676394495768 107.97179833448207376 
 185.25928157126116957 99.439644710435857178 
 173.19322273241087373 132.12073846974246294 
 167.67174977022375515 111.51432084224234131 
 202.84692380175786752 87.36538070698195213 
 190.78075453344828816 120.0460623379359788 
 150.08713203242288614 123.58821615315787312 
 126.97801683973912645 115.05606252911167076 
 114.91195800088878798 147.73715628841827652 
 109.39048503870168361 127.13073866091815489 
 144.56565907023579598 102.98179852565776571 
 132.49948980192621661 135.66248015661179238 
 91.805867300900828809 139.20463397183371512 
  68.6967521082170407 130.67248034778748433 
 56.630693269366702225 163.35357410709406167 
 51.109220307179597853 142.74715647959396847 
 86.284394338713710226 118.59821634433357929 
 74.218225070404159283 151.27889797528760596 
 33.524602569378778583 154.82105179050947186 
 10.415487376694974486 146.28889816646329791 
 231.47448746393291685 116.50432065106664936 
 225.95301450174579827 95.897903023566527736 
 28.003129607191674211 134.21463416300937865 
 15.936960338882093069 166.89531579396339112 
 219.41134268831919485 149.18463358948233122 
 196.30222749563540674 140.65247996543610043 
 184.23616865678505405 173.33357372474267777 
 178.71469569459796389 152.72715609724261299 
 213.88986972613207627 128.57821596198218117 
 201.82370045782252532 161.25889759293625048 
 161.13007795679709488 164.8010514081581448 
 138.0209627641133352 156.26889778411194243 
 125.95490392526299672 188.94999154341851977 
 120.43343096307589235 168.34357391591839814 
 155.60860499461000472 144.19463378065802317 
 143.54243572630042536 176.87531541161206405 
 102.84881322527503755 180.41746922683395837 
 79.739698032591263654 171.88531560278772758 
 67.67363919374092518 204.56640936209430492 
 62.152166231553827913 183.95999173459421172 
 97.32734026308791897 159.81105159933380833 
 85.261170994778368026 192.49173323028787763 
 44.567548493753008643 196.03388704550977195 
 21.458433301069199217 187.50173342146354116 
 242.51743338830715402 157.71715590606689261 
 236.99596042612003544 137.11073827856677099 
 39.046075531565882955 175.4274694180096219 
 26.979906263256303589 208.10815104896369121 
 230.45428861269340359 190.39746884448254605 
 207.34517342000961548 181.86531522043634368 
 195.27911458115929122 214.54640897974292102 
 189.75764161897217264 193.93999135224282782 
 224.93281565050628501 169.79105121698242442 
 212.86664638219670564 202.4717328479364653 
 172.17302388117136047 206.01388666315835962 
 149.06390868848754394 197.48173303911215726 
 136.99784984963721968 230.1628267984187346 
 131.47637688745012952 209.55640917091864139 
 166.65155091898421347  185.407469035658238 
 154.5853816506746341 218.0881506666123073 
 113.8917591496492463 221.63030448183414478 
 90.782643956965486609 213.09815085778799926 
 78.716585118115148134 245.7792446170945766 
 73.195112155928029551 225.17282698959445497 
 108.37028618746214192   201.02388685433408 
 96.30411691915257677 233.70456848528806404 
 55.610494418127217386 237.24672230050995836 
 32.501379225443429277 228.71456867646378441 
 253.56037931268133434 198.92999116106713586 
 248.03890635049424418 178.32357353356704266 
 50.089021455940098804 216.64030467300983673 
 38.022852187630512333 249.32098630396390604 
 218.38811934438382423 223.07815047543661535 
 140.06438495928819066 8.4822327047416905543 
 200.8005875433464098 235.15282660724307107 
 235.97576157488049375 211.00388647198269609 
 160.10685461286175268 238.69456829411240051 
 81.783120227766119115 24.098650523417507685 
 142.51932281182433826 250.76924442591888464 
 177.69449684335845063 226.62030429065848125 
 99.370652028803561961 12.023974391611055523 
 58.677029527778167051 15.566128206832937408 
 101.82558988133969535 254.31098611278821409 
 23.501855496244044019 39.715068342093310605 
 119.41323211183635067 242.23672210933429483 
 41.089387297281497524 27.640392210286858443 
