 25.304467341258931157 36.236780504156122618 
 43.590181626973219409 54.522494789870414422 
 25.304467341258931157 72.808209075584684911 
 43.590181626973219409 91.093923361298976715 
 25.304467341258931157 109.37963764701326852 
 43.590181626973219409 127.66535193272756032 
 25.304467341258931157 145.95106621844183792 
 43.590181626973219409 164.23678050415611551 
 25.304467341258931157 182.52249478987042153 
 43.590181626973219409 200.80820907558469912 
 25.304467341258931157 219.09392336129900514 
 43.590181626973219409 237.37963764701325431 
 25.304467341258931157 255.6653519327275319 
 43.590181626973219409 17.951066218441845024 
 61.875895912687497002 36.236780504156122618 
 80.161610198401788807 54.522494789870414422 
 61.875895912687497002 72.808209075584684911 
 80.161610198401788807 91.093923361298976715 
 61.875895912687497002 109.37963764701326852 
 80.161610198401788807 127.66535193272756032 
 61.875895912687497002 145.95106621844183792 
 80.161610198401788807 164.23678050415611551 
 61.875895912687497002 182.52249478987042153 
 80.161610198401788807 200.80820907558469912 
 61.875895912687497002 219.09392336129900514 
 80.161610198401788807 237.37963764701325431 
 61.875895912687497002 255.6653519327275319 
 80.161610198401788807 17.951066218441845024 
 98.447324484116080612 36.236780504156122618 
 116.73303876983035821 54.522494789870414422 
 98.447324484116080612 72.808209075584684911 
 116.73303876983035821 91.093923361298976715 
 98.447324484116080612 109.37963764701326852 
 116.73303876983035821 127.66535193272756032 
 98.447324484116080612 145.95106621844183792 
 116.73303876983035821 164.23678050415611551 
 98.447324484116080612 182.52249478987042153 
 116.73303876983035821 200.80820907558469912 
 98.447324484116080612 219.09392336129900514 
 116.73303876983035821 237.37963764701325431 
 98.447324484116080612 255.6653519327275319 
 116.73303876983035821 17.951066218441845024 
 135.0187530555446358 36.236780504156122618 
 153.30446734125894181 54.522494789870414422 
 135.0187530555446358 72.808209075584684911 
 153.30446734125894181 91.093923361298976715 
 135.0187530555446358 109.37963764701326852 
 153.30446734125894181 127.66535193272756032 
 135.0187530555446358 145.95106621844183792 
 153.30446734125894181 164.23678050415611551 
 135.0187530555446358 182.52249478987042153 
 153.30446734125894181 200.80820907558469912 
 135.0187530555446358 219.09392336129900514 
 153.30446734125894181 237.37963764701325431 
 135.0187530555446358 255.6653519327275319 
 153.30446734125894181 17.951066218441845024 
 171.59018162697321941 36.236780504156122618 
  189.875895912687497 54.522494789870414422 
 171.59018162697321941 72.808209075584684911 
  189.875895912687497 91.093923361298976715 
 171.59018162697321941 109.37963764701326852 
  189.875895912687497 127.66535193272756032 
 171.59018162697321941 145.95106621844183792 
  189.875895912687497 164.23678050415611551 
 171.59018162697321941 182.52249478987042153 
  189.875895912687497 200.80820907558469912 
 171.59018162697321941 219.09392336129900514 
  189.875895912687497 237.37963764701325431 
 171.59018162697321941 255.6653519327275319 
  189.875895912687497 17.951066218441845024 
 208.16161019840180302 36.236780504156122618 
 226.44732448411608061 54.522494789870414422 
 208.16161019840180302 72.808209075584684911 
 226.44732448411608061 91.093923361298976715 
 208.16161019840180302 109.37963764701326852 
 226.44732448411608061 127.66535193272756032 
 208.16161019840180302 145.95106621844183792 
 226.44732448411608061 164.23678050415611551 
 208.16161019840180302 182.52249478987042153 
 226.44732448411608061 200.80820907558469912 
 208.16161019840180302 219.09392336129900514 
 226.44732448411608061 237.37963764701325431 
 208.16161019840180302 255.6653519327275319 
 226.44732448411608061 17.951066218441845024 
 244.73303876983035821 36.236780504156122618 
 7.0187530555446411284 54.522494789870414422 
 244.73303876983035821 72.808209075584684911 
 7.0187530555446411284 91.093923361298976715 
 244.73303876983035821 109.37963764701326852 
 7.0187530555446411284 127.66535193272756032 
 244.73303876983035821 145.95106621844183792 
 7.0187530555446411284 164.23678050415611551 
 244.73303876983035821 182.52249478987042153 
 7.0187530555446411284 200.80820907558469912 
 244.73303876983035821 219.09392336129900514 
 7.0187530555446411284 237.37963764701325431 
 244.73303876983035821 255.6653519327275319 
 7.0187530555446411284 17.951066218441845024 
