 67.167193529908686855 2.7204946504168603383 
 73.86022948482415984 27.699244891046586048 
 48.881479244194409262 34.392280845962048375 
 55.574515199109875141 59.371031086591777637 
 30.59576495848013522 66.064067041507229305 
 37.288800913395597547 91.042817282136965673 
 12.310050672765845192 97.735853237052424447 
 19.003086627681309295 122.71460347768216081 
 123.81772996608363258 14.313172981215700474 
 98.838979725453881997 21.00620893613114859 
 105.53201568036934077  45.9849591767608743 
 80.553265439739604403 52.677995131676325968 
 87.246301394655048966 77.656745372306062336 
 62.267551154025326809 84.349781327221506899 
 68.960587108940771373 109.32853156785124327 
 43.981836868311035005 116.02156752276670204 
 50.674872823226486673 141.00031776339645262 
 25.696122582596746753 147.69335371831189718 
 32.389158537512216185 172.67210395894164776 
 7.4104082968824851463 179.3651399138570639 
 14.103444251797920828 204.34389015448681448 
 148.79648020671336894 7.6201370263002345951 
 155.48951616162881351 32.598887266929992279 
 130.51076592099906293 39.291923221845436842 
 137.20380187591453591 64.27067346247517321 
 112.22505163528478533 70.963709417390617773 
 118.91808759020025832 95.942459658020354141 
 93.939337349570521951 102.6354956129357987 
 100.63237330448596651 127.61424585356553507 
 75.653623063856230146 134.30728180848097963 
 82.34665901877168892 159.28603204911073021 
 57.367908778141938342 165.9790680040262032 
 64.060944733057397116 190.95781824465592535 
 39.082194492427674959 197.6508541995713415 
 45.775230447343126627 222.62960444020109207 
 180.46826640225853566 25.905851312014512189 
 187.16130235717398023 50.884601552644262767 
 162.18255211654425807 57.577637507559714436 
 168.87558807145973105 82.556387748189436593 
 143.89683783082998048 89.249423703104895367 
 150.58987378574542504 114.22817394373463173 
 125.61112354511568867 120.9212098986500763 
 132.30415950003114745 145.89996013927981267 
 107.32540925940141108 152.59299609419528565 
 114.01844521431686985 177.57174633482500781 
 89.039694973687133484 184.26478228974045237 
 95.732730928602578047 209.24353253037020295 
 70.75398068797285589 215.93656848528561909 
 77.447016642888300453 240.91531872591536967 
 212.14005259780373081 44.191565597728796888 
 218.83308855271917537 69.170315838358561678 
 193.85433831208945321 75.863351793274006241 
 200.5473742670049262 100.8421020339037284 
 175.56862402637517562 107.53513798881918717 
 182.26165998129062018 132.51388822944889512 
 157.28290974066089802 139.2069241843643681 
 163.97594569557634259 164.18567442499409026 
 138.99719545494662043 170.87871037990956324 
 145.69023140986203657 195.8574606205392854 
 120.71148116923231441 202.55049657545475839 
 127.40451712414777319 227.52924681608450896 
 102.42576688351803682 234.22228277099992511 
 243.81183879334892595 62.477279883443088693 
 250.50487474826439893 87.456030124072839271 
 225.52612450763464835 94.149066078988283834 
 232.21916046255009292 119.12781631961800599 
 207.24041022192037076 125.82085227453347898 
 213.93344617683581532 150.79960251516320113 
 188.95469593620609317 157.49263847007867412 
 195.64773189112153773 182.47138871070839627 
 170.66898165049178715 189.16442466562384084 
 177.36201760540726013 214.14317490625359142 
 152.38326736477750956 220.83621086116903598 
 159.07630331969298254 245.81496110179875814 
 134.09755307906326038 252.5079970567142027 
 238.91219641746550906 144.10656656024772815 
 245.60523237238098204 169.08531680087747873 
 220.62648213175125989 175.77835275579292329 
 227.31951808666670445 200.75710299642264545 
 202.34076784603695387 207.45013895133811843 
 209.03380380095239843 232.42888919196784059 
 184.05505356032267628 239.12192514688331357 
