 195.09734738341688853 11.186245838758146931 
 182.16739481314854743 33.581580629918605041 
  159.772060021988068 20.651628059650327884 
 146.84210745171978374 43.046962850810785994 
 124.44677266055930431 30.117010280542508838 
 111.51682009029099163 52.512345071702981159 
 89.121485299130497992 39.582392501434704002 
 76.19153272886221373 61.977727292595176323 
 53.796197937701720093 49.047774722326899166 
 40.866245367433414515 71.443109513487357276 
 18.47091057627292443 58.513156943219080119 
 5.5409580060046170757 80.90849173437955244 
 217.49268217457736796 24.11619840902642764 
 204.56272960430905528 46.511533200186917725 
 191.63277703404074259 68.906867991347411362 
 169.23744224288026317 55.976915421079098678 
 156.3074896726119789 78.372250212239606526 
 133.91215488145147106 65.442297641971293842 
 120.98220231118318679 87.837632433131773269 
 98.586867520022693157 74.907679862863489006 
 85.656914949754394684 97.303014654023968433 
 63.261580158593901047 84.37306208375566996 
 50.331627588325609679 106.76839687491614939 
 27.936292797165105384 93.838444304647850913 
 15.00634022689681224 116.23377909580834455 
 226.95806439546956312 59.441485770455223303 
 214.02811182520125044 81.836820561615709835 
 201.09815925493293776 104.23215535277620347 
 178.70282446377245833 91.302202782507890788 
 165.77287189350417407 113.69753757366838443 
 143.37753710234366622 100.76758500340007174 
 130.44758453207538196 123.16291979456057959 
 108.05224974091488832 110.23296722429226691 
 95.122297170646589848 132.62830201545276054 
   72.726962379486082 119.69834944518446207 
 59.797009809217790632 142.09368423634492729 
 37.401675018057296995 129.16373166607667144 
 24.471722447788991417 151.55906645723712245 
 2.0763876566285457415 138.62911388696883819 
 236.42344661636172987 94.766773131884022519 
 223.49349404609341718 117.16210792304448773 
 210.56354147582513292 139.55744271420496716 
 188.16820668466465349 126.62749014393666869 
 175.23825411439634081 149.02282493509716232 
 152.84291932323583296 136.09287236482884964 
 139.91296675296757712 158.48820715598932907 
 117.51763196180705506 145.55825458572101638 
 104.5876793915387708 167.95358937688152423 
 82.192344600378277164 155.02363680661321155 
 69.26239203010996448 177.4189715977737194 
 46.867057238949477949 164.48901902750540671 
 33.937104668681186581 186.88435381866591456 
 11.541769877520726695 173.95440124839760188 
 245.88882883725392503  130.092060493312772 
 232.95887626698561235 152.48739528447327984 
 220.02892369671732808 174.88273007563375927 
 197.63358890555682024 161.95277750536544659 
 184.70363633528853597 184.34811229652595443 
 162.30830154412802813 171.41815972625764175 
 149.37834897385974386 193.81349451741812118 
 126.98301418269925023 180.88354194714983691 
 114.05306161243096597 203.27887673831031634 
 91.657726821270472328 190.34892416804203208 
 78.727774251002159644 212.74425895920251151 
 56.332439459841658902 199.81430638893419882 
 43.402486889573367534 222.20964118009470667 
 21.007152098412905872 209.27968860982639399 
 255.35421105814609177 165.41734785474159253 
 242.42425848787780751 187.81268264590207195 
 229.49430591760952325 210.20801743706252296 
 207.0989711264490154 197.27806486679426712 
 194.16901855618070272 219.67339965795471812 
 171.77368376502022329 206.74344708768643386 
 158.84373119475191061 229.13878187884691329 
 136.4483964035914596 216.20882930857862902 
 123.51844383332314692 238.60416409973910845 
 101.12310904216265328 225.67421152947082419 
 88.193156471894354809 248.06954632063130362 
 65.797821680733861172 235.13959375036299093 
 30.472534319305101036 244.6049759712551861 
 251.88964070877000268 223.13797000733080722 
 216.56435334734118214 232.60335222822300238 
 137.37672523082758858 7.7216754893820338523 
 181.23906598591241845 242.06873444911519755 
 102.05143786939881068 17.187057710274228128 
 145.91377862448362634 251.53411667000739271 
 66.726150507970032777 26.652439931166423293 
 31.400863146541233561 36.117822152058607799 
