 66.174032294149171207 31.896730637668255781 
 85.516804037857227172 21.94976098040813639 
 47.888318008434893613 63.568516833213436712 
 67.231089752142949578 53.621547175953317321 
 29.602603722720601809 95.240303028758631854 
 48.945375466428664879 85.293333371498505358 
 11.31688943700631178 126.91208922430381278 
 30.65966118071438018 116.9651195670437005 
 12.373946895000102586 148.63690576258889564 
 104.85957578156526893 12.002791323148002789 
 124.2023475252733391 2.0558216658878833982 
 86.573861495850991332 43.674577518693190825 
 105.9166332395590473 33.727607861433071434 
 68.288147210136713738 75.346363714238364651 
 87.630918953844769703 65.399394056978266576 
 50.002432924422429039  107.018149909783574 
 69.345204668130492109 97.071180252523447507 
 31.716718638708140787 138.68993610532876914 
 51.05949038241620741 128.74296644806861423 
 13.431004352993850759 170.36172230087396429 
 32.773776096701922711 160.41475264361380937 
 14.488061810987641564 192.08653883915900451 
 125.25940498326711747 23.780638204172941386 
 144.60217672697518765 13.833668546912820219 
 106.97369069755282567 55.452424399718132975 
 126.31646244126088163 45.505454742458013584 
 88.687976411838548074  87.1242105952633068 
 108.03074815554660404 77.177240938003194515 
 70.40226212612425627 118.79599679080850194 
 89.745033869832312234 108.84902713354837545 
 52.11654784040997157 150.46778298635368287 
 71.459319584118034641 140.5208133290935848 
 33.830833554695693977 182.13956918189887801 
 53.173605298403749941 172.19259952463875152 
 34.887891012689472348 203.86438572018394666 
 145.65923418496896602 35.558485085197894193 
 165.00200592867699356 25.611515427937757039 
 127.37351989925467421 67.230271280743068019 
 146.71629164296271597 57.283301623482948628 
 109.08780561354038241 98.90205747628826316 
 128.43057735724843837 88.955087819028136664 
 90.802091327826104816 130.5738436718334583 
 110.14486307153416078 120.6268740145733176 
 72.516377042111813012 162.24562986737865344 
 91.859148785819868976 152.29866021011852695 
 54.230662756397521207 193.91741606292382016 
 73.573434500105591383 183.97044640566372209 
 163.94494847068321519 3.8866988896527292496 
 55.287720214391313789 215.64223260120888881 
 166.05906338667077193 47.336331966222829237 
 185.4018351303788279 37.389362308962695636 
 147.77334910095649434 79.008118161768010168 
 167.1161208446645503 69.061148504507883672 
 129.48763481524221675 110.67990435731317689 
 148.83040655895027271 100.7329347000530646 
 111.20192052952793915 142.35169055285837203 
 130.54469227323599512 132.40472089559824553 
 92.916206243813647347 174.02347674840356717 
 112.2589779875216891 164.07650709114344068 
 74.630491958099355543 205.69526294394879073 
 93.973263701807425718 195.74829328668863582 
 184.34477767238502111 15.66454577067766607 
 75.687549416093133914 227.42007948223380254 
 186.45889258837257785 59.11417884724775007 
 205.80166433208066223 49.167209189987616469 
 168.17317830265832868 90.785965042792938107 
 187.51595004636635622 80.838995385532825821 
 149.88746401694402266 122.45775123833811904 
 169.23023576065207862 112.51078158107800675 
 131.60174973122974507 154.12953743388331418 
 150.94452147493777261 144.18256777662318768 
 113.31603544551546747 185.80132362942850932 
 132.65880718922352344 175.85435397216838282 
 95.030321159801175668 217.47310982497367604 
 114.37309290350923163 207.52614016771354954 
 204.74460687408688386 27.442392651702590456 
 96.087378617794939828 239.19792636325874469 
 206.85872179007444061 70.892025728272685114 
 226.20149353378249657 60.945056071012572829 
 188.57300750436013459 102.56381192381788026 
 207.91577924806821898 92.616842266557767971 
 170.28729321864588542 134.23559811936306119 
 189.63006496235391296 124.2886284621029489 
 152.0015789329315794 165.90738431490825633 
 171.34435067663966379 155.96041465764812983 
 133.71586464721730181 197.57917051045345147 
 153.05863639092535777 187.63220085319332497 
   115.43015036150301 229.25095670599861819 
 134.77292210521108018 219.30398704873852012 
 225.1444360757887182  39.2202395327275255 
 116.48720781949680259 250.97577324428371526 
 227.25855099177624652 82.669872609297627264 
 246.60132273548430248 72.722902952037514979 
 208.97283670606196893 114.34165880484282241 
 228.31560844977002489 104.39468914758269591 
 190.68712242034769133 146.01344500038800334 
 210.02989416405571887 136.06647534312787684 
 172.40140813463341374 177.68523119593319848 
 191.7441798783414697 167.73826153867307198 
 154.11569384891910772 209.35701739147839362 
 173.45846559262719211 199.41004773421826712 
 135.82997956320483013 241.02880358702358876 
 155.17275130691288609 231.08183392976346227 
 245.54426527749052411 50.998086413752467649 
 247.65838019347808086 94.447719490322569413 
 229.37266590776380326 126.11950568586773613 
 248.71543765147185923 116.17253602860763806 
 211.08695162204949725 157.79129188141294549 
 230.42972336575758163 147.84432222415281899 
 192.80123733633524807 189.46307807695811221 
 212.14400908004327562 179.51610841969801413 
 174.51552305062094206 221.13486427250330735 
 193.85829479432902644 211.18789461524320927 
 156.22980876490666446 252.80665046804850249 
 175.57258050861474885 242.85968081078837599 
 249.7724951094656376 137.89735256689269249 
 65.116974836155392836 10.17191409938319957 
   231.48678082375136 169.56913876243785921 
 46.831260550441115242 41.843700294928389383 
 213.20106653803705399 201.24092495798305436 
 28.545546264726837649 73.515486490473563208 
 194.91535225232277639 232.9127111535282495 
 10.259831979012549397 105.18727268601875835 
