 108.60135135492804181 14.97842550447967902 
 129.85949932254590067 10.376668331560939151 
 82.74144621439145908 40.838330645016277742 
 103.99959418200931793 36.23657347209753965 
 56.881541073854862134 66.698235785552853372 
 78.139689041472720987 62.096478612634143701 
 31.021635933318279399 92.558140926089464529 
 52.279783900936124041 87.956383753170740647 
 5.1617307927816762358 118.41804606662607569 
 26.419878760399523543 113.8162888937073518 
 125.25774214962717679 31.634816299178815768 
 146.51589011724502143 27.033059126260077676 
 99.397837009090594051 57.494721439715405609 
 120.65598497670843869 52.892964266796667516 
 73.537931868554011317 83.354626580251988344 
 94.796079836171855959 78.752869407333278673 
 47.678026728017414371 109.2145317207885995 
 68.936174695635244802 104.61277454786987562 
 21.818121587480813872 135.07443686132521066 
 43.076269555098647857 130.47267968840648678 
 17.216364414562061569 156.33258482894308372 
 151.11764729016377373 5.7749111586422294806 
 172.3757952577816468 1.1731539857234623003 
 141.91413294432632597 48.291207093877929424 
 163.17228091194417061 43.689449920959205542 
 116.05422780378971481 74.15111223441454058 
 137.31237577140757367 69.549355061495788277 
 90.194322663253146288 100.01101737495112332 
 111.45247063087097672 95.409260202032399434 
 64.334417522716535132 125.87092251548772026 
 85.592565490334379774 121.26916534256899638 
 38.474512382179938186 151.73082765602433142 
 59.732660349797789934 147.12907048310560754 
 12.614607241643337687 177.59073279656092836 
 33.872755209261171672 172.98897562364220448 
 167.77403808486286607 22.431301953341339583 
 189.03218605248079598 17.82954478042258728 
 158.57052373902541831 64.947597888577050185 
 179.82867170664329137 60.345840715658326303 
 132.71061859848884978 90.807503029113647131 
 153.96876656610669443 86.205745856194909038 
 106.85071345795225284 116.66740816965024408 
 128.10886142557009748 112.06565099673152019 
 80.990808317415670103 142.52731331018682681 
 102.24895628503350054 137.92555613726813135 
 55.130903176879066052 168.38721845072345218 
 76.389051144496903589 163.7854612778047283 
 29.270998036342462001 194.24712359126004912 
 50.529146003960313749 189.64536641834132524 
 184.43042887956201525 39.08769274804046745 
 205.68857684717988832 34.485935575121708041 
 175.22691453372456749 81.603988683276170946 
 196.48506250134241213 77.002231510357432853 
 149.36700939318794212 107.4638938238127821 
 170.62515736080581519 102.86213665089404401 
 123.5071042526513736 133.32379896434935063 
 144.76525222026921824 128.72204179143062674 
 97.647199112114776653 159.18370410488597599 
 118.9053470797326213 154.58194693196725211 
 71.787293971578193919 185.04360924542257294 
 93.045441939196038561 180.44185207250384906 
 45.927388831041582762 210.90351438595916989 
 67.185536798659427404  206.301757213040446 
 201.08681967426116444 55.744083542739588211 
 222.3449676418790375 51.142326369820821697 
 191.88330532842368825 98.260379477975320128 
 213.14145329604153289 93.658622305056567825 
 166.02340018788709131 124.12028461851190286 
 187.28154815550493595 119.51852744559316477 
 140.16349504735052278 149.98018975904849981 
  161.421643014968339 145.37843258612977593 
 114.30358990681391163 175.84009489958509675 
 135.56173787443174206 171.23833772666637287 
 88.44368476627732889 201.7000000401216937 
 109.70183273389514511 197.09824286720296982 
 62.583779625740724839 227.55990518065831907 
 83.841927593358562376 222.95814800773956676 
 217.7432104689602852 72.400474337438723182 
 239.00135843657812984 67.798717164519942457 
 208.53969612312280901 114.91677027267442668 
 229.79784409074065366 110.31501309975571701 
 182.67979098258621207 140.77667541321105205 
 203.93793895020411355 136.17491824029229974 
 156.81988584204964354 166.63658055374762057 
 178.07803380966748819 162.03482338082892511 
 130.95998070151301818 192.49648569428421752 
 152.21812866913089124 187.89472852136549363 
 105.10007556097643544 218.35639083482084288 
 126.35822352859429429 213.75463366190209058 
 79.240170420439852705 244.21629597535741141 
 100.49831838805769735 239.61453880243871595 
 234.39960126365940596 89.056865132137843943 
 255.65774923127727902 84.455107959219105851 
 225.1960869178219582 131.57316106737354744 
 246.45423488543980284 126.97140389445482356 
 199.33618177728533283 157.43306620791014439 
 220.59432974490320589 152.83130903499144893 
 173.47627663674879273 183.29297134844674133 
 194.73442460436663737 178.69121417552801745 
 147.61637149621216736 209.15287648898333828 
  168.874519463830012 204.5511193160646144 
 121.75646635567557041 235.01278162951993522 
 143.01461432329341505 230.41102445660123976 
 117.15470918275681811 256.27092959713786513 
 251.05599205835852672 105.7132559268369647 
 241.85247771252107896 148.2295518620726682 
 215.99257257198448201 174.08945700260929357 
 237.25072053960232665 169.48769982969054126 
 190.13266743144788506 199.94936214314586209 
 211.39081539906572971 195.34760497022713821 
 164.27276229091128812 225.80926728368245904 
 185.53091025852916118 221.20751011076376358 
 138.41285715037469117 251.66917242421908441 
 159.67100511799253582 247.0674152513003321 
 232.64896336668360277 190.74584779730841433 
 87.343203387310211383 19.580182677398418889 
 206.78905822614700583 216.60575293784498285 
 61.483298246773607332 45.440087817935030046 
 180.92915308561040888 242.46565807838160822 
 35.623393106237017491 71.299992958471619886 
 9.7634879657004152165 97.159898099008231043 
