 191.65243191150221946 28.632200899944166395 
 209.93814619721649706 40.410047780969122755 
 155.08100334007363585 28.632200899944166395 
 173.36671762578791345 40.410047780969122755 
 118.50957476864508067 28.632200899944166395 
 136.79528905435932984 40.410047780969122755 
 81.938146197216497058 28.632200899944166395 
 100.22386048293078886 40.410047780969122755 
 45.366717625787920554 28.632200899944166395 
 63.652431911502212358 40.410047780969122755 
 8.7952890543593404971 28.632200899944180605 
 27.081003340073628749 40.410047780969122755 
 228.22386048293080307 28.632200899944166395 
 246.50957476864510909 40.410047780969108544 
 191.65243191150221946 52.187894661994057799 
 209.93814619721649706 63.965741543018992843 
 155.08100334007363585 52.187894661994057799 
 173.36671762578791345 63.965741543018992843 
 118.50957476864508067 52.187894661994057799 
 136.79528905435932984 63.965741543018992843 
 81.938146197216497058 52.187894661994057799 
 100.22386048293078886 63.965741543018992843 
 45.366717625787920554 52.187894661994057799 
 63.652431911502212358 63.965741543018992843 
 8.7952890543593404971 52.18789466199407201 
 27.081003340073628749 63.965741543018992843 
 228.22386048293080307 52.187894661994057799 
 246.50957476864510909 63.965741543018978632 
 191.65243191150221946 75.743588424043920782 
 209.93814619721649706 87.521435305068862931 
 155.08100334007363585 75.743588424043934992 
 173.36671762578794187 87.521435305068862931 
 118.50957476864508067 75.743588424043934992 
 136.79528905435932984 87.521435305068862931 
 81.938146197216497058 75.743588424043934992 
 100.22386048293078886 87.521435305068862931 
 45.366717625787920554 75.743588424043949203 
 63.652431911502212358 87.521435305068862931 
 8.7952890543593404971 75.743588424043949203 
 27.081003340073628749 87.521435305068862931 
 228.22386048293080307 75.743588424043920782 
 246.50957476864510909 87.521435305068862931 
 191.65243191150221946 99.29928218609380508 
 209.93814619721649706 111.07712906711876144 
 155.08100334007363585 99.29928218609380508 
 173.36671762578794187 111.07712906711876144 
 118.50957476864508067 99.29928218609380508 
 136.79528905435932984 111.07712906711876144 
 81.938146197216497058 99.29928218609380508 
 100.22386048293078886 111.07712906711876144 
 45.366717625787920554 99.29928218609380508 
 63.652431911502212358 111.07712906711876144 
 8.7952890543593404971 99.299282186093819291 
 27.081003340073628749 111.07712906711877565 
 228.22386048293080307 99.29928218609379087 
 246.50957476864510909 111.07712906711874723 
 191.65243191150221946 122.85497594814367517 
 209.93814619721649706 134.63282282916861732 
 155.08100334007363585 122.85497594814367517 
 173.36671762578794187 134.63282282916861732 
 118.50957476864508067 122.85497594814367517 
 136.79528905435935826 134.63282282916861732 
 81.938146197216497058 122.85497594814367517 
 100.22386048293078886 134.63282282916864574 
 45.366717625787920554 122.85497594814367517 
 63.652431911502212358 134.63282282916864574 
 8.7952890543593404971 122.85497594814368938 
 27.081003340073628749 134.63282282916864574 
 228.22386048293080307 122.85497594814367517 
 246.50957476864510909 134.63282282916861732 
 191.65243191150221946 146.41066971019353105 
 209.93814619721649706 158.18851659121850162 
 155.08100334007363585 146.41066971019355947 
 173.36671762578794187 158.18851659121850162 
 118.50957476864508067 146.41066971019355947 
 136.79528905435935826 158.18851659121853004 
 81.938146197216497058 146.41066971019355947 
 100.22386048293078886 158.18851659121853004 
 45.366717625787920554 146.41066971019355947 
 63.652431911502212358 158.18851659121853004 
 8.7952890543593404971 146.41066971019355947 
 27.081003340073628749 158.18851659121853004 
 228.22386048293080307 146.41066971019353105 
 246.50957476864510909 158.18851659121850162 
 191.65243191150221946 169.96636347224344377 
 209.93814619721649706 181.74421035326838592 
 155.08100334007366428 169.96636347224347219 
 173.36671762578794187 181.74421035326841434 
 118.50957476864508067 169.96636347224347219 
 136.79528905435935826 181.74421035326841434 
 81.938146197216497058 169.96636347224347219 
 100.22386048293078886 181.74421035326841434 
 45.366717625787920554 169.96636347224347219 
 63.652431911502212358 181.74421035326841434 
 8.7952890543593404971 169.96636347224347219 
 27.081003340073628749 181.74421035326841434 
 228.22386048293080307 169.96636347224344377 
 246.50957476864510909 181.74421035326838592 
 191.65243191150221946 193.52205723429332807 
 209.93814619721649706 205.29990411531827021 
 155.08100334007366428 193.52205723429332807 
 173.36671762578794187 205.29990411531827021 
 118.50957476864508067 193.52205723429332807 
 136.79528905435935826 205.29990411531827021 
 81.938146197216497058 193.52205723429332807 
 100.22386048293078886 205.29990411531827021 
 45.366717625787920554 193.52205723429332807 
 63.652431911502212358 205.29990411531827021 
 8.7952890543593404971 193.52205723429335649 
 27.081003340073628749 205.29990411531827021 
 228.22386048293080307 193.52205723429332807 
 246.50957476864510909 205.29990411531827021 
 191.65243191150221946 217.07775099634321236 
 209.93814619721649706 228.85559787736818294 
 155.08100334007366428 217.07775099634321236 
 173.36671762578794187 228.85559787736818294 
 118.50957476864508067 217.07775099634321236 
 136.79528905435935826 228.85559787736818294 
 81.938146197216497058 217.07775099634321236 
 100.22386048293078886 228.85559787736818294 
 45.366717625787920554 217.07775099634321236 
 63.652431911502212358 228.85559787736818294 
 8.7952890543593404971 217.07775099634321236 
 27.081003340073628749 228.85559787736818294 
 228.22386048293080307 217.07775099634321236 
 246.50957476864510909 228.85559787736815451 
 191.65243191150221946 240.63344475839306824 
 209.93814619721649706 16.854354018919259772 
 155.08100334007366428 240.63344475839306824 
 173.36671762578791345 16.854354018919259772 
 118.50957476864508067 240.63344475839306824 
 136.79528905435932984 16.854354018919259772 
 81.938146197216497058 240.63344475839306824 
 100.22386048293078886 16.854354018919259772 
 45.366717625787920554 240.63344475839306824 
 63.652431911502212358 16.854354018919259772 
 8.7952890543593404971 240.63344475839309666 
 27.081003340073628749 16.854354018919259772 
 228.22386048293080307 240.63344475839306824 
 246.50957476864510909 16.854354018919245561 
