 29.054821334107309383 27.397931901646501274 
 45.054821334107302278 43.397931901646494168 
 29.054821334107309383 59.397931901646501274 
 45.054821334107302278 75.397931901646501274 
 29.054821334107309383 91.397931901646501274 
 45.054821334107302278 107.39793190164648706 
 29.054821334107309383 123.39793190164648706 
 45.054821334107302278 139.39793190164650127 
 29.054821334107309383 155.39793190164650127 
 45.054821334107302278 171.39793190164647285 
 29.054821334107309383 187.39793190164647285 
 45.054821334107302278 203.39793190164650127 
 29.054821334107309383 219.39793190164650127 
 45.054821334107302278 235.39793190164650127 
 29.054821334107309383 251.39793190164647285 
 45.054821334107302278 11.397931901646481734 
 61.054821334107302278 27.397931901646501274 
 77.054821334107316488 43.397931901646494168 
 61.054821334107302278 59.397931901646501274 
 77.054821334107316488 75.397931901646501274 
 61.054821334107302278 91.397931901646501274 
 77.054821334107316488 107.39793190164648706 
 61.054821334107302278 123.39793190164648706 
 77.054821334107316488 139.39793190164650127 
 61.054821334107302278 155.39793190164650127 
 77.054821334107316488 171.39793190164647285 
 61.054821334107302278 187.39793190164647285 
 77.054821334107316488 203.39793190164650127 
 61.054821334107302278 219.39793190164650127 
 77.054821334107316488 235.39793190164650127 
 61.054821334107302278 251.39793190164647285 
 77.054821334107316488 11.397931901646481734 
 93.054821334107302278 27.397931901646501274 
 109.05482133410728807 43.397931901646494168 
 93.054821334107302278 59.397931901646501274 
 109.05482133410728807 75.397931901646501274 
 93.054821334107302278 91.397931901646501274 
 109.05482133410728807 107.39793190164648706 
 93.054821334107302278 123.39793190164648706 
 109.05482133410728807 139.39793190164650127 
 93.054821334107302278 155.39793190164650127 
 109.05482133410728807 171.39793190164647285 
 93.054821334107302278 187.39793190164647285 
 109.05482133410728807 203.39793190164650127 
 93.054821334107302278 219.39793190164650127 
 109.05482133410728807 235.39793190164650127 
 93.054821334107302278 251.39793190164647285 
 109.05482133410728807 11.397931901646481734 
 125.05482133410730228 27.397931901646501274 
 141.05482133410731649 43.397931901646494168 
 125.05482133410730228 59.397931901646501274 
 141.05482133410731649 75.397931901646501274 
 125.05482133410730228 91.397931901646501274 
 141.05482133410731649 107.39793190164648706 
 125.05482133410730228 123.39793190164648706 
 141.05482133410731649 139.39793190164650127 
 125.05482133410730228 155.39793190164650127 
 141.05482133410731649 171.39793190164647285 
 125.05482133410730228 187.39793190164647285 
 141.05482133410731649 203.39793190164650127 
 125.05482133410730228 219.39793190164650127 
 141.05482133410731649 235.39793190164650127 
 125.05482133410730228 251.39793190164647285 
 141.05482133410731649 11.397931901646481734 
 157.05482133410731649 27.397931901646501274 
 173.05482133410728807 43.397931901646494168 
 157.05482133410731649 59.397931901646501274 
 173.05482133410728807 75.397931901646501274 
 157.05482133410731649 91.397931901646501274 
 173.05482133410728807 107.39793190164648706 
 157.05482133410731649 123.39793190164648706 
 173.05482133410728807 139.39793190164650127 
 157.05482133410731649 155.39793190164650127 
 173.05482133410728807 171.39793190164647285 
 157.05482133410731649 187.39793190164647285 
 173.05482133410728807 203.39793190164650127 
 157.05482133410731649 219.39793190164650127 
 173.05482133410728807 235.39793190164650127 
 157.05482133410731649 251.39793190164647285 
 173.05482133410728807 11.397931901646481734 
 189.05482133410728807 27.397931901646501274 
 205.05482133410728807 43.397931901646494168 
 189.05482133410728807 59.397931901646501274 
 205.05482133410728807 75.397931901646501274 
 189.05482133410728807 91.397931901646501274 
 205.05482133410728807 107.39793190164648706 
 189.05482133410728807 123.39793190164648706 
 205.05482133410728807 139.39793190164650127 
 189.05482133410728807 155.39793190164650127 
 205.05482133410728807 171.39793190164647285 
 189.05482133410728807 187.39793190164647285 
 205.05482133410728807 203.39793190164650127 
 189.05482133410728807 219.39793190164650127 
 205.05482133410728807 235.39793190164650127 
 189.05482133410728807 251.39793190164647285 
 205.05482133410728807 11.397931901646481734 
 221.05482133410728807 27.397931901646501274 
 237.05482133410731649 43.397931901646494168 
 221.05482133410728807 59.397931901646501274 
 237.05482133410731649 75.397931901646501274 
 221.05482133410728807 91.397931901646501274 
 237.05482133410731649 107.39793190164648706 
 221.05482133410728807 123.39793190164648706 
 237.05482133410731649 139.39793190164650127 
 221.05482133410728807 155.39793190164650127 
 237.05482133410731649 171.39793190164647285 
 221.05482133410728807 187.39793190164647285 
 237.05482133410731649 203.39793190164650127 
 221.05482133410728807 219.39793190164650127 
 237.05482133410731649 235.39793190164650127 
 221.05482133410728807 251.39793190164647285 
 237.05482133410731649 11.397931901646481734 
 253.05482133410728807 27.397931901646501274 
 13.054821334107288067 43.397931901646494168 
 253.05482133410728807 59.397931901646501274 
 13.054821334107288067 75.397931901646501274 
 253.05482133410728807 91.397931901646501274 
 13.054821334107288067 107.39793190164648706 
 253.05482133410728807 123.39793190164648706 
 13.054821334107288067 139.39793190164650127 
 253.05482133410728807 155.39793190164650127 
 13.054821334107288067 171.39793190164647285 
 253.05482133410728807 187.39793190164647285 
 13.054821334107288067 203.39793190164650127 
 253.05482133410728807 219.39793190164650127 
 13.054821334107288067 235.39793190164650127 
 253.05482133410728807 251.39793190164647285 
 13.054821334107288067 11.397931901646481734 
