 3.0385840861777695388 29.324791225192974764 
 19.038584086177760213 45.324791225192967659 
 3.0385840861777695388 61.324791225192974764 
 19.038584086177760213 77.324791225192981869 
 3.0385840861777695388 93.324791225192967659 
 19.038584086177760213 109.32479122519295345 
 3.0385840861777695388 125.32479122519296766 
 19.038584086177760213 141.32479122519296766 
 3.0385840861777695388 157.32479122519296766 
 19.038584086177760213 173.32479122519293924 
 3.0385840861777695388 189.32479122519296766 
 19.038584086177760213 205.32479122519296766 
 3.0385840861777695388 221.32479122519296766 
 19.038584086177760213 237.32479122519296766 
 3.0385840861777695388 253.32479122519293924 
 19.038584086177760213 13.324791225192985422 
 35.038584086177763766 29.324791225192974764 
 51.038584086177770871 45.324791225192967659 
 35.038584086177763766 61.324791225192974764 
 51.038584086177770871 77.324791225192981869 
 35.038584086177763766 93.324791225192967659 
 51.038584086177770871 109.32479122519295345 
 35.038584086177763766 125.32479122519296766 
 51.038584086177770871 141.32479122519296766 
 35.038584086177763766 157.32479122519296766 
 51.038584086177770871 173.32479122519293924 
 35.038584086177763766 189.32479122519296766 
 51.038584086177770871 205.32479122519296766 
 35.038584086177763766 221.32479122519296766 
 51.038584086177770871 237.32479122519296766 
 35.038584086177763766 253.32479122519293924 
 51.038584086177770871 13.324791225192985422 
 67.038584086177763766 29.324791225192974764 
 83.038584086177763766 45.324791225192967659 
 67.038584086177763766 61.324791225192974764 
 83.038584086177763766 77.324791225192981869 
 67.038584086177763766 93.324791225192967659 
 83.038584086177763766 109.32479122519295345 
 67.038584086177763766 125.32479122519296766 
 83.038584086177763766 141.32479122519296766 
 67.038584086177763766 157.32479122519296766 
 83.038584086177763766 173.32479122519293924 
 67.038584086177763766 189.32479122519296766 
 83.038584086177763766 205.32479122519296766 
 67.038584086177763766 221.32479122519296766 
 83.038584086177763766 237.32479122519296766 
 67.038584086177763766 253.32479122519293924 
 83.038584086177763766 13.324791225192985422 
 99.038584086177777976 29.324791225192974764 
 115.03858408617777798 45.324791225192967659 
 99.038584086177777976 61.324791225192974764 
 115.03858408617777798 77.324791225192981869 
 99.038584086177777976 93.324791225192967659 
 115.03858408617777798 109.32479122519295345 
 99.038584086177777976 125.32479122519296766 
 115.03858408617777798 141.32479122519296766 
 99.038584086177777976 157.32479122519296766 
 115.03858408617777798 173.32479122519293924 
 99.038584086177777976 189.32479122519296766 
 115.03858408617777798 205.32479122519296766 
 99.038584086177777976 221.32479122519296766 
 115.03858408617777798 237.32479122519296766 
 99.038584086177777976 253.32479122519293924 
 115.03858408617777798 13.324791225192985422 
 131.03858408617776377 29.324791225192974764 
 147.03858408617776377 45.324791225192967659 
 131.03858408617776377 61.324791225192974764 
 147.03858408617776377 77.324791225192981869 
 131.03858408617776377 93.324791225192967659 
 147.03858408617776377 109.32479122519295345 
 131.03858408617776377 125.32479122519296766 
 147.03858408617776377 141.32479122519296766 
 131.03858408617776377 157.32479122519296766 
 147.03858408617776377 173.32479122519293924 
 131.03858408617776377 189.32479122519296766 
 147.03858408617776377 205.32479122519296766 
 131.03858408617776377 221.32479122519296766 
 147.03858408617776377 237.32479122519296766 
 131.03858408617776377 253.32479122519293924 
 147.03858408617776377 13.324791225192985422 
 163.03858408617776377 29.324791225192974764 
 179.03858408617776377 45.324791225192967659 
 163.03858408617776377 61.324791225192974764 
 179.03858408617776377 77.324791225192981869 
 163.03858408617776377 93.324791225192967659 
 179.03858408617776377 109.32479122519295345 
 163.03858408617776377 125.32479122519296766 
 179.03858408617776377 141.32479122519296766 
 163.03858408617776377 157.32479122519296766 
 179.03858408617776377 173.32479122519293924 
 163.03858408617776377 189.32479122519296766 
 179.03858408617776377 205.32479122519296766 
 163.03858408617776377 221.32479122519296766 
 179.03858408617776377 237.32479122519296766 
 163.03858408617776377 253.32479122519293924 
 179.03858408617776377 13.324791225192985422 
 195.03858408617776377 29.324791225192974764 
 211.03858408617779219 45.324791225192967659 
 195.03858408617776377 61.324791225192974764 
 211.03858408617779219 77.324791225192981869 
 195.03858408617776377 93.324791225192967659 
 211.03858408617779219 109.32479122519295345 
 195.03858408617776377 125.32479122519296766 
 211.03858408617779219 141.32479122519296766 
 195.03858408617776377 157.32479122519296766 
 211.03858408617779219 173.32479122519293924 
 195.03858408617776377 189.32479122519296766 
 211.03858408617779219 205.32479122519296766 
 195.03858408617776377 221.32479122519296766 
 211.03858408617779219 237.32479122519296766 
 195.03858408617776377 253.32479122519293924 
 211.03858408617779219 13.324791225192985422 
 227.03858408617776377 29.324791225192974764 
 243.03858408617776377 45.324791225192967659 
 227.03858408617776377 61.324791225192974764 
 243.03858408617776377 77.324791225192981869 
 227.03858408617776377 93.324791225192967659 
 243.03858408617776377 109.32479122519295345 
 227.03858408617776377 125.32479122519296766 
 243.03858408617776377 141.32479122519296766 
 227.03858408617776377 157.32479122519296766 
 243.03858408617776377 173.32479122519293924 
 227.03858408617776377 189.32479122519296766 
 243.03858408617776377 205.32479122519296766 
 227.03858408617776377 221.32479122519296766 
 243.03858408617776377 237.32479122519296766 
 227.03858408617776377 253.32479122519293924 
 243.03858408617776377 13.324791225192985422 
