 88.060084183903867938 14.144988419992882811 
 115.65600212616929809  11.6022904584266211 
 107.65600212616929809 25.458696918977661738 
 72.06008418390389636 41.857801341094905467 
 99.656002126169312305 39.315103379528672178 
 91.656002126169312305 53.171509840079686171 
 80.060084183903882149 28.001394880543895027 
 56.060084183903889254 69.570614262196954769 
 83.656002126169312305 67.027916300630707269 
 75.656002126169312305 80.884322761181721262 
 64.060084183903882149 55.714207801645947882 
 40.06008418390389636 97.283427183298996965 
 67.656002126169312305 94.740729221732735255 
 59.656002126169312305 108.59713568228376346 
 48.06008418390389636 83.427020722747968762 
 24.060084183903892807 124.99624010440105337 
 51.656002126169312305 122.45354214283479166 
 43.656002126169312305 136.30994860338580565 
 32.06008418390389636 111.13983364385002517 
 8.0600841839038857017 152.70905302550309557 
  35.6560021261693052 150.16635506393683386 
  27.6560021261693052 164.02276152448786206 
 16.060084183903889254 138.85264656495206737 
 19.656002126169330069 177.87916798503886184 
 11.656002126169326516 191.73557444558989005 
 143.25192006843474246 9.0595924968603753769 
 170.84783801070017262 6.5168945352940994553 
 162.8478380107001442 20.373300995845127659 
 127.25192006843472825 36.772405417962410468 
 154.8478380107001442 34.229707456396141652 
 146.8478380107001442 48.08611391694716275 
 135.25192006843474246 22.915998957411385817 
 111.25192006843474246 64.485218339064431348 
 138.8478380107001442 61.942520377498176742 
 130.84783801070017262 75.79892683804918363 
 119.25192006843474246 50.62881187851342446 
 95.251920068434756672 92.198031260166487755 
 122.84783801070015841 89.655333298600211833 
 114.84783801070017262 103.51173975915124004 
 103.25192006843475667 78.341624799615459551 
 79.251920068434742461 119.91084418126852995 
 106.84783801070017262 117.36814621970225403 
 98.847838010700158407 131.22455268025328223 
 87.251920068434742461 106.05443772071750175 
 63.251920068434742461 147.62365710237054373 
 90.847838010700158407 145.08095914080428201 
 82.847838010700158407 158.93736560135533864 
 71.251920068434742461 133.76725064181954394 
 47.251920068434749567 175.33647002347262855 
 74.847838010700158407 172.79377206190633842 
 66.847838010700158407 186.65017852245736663 
 55.251920068434735356 161.48006356292160035 
 31.251920068434746014 203.04928294457465654 
 58.847838010700165512 200.50658498300836641 
 50.847838010700165512 214.36299144355939461 
 39.251920068434749567 189.19287648402362834 
 182.44375595296560277 31.687009494829890599 
 210.03967389523103293 29.144311533263632441 
 202.03967389523103293 43.000717993814660645 
 190.44375595296560277 17.830603034278865948 
 166.44375595296560277 59.399822415931929243 
 194.03967389523103293 56.857124454365667532 
 186.03967389523100451 70.713530914916702841 
 174.44375595296560277 45.543415955380901039 
 150.44375595296560277 87.112635337033950123 
 178.03967389523100451 84.569937375467702623 
 170.03967389523103293 98.426343836018716615 
 158.44375595296560277 73.25622887648293613 
 134.44375595296557435 114.82544825813600653 
 162.03967389523103293 112.28275029656974482 
 154.03967389523103293 126.13915675712077302 
 142.44375595296560277 100.96904179758497833 
 118.44375595296560277 142.5382611792380203 
 146.03967389523103293 139.99556321767175859 
 138.03967389523103293 153.85196967822281522 
 126.44375595296560277 128.68185471868702052 
 102.44375595296558856 170.25107410034007671 
 130.03967389523103293  167.708376138773815 
 122.03967389523101872 181.5647825993248432 
 110.44375595296558856 156.39466763978907693 
 86.443755952965602773 197.96388702144213312 
 114.03967389523101872 195.42118905987587141 
 106.03967389523103293 209.27759552042692803 
 94.443755952965602773 184.10748056089113334 
 70.443755952965588563 225.6766999425441611 
 98.03967389523104714 223.13400198097789939 
 90.03967389523104714 236.99040844152895602 
 78.443755952965602773 211.82029348199316132 
 221.63559183749643466 54.314426492799405821 
 249.23150977976186482 51.771728531233144111 
 241.23150977976186482 65.628134991784179419 
 229.63559183749643466 40.458020032248384723 
 205.63559183749643466 82.027239413901440912 
 233.23150977976186482 79.484541452335179201 
 225.23150977976186482 93.340947912886207405 
 213.63559183749643466 68.170832953350426919 
 189.63559183749643466 109.7400523350034689 
 217.23150977976186482 107.1973543734372214 
 209.23150977976186482 121.05376083398823539 
 197.63559183749643466 95.883645874452454905 
 173.63559183749643466 137.45286525610549688 
 201.23150977976186482 134.91016729453923517 
 193.23150977976186482 148.7665737550902918 
 181.63559183749643466 123.5964587955544971 
 157.63559183749643466 165.16567817720755329 
 185.23150977976189324 162.62298021564129158 
 177.23150977976189324 176.47938667619231978 
 165.63559183749646309 151.30927171665652509 
 141.63559183749643466 192.8784910983096097 
 169.23150977976189324 190.33579313674331956 
 161.23150977976189324 204.19219959729437619 
 149.63559183749643466 179.02208463775858149 
 125.63559183749643466 220.59130401941163768 
 153.23150977976189324 218.04860605784540439 
 145.23150977976189324 231.9050125183964326 
 133.63559183749643466 206.7348975588606379 
 109.63559183749644887 248.30411694051366567 
 137.23150977976189324 245.76141897894743238 
 117.63559183749644887 234.44771047996266589 
 244.8274277220273234 104.65465641187095969 
 252.8274277220273234 90.798249951319945694 
 228.8274277220273234 132.36746933297300188 
 256.42334566429275355 129.82477137140676859 
 248.42334566429275355 143.68117783195776838 
 236.8274277220273234 118.51106287242197368 
 212.8274277220273234 160.08028225407502987 
 240.42334566429272513 157.53758429250876816 
 232.42334566429272513 171.39399075305979636 
 220.8274277220273234 146.22387579352403009 
 196.8274277220273234 187.79309517517708628 
 224.42334566429275355 185.25039721361079614 
 216.42334566429275355 199.10680367416185277 
 204.8274277220273234 173.93668871462605807 
 180.82742772202729498 215.50590809627911426 
 208.42334566429275355 212.96321013471288097 
 200.42334566429275355 226.81961659526390918 
 188.8274277220273234 201.64950163572811448 
 164.82742772202729498 243.21872101738119909 
 192.42334566429275355 240.67602305581490896 
 184.42334566429275355 254.53242951636590874 
 172.82742772202729498 229.36231455683014246 
