 208.67974801893842596 26.137276777484650836 
 229.9909677001145667 43.852578516395332997 
 214.53615447948945416 47.993683238035664829 
 224.13456123956351007 21.996172055844315452 
 177.77012157768825773 34.419486220765300288 
 199.08134125886439847 52.13478795967599666 
 183.62652803823928593 56.275892681316314281 
 193.22493479831334184 30.278381499124982668 
 146.8604951364380895 42.701695664045971057 
 168.17171481761420182 60.416997402956653218 
 152.71690159698908928 64.55810212459698505 
 162.31530835706317362 38.56059094240563212 
 115.95086869518787864 50.98390510732663472 
 137.26208837636400517 68.699206846237316881 
 121.80727515573889264 72.840311567877648713 
 131.40568191581297697 46.842800385686302889 
 85.041242253937710416 59.266114550607291278 
 106.35246193511380852 76.981416289517980545 
 90.897648714488738619 81.122521011158298165 
 100.49605547456278032 55.125009828966966552 
 54.131615812687520872 67.548323993887947836 
 75.442835493863640295 85.263625732798644208 
 59.98802227323854197 89.404730454438976039 
 69.586429033312612091 63.40721927224762311 
 23.221989371437320671 75.83053343716862571 
 44.533209052613443646 93.545835176079307871 
 29.078395831988345321 97.686939897719639703 
 38.676802592062422548 71.689428715528293878 
 13.623582611363275419 101.82804461935997153 
 7.767176150812251656 79.971638158808957542 
 220.39256094004048236 69.850089698586685927 
 241.70378062121659468 87.565391437497382299 
 226.24896740059151057 91.70649615913771413 
 235.84737416066556648 65.708984976946339884 
 189.48293449879031414 78.13229914186734959 
 210.79415417996639803 95.847600880778045962 
 195.33934095934131392 99.988705602418363583 
 204.93774771941539825 73.991194420227003548 
 158.57330805754008907 86.414508585147999042 
 179.88452773871620138 104.12981032405870963 
 164.42971451809111727 108.27091504569902725 
 174.0281212781652016 82.273403863507667211 
 127.66368161628990663 94.696718028428662706 
 148.97490129746600473 112.41201976733935908 
 133.52008807684094904 116.55312448897969091 
 143.11849483691500495 90.555613306788330874 
 96.754055175039752612 102.97892747170931216 
 118.06527485621585072 120.69422921062002274 
 102.61046163559078082 124.83533393226035457 
 112.20886839566482251 98.837822750068994537 
 65.844428733789555963 111.26113691498999003 
 87.155648414965682491 128.9764386539006864 
 71.700835194340569956 133.11754337554103245 
 81.299241954414654288 107.12003219334967241 
 34.934802292539352209 119.5433463582706537 
 56.246021973715478737 137.25864809718135007 
 40.791208753090380412 141.39975281882169611 
 50.389615513164450533 115.40224163663032186 
 4.0251758512891857578 127.82555580155131736 
 25.336395532465306957 145.54085754046201373 
 9.8815823118402104086 149.68196226210233135 
 19.479989071914285859 123.68445107991098553 
 232.10537386114251035 113.56290261968874233 
 253.41659354231862267 131.27820435859942449 
 237.96178032169353855 135.41930908023974212 
 247.56018708176762289 109.4217978980484105 
 201.1957474198923137  121.845112062969406 
 222.50696710106842602 139.56041380188008816 
 207.0521538804433419 143.70151852352040578 
 216.65056064051742624 117.70400734132907417 
 170.28612097864214547 130.12732150625006966 
 191.59734065981825779 147.84262324516078024 
 176.14252743919317368 151.98372796680109786 
 185.74093419926725801 125.98621678460972362 
 139.37649453739194882 138.40953094953073332 
 160.68771421856806114 156.12483268844144391 
 145.23290099794294861 160.26593741008176153 
 154.83130775801706136 134.26842622789038728 
 108.46686809614179481 146.69174039281136857 
 129.77808777731789291 164.40704213172207915 
 114.32327455669282301 168.54814685336242519 
 123.92168131676686471 142.55063567117105094 
 77.557241654891598159 154.97394983609203223 
 98.868461336067724687 172.68925157500274281 
 83.413648115442626363 176.83035629664308885 
 93.012054875516696484 150.83284511445171461 
 46.64761521364140151 163.25615927937269589 
 67.958834894817528038 180.97146101828340647 
 52.504021674192408398 185.1125657399237241 
 62.102428434266499835 159.11505455773237827 
 15.737988772391233283 171.53836872265338798 
 37.049208453567338495 189.25367046156407014 
 21.594395232942243723 193.39477518320441618 
 31.192801993016331608 167.39726400101304193 
 243.81818678224453834 157.27571554079077032 
 249.67459324279553812 179.13212200134179852 
 212.90856034099437011 165.55792498407143398 
 234.21978002217051085 183.27322672298214457 
 218.76496680154539831 187.41433144462246219 
 228.36337356161945422 161.41682026243108794 
 181.99893389974420188 173.84013442735206922 
 203.3101535809203142 191.55543616626277981 
 187.85534036029520166 195.69654088790312585 
 197.45374712036928599 169.6990297057117516 
 151.08930745849397681 182.12234387063276131 
 172.40052713967011755 199.83764560954347189 
 156.94571391904500501 203.97875033118378951 
 166.54412067911908935 177.98123914899241527 
  120.179681017243837 190.40455331391339655 
 141.4909006984199209 208.11985505282410713 
 126.03608747779483679 212.26095977446442475 
 135.6344942378688927 186.26344859227307893 
 89.270054575993640356 198.68676275719406021 
 110.58127425716973846 216.4020644961047708 
 95.126461036544640137 220.54316921774511684 
 104.72486779661873868 194.54565803555374259 
 58.360428134743436601 206.9689722004747523 
 79.671647815919541813 224.68427393938543446 
 64.216834595294443488 228.82537866102575208 
 73.81524135536852782 202.82786747883443468 
 27.450801693493268374 215.25118164375541596 
 48.762021374669387797 232.96648338266609812 
 33.307208154044289472 237.10758810430644417 
 42.905614914118366698 211.11007692211506992 
 255.53099970334659474 200.98852846189282673 
 202.82334155838742618 4.280870316933620856 
 224.62137326209642652 209.27073790517346197 
 187.36852833776234206 8.4219750385739402532 
 171.91371511713722953 12.563079760214288072 
 240.07618648272151063 205.12963318353314435 
 193.71174682084622987 217.55294734845415405 
 156.45890189651214541 16.704184481854603916 
 141.00408867588703288 20.845289203494939301 
 209.16656004147131398 213.41184262681380801 
 162.8021203795960048 225.83515679173478929 
 125.54927545526194876 24.986393925135274685 
 110.09446223463685044 29.127498646775606517 
 178.25693360022111733 221.69405207009447167 
 131.89249393834586499 234.11736623501545296 
 94.639649014011780537 33.268603368415938348 
 79.184835793386710634 37.409708090056255969 
 147.3473071589709491 229.97626151337513534 
 100.98286749709566834 242.39957567829614504 
 63.730022572761605204 41.550812811696594906 
 48.275209352136492669 45.691917533336926738 
 116.43768071772076667  238.258470956655799 
 70.073241055845471692 250.68178512157680871 
 32.82039613151140145 49.833022254977258569 
 17.36558291088629602 53.974126976617590401 
 85.528054276470570016 246.54068039993646266 
 1.9107696902612278933 58.115231698257922233 
 54.618427835220401789 254.82288984321715475 
