 37.594926342766655125 148.13553855199631926 
 76.621447762853449603 144.5396206097308891 
 65.307739263868697321 164.13553855199629083 
 57.10818705281005947 146.33757958086357576 
 45.794478553825285871 165.93349752312903433 
 53.994030764883937934 183.73145649426174941 
 115.64796918294024408 140.94370266746545894 
 104.33426068395547759 160.53962060973086068 
 96.134708472896846843 142.74166163859817402 
 84.820999973912094561 162.33757958086357576 
 93.020552184970739518 180.13553855199629083 
 73.507291474927342279 181.93349752312903433 
 81.706843685985958814 199.73145649426172099 
 62.193582975942561575 201.52941546539446449 
 70.393135187001192321 219.32737443652720799 
 135.16122989298364132 139.14574369633274387 
 123.84752139399890325 158.74166163859817402 
 143.36078210404230049 156.94370266746545894 
 132.04707360505756242 176.5396206097308891 
 112.53381289501415097 178.33757958086357576 
 120.73336510607279592 196.13553855199629083 
 101.22010439602939869 197.93349752312903433 
 109.41965660708802943 215.73145649426172099 
 89.906395897044617982 217.52941546539446449 
 98.105948108103262939 235.32737443652720799 
 78.592687398059879911 237.12533340765989465 
 151.56033431510093124 174.74166163859820244 
 140.24662581611619316 194.33757958086360418 
 159.7598865261595904 192.5396206097308891 
 148.44617802717485233 212.13553855199631926 
 128.93291731713142667 213.93349752312903433 
 137.13246952819011426 231.73145649426172099 
 117.61920881814667439 233.52941546539446449 
 167.95943873721822115 210.33757958086357576 
 156.64573023823345466 229.93349752312903433 
 176.15899094827688032 228.13553855199631926 
 60.222343340736188111 108.94370266746543052 
 48.908634841751428723 128.53962060973086068 
 40.709082630692776661 110.74166163859815981 
 29.395374131708017273 130.33757958086360418 
 99.248864760822982589 105.34778472520001458 
 87.935156261838216096 124.94370266746545894 
 79.735604050779571139 107.14574369633272966 
 68.421895551794818857 126.7416616385981456 
 138.27538618090977707 101.75186678293457021 
 126.96167768192501057 121.34778472520000037 
 118.76212547086636562 103.5498257540672995 
 107.44841697188161334 123.14574369633272966 
 146.47493839196843624 119.54982575406731371 
 165.98819910201183347 117.75186678293459863 
 154.6744906030270954 137.34778472520000037 
 174.18775131307049264 135.54982575406728529 
 162.87404281408569773 155.14574369633274387 
 182.38730352412912339 153.34778472520000037 
 171.0735950251443569 172.94370266746545894 
 190.58685573518772571 171.14574369633271544 
 179.27314723620298764 190.7416616385981456 
 198.78640794624638488 188.94370266746543052 
 187.47269944726164681 208.53962060973086068 
 206.98596015730501563 206.7416616385981456 
 195.67225165832024913 226.33757958086357576 
 82.849760338705692675 69.751866782934598632 
 71.536051839720926182 89.347784725200014577 
 63.336499628662295436 71.54982575406731371 
 52.022791129677536048 91.145743696332729655 
 121.87628175879250136 66.155948840669168476 
 110.56257325980774908 85.751866782934598632 
 102.36302104874908991 67.953907811801883554 
 91.049312549764337632 87.549825754067299499 
 130.0758339698511179 83.953907811801869343 
 149.58909467989451514 82.155948840669154265 
 157.78864689095320273 99.953907811801883554 
 177.30190760099659997 98.155948840669168476 
 185.50145981205523071 115.95390781180188355 
 205.01472052209862795 114.15594884066918269 
 193.70101202311388988 133.75186678293459863 
 213.2142727331572587 131.95390781180188355 
 201.90056423417246378 151.54982575406731371 
 221.41382494421591787 149.75186678293459863 
 210.10011644523115137 169.34778472520002879 
 229.61337715527452019 167.54982575406731371 
 218.29966865628978212 187.14574369633274387 
 94.163468837690444957 50.155948840669168476 
 74.650208127647047718 51.953907811801890659 
 113.6767295477338422 48.357989869536446292 
 133.18999025777725365 46.56003089840373832 
 141.38954246883588439 64.357989869536453398 
 160.90280317887928163 62.560030898403731214 
 169.1023553899379408 80.357989869536439187 
 188.61561609998133804 78.56003089840373832 
 196.81516831103999721 96.357989869536453398 
 216.32842902108339445 94.56003089840373832 
 224.52798123214202519 112.35798986953643919 
 232.72753344320068436 130.15594884066916848 
 240.92708565425928668 147.95390781180188355 
 152.70325096782065089 44.762071927271016136 
 172.21651167786404812 42.964112956138293953 
 180.41606388892270729 60.762071927271023242 
 199.92932459896610453 58.964112956138301058 
 208.1288768100247637 76.762071927271023242 
 191.72977238790747379 41.166153985005600191 
