 50.571034684478512133 153.52471583814633505 
 89.198451682448023803 160.15213283611583961 
 73.198451682448009592 176.15213283611586803 
 69.884743183463271521 156.83842433713107312 
 53.88474318346325731 172.83842433713112996 
 57.198451682448023803 192.15213283611583961 
 108.51216018143277608 163.46584133510063452 
 92.512160181432790296 179.4658413351006061 
 111.82586868041755679 182.77954983408537259 
 95.825868680417542578 198.77954983408537259 
 76.512160181432790296 195.46584133510063452 
 79.825868680417556789 214.77954983408537259 
 60.512160181432790296 211.46584133510063452 
 115.13957717940232328 202.09325833307013909 
 99.139577179402323281 218.09325833307016751 
 118.45328567838708977  221.406966832054934 
 43.943617686508986253 114.89729884017678785 
 82.57103468447853345 121.52471583814633505 
 66.571034684478519239 137.52471583814633505 
 63.257326185493752746 118.21100733916156855 
 47.257326185493745641 134.21100733916156855 
 121.1984516824480238 128.15213283611583961 
 105.19845168244800959 144.15213283611586803 
 101.88474318346325731 124.83842433713110154 
 85.884743183463271521 140.83842433713110154 
 140.5121601814327903 131.4658413351006061 
 124.5121601814327903 147.4658413351006061 
 143.82586868041755679 150.77954983408534417 
 127.82586868041754258 166.77954983408540102 
 147.13957717940232328 170.09325833307016751 
 131.13957717940232328 186.09325833307013909 
 150.4532856783871182 189.40696683205490558 
 134.45328567838708977 205.40696683205487716 
 153.76699417737185627 208.72067533103964365 
 137.76699417737182785 224.72067533103967207 
 157.08070267635662276 228.03438383002441014 
 75.943617686508986253 82.897298840176802059 
 59.943617686508979148 98.897298840176802059 
 56.629909187524226866 79.583590341192063988 
 40.629909187524233971 95.583590341192063988 
 114.57103468447850503 89.524715838146349256 
 98.571034684478519239 105.52471583814632083 
 95.257326185493738535 86.211007339161568552 
 79.257326185493738535 102.21100733916158276 
 153.19845168244799538 96.152132836115839609 
 137.1984516824480238 112.15213283611583961 
 133.88474318346325731 92.838424337131101538 
 117.88474318346325731 108.83842433713108733 
 156.5121601814327903 115.4658413351006061 
 175.82586868041755679 118.77954983408537259 
 159.82586868041755679 134.77954983408537259 
 179.13957717940229486 138.09325833307013909 
 163.13957717940232328 154.09325833307016751 
 182.45328567838708977 157.40696683205490558 
 166.45328567838708977 173.40696683205490558 
 185.76699417737182785 176.72067533103964365 
 169.76699417737182785 192.72067533103964365 
 189.08070267635659434 196.03438383002438172 
 173.08070267635662276 212.03438383002441014 
 192.39441117534133241 215.34809232900914822 
 176.39441117534136083 231.34809232900914822 
 91.943617686508972042 66.89729884017681627 
 72.62990918752421976 63.583590341192071094 
 130.57103468447851924 73.524715838146335045 
 111.25732618549372432 70.211007339161582763 
 149.88474318346325731 76.838424337131087327 
 169.1984516824480238 80.152132836115839609 
 172.5121601814327903 99.465841335100606102 
 191.82586868041755679 102.77954983408535838 
 195.13957717940229486 122.09325833307013909 
 198.45328567838708977 141.40696683205487716 
 201.76699417737182785 160.72067533103967207 
 205.08070267635659434 180.03438383002441014 
 208.39441117534133241 199.34809232900914822 
 188.5121601814327903 83.465841335100606102 
