 49.714157395589175792 122.67037453773578193 
 56.636824062255847423 142.54847102969608841 
 20.893250728922506454 162.42656752165643752 
 34.739437395589170876 202.18395316751335145 
 27.816344062255847547 182.30585667555303075 
 41.662530728922511969 222.06204965947370056 
 49.714157395589175792 241.9365681656251752 
 56.636824062255847423 23.282277401806698691 
 20.893250728922506454 43.16037389376703004 
 34.739437395589170876 82.917759539623958176 
 27.816344062255847547 63.039663047663623274 
 41.662530728922511969 102.79585603158429308 
 92.38082406225584009 122.67037453773578193 
 99.303490728922511721 142.54847102969608841 
 63.559917395589174305 162.42656752165643752 
 77.406104062255835174 202.18395316751335145 
 70.483010728922508292 182.30585667555303075 
 84.329197395589176267 222.06204965947370056 
 92.38082406225584009 241.9365681656251752 
 99.303490728922511721 23.282277401806698691 
 63.559917395589174305 43.16037389376703004 
 77.406104062255835174 82.917759539623958176 
 70.483010728922508292 63.039663047663623274 
 84.329197395589176267 102.79585603158429308 
 135.0474907289225257 122.67037453773578193 
 141.97015739558918312 142.54847102969608841 
 106.2265840622558386 162.42656752165643752 
 120.07277072892250658 202.18395316751335145 
 113.1496773955891797 182.30585667555303075 
 126.99586406225584767 222.06204965947370056 
 135.0474907289225257 241.9365681656251752 
 141.97015739558918312 23.282277401806698691 
 106.2265840622558386 43.16037389376703004 
 120.07277072892250658 82.917759539623958176 
 113.1496773955891797 63.039663047663623274 
 126.99586406225584767 102.79585603158429308 
 177.71415739558915448 122.67037453773578193 
 184.63682406225584032 142.54847102969608841 
 148.89325072892251001 162.42656752165643752 
 162.73943739558919219 202.18395316751335145 
 155.81634406225583689 182.30585667555303075 
 169.66253072892249065 222.06204965947370056 
 177.71415739558915448 241.9365681656251752 
 184.63682406225584032 23.282277401806698691 
 148.89325072892251001 43.16037389376703004 
 162.73943739558919219 82.917759539623958176 
 155.81634406225583689 63.039663047663623274 
 169.66253072892249065 102.79585603158429308 
 220.38082406225584009 122.67037453773578193 
 227.30349072892249751 142.54847102969608841 
 191.55991739558919562 162.42656752165643752 
 205.40610406225584939 202.18395316751335145 
 198.48301072892249408 182.30585667555303075 
 212.32919739558917627 222.06204965947370056 
 220.38082406225584009 241.9365681656251752 
 227.30349072892249751 23.282277401806698691 
 191.55991739558919562 43.16037389376703004 
 205.40610406225584939 82.917759539623958176 
 198.48301072892249408 63.039663047663623274 
 212.32919739558917627 102.79585603158429308 
 7.0474907289225274809 122.67037453773578193 
 13.970157395589179572 142.54847102969608841 
 234.22658406225588124 162.42656752165643752 
  248.072770728922535 202.18395316751335145 
 241.1496773955891797 182.30585667555303075 
 254.99586406225586188 222.06204965947370056 
 7.0474907289225274809 241.9365681656251752 
 13.970157395589179572 23.282277401806698691 
 234.22658406225588124 43.16037389376703004 
  248.072770728922535 82.917759539623958176 
 241.1496773955891797 63.039663047663623274 
 254.99586406225586188 102.79585603158429308 
