 37.466752362768566798 65.929021752101945708 
 44.389419029435231323 85.807118244062266399 
 8.6458456961019063414 105.6852147360226013 
 22.49203236276857254 145.44260038187951523 
 15.568939029435233223 125.56450388991920875 
 29.415125696101899422 165.32069687383983592 
 37.466752362768566798 185.19521537999133898 
 44.389419029435231323 205.07331187195165967 
 8.6458456961019063414 224.95140836391200878 
 22.49203236276857254 26.176406753990107745 
 15.568939029435233223 244.83069751780860202 
 29.415125696101899422 46.054503245950442647 
 80.133419029435245307 65.929021752101945708 
 87.056085696101902727 85.807118244062266399 
 51.312512362768572416 105.6852147360226013 
 65.158699029435240391 145.44260038187951523 
 58.235605696101899298 125.56450388991920875 
 72.081792362768567273 165.32069687383983592 
 80.133419029435245307 185.19521537999133898 
 87.056085696101902727 205.07331187195165967 
 51.312512362768572416 224.95140836391200878 
 65.158699029435240391 26.176406753990107745 
 58.235605696101899298 244.83069751780860202 
 72.081792362768567273 46.054503245950442647 
 122.8000856961019025 65.929021752101945708 
 129.72275236276857413 85.807118244062266399 
 93.97917902943524382 105.6852147360226013 
 107.82536569610189758 145.44260038187951523 
 100.90227236276858491 125.56450388991920875 
 114.74845902943523868 165.32069687383983592 
 122.8000856961019025 185.19521537999133898 
 129.72275236276857413 205.07331187195165967 
 93.97917902943524382 224.95140836391200878 
 107.82536569610189758 26.176406753990107745 
 100.90227236276858491 244.83069751780860202 
 114.74845902943523868 46.054503245950442647 
 165.46675236276854548 65.929021752101945708 
 172.38941902943523132 85.807118244062266399 
 136.64584569610190101 105.6852147360226013 
 150.4920323627685832 145.44260038187951523 
 143.56893902943522789 125.56450388991920875 
 157.41512569610188166 165.32069687383983592 
 165.46675236276854548 185.19521537999133898 
 172.38941902943523132 205.07331187195165967 
 136.64584569610190101 224.95140836391200878 
 150.4920323627685832 26.176406753990107745 
 143.56893902943522789 244.83069751780860202 
 157.41512569610188166 46.054503245950442647 
 208.1334190294352311 65.929021752101945708 
 215.05608569610188852 85.807118244062266399 
 179.31251236276858663 105.6852147360226013 
 193.15869902943521197 145.44260038187951523 
 186.23560569610188509 125.56450388991920875 
 200.08179236276856727 165.32069687383983592 
 208.1334190294352311 185.19521537999133898 
 215.05608569610188852 205.07331187195165967 
 179.31251236276858663 224.95140836391200878 
 193.15869902943521197 26.176406753990107745 
 186.23560569610188509 244.83069751780860202 
 200.08179236276856727 46.054503245950442647 
 250.80008569610191671 65.929021752101945708 
 1.7227523627685650265 85.807118244062266399 
 221.97917902943524382 105.6852147360226013 
 235.82536569610189758 145.44260038187951523 
 228.9022723627685707 125.56450388991920875 
 242.74845902943525289 165.32069687383983592 
 250.80008569610191671 185.19521537999133898 
 1.7227523627685650265 205.07331187195165967 
 221.97917902943524382 224.95140836391200878 
 235.82536569610189758 26.176406753990107745 
 228.9022723627685707 244.83069751780860202 
 242.74845902943525289 46.054503245950442647 
