 60.870903054177325942  110.792211145136406 
 62.412855621796175853 131.78469590041672177 
 22.742385062767315418 141.73434516078208389 
 25.826805771086647212 183.72068755322749212 
 24.284441075115246633 162.72809236848792125 
 27.369170467058051344 204.71328273796709141 
 93.281217969578861471 16.582399272045655891 
 53.610747410549983272 26.532048532411028674 
 56.695168118869318619 68.518390924856447555 
 55.152803422897946461 47.525795740116812738 
 58.237532814840733408 89.51098610959596158 
 102.08373830917759051 121.83515706951062896 
 103.62569087679642621 142.82764182479095894 
 63.955220317767576432 152.77729108515626422 
 67.039641026086911779 194.76363347760172928 
 65.497276330115496989 173.77103829286215841 
 68.582005722058298147 215.75622866234130015 
 132.95210065696028323 6.6328604411395382101 
 134.49405322457909051 27.625345196419868188 
 94.823582665550233628 37.57499445678524097 
 97.90800337386957608 79.561336849230670509 
 96.365638677898189712 58.568741664491035692 
 99.450368069841005081 100.55393203397018453 
 143.29657356417780534 132.87810299388485191 
 144.83852613179666946 153.87058774916516768 
  105.168055572767841 163.82023700953050138 
 108.25247628108714082 205.80657940197596645 
 106.71011158511575445 184.81398421723636716 
 109.7948409770585414 226.79917458671553732 
 174.16493591196049806 17.675806365513750507 
 175.70688847957936218 38.668291120794080484 
 136.03641792055049109 48.617940381159471031 
 139.12083862886979091 90.604282773604879253 
 137.57847393289844717 69.611687588865251541 
 140.66320332484124833 111.59687795834439328 
 184.50940881917804859 143.92104891825906066 
 186.05136138679688429 164.91353367353940484 
 146.38089082776807004 174.86318293390473855 
 149.46531153608739828 216.84952532635014677 
 147.92294684011596928 195.8569301416105759 
 151.00767623205877044 237.84212051108974606 
 215.37777116696074131 28.718752289887962803 
 216.91972373457957701 49.711237045168310544 
 177.24925317555076276 59.660886305533679774 
  180.333673883870091 101.64722869797910221 
  178.791309187898662 80.654633513239460285 
 181.87603857984146316 122.63982388271861623 
 225.72224407417829184 154.96399484263329782 
 227.26419664179715596 175.95647959791361359 
 187.59372608276831329 185.90612885827894729 
 190.67814679108764153 227.89247125072438394 
 189.13578209511621253 206.89987606598481307 
 192.22051148705907053 248.8850664354639548 
 256.59060642196095614  39.7616982142621751 
 218.46208843055100601 70.703832229907888518 
 221.54650913887033425 112.69017462235332516 
 220.00414444289890525 91.69757943761368324 
 223.08887383484173483 133.68276980709282498 
 19.658067799177089796 99.749265220762197259 
 21.20002036679592905 120.74174997604252724 
 228.80656133776858496 196.94907478265315603 
 231.89098204608788478 238.9354171750986211 
 230.3486173501164842 217.94282199035902181 
 52.068382714578596904 5.5394533476714284959 
 17.024697559840500816 78.468040185221752836 
