 96.855082506818490629 4.9743696949042721656 
 92.911239456103416501 25.650639569153572239 
 52.017348681424550705 24.993789443402878447 
 44.129805257370769311 66.347788734103119168 
 48.073278803913595425 45.671305526520470153 
 40.18633171082798583 87.024271941685753973 
 37.221985692873779783 108.26192318933026115 
 33.27814264215869855 128.93819306357957544 
 133.80549973495453742 26.307703028237597209 
 129.8616566842394775 46.983972902486897283 
 88.967765909560597493 46.327122776736217702 
 81.080222485506837415 87.681122067436433554 
 85.023696032049642213 67.00463885985381296 
 77.136748938964018407 108.35760527501909678 
 74.172402921009833676 129.59525652266358975 
 70.228559870294745338 150.27152639691288982 
 29.334669095615868883 149.61467627116221024 
 21.447125671562130123 190.96867556186242609 
 25.390599218104942025 170.29219235427979129 
 136.76984575290870794 5.0700517805931246684 
 170.75591696309061263 47.641036361570940016 
 166.81207391237549587 68.317306235820225879 
 125.91818313769663007 67.660456110069532087 
 118.03063971364289841 109.01445540076977636 
 121.97411326018570321 88.337972193187127345 
 114.08716616710009362 129.69093860835243959 
 111.12282014914589467 150.92858985599693256 
 107.17897709843079213 171.60485973024623263 
 66.285086323751926329 170.94800960449552463 
 58.397542899698180463 212.3020088951957689 
 62.341016446240992366 191.6255256876131341 
 173.72026298104481157 26.403385113926464811 
 207.70633419122663099 68.974369694904254402 
 203.76249114051154265 89.650639569153568686 
 162.86860036583271949 88.993789443402889106 
 154.98105694177897362 130.34778873410311917 
 158.92453048832177842 109.67130552652047015 
 151.03758339523611198 151.02427194168575397 
 148.07323737728191304 172.26192318933024694 
 144.12939432656685312 192.93819306357957544 
 103.23550355188798733 192.28134293782886743 
 95.347960127834255672 233.63534222852911171 
 99.29143367437706047 212.95885902094644848 
 210.67068020918082993 47.736718447259775644 
 244.65675141936267778 90.307703028237582998 
 240.71290836864761786 110.98397290248686886 
 199.81901759396876628 110.32712277673620349 
 191.93147416991499199 151.68112206743643355 
 195.87494771645779679 131.00463885985379875 
 187.98800062337221561 172.35760527501909678 
 185.02365460541801667 193.59525652266358975 
 181.07981155470289991 214.2715263969128614 
 140.18592078002404833 213.61467627116221024 
 132.29837735597030246 254.96867556186245451 
 136.24185090251307884 234.29219235427979129 
 247.62109743731690514 69.070051780593118451 
 55.960822227967348397 4.3173062358202471955 
 236.76943482210484149 131.66045611006956051 
 228.88189139805103878 173.01445540076977636 
 232.82536494459384357 152.33797219318714156 
 224.93841785150829082 193.69093860835243959 
 221.97407183355406346 214.92858985599693256 
 177.13633800816012354 234.94800960449555305 
 173.19226813064918247 255.6255256876131341 
