 92.896887443928335415 79.873920557568382605 
 83.736015161276768026 98.824921928008137684 
 44.405555246892433274 87.60633566671515382 
 26.083570740033049873 125.5097851447240771 
 35.24414132379133946 106.55848207539104067 
 16.923000156274746075 144.46108821405715616 
 8.5629531633399498247 164.20785483815683392 
 168.0699494418651625 14.490987647419762752 
 128.73948952748082775 3.2724013861267553516 
 110.4175050206214479 41.175850864135668417 
 119.57807560437973393 22.224547794802610667 
 101.25693443686314765 60.127153933468726166 
 123.06677677455439834 110.04380988819444553 
 113.90590449190280253 128.99481125863417219 
 74.575444577518467781 117.77622499734118833 
 56.253460070659073722 155.67967447535011161 
 65.414030654417359756 136.72837140601706096 
 47.092889486900780582 174.63097754468313383 
 38.732842493965968345 194.37774416878284001 
 198.23983877249116858 44.660876978045770613 
 158.90937885810683383 33.442290716752793855 
 140.58739435124746819 71.345740194761688713 
 149.74796493500576844 52.394437125428630964 
 131.42682376748916795 90.297043264094753567 
 153.23666610518040443 140.21369921882046583 
 144.07579382252882283 159.1647005892602067 
 104.74533390814450229 147.94611432796722283 
 86.423349401285094018 185.84956380597611769 
 95.583919985043394263 166.89826073664309547 
 77.262778817526807984 204.80086687530919676 
 68.902731824592009957 224.54763349940887451 
 228.40972810311723151 74.830766308671812226 
 189.07926818873289676 63.612180047378828363 
 170.75728368187347428 101.51562952538770901 
 179.91785426563180295 82.564326456054672576 
 161.59671309811523088 120.46693259472077386 
 183.40655543580641051 170.38358854944644349 
 174.24568315315482891 189.33458991988621278 
 134.91522323877052258 178.1160036585932005 
 116.59323873191112853 216.0194531366021522 
 125.75380931566941456 197.06815006726910156 
 107.43266814815282828 234.97075620593517442 
 99.072621155218016042 254.7175228300348806 
 219.24915751935890285 93.782069378004834448 
 200.92717301249953721 131.68551885601374352 
 210.08774359625783745 112.73421578668069287 
 191.76660242874120854 150.63682192534676574 
 213.57644476643244502 200.55347788007250642 
 204.41557248378089184 219.50447925051221887 
 165.08511256939655709 208.28589298921926343 
 146.76312806253716303 246.18934246722818671 
 155.92369864629543486 227.23803939789510764 
 249.41904684998493735 123.95195870863086895 
 231.09706234312557172 161.8554081866397496 
 240.25763292688384354 142.90410511730669896 
 221.93649175936727147 180.80671125597280025 
 62.726998113302350646 49.704031226942412047 
 53.566125830650740625 68.655032597382117387 
 195.2550019000225916 238.45578231984532636 
 5.0742519931653058407 76.38859274476502037 
 80.247615689995427601 11.005961533509633909 
 71.087045106237127357 29.957264602842709422 
