 141.49230885683269321 64.456262690456512132 
 124.08326005401181646 76.287875163085232089 
 95.631375756275943445 46.907064509066266567 
 60.812346986586327091 70.571422394652316257 
 78.221285359947984261 58.739397793671031422 
 43.403408613224684132 82.403446995633601091 
 26.290012228461584698 95.324625038239204855 
 8.8809634256406724262 107.15623751086792481 
 210.83367238464700222 16.03870216128359516 
 176.0146436149574356 39.703060046869609323 
 193.42358198831908567 27.871035445888345805 
 158.60570524159578554 51.535084647850922579 
 152.53525478120693037 105.66909794545676959 
 135.12620597838602521 117.50071041808550376 
 106.67432168065015219 88.119899764066531134 
 71.85529291096054294 111.78425764965255951 
 89.264231284322193005 99.952233048671274673 
 54.446354537598899981 123.61628225063384434 
 37.332958152835793442 136.53746029323943389 
 19.923909350014898934 148.36907276586819648 
 221.87661830902121096 57.251537416283845516 
 187.05758953933167277 80.915895301869880996 
 204.46652791269329441 69.083870700888596161 
 169.64865116596999428 92.74791990285116583 
 163.57820070558113912 146.88193320045701284 
 146.16915190276026237 158.71354567308571859 
 117.71726760502436093 129.33273501906677438 
 82.898238835334765895 152.99709290465281697 
 100.30717720869643017 141.16506830367151792 
 65.489300461973130041 164.82911750563411601 
 48.375904077210023502 177.75029554823970557 
 30.96685527438911123 189.58190802086841131 
 232.91956423339541971 98.464372671284095873 
 198.10053546370585309 122.12873055687013846 
 215.50947383706750315 110.29670595588883941 
 180.69159709034423145 133.96075515785142329 
 174.62114662995534786 188.0947684554572561 
 157.21209782713447112 199.92638092808599026 
 128.76021352939858389 170.54557027406701764 
 93.94118475970898885 194.20992815965308864 
 111.35012313307065313 182.3779035586717896 
 76.532246386347338785 206.04195276063433084 
 59.418850001584239351 218.9631308032399204 
 42.00980119876334129 230.79474327586868299 
 243.96251015776965687 139.67720792628435333 
 209.14348138808009026 163.34156581187039592 
 226.55241976144174032 151.50954121088909687 
 191.73454301471844019 175.17359041285163812 
 185.66409255432958503 229.30760371045755619 
 168.25504375150867986 241.13921618308620509 
 139.80315945377282105 211.75840552906731773 
 104.9841306840832118 235.42276341465330347 
 122.39306905744486187 223.59073881367203285 
 87.575192310721561739 247.25478801563457409 
 255.00545608214386561 180.89004318128462501 
 220.18642731245432742 204.55440106687063917 
 237.59536568581594906 192.72237646588936855 
 202.77748893909264893 216.38642566785190979 
 130.44936293245848447 23.243427435456251118 
 113.04031412963759351 35.075039908085003049 
 150.84610537814705822 252.97124078406756098 
 49.769401062212111242 29.358587139652076559 
 67.178339435573775518 17.52656253867079883 
 32.360462688850475388 41.190611740633372051 
 15.247066304087356414 54.111789783238940288 
 147.56275931722157679 10.322249392850702421 
