 183.23718182591261439 20.185924893910705435 
 169.48357861833000015 36.12017833515594134 
 134.39685541074734942 15.104384052437422881 
 106.88904278671377313 46.974226274240578505 
 120.64243266096308105 31.039603328823073269 
 93.135652912464465203 62.90884921965812282 
 79.949628331486636057 79.819021707855426939 
 66.196025123904007614 95.753275149100673502 
 31.109301916321346226 74.737480866382142608 
 3.6014892922877943526 106.60732308818532488 
 17.354879166537113377 90.672700142767794773 
 204.57051515924595719 57.136342122046755776 
 190.81691195166334296 73.070595563291988128 
 155.73018874408069223 52.054801280573464339 
 128.22237612004710172 83.924643502376639503 
 141.97576599429643807 67.99002055695912361 
 114.46898624579780801 99.859266447794169608 
 101.28296166481997886 116.76943893599148794 
 87.529358457237350422 132.7036923772367345 
 52.442635249654685481 111.68789809451820361 
 24.93482262562111984 143.55774031632137167 
 38.688212499870452632 127.62311737090385577 
 11.181432751371815471 159.49236326173888756 
 225.90384849257932842 94.086759350182816775 
 212.15024528499668577 110.02101279142803492 
 177.06352207741400662 89.005218508709504022 
 149.55570945338044453 120.8750607305127005 
 163.30909932762978087 104.9404377850951704 
 135.80231957913113661 136.80968367593024482 
 122.61629499815332167 153.71985616412754894 
 108.86269179057067902 169.65410960537275287 
 73.775968582988014077 148.63831532265422197 
 46.268155958954473306 180.50815754445741845 
 60.021545833203781228 164.57353459903987414 
 32.514766084705172489 196.44278048987499119 
 247.23718182591264281 131.03717657831884935 
 233.48357861833002858 146.9714300195640817 
 198.39685541074734942 125.95563573684555081 
 170.88904278671381576 157.82547795864877571 
 184.64243266096312368 141.8908550132312314 
 157.13565291246447941 173.76010090406626318 
 143.94962833148665027 190.6702733922635673 
 130.19602512390400761 206.60452683350879965 
 95.109301916321371095 185.58873255079026876 
 67.601489292287823218 217.45857477259349366 
 81.354879166537131141 201.52395182717594935 
 53.848099418038501085 233.39319771801098113 
 254.81691195166337138 183.92184724770012849 
 219.73018874408069223 162.90605296498162602 
 192.22237612004713014 194.77589518678479408 
 205.97576599429643807 178.84127224136724976 
 178.46898624579782222 210.71051813220230997 
 165.28296166481999308 227.62069062039961409 
 151.52935845723735042 243.55494406164487486 
 116.4426352496547139 222.53914977892634397 
 88.934822625621137604 254.40899200072951203 
 102.68821249987045974 238.47436905531199614 
 241.06352207741406346 199.85647019311764438 
 85.55570945338045874 10.023809046104570797 
 227.30909932762978087 215.79168946950329655 
 71.802319579131136607 25.958431991522093796 
 58.616294998153300355 42.868604479719373046 
 44.862691790570664807 58.802857920964626715 
