 9.5560806648213727499 11.244687526573690306 
 20.869789163806132137 27.244687526573699188 
 9.5560806648213727499 43.244687526573692082 
 20.869789163806132137 59.244687526573684977 
 9.5560806648213727499 75.244687526573684977 
 20.869789163806132137 91.244687526573699188 
 9.5560806648213727499 107.24468752657368498 
 20.869789163806132137 123.24468752657368498 
 9.5560806648213727499 139.24468752657369919 
 20.869789163806132137 155.24468752657369919 
 9.5560806648213727499 171.24468752657369919 
 20.869789163806132137 187.24468752657369919 
 9.5560806648213727499 203.24468752657369919 
 20.869789163806132137 219.24468752657369919 
 9.5560806648213727499 235.24468752657367077 
 20.869789163806132137 251.24468752657367077 
 32.18349766279089863 11.244687526573690306 
 43.497206161775665123 27.244687526573699188 
 32.18349766279089863 43.244687526573692082 
 43.497206161775665123 59.244687526573684977 
 32.18349766279089863 75.244687526573684977 
 43.497206161775665123 91.244687526573699188 
 32.18349766279089863 107.24468752657368498 
 43.497206161775665123 123.24468752657368498 
 32.18349766279089863 139.24468752657369919 
 43.497206161775665123 155.24468752657369919 
 32.18349766279089863 171.24468752657369919 
 43.497206161775665123 187.24468752657369919 
 32.18349766279089863 203.24468752657369919 
 43.497206161775665123 219.24468752657369919 
 32.18349766279089863 235.24468752657367077 
 43.497206161775665123 251.24468752657367077 
 54.81091466076042451 11.244687526573690306 
 66.124623159745183898 27.244687526573699188 
 54.81091466076042451 43.244687526573692082 
 66.124623159745183898 59.244687526573684977 
 54.81091466076042451 75.244687526573684977 
 66.124623159745183898 91.244687526573699188 
 54.81091466076042451 107.24468752657368498 
 66.124623159745183898 123.24468752657368498 
 54.81091466076042451 139.24468752657369919 
 66.124623159745183898 155.24468752657369919 
 54.81091466076042451 171.24468752657369919 
 66.124623159745183898 187.24468752657369919 
 54.81091466076042451 203.24468752657369919 
 66.124623159745183898 219.24468752657369919 
 54.81091466076042451 235.24468752657367077 
 66.124623159745183898 251.24468752657367077 
 77.43833165872993618 11.244687526573690306 
 88.752040157714702673 27.244687526573699188 
 77.43833165872993618 43.244687526573692082 
 88.752040157714702673 59.244687526573684977 
 77.43833165872993618 75.244687526573684977 
 88.752040157714702673 91.244687526573699188 
 77.43833165872993618 107.24468752657368498 
 88.752040157714702673 123.24468752657368498 
 77.43833165872993618 139.24468752657369919 
 88.752040157714702673 155.24468752657369919 
 77.43833165872993618 171.24468752657369919 
 88.752040157714702673 187.24468752657369919 
 77.43833165872993618 203.24468752657369919 
 88.752040157714702673 219.24468752657369919 
 77.43833165872993618 235.24468752657367077 
 88.752040157714702673 251.24468752657367077 
 100.06574865669945495 11.244687526573690306 
 111.37945715568420724 27.244687526573699188 
 100.06574865669945495 43.244687526573692082 
 111.37945715568420724 59.244687526573684977 
 100.06574865669945495 75.244687526573684977 
 111.37945715568420724 91.244687526573699188 
 100.06574865669945495 107.24468752657368498 
 111.37945715568420724 123.24468752657368498 
 100.06574865669945495 139.24468752657369919 
 111.37945715568420724 155.24468752657369919 
 100.06574865669945495 171.24468752657369919 
 111.37945715568420724 187.24468752657369919 
 100.06574865669945495 203.24468752657369919 
 111.37945715568420724 219.24468752657369919 
 100.06574865669945495 235.24468752657367077 
 111.37945715568420724 251.24468752657367077 
 122.69316565466897373 11.244687526573690306 
 134.0068741536537118 27.244687526573699188 
 122.69316565466897373 43.244687526573692082 
 134.0068741536537118 59.244687526573684977 
 122.69316565466897373 75.244687526573684977 
 134.0068741536537118 91.244687526573699188 
 122.69316565466897373 107.24468752657368498 
 134.0068741536537118 123.24468752657368498 
 122.69316565466897373 139.24468752657369919 
 134.0068741536537118 155.24468752657369919 
 122.69316565466897373 171.24468752657369919 
 134.0068741536537118 187.24468752657369919 
 122.69316565466897373 203.24468752657369919 
 134.0068741536537118 219.24468752657369919 
 122.69316565466897373 235.24468752657367077 
 134.0068741536537118 251.24468752657367077 
 145.32058265263850672 11.244687526573690306 
 156.63429115162330163 27.244687526573699188 
 145.32058265263850672 43.244687526573692082 
 156.63429115162330163 59.244687526573684977 
 145.32058265263850672 75.244687526573684977 
 156.63429115162330163 91.244687526573699188 
 145.32058265263850672 107.24468752657368498 
 156.63429115162330163 123.24468752657368498 
 145.32058265263850672 139.24468752657369919 
 156.63429115162330163 155.24468752657369919 
 145.32058265263850672 171.24468752657369919 
 156.63429115162330163 187.24468752657369919 
 145.32058265263850672 203.24468752657369919 
 156.63429115162330163 219.24468752657369919 
 145.32058265263850672 235.24468752657367077 
 156.63429115162330163 251.24468752657367077 
 167.9479996506080397 11.244687526573690306 
 179.26170814959280619 27.244687526573699188 
 167.9479996506080397 43.244687526573692082 
 179.26170814959280619 59.244687526573684977 
 167.9479996506080397 75.244687526573684977 
 179.26170814959280619 91.244687526573699188 
 167.9479996506080397 107.24468752657368498 
 179.26170814959280619 123.24468752657368498 
 167.9479996506080397 139.24468752657369919 
 179.26170814959280619 155.24468752657369919 
 167.9479996506080397 171.24468752657369919 
 179.26170814959280619 187.24468752657369919 
 167.9479996506080397 203.24468752657369919 
 179.26170814959280619 219.24468752657369919 
 167.9479996506080397 235.24468752657367077 
 179.26170814959280619 251.24468752657367077 
 190.57541664857754427 11.244687526573690306 
 201.88912514756233918 27.244687526573699188 
 190.57541664857754427 43.244687526573692082 
 201.88912514756233918 59.244687526573684977 
 190.57541664857754427 75.244687526573684977 
 201.88912514756233918 91.244687526573699188 
 190.57541664857754427 107.24468752657368498 
 201.88912514756233918 123.24468752657368498 
 190.57541664857754427 139.24468752657369919 
 201.88912514756233918 155.24468752657369919 
 190.57541664857754427 171.24468752657369919 
 201.88912514756233918 187.24468752657369919 
 190.57541664857754427 203.24468752657369919 
 201.88912514756233918 219.24468752657369919 
 190.57541664857754427 235.24468752657367077 
 201.88912514756233918 251.24468752657367077 
 213.20283364654707725 11.244687526573690306 
 224.51654214553184374 27.244687526573699188 
 213.20283364654707725 43.244687526573692082 
 224.51654214553184374 59.244687526573684977 
 213.20283364654707725 75.244687526573684977 
 224.51654214553184374 91.244687526573699188 
 213.20283364654707725 107.24468752657368498 
 224.51654214553184374 123.24468752657368498 
 213.20283364654707725 139.24468752657369919 
 224.51654214553184374 155.24468752657369919 
 213.20283364654707725 171.24468752657369919 
 224.51654214553184374 187.24468752657369919 
 213.20283364654707725 203.24468752657369919 
 224.51654214553184374 219.24468752657369919 
 213.20283364654707725 235.24468752657367077 
 224.51654214553184374 251.24468752657367077 
 235.83025064451658181 11.244687526573690306 
 247.14395914350134831 27.244687526573699188 
 235.83025064451658181 43.244687526573692082 
 247.14395914350134831 59.244687526573684977 
 235.83025064451658181 75.244687526573684977 
 247.14395914350134831 91.244687526573699188 
 235.83025064451658181 107.24468752657368498 
 247.14395914350134831 123.24468752657368498 
 235.83025064451658181 139.24468752657369919 
 247.14395914350134831 155.24468752657369919 
 235.83025064451658181 171.24468752657369919 
 247.14395914350134831 187.24468752657369919 
 235.83025064451658181 203.24468752657369919 
 247.14395914350134831 219.24468752657369919 
 235.83025064451658181 235.24468752657367077 
 247.14395914350134831 251.24468752657367077 
