 46.318196875007132007 17.87894010025678071 
 31.248888923091296732 30.405550090606357827 
 38.035987431726468344 48.788566541506959595 
 22.966679479810633069 61.315176531856550923 
 29.753777988445801128 79.69819298275716335 
 14.684470036529969406 92.224802973106747572 
 21.471568545165137465 110.60781942400731737 
 6.4022605932493057423 123.1344294143569158 
 13.189359101884473802 141.51744586525754244 
 4.9071496586038101384 172.42707230650773909 
 61.387504826922977941 5.3523301099071867171 
   68.174603335558146 23.735346560807787597 
 53.105295383642314277 36.261956551157382478 
 59.892393892277482337 54.644973002057987799 
 44.823085940361650614 67.171582992407564916 
 51.610184448996818674 85.554599443308163131 
 36.540876497080986951 98.081209433657761565 
 43.32797500571615501 116.46422588455834557 
 28.258667053800323288 128.99083587490792979 
 35.045765562435491347 147.37385232580854222 
 19.976457610519659625 159.90046231615812644 
 26.763556119154827684 178.28347876705873887 
 11.694248167238994185 190.81008875740832309 
 18.481346675874164021 209.19310520830890709 
 3.4120387239583305217 221.71971519865849132 
 83.243911287474006144 11.20873657045821048 
 90.031009796109174204 29.591753021358812248 
 74.96170184419332827 42.118363011708403576 
 81.748800352828496329 60.501379462608994686 
 66.679492400912678818 73.02798945295859312 
 73.466590909547846877 91.411005903859191335 
 58.397282957632015155 103.93761589420877556 
 65.184381466267183214 122.32063234510935956 
 50.115073514351351491  134.847242335458958 
 56.902172022986519551  153.230258786359542 
 41.832864071070673617 165.75686877670915464 
 48.619962579705841677 184.13988522760973865 
 33.550654627790024165 196.66649521795932287 
 40.337753136425192224 215.0495116688599353 
 25.268445184509360502 227.5761216592094911 
 105.10031774802502014 17.06514303100922092 
 111.8874162566601882 35.448159481909833346 
 96.818108304744342263 47.974769472259417569 
 103.60520681337952453 66.35778592316002289 
 88.535898861463692811 78.884395913509607112 
 95.32299737009886087 97.267412364410205328 
 80.253689418183014936 109.79402235475980376 
 87.040787926818211417 128.17703880566037355 
 71.971479974902365484 140.7036487960099862 
 78.758578483537533543 159.08666524691059863 
 63.68927053162168761 171.61327523726015443 
 70.47636904025686988 189.99629168816079527 
 55.407061088341038158 202.52290167851032265 
 62.194159596976213322 220.9059181294109635 
 47.124851645060374494 233.4325281197605193 
 120.16962569994086607 4.5385330406596411379 
 126.95672420857603413 22.921549491560242018 
 133.74382271721120219 41.304565942460847339 
 118.67451476529535626 53.831175932810438667 
 125.46161327393055274 72.214192383711036882 
 110.3923053220147068 84.740802374060621105 
 117.17940383064988907 103.12381882496121932 
 102.11009587873402893 115.65042881531081775 
 108.89719438736922541 134.03344526621140176 
 93.827886435453379477 146.56005525656098598 
 100.61498494408854754 164.94307170746159841 
 85.545676992172701603 177.46968169781118263 
 92.332775500807883873 195.85269814871179506 
 77.26346754889205215 208.37930813906137928 
 84.05056605752722021 226.76232458996196328 
 68.981258105611388487 239.28893458031154751 
 142.02603216049189427 10.39493950121065069 
 148.81313066912704812 28.777955952111252458 
 155.60022917776223039 47.160972403011868437 
 140.53092122584638446 59.687582393361445554 
 147.31801973448153831 78.070598844262050875 
 132.2487117825657208 90.597208834611635098 
 139.03581029120090307 108.98022528551224752 
 123.96650233928505713 121.50683527586184596 
 130.7536008479202394 139.88985172676240154 
 115.68429289600440768 152.41646171711201418 
 122.47139140463957574 170.79947816801259819 
 107.40208345272372981 183.32608815836221083 
 114.18918196135891208 201.70910460926279484 
 99.119874009443080354 214.23571459961235064 
 105.90697251807824841 232.61873105051299149 
 90.837664566162416691 245.14534104086254729 
 163.88243862104286563 16.251345961761671788 
 170.66953712967807633 34.634362412662277109 
 177.4566356383132586 53.017378863562875324 
 162.38732768639738424 65.543988853912466652 
 169.17442619503259493 83.927005304813079078 
  154.105118243116749 96.45361529516264909 
 160.89221675175190285 114.83663174606326152 
 145.82290879983605691 127.36324173641284574 
 152.61000730847126761 145.74625818731342974 
 137.54069935655542167 158.27286817766304239 
 144.32779786519057552 176.65588462856365481 
 129.25848991327472959 189.18249461891321062 
 136.04558842190994028 207.56551106981385146 
 120.97628046999408014 220.09212106016337884 
 127.76337897862927662 238.47513751106399127 
 112.69407102671343068 251.00174750141357549 
 185.73884508159392226 22.107752422312682228 
 192.52594359022904769 40.490768873213283996 
 199.31304209886425838 58.873785324113903528 
 184.24373414694841244 71.400395314463480645 
 191.03083265558362314 89.783411765364093071 
 175.96152470366774878 102.31002175571367729 
 182.74862321230293105 120.69303820661427551 
 167.67931526038708512 133.21964819696387394 
 174.46641376902229581 151.60266464786445795 
 159.39710581710642145 164.12927463821404217 
 166.18420432574160372 182.5122910891146546 
 151.11489637382575779 195.03890107946423882 
 157.90199488246096848 213.42191753036485125 
 142.83268693054509413 225.94852752071440705 
 149.6197854391802764 244.33154397161501947 
 134.55047748726443047 256.8581539619646037 
 207.59525154214495046 27.964158882863706879 
 214.38235005078010431 46.347175333764312199 
 221.16944855941528658 64.730191784664924626 
 206.10014060749944065 77.256801775014508848 
 212.8872391161345945 95.639818225915107064 
 197.81793116421874856 108.16642821626469129 
 204.60502967285395926 126.54944466716530371 
 189.53572172093811332 139.07605465751487372 
 196.32282022957329559 157.45907110841545773 
 181.25351227765744966 169.98568109876504195 
 188.04061078629263193 188.36869754966565438 
  172.971302834376786 200.89530754001526702 
 179.75840134301193984 219.27832399091585103 
 164.68909339109609391 231.80493398126540683 
 171.4761918997313046 250.18795043216601925 
 229.45165800269595024 33.820565343414713766 
 236.23875651133110409 52.203581794315333298 
 243.02585501996628636 70.586598245215938618 
 227.95654706805044043 83.113208235565522841 
 234.74364557668565112 101.49622468646612106 
 219.67433762476980519 114.02283467681569107 
 226.46143613340495904 132.40585112771631771 
 211.3921281814891131 144.93246111806590193 
 218.17922669012429537 163.31547756896648593 
 203.10991873820844944 175.84208755931607016 
 209.89701724684363171 194.22510401021668258 
 194.82770929492778578 206.7517140005662668 
 201.61480780356299647 225.13473045146690765 
 186.54549985164715054 237.66134044181643503 
 193.33259836028230438 256.04435689271701904 
 251.30806446324697845 39.676971803965741969 
 249.81295352860146863 88.969614696116536834 
 256.6000520372366509 107.35263114701713505 
 241.53074408532077655 119.87924113736671927 
 248.31784259395598724 138.26225758826731749 
 233.24853464204014131 150.78886757861693013 
 240.03563315067532358 169.17188402951748571 
 224.96632519875947764 181.69849401986709836 
 231.75342370739465991 200.08151047076768236 
 216.68411575547881398 212.60812046111729501 
 223.47121426411396783 230.99113691201790743 
 208.4019063121981219 243.51774690236746324 
