 198.65370098198866344 4.8324735141348984513 
 167.74407454073849522 13.114682957415562115 
 149.36105808983788279 6.3275844487803931671 
 136.83444809948829857 21.396892400696227554 
 118.45143164858768614 14.609793892061057718 
 105.92482165823811613 29.679101843976891217 
 87.541805207337489492 22.892003335341719605 
 75.015195216987905269 37.961311287257551328 
 56.632178766087299948 31.174212778622383269 
 44.10556877573770862 46.243520730538229202 
 25.72255232483711751 39.456422221903046932 
 13.195942334487538616 54.525730173818892865 
 217.03671743288927587 11.619572022770082498 
 204.51010744253966323 26.688879974685928431 
 186.12709099163907922 19.90178146605073195 
  173.600481001289495 34.971089417966595647 
 155.21746455038891099 28.183990909331409824 
 142.69085456003929835 43.25329886124725931 
 124.30783810913871434 36.46620035261207704 
 111.78122811878913012 51.535508304527922974 
 93.398211667888517695 44.748409795892740703 
 80.871601677538919262 59.817717747808586637 
 62.488585226638306835 53.030619239173404367 
 49.961975236288715507 68.099927191089264511 
 31.578958785388142161 61.31282868245406803 
 19.05234879503854728 76.382136634369913963 
 222.89312389344027565 33.475978483321100043 
 210.36651390309069143 48.545286435236945977 
 191.98349745219010742 41.758187926601749496 
 179.45688746184049478 56.82749587851760964 
 161.07387101093991078 50.04039736988242737 
 148.54726102059029813 65.109705321798273303 
 130.16424456968971413 58.322606813163091033 
 117.63763457934015833 73.391914765078922755 
 99.254618128439531688 66.604816256443754696 
 86.728008138089947465 81.67412420835960063 
 68.344991687189335039 74.887025699724418359 
 55.818381696839736605 89.956333651640264293 
 37.435365245939152601 83.169235143005082023 
 24.908755255589571931 98.238543094920927956 
 6.5257388046889843736 91.451444586285731475 
 228.74953035399127543 55.332384943872114036 
 216.22292036364171963 70.401692895787959969 
 197.83990391274113563 63.614594387152777699 
 185.3132939223915514 78.683902339068623633 
 166.93027747149093898 71.896803830433441362 
 154.40366748114135476 86.966111782349287296 
 136.02065103024077075 80.179013273714105026 
 123.49404103989117232 95.248321225629936748 
 105.11102458899054568 88.461222716994768689 
 92.584414598640961458 103.53053066891061462 
 74.201398147740334821 96.743432160275446563 
 61.674788157390750598 111.81274011219127829 
 43.291771706490173699 105.02564160355609602 
 30.765161716140582371 120.09494955547194195 
 12.382145265240009024 113.30785104683675968 
 234.60593681454233206 77.188791404423128029 
 222.07932682419271941 92.258099356338973962 
 203.69631037329213541 85.471000847703791692 
 191.16970038294255119 100.54030879961962341 
 172.78668393204193876 93.753210290984455355 
 160.26007394169235454 108.82251824290030129 
 141.87705749079177053 102.03541973426511902 
 129.35044750044218631 117.10472768618095074 
 110.96743104954155967 110.31762917754578268 
 98.44082105919196124 125.38693712946162861 
 80.057804608291363024 118.59983862082644634 
 67.531194617941764591 133.66914657274227807 
 49.148178167041194797 126.88204806410711001 
 36.621568176691603469 141.95135601602297015 
 18.238551725791030123 135.16425750738775946 
 5.7119417354414245835 150.23356545930360539 
 240.46234327509333184 99.045197864974142021 
 227.93573328474374762 114.11450581689000217 
 209.55271683384316361 107.32740730825480568 
 197.02610684349355097 122.39671526017065162 
 178.64309039259296696 115.60961675153546935 
 166.11648040224335432 130.67892470345131528 
 147.73346395134277032 123.89182619481613301 
 135.20685396099321451 138.96113414673197894 
 116.82383751009258788 132.17403563809679667 
 104.29722751974298944 147.24334359001264261 
 85.914211068842391228 140.45624508137748876 
 73.387601078492778583 155.52555303329333469 
 55.00458462759220879  148.738454524658124 
 42.477974637242617462 163.80776247657396993 
 24.094958186342040563 157.02066396793878766 
 11.568348195992433247 172.0899719198546336 
 246.31874973564436004 120.90160432552518444 
 233.79213974529477582 135.97091227744104458 
 215.40912329439419182 129.18381376880583389 
 202.88251330404460759 144.25312172072167982 
 184.49949685314399517 137.46602321208649755 
 171.97288686279441094 152.53533116400237191 
 153.58987041189382694 145.74823265536716121 
 141.06326042154424272 160.81754060728300715 
 122.68024397064360187 154.03044209864782488 
 110.15363398029401765 169.09975005056369923 
 91.77061752939339101 162.31265154192848854 
 79.244007539043820998 177.38195949384433447 
 60.860991088143229888 170.59486098520918063 
 48.334381097793652771 185.66416893712502656 
 29.951364646893065213 178.87707042848981587 
 17.424754656543456122 193.9463783804056618 
 252.17515619619538825 142.75801078607617001 
 239.6485462058457756 157.82731873799204436 
 221.2655297549451916 151.04022022935686209 
 208.73891976459560738 166.10952818127270803 
 190.35590331369499495 159.32242967263749733 
 177.82929332334541073 174.39173762455334327 
 159.44627687244482672 167.60463911591818942 
 146.9196668820952425 182.67394706783403535 
 128.53665043119463007 175.88684855919885308 
 116.01004044084501743 190.95615651111469901 
 97.627023989944419213 184.16905800247951674 
 85.100413999594834991 199.23836595439536268 
 66.717397548694236775 192.45126744576015199 
 54.190787558344659658 207.52057539767602634 
 35.807771107444075653 200.73347688904084407 
 23.281161117094480772   215.80278484095669 
 245.50495266639680381 179.68372519854304414 
 227.1219362154962198 172.89662668990786187 
 214.59532622514660716 187.96593464182373623 
 196.21230977424602315 181.17883613318852554 
 183.68569978389641051 196.24814408510439989 
 165.3026833329958265 189.4610455764691892 
 152.7760733426462707 204.53035352838506356 
 134.39305689174562985 197.74325501974985286 
 121.86644690139604563 212.8125629716656988 
 103.48343045049544742 206.02546446303051653 
 90.956820460145834772 221.0947724149464193 
 72.573804009245264979 214.30767390631120861 
 60.047194018895673651 229.37698185822705454 
 41.664177567995096751 222.58988334959187227 
 29.137567577645505423 237.65919130150771821 
 251.36135912694783201 201.54013165909410077 
 232.97834267604724801 194.75303315045889008 
 220.45173268569763536 209.82234110237473601 
 202.06871623479705136 203.03524259373955374 
 189.54210624444746713 218.10455054565539967 
 171.15908979354685471 211.3174520370202174 
 158.63247980319727048 226.38675998893606334 
 140.24946335229665806 219.59966148030090949 
 127.72285336194707384 234.66896943221675542 
 109.3398369110464472 227.88187092358154473 
 96.813226920696862976 242.95117887549739066 
 78.430210469796293182 236.16408036686220839 
 65.903600479446694749 251.23338831877808275 
 47.52058402854611785 244.44628981014287206 
 238.83474913659824779 216.60943961100991828 
 226.30813914624863514 231.67874756292576421 
 207.92512269534805114 224.89164905429058194 
 195.39851270499846692 239.96095700620642788 
 177.01549625409785449 233.17385849757124561 
 164.48888626374829869 248.24316644948709154 
 146.10586981284765784 241.45606794085188085 
 133.57925982249807362 256.52537589276772678 
 115.19624337159746119 249.73827738413257293 
