 108.13359369003137544 37.492248928635746097 
 85.759837944375149732 47.799717302915063044 
 100.33686893102728277 79.440732343861057529 
 81.861660316959259376 68.774065677194400337 
 89.658385075963366262 26.825582261969078246 
 104.23504655844318734 58.466383969581734448 
 77.964991119671850583 89.745801373851463723 
 55.591235374015631976 100.0532697481308162 
 70.168266360667757908 131.69428478907678937 
 51.693057746599734514 121.02761812241013217 
  59.4897825056038414 79.07913470718480653 
 74.066443988083662475 110.7199364147974876 
 47.796388549312347038 141.99935381906718135 
 25.422632803656121325 152.30682219334656224 
 39.999663790308225941 183.94783723429250699 
 21.524455176240191889 173.28117056762587822 
 29.321179935244312986 131.33268715240055258 
 43.897841417724137614 162.97348886001319102 
 17.627785978952818624 194.2529062642829274 
 130.50547150138680763 27.187179898645339904 
 112.03026288731877003 16.520513231978682711 
 134.40364912880266957 6.2128315243660194866 
 145.08401091816745065 58.825582261969074693 
 122.71025517251121073 69.133050636248412957 
 137.28728615916332956 100.77406567719438613 
 118.81207754509532037 90.107399010527728933 
 126.60880230409939884 48.15891559530240329 
 141.18546378657924834 79.79971730291508436 
 114.91540834780791158 111.07913470718480653 
 92.541652602151685869 121.38660308146413058 
 107.11868358880379049 153.02761812241010375 
 88.643474974735795513 142.36095145574347498 
 96.440199733739888188 100.41246804051813513 
 111.01686121621972347 132.0532697481308162 
 84.746805777448400931 163.33268715240052416 
 62.373050031792175218 173.64015552667987663 
 76.950081018444265624 205.2811705676258498 
 58.474872404376256441 194.61450390095919261 
 66.271597163380363327 152.66602048573383854 
 80.848258645860198612 184.30682219334653382 
 54.57820320708887607 215.58623959761624178 
 152.87885774287073559 16.879498191032688226 
 167.45588872952285442  48.5205132319786685 
 148.98068011545481681 37.853846565312011307 
 36.102994593020852676 204.91957293094955617 
 171.3540663569387732 27.546164857699363182 
 182.03442814630349744 80.15891559530240329 
 159.66067240064725752 90.466383969581727342 
 174.23770338729937635 122.10739901052772893 
 155.76249477323136716 111.44073234386105753 
 163.55921953223545984 69.492248928635731886 
 178.1358810147152667 101.13305063624839875 
 151.86582557594397258 132.41246804051812092 
 129.49206983028773266 142.71993641479747339 
 144.06910081693985148 174.36095145574344656 
 125.5938922028718423 163.69428478907678937 
 133.39061696187593498 121.74580137385146372 
 147.96727844435574184 153.38660308146413058 
 121.69722300558444772 184.66602048573386696 
 99.323467259928207795 194.97348886001319102 
 113.90049824658032662 226.61450390095919261 
 95.425289632512303228 215.94783723429253541 
 103.22201439151641011 173.99935381906720977 
 117.79867587399625961 205.64015552667984821 
 91.528620435224922858 236.91957293094958459 
 189.82927497100678238 38.212831524366016822 
 204.40630595765890121 69.853846565312011307 
 185.93109734359089202 59.187179898645339904 
 73.053411821156885253 226.25290626428289897 
 208.30448358507479156 48.879498191032688226 
 218.98484537443957265 101.4922489286357461 
 196.61108962878336115 111.79971730291507015 
 211.18812061543545155 143.44073234386104332 
 192.71291200136741395 132.77406567719438613 
 200.50963676037150663 90.825582261969074693 
 215.08629824285137033 122.46638396958174155 
 188.81624280408004779 153.74580137385146372 
 166.44248705842380787 164.0532697481308162 
 181.01951804507592669 195.69428478907676094 
 162.54430943100788909 185.02761812241013217 
 170.34103419001198176 143.07913470718480653 
 184.91769567249184547 174.71993641479747339 
 158.64764023372052293 205.99935381906720977 
 136.27388448806431143 216.30682219334653382 
 150.85091547471640183 247.94783723429250699 
 132.37570686064836423 237.28117056762587822 
 140.1724316196524569 195.33268715240055258 
 154.74909310213232061 226.97348886001319102 
 226.77969219914285759 59.546164857699359629 
 241.35672318579497642 91.187179898645339904 
 222.88151457172693881 80.520513231978682711 
 110.00382904929296046 247.58623959761624178 
 245.25490081321089519 70.212831524366023928 
 255.9352626025755626 122.82558226196906048 
 233.56150685691937952 133.13305063624838454 
 248.13853784357146992 164.77406567719438613 
 229.66332922950348916 154.10739901052772893 
 237.46005398850755341 112.15891559530238908 
 252.0367154709873887 143.79971730291504173 
 225.76666003221603773 175.07913470718477811 
 203.39290428655985465 185.38660308146413058 
 217.96993527321194506 217.02761812241010375 
 199.4947266591439643 206.36095145574344656 
 207.29145141814802855 164.41246804051812092 
 221.86811290062786384 196.05326974813078778 
 195.59805746185651287 227.33268715240049573 
 173.22430171620032979 237.64015552667987663 
 177.12284884778850369 216.66602048573383854 
 191.69951033026833898 248.3068221933465054 
 71.183176461895314446 16.15891559530240329 
 48.809420716239095839 26.466383969581734448 
 63.386451702891179139 58.107399010527714722 
 44.911243088823198377 47.44073234386107174 
 52.707967847827305263 5.4922489286357336624 
 67.284629330307140549 37.133050636248405851 
 41.014573891535810901 68.412468040518135126 
 18.640818145879570977 78.719936414797459179 
 33.217849132531661382 110.36095145574343235 
 14.742640518463671739 99.694284789076789366 
 22.539365277467776849 57.745801373851463723 
 37.116026759947615687 89.386603081464130582 
 10.845971321176284263 120.66602048573386696 
 3.0492465621721187574 162.61450390095916418 
 6.9474241895881050368 141.64015552667987663 
 93.555054273250689789 5.8538465653119953203 
