 60.79888812961367961 13.10968860956086246 
 73.728840699881970977 35.505023400721348992 
 51.333505908721484445 48.434975970989647465 
 64.263458478989790024 70.830310762150119785 
 41.868123687829303492 83.760263332418432469 
 54.798076258097594859 106.1555981235789119 
 32.402741466937122539 119.08555069384719616 
 45.332694037205421012 141.48088548500768979 
 22.937359246044927374 154.41083805527600248 
 35.867311816313225847 176.8061728464364819 
 13.471977025152748197 189.73612541670479459 
 26.401929595421041341 212.13146020786530244 
 4.0065948042605530333 225.0614127781335867 
 96.124175491042464614 22.575070830453043413 
 109.05412806131076309 44.970405621613529945 
 86.658793270150283661 57.900358191881842629 
 99.588745840418567923 80.295692983042300739 
 77.193411049258088497 93.225645553310613423 
 90.123363619526372759 115.62098034447109285 
 67.728028828365893332 128.55093291473940553 
 80.657981398634206016 150.94626770589985654 
 58.262646607473712379 163.87622027616819764 
 71.192599177742010852 186.27155506732867707 
 48.797264386581531426 199.20150763759698975 
 61.727216956849808582 221.59684242875746918 
 39.331882165689336261 234.52679499902572502 
 118.51951028220295825 9.645118260184707637 
 131.44946285247124251 32.040453051345238578 
 144.37941542273952678 54.435787842505725109 
 121.98408063157904735 67.365740412774016477 
 134.91403320184736003 89.761075203934495903 
 112.5186984106868664 102.69102777420280859 
 125.44865098095516487 125.08636256536328801 
 103.05331618979467123 138.01631513563157228 
 115.98326876006298392 160.4116499267920517 
 93.587933968902490278 173.34160249706036439 
 106.51788653917078875 195.73693728822087223 
 84.122551748010295114 208.6668898584891565 
 97.052504318278607798 231.06222464964966434 
 74.657169527118114161 243.99217721991792018 
 153.84479764363172194 19.110500481076901025 
 166.7747502139000062 41.505835272237419531 
 179.70470278416831889 63.901170063397906063 
 157.30936799300781104 76.831122633666211641 
 170.23932056327615214 99.226457424826691067 
 147.84398577211564429 112.15640999509498954 
 160.77393834238395698 134.55174478625548318 
 138.37860355122344913 147.48169735652376744 
 151.30855612149176181 169.87703214768424687 
 128.91322133033128239 182.80698471795255955 
 141.84317390059956665 205.2023195091130674 
 119.44783910943908722 218.13227207938135166 
 132.37779167970737149 240.52760687054183109 
 109.98245688854690627 253.45755944081008693 
 189.17008500506051405 28.575882701969081978 
 202.10003757532882673 50.971217493129614695 
  215.029990145597111 73.366552284290108332 
 192.63465535443663157 86.296504854558392594 
 205.56460792470494425 108.69183964571887202 
 183.1692731335444364 121.6217922159871847 
 196.09922570381274909 144.01712700714767834 
 173.70389091265224124 156.94707957741593418 
 186.63384348292058235 179.34241436857644203 
 164.23850869176004608 192.27236693884472629 
 177.16846126202838718 214.66770173000523414 
 154.77312647086787933 227.59765430027354682 
 167.70307904113619202 249.99298909143402625 
 224.49537236648930616 38.041264922861266484 
 237.42532493675761884 60.436599714021795648 
 250.35527750702590311 82.831934505182289286 
 227.95994271586542368 95.761887075450587758 
 240.88989528613370794 118.15722186661106718 
 218.49456049497325694 131.08717443687936566 
 231.42451306524151278 153.48250922803987351 
 209.02917827408106177 166.41246179830812935 
 221.95913084434931761 188.80779658946863719 
 199.56379605318886661 201.73774915973692146 
 212.49374862345712245 224.1330839508974293 
 190.09841383229667144 237.06303652116574199 
 38.403553338453150445 26.03964117982915738 
 28.938171117560969492 61.364928541257924621 
 253.8198478564019922 140.55255665777156082 
 19.472788896668774328 96.690215902686716731 
 244.35446563550979704 175.87784401920029609 
 10.007406675776593374 132.01550326411549463 
 234.88908341461760187 211.20313138062911662 
 225.42370119372543513 246.52841874205790873 
