 24.212930844580256462 64.664749042390511136 
 35.990777725605191506 46.379034756676226436 
 24.212930844580256462 101.23617761381908053 
 35.990777725605191506 82.950463328104788729 
 24.212930844580256462 137.80760618524766414 
 35.990777725605191506 119.52189189953337234 
 24.212930844580256462 174.37903475667624775 
 35.990777725605191506 156.09332047096194174 
 24.212930844580256462 210.95046332810483136 
 35.990777725605191506 192.66474904239052535 
 24.212930844580256462 247.52189189953338655 
 35.990777725605191506 229.23617761381910896 
 24.212930844580256462 28.093320470961948843 
 35.990777725605191506 9.8076061852476303926 
 47.768624606630147866 64.664749042390511136 
 59.546471487655068699 46.379034756676226436 
 47.768624606630147866 101.23617761381908053 
 59.546471487655068699 82.950463328104788729 
 47.768624606630147866 137.80760618524766414 
 59.546471487655068699 119.52189189953337234 
 47.768624606630147866 174.37903475667624775 
 59.546471487655068699 156.09332047096194174 
 47.768624606630147866 210.95046332810483136 
 59.546471487655068699 192.66474904239052535 
 47.768624606630147866 247.52189189953338655 
 59.546471487655068699 229.23617761381910896 
 47.768624606630147866 28.093320470961948843 
 59.546471487655068699 9.8076061852476303926 
 71.32431836868002506 64.664749042390511136 
 83.102165249704952998 46.379034756676226436 
 71.32431836868002506 101.23617761381908053 
 83.102165249704952998 82.950463328104788729 
 71.32431836868002506 137.80760618524766414 
 83.102165249704952998 119.52189189953337234 
 71.32431836868002506 174.37903475667624775 
 83.102165249704952998 156.09332047096194174 
 71.32431836868002506 210.95046332810483136 
 83.102165249704952998 192.66474904239052535 
 71.32431836868002506 247.52189189953338655 
 83.102165249704952998 229.23617761381910896 
 71.32431836868002506 28.093320470961948843 
 83.102165249704952998 9.8076061852476303926 
 94.880012130729895148 64.664749042390511136 
 106.6578590117548373 46.379034756676226436 
 94.880012130729895148 101.23617761381908053 
 106.6578590117548373 82.950463328104788729 
 94.880012130729895148 137.80760618524766414 
 106.6578590117548373 119.52189189953337234 
 94.880012130729895148 174.37903475667624775 
 106.6578590117548373 156.09332047096194174 
 94.880012130729895148 210.95046332810483136 
 106.6578590117548373 192.66474904239052535 
 94.880012130729895148 247.52189189953338655 
 106.6578590117548373 229.23617761381910896 
 94.880012130729895148 28.093320470961948843 
 106.6578590117548373 9.8076061852476303926 
 118.43570589277976524 64.664749042390511136 
 130.21355277380470739 46.379034756676226436 
 118.43570589277976524 101.23617761381908053 
 130.21355277380470739 82.950463328104788729 
 118.43570589277976524 137.80760618524766414 
 130.21355277380470739 119.52189189953337234 
 118.43570589277976524 174.37903475667624775 
 130.21355277380470739 156.09332047096194174 
 118.43570589277976524 210.95046332810483136 
 130.21355277380470739 192.66474904239052535 
 118.43570589277976524 247.52189189953338655 
 130.21355277380470739 229.23617761381910896 
 118.43570589277976524 28.093320470961948843 
 130.21355277380470739 9.8076061852476303926 
 141.99139965482964953 64.664749042390511136 
 153.76924653585459168 46.379034756676226436 
 141.99139965482964953 101.23617761381908053 
 153.76924653585459168 82.950463328104788729 
 141.99139965482964953 137.80760618524766414 
 153.76924653585459168 119.52189189953337234 
 141.99139965482964953 174.37903475667624775 
 153.76924653585459168 156.09332047096194174 
 141.99139965482964953 210.95046332810483136 
 153.76924653585459168 192.66474904239052535 
 141.99139965482964953 247.52189189953338655 
 153.76924653585459168 229.23617761381910896 
 141.99139965482964953 28.093320470961948843 
 153.76924653585459168 9.8076061852476303926 
 165.54709341687956226 64.664749042390511136 
 177.3249402979045044 46.379034756676226436 
 165.54709341687956226 101.23617761381908053 
 177.3249402979045044 82.950463328104788729 
 165.54709341687956226 137.80760618524766414 
 177.3249402979045044 119.52189189953337234 
 165.54709341687956226 174.37903475667624775 
 177.3249402979045044 156.09332047096194174 
 165.54709341687956226 210.95046332810483136 
 177.3249402979045044 192.66474904239052535 
 165.54709341687956226 247.52189189953338655 
 177.3249402979045044 229.23617761381910896 
 165.54709341687956226 28.093320470961948843 
 177.3249402979045044 9.8076061852476303926 
 189.10278717892938971 64.664749042390511136 
 200.88063405995436028 46.379034756676226436 
 189.10278717892938971 101.23617761381908053 
 200.88063405995436028 82.950463328104788729 
 189.10278717892938971 137.80760618524766414 
 200.88063405995436028 119.52189189953337234 
 189.10278717892938971 174.37903475667624775 
 200.88063405995436028 156.09332047096194174 
 189.10278717892938971 210.95046332810483136 
 200.88063405995436028 192.66474904239052535 
 189.10278717892938971 247.52189189953338655 
 200.88063405995436028 229.23617761381910896 
 189.10278717892938971 28.093320470961948843 
 200.88063405995436028 9.8076061852476303926 
 212.65848094097930243 64.664749042390511136 
 224.43632782200424458 46.379034756676226436 
 212.65848094097930243 101.23617761381908053 
 224.43632782200424458 82.950463328104788729 
 212.65848094097930243 137.80760618524766414 
 224.43632782200424458 119.52189189953337234 
 212.65848094097930243 174.37903475667624775 
 224.43632782200424458 156.09332047096194174 
 212.65848094097930243 210.95046332810483136 
 224.43632782200424458 192.66474904239052535 
 212.65848094097930243 247.52189189953338655 
 224.43632782200424458 229.23617761381910896 
 212.65848094097930243 28.093320470961948843 
 224.43632782200424458 9.8076061852476303926 
 236.21417470302915831 64.664749042390511136 
 12.435083963555333852 46.379034756676226436 
 236.21417470302915831 101.23617761381908053 
 12.435083963555333852 82.950463328104788729 
 236.21417470302915831 137.80760618524766414 
 12.435083963555333852 119.52189189953337234 
 236.21417470302915831 174.37903475667624775 
 12.435083963555333852 156.09332047096194174 
 236.21417470302915831 210.95046332810483136 
 12.435083963555333852 192.66474904239052535 
 236.21417470302915831 247.52189189953338655 
 12.435083963555333852 229.23617761381910896 
 236.21417470302915831 28.093320470961948843 
 12.435083963555333852 9.8076061852476303926 
