 66.464636283099636671 8.6426499273015053859 
 46.868718340834220726 19.956358426286268326 
 58.182426839818973008 39.552276368551687824 
 38.586508897553557063 50.865984867536454317 
 49.90021739653831645 70.461902809801870262 
 30.304299454272900505 81.775611308786636755 
 41.618007953257652787 101.37152925105206691 
 22.022090010992233289 112.6852377500368334 
 33.335798509976989124 132.28115569230223514 
 13.739880567711567849 143.59486419128700163 
 25.053589066696318355 163.19078213355240337 
 5.4576711244309015214 174.50449063253719828 
 16.771379623415654692 194.10040857480262844 
 8.4891701801349999101 225.01003501605279666 
 97.37426272434983332 16.924859370582169049 
 77.778344782084403164 28.238567869566935542 
 89.092053281069183868 47.834485811832351487 
 69.496135338803739501 59.14819431081711798 
 80.809843837788520204 78.744112253082533925 
 61.213925895523082943 90.057820752067286207 
 72.527634394507856541 109.65373869433273057 
 52.93171645224241928 120.96744719331748286 
 64.245424951227192878 140.5633651355828988 
 44.649507008961748511 151.87707363456766529 
 55.963215507946515004 171.47299157683309545 
 36.367297565681084848 182.78670007581789037 
 47.681006064665851341 202.3826180180832921 
 28.085088122400431843 213.69632651706803017 
 39.398796621385194783 233.29224445933343191 
 116.97018066661524927 5.6111508715974052208 
 128.28388916560001576 25.207068813862822054 
 108.6879712233345856 36.520777312847606311 
 120.00167972231935209 56.116695255113008045 
 100.40576178005393615 67.430403754097781643 
 111.71947027903870264 87.026321696363197589 
 92.123552336773272486 98.340030195347949871 
 103.43726083575803898 117.93594813761339424 
 83.841342893492594612 129.24965663659816073 
 95.155051392477375316 148.84557457886356246 
 75.559133450211930949 160.15928307784832896 
 86.872841949196711653 179.75520102011373069 
 67.276924006931267286 191.06890951909852561 
 78.590632505916033779 210.66482746136392734 
 58.994714563650617833 221.97853596034872226 
 70.308423062635384326 241.57445390261409557 
 147.87980710786547434 13.893360314878071549 
 159.19351560685021241 33.48927825714348927 
 139.59759766458481067 44.802986756128255763 
 150.91130616356954874 64.398904698393678814 
 131.31538822130411859 75.712613197378459517 
 142.62909672028888508 95.308531139643875463 
 123.03317877802346914 106.62223963862862774 
 134.34688727700822142 126.2181575808940579 
 114.75096933474280547 137.53186607987882439 
 126.06467783372757197 157.12778402214422613 
 106.4687598914621276 168.44149252112899262 
 117.78246839044689409 188.03741046339442278 
 98.186550448181463935 199.35111896237918927 
 109.50025894716623043 218.94703690464464785 
 89.904341004900814482 230.2607454036293575 
 101.21804950388558098 249.85666334589478765 
 178.78943354911567098 22.175569758158740541 
 190.10314204810038063 41.771487700424160039 
 170.5072241058349789 53.085196199408919426 
 181.82093260481971697 72.681114141674342477 
 162.22501466255434366 83.994822640659123181 
 173.53872316153905331 103.59074058292452492 
 153.94280521927365157 114.90444908190929141 
 165.25651371825841807 134.50036702417469314 
 145.66059577599298791 145.81407552315948806 
 156.9743042749777544 165.40999346542488979 
 137.37838633271232425 176.72370196440965628 
 148.69209483169709074 196.31961990667508644 
 129.09617688943166058 207.63332840565985293 
 140.40988538841642708 227.22924634792528309 
 120.81396744615101113 238.54295484691002116 
 209.69905999036581079 30.457779201439404204 
 221.01276848935057728 50.053697143704823702 
 201.41685054708517555 61.367405642689590195 
 212.73055904606994204 80.96332358495500614 
 193.13464110380451189 92.277032083939772633 
 204.44834960278924996 111.87295002620518858 
 184.8524316605238198 123.18665852518995507 
 196.16614015950861472 142.78257646745538523 
 176.57022221724315614 154.09628496644015172 
 187.88393071622795105 173.69220290870555345 
 168.28801277396249247 185.00591140769031995 
 179.60172127294728739 204.6018293499557501 
 160.00580333068182881 215.9155378489405166 
 171.3195118296665953 235.51145579120597517 
 151.72359388740116515 246.82516429019068482 
 240.60868643161600744 38.73998864472007142 
 251.92239493060077393 58.335906586985487365 
 232.3264769883353722 69.649615085970253858 
 243.64018548732013869 89.245533028235669804 
 224.04426754505468011 100.5592415272204363 
 235.35797604403944661 120.15515946948585224 
 215.76205810177404487 131.46886796847061873 
 227.07576660075881136 151.06478591073604889 
 207.47984865849335279 162.37849440972081538 
 218.79355715747811928 181.97441235198621712 
 199.19763921521268912 193.28812085097098361 
 210.51134771419748404 212.88403879323641377 
 190.91542977193202546 224.19774729222118026 
 202.22913827091679195 243.79366523448661042 
 182.6332203286513618 255.10737373347134849 
 27.272800398568801228 31.270066925271020608 
 254.95389398630487676 108.84145097050108575 
 18.990590955288137565 62.179693366521206599 
 246.6716845430242131 139.7510774117512824 
 10.708381512007468572 93.089319807771403248 
 238.38947509974352101 170.66070385300147905 
 2.4261720687268022445 123.99894624902157148 
 230.10726565646285735 201.57033029425161885 
 221.82505621318219369 232.4799567355018155 
