 86.766129996039069283 3.0568167376023915871 
 92.622536456590083276 24.913223198153406912 
 70.766129996039055072 30.769629658704431563 
 76.622536456590097487 52.626036119255445556 
 54.766129996039069283 58.482442579806466654 
 60.622536456590090381 80.338849040357501963 
 38.766129996039076389 86.195255500908501745 
 44.622536456590097487 108.05166196145951574 
 22.766129996039069283 113.90806842201054394 
 28.622536456590093934 135.76447488256158636 
 6.7661299960390648423 141.62088134311258614 
 12.622536456590088605 163.47728780366364276 
 136.33534937769212547 13.200410277051359387 
 114.47894291714108306 19.056816737602396472 
 120.33534937769212547 40.913223198153396254 
 98.478942917141097269 46.769629658704424457 
 104.33534937769212547 68.626036119255431345 
 82.478942917141111479 74.482442579806459548 
 88.335349377692111261 96.338849040357487752 
 66.478942917141097269 102.19525550090850174 
 72.335349377692125472 124.05166196145952995 
 50.478942917141097269 129.90806842201052973 
 56.335349377692118367 151.76447488256158636 
 34.478942917141104374 157.62088134311258614 
 40.335349377692111261 179.47728780366361434 
 18.478942917141097269 185.33369426421461412 
 24.33534937769213613 207.19010072476564233 
 158.19175583824315368 7.3440038165003347359 
 164.04816229879415346 29.200410277051364716 
 142.19175583824315368 35.056816737602389367 
 148.04816229879415346 56.913223198153403359 
 126.19175583824313946 62.769629658704424457 
 132.04816229879415346 84.626036119255431345 
 110.19175583824313946 90.482442579806459548 
 116.04816229879415346 112.33884904035747354 
 94.191755838243153676 118.19525550090850174 
 100.04816229879416767 140.05166196145950153 
 78.191755838243153676 145.90806842201052973 
 84.048162298794153457 167.76447488256155793 
 62.191755838243139465 173.62088134311258614 
 68.048162298794153457 195.47728780366361434 
 46.191755838243153676 201.33369426421461412 
 52.048162298794160563 223.19010072476564233 
 185.90456875934518166 23.344003816500340065 
 191.76097521989620986 45.200410277051354058 
 169.90456875934515324 51.056816737602396472 
 175.76097521989620986 72.913223198153403359 
 153.90456875934518166 78.769629658704417352 
 159.76097521989620986 100.62603611925543134 
 137.90456875934518166 106.48244257980645955 
 143.76097521989618144 128.33884904035750196 
 121.90456875934519587 134.19525550090850174 
 127.76097521989620986 156.05166196145950153 
 105.90456875934518166 161.90806842201055815 
 111.76097521989620986 183.76447488256155793 
 89.904568759345181661 189.62088134311261456 
 95.760975219896209865 211.47728780366361434 
 73.904568759345195872 217.33369426421461412 
 79.760975219896209865 239.19010072476564233 
 213.61738168044720965 39.34400381650033296 
 219.47378814099820943 61.200410277051346952 
 197.61738168044720965 67.056816737602403578 
 203.47378814099823785 88.913223198153389149 
 181.61738168044723807 94.769629658704417352 
 187.47378814099823785 116.62603611925541713 
 165.61738168044723807 122.48244257980645955 
 171.47378814099823785 144.33884904035747354 
 149.61738168044723807 150.19525550090850174 
 155.47378814099823785 172.05166196145950153 
 133.61738168044723807 177.90806842201055815 
 139.47378814099823785 199.76447488256152951 
 117.61738168044723807 205.62088134311261456 
 123.47378814099822364 227.47728780366361434 
 101.61738168044723807 233.33369426421464254 
 107.47378814099823785 255.19010072476564233 
 241.33019460154923763 55.344003816500318749 
 247.18660106210029426 77.200410277051346952 
 225.33019460154923763 83.056816737602375156 
 231.18660106210026584 104.91322319815338915 
 209.33019460154926605 110.76962965870441735 
 215.18660106210026584 132.62603611925541713 
 193.33019460154926605 138.48244257980644534 
 199.18660106210026584 160.33884904035747354 
 177.33019460154926605 166.19525550090847332 
 183.18660106210026584 188.05166196145952995 
 161.33019460154923763 193.90806842201052973 
 167.18660106210026584 215.76447488256155793 
 145.33019460154923763 221.62088134311258614 
 151.18660106210026584 243.47728780366361434 
 129.33019460154926605 249.33369426421461412 
 253.04300752265129404 99.056816737602375156 
 237.04300752265129404 126.76962965870441735 
 242.89941398320232224 148.62603611925541713 
 221.04300752265129404 154.48244257980644534 
 226.89941398320232224 176.33884904035747354 
 205.04300752265129404 182.19525550090847332 
 210.89941398320235066 204.05166196145952995 
 189.04300752265129404 209.90806842201052973 
 194.89941398320235066 231.76447488256155793 
 173.04300752265129404 237.62088134311258614 
 64.909723535488069501 8.9132231981534157939 
 48.909723535488069501 36.626036119255452661 
 248.75582044375332202 170.48244257980644534 
 32.909723535488069501 64.338849040357501963 
 232.75582044375332202 198.1952555009084449 
 16.909723535488076607 92.051661961459529948 
 216.75582044375332202 225.90806842201052973 
 200.75582044375332202 253.62088134311255772 
