 121.61324565313675805 15.681971675126094468 
 98.985828655167239276 15.681971675126094468 
 98.985828655167239276 38.309388673095625677 
 76.35841165719770629 38.309388673095611466 
 76.35841165719770629 60.936805671065144452 
 53.730994659228187516 60.936805671065144452 
 53.730994659228201726 83.564222669034677438 
 31.103577661258668741 83.564222669034677438 
 31.103577661258668741 106.19163966700421042 
 8.4761606632891357549 106.19163966700421042 
 8.4761606632891517421 128.81905666497374341 
 166.86807964907580981 15.681971675126094468 
 144.24066265110627683 15.681971675126094468 
 144.24066265110627683 38.309388673095611466 
 121.61324565313674384 38.309388673095611466 
 121.61324565313675805 60.936805671065130241 
 98.985828655167239276 60.936805671065130241 
 98.985828655167239276 83.564222669034677438 
 76.358411657197720501 83.564222669034649016 
 76.358411657197720501  106.191639667004182 
 53.730994659228187516  106.191639667004182 
 53.730994659228187516 128.81905666497368657 
 31.10357766125865453 128.81905666497368657 
 31.103577661258668741 151.44647366294324797 
 8.4761606632891517421 151.44647366294321955 
 8.4761606632891517421 174.07389066091278096 
 189.49549664704531438 15.681971675126094468 
 189.49549664704528595 38.309388673095611466 
 166.86807964907580981 38.309388673095625677 
 166.86807964907580981 60.936805671065130241 
 144.24066265110627683 60.936805671065144452 
 144.24066265110627683 83.564222669034649016 
 121.61324565313675805 83.564222669034663227 
 121.61324565313674384  106.191639667004182 
 98.985828655167253487  106.191639667004182 
 98.985828655167239276 128.81905666497368657 
 76.358411657197720501 128.81905666497368657 
 76.35841165719770629 151.44647366294324797 
 53.730994659228187516 151.44647366294324797 
 53.730994659228187516 174.07389066091278096 
 31.103577661258682951 174.07389066091278096 
 31.103577661258682951 196.7013076588822571 
 212.12291364501481894 38.309388673095611466 
 212.12291364501481894 60.936805671065130241 
 189.49549664704531438 60.936805671065144452 
 189.49549664704531438 83.564222669034649016 
 166.86807964907580981 83.564222669034649016 
 166.86807964907583823  106.191639667004182 
 144.24066265110627683  106.191639667004182 
 144.24066265110630525 128.81905666497368657 
 121.61324565313675805 128.81905666497368657 
 121.61324565313675805 151.44647366294321955 
 98.985828655167239276 151.44647366294321955 
 98.985828655167239276 174.07389066091278096 
 76.35841165719770629 174.07389066091278096 
 76.358411657197720501 196.7013076588822571 
 53.730994659228215937 196.7013076588822571 
 53.730994659228215937 219.32872465685176167 
 234.75033064298438035 60.936805671065130241 
 234.7503306429843235 83.564222669034649016 
 212.12291364501481894 83.564222669034663227 
 212.12291364501481894 106.19163966700416779 
 189.49549664704531438  106.191639667004182 
 189.49549664704531438 128.81905666497368657 
 166.86807964907583823 128.81905666497368657 
 166.86807964907580981 151.44647366294321955 
 144.24066265110630525 151.44647366294321955 
 144.24066265110627683 174.07389066091272412 
 121.61324565313675805 174.07389066091278096 
 121.61324565313674384 196.7013076588822571 
 98.985828655167239276 196.7013076588822571 
 98.985828655167239276 219.32872465685176167 
 76.358411657197734712 219.32872465685176167 
 76.358411657197720501 241.95614165482129465 
 234.7503306429843235  106.191639667004182 
 234.75033064298438035 128.81905666497368657 
 212.12291364501481894 128.81905666497368657 
 212.12291364501481894 151.44647366294321955 
 189.49549664704531438 151.44647366294321955 
 189.49549664704531438 174.07389066091275254 
 166.86807964907580981 174.07389066091272412 
 166.86807964907580981 196.7013076588822571 
 144.24066265110627683 196.7013076588822571 
 144.24066265110627683 219.32872465685176167 
 121.61324565313674384 219.32872465685176167 
 121.61324565313675805 241.95614165482132307 
 98.985828655167253487 241.95614165482126623 
 234.75033064298438035 151.44647366294321955 
 234.75033064298438035 174.07389066091275254 
 212.12291364501481894 174.07389066091272412 
 212.12291364501484736 196.7013076588822571 
 189.49549664704531438 196.7013076588822571 
 189.49549664704531438 219.32872465685176167 
 166.86807964907583823 219.32872465685176167 
 166.86807964907583823 241.95614165482132307 
 144.24066265110627683 241.95614165482132307 
 76.358411657197734712 15.681971675126124666 
 234.7503306429843235 196.70130765888222868 
 53.730994659228215937 38.309388673095639888 
 212.12291364501481894 219.32872465685176167 
 31.103577661258697162 60.936805671065158663 
 189.49549664704531438 241.95614165482126623 
 8.476160663289165953 83.564222669034705859 
