 76.497332810607346687 2.552744254602809626 
 34.978255191143780678 43.648357307421704832 
  60.3587349303115559 22.731693714056032007 
 98.467770298513130456 1.2801783226370087032 
 54.807113254804377789 33.516946431525560968 
 80.117116132495837633 15.127674807165067961 
 19.789646786090710151 67.050175024729739448 
 11.655241224767330266 77.305644485553472123 
 72.284107765585432048 24.413423685123795792 
 37.935507743331740471 55.688194702815977166 
 2.2921970903435067157 97.889232500709084661 
 31.94817252611164804 67.162225993703700055 
 12.169818857190481509 90.452113421595129239 
 100.80684181831657042 13.559262940423135291 
 91.368855678795497965 20.846739368457171793 
 63.688645955511404395 41.607424633983541185 
 49.378343368651592016 58.244308406463943584 
 75.079529031403907879 36.660950598670083878 
 119.36705603562440103 3.4717190836136677667 
 59.991265678264561245 52.715495167290740142 
 40.554857535016665793 76.603289461936498128 
 20.690580021281871126 99.171633816596653332 
 110.99038626297608801 21.25898073627086049 
 95.646402927870312283 33.004178992462222197 
 50.785708366146600667 70.298506669179602113 
 121.44636480829112202 15.615461577862607356 
 7.3960976081842089158 119.24492832361401895 
 86.721546266084558852 41.546240098421002074 
 18.095305801282755453 112.00053449754410906 
 68.145764385882117153 61.149005011437978396 
 32.792326029582589797 97.106323872579295653 
 42.002770863772063592 89.034007943498352233 
 4.2161309329575189508 132.33847927376976372 
 62.31259730314157963 72.228715848774385222 
 108.77670080323073876 33.573545143909811372 
 140.11470790895995719 7.3376283626614169364 
 80.098833179561523821 61.631602561170666377 
 151.82412467640517661 3.3091033801215870014 
 90.123985705235199362 53.674294250218039792 
 134.10643478854441923 18.134104278961938661 
 37.467452080256393288 108.08514659999414675 
 29.120288459373401935 116.81884684298111665 
 53.233753526212254314 96.341939556498587649 
 69.678213744541935171 81.543427820490521185 
 13.851548828258243518 140.44090475240267324 
 79.861275470972159951 74.106791459605844352 
 119.38214098028971932 42.046818902194779355 
 102.61613008147425319 58.387193002333788172 
 65.480737381750586223 93.455586244237565552 
 49.286928603979760055 108.65970197240655182 
 162.33754669100576962 10.423464983176518928 
 32.140173701811761475 128.15632921475835815 
 140.04018828231329508 28.504762377250003169 
 11.133060780232851172 152.62863494529568698 
 172.81476483840958736 4.2164929716294867745 
 25.574964424352902626 138.31754794131319386 
 132.80550916060781219 39.070921358400482859 
 116.32007823256716961 54.909147820520566086 
 90.224451436706203822  77.9246702748392579 
 100.2785067163586632 70.557786698086999877 
 51.499226248815908491 120.96503439391035784 
 163.89745064895643623  23.0280827068401166 
 153.49885523314824809 30.617620066852364147 
 44.002431128605955735 130.62175223107848865 
 184.34901522840121402 7.9596711408802702792 
 73.382774455449506945 103.46420567055811546 
 20.355633909933249726 160.8268799924426844 
 90.970492460073955954 90.134786525615581354 
 34.101518207195752552 146.99567524815313391 
 142.49444843958107754 47.168338635404538195 
 108.0329526914521665 79.330164739195808465 
 127.48963500033021035 62.75362074537660817 
 70.871794906240182854 115.59889719800784746 
 85.701200608922775359 101.15192501248029089 
 62.38856508447607041 124.91674683821442216 
 45.458248968366007148 143.0661678423964247 
 155.03311478516789634 42.942200877749108656 
 32.130579677004654116 158.49679909965973934 
 20.135997115606294017 172.88590543745121408 
 102.44633394432148066 90.137743174769937582 
 139.44964286855562818 58.765342395203866488 
 176.26408828558004416 26.763718403758215203 
 186.57066553892985894 19.18353370943844638 
 119.39680354650440108 81.501008956091666846 
 129.32082660314188161 75.379357391571659264 
 80.308996628638652737 122.67826172943927077 
 66.75451010928962603 137.1715145252000525 
 53.17474122268155412 152.77423483120529113 
 182.52832274707660076 37.553677623963309884 
 94.612601500067128768 109.9753505063365111 
 198.53103544582725704 23.776295962239633042 
 39.709376556415207915 168.53371788217239668 
 31.993548039664936766 178.45387919297556323 
 166.02660007879737236 50.928351602901798856 
 149.50273271174950196 65.841750277480883824 
 109.79964107087496927 98.911810729681292287 
 119.85176547761025745 93.177480204387862273 
 64.742902568280825903 149.51992954866793184 
 91.764925985927959573 121.22896058577468636 
 78.047884102865552336 134.11415828021307561 
 194.9449217204317506 35.084453201587557203 
 161.40059060795383061 62.254852134962739285 
 51.803700771940597747 165.6765690227834682 
  138.964269689004567 83.476653989018359425 
 179.9069214029171917 49.350707750024682241 
 106.70408974599541807 110.12426908007246595 
 149.38730271517050596 78.019946785345382523 
 34.743171413479529974 190.92520634557646986 
 128.36244989866520427 100.1375529934059756 
 88.137238153034857646 139.65413437843855604 
 97.487369574825152085 131.8322888705804985 
 71.01455882255270069 160.87545351426493312 
 139.40336225832245987 96.035353141120751275 
 63.80419663164773425 171.20912332823365887 
 202.3956775895231317 44.280838867348983001 
 167.76438570424141972 72.831691256936295531 
 194.04429018413387098 53.923618215646349938 
 160.06629708241754884 83.342458321275742605 
 125.77894193550505975 111.69105177279055852 
 116.19837289900742405 118.34465882598814801 
 88.899329557526471035 151.17480831823144172 
 46.702696563475669222 197.07063178288896665 
 215.23652554664553804 42.161404141872495188 
 82.84332767218992899 161.76594796774770657 
 108.79522511527980555 135.80499955785865041 
 179.20529045664412138 76.190082657664262911 
 144.08910811004068364 107.30778923150118942 
 119.44260143850830502 130.44157765199597065 
 60.733806994469901497 193.13521107882345973 
 69.345620884561142816 183.45803805668916198 
 100.15529288833241139 153.32537836949717303 
 200.24963302165707546 64.486096470298505778 
 135.99440612307637366 116.79839165801492129 
 166.06340734378076718 94.826143976749250442 
 191.89384081242550906 73.962398369269493514 
 109.99556433218803875 147.30292540109624611 
 220.72690234681152788 53.326254406899941785 
 176.93404084805595744 88.893838637668295632 
 91.818145670707210115 170.44485969171026341 
 213.56251906724639866 63.859648888237408926 
 153.72597416002921022 113.35854155609423799 
 102.02033510697305019 164.59232354001946419 
 67.353382412502597276 203.62884164602317583 
 164.44666331433117534 108.18259534253206766 
 59.485316634189956631 212.71577095329308804 
 139.16978697512476515 128.51752312982461035 
 83.758199396251811208 189.25976811474720307 
 130.52526892499915334 137.56655905609525803 
 196.26394928196671685 85.090562048870907574 
 94.043416367955529722 182.2098493953025411 
 187.29775987179795038 93.35150012604692904 
 119.39324349956341109 154.87930868936035722 
 233.25832791895899732 56.34004533169354545 
 151.24341464656930611 126.38825302042633325 
 113.61643377009249889 165.75736398641089409 
 131.09004925326843249 151.68896357220398841 
 168.26580926491649848 120.79964306059983414 
 222.17360887999373631 73.268068536214514097 
 78.950808550752583415 208.91183062693042416 
 65.261643645431632876 222.93672606072257736 
 88.590751929452849822 201.35916087168013178 
 206.83753005589258578 90.717367088589980995 
 191.06362579782538091 104.14646754788093119 
 106.8693603997486008 184.90027944625040845 
 234.83156696799383667 68.624922568231127684 
 117.11752874735429941 176.76460674957516517 
 161.25281849001248702 132.69436328831386618 
 217.7825021674784125 84.902120920111812552 
 77.606196923065212445 221.26410739623267432 
 179.13384815870929856 122.90200162871521172 
 188.10528712962150166 115.5097753449252167 
 203.06267350284463191 102.70289868318916149 
 137.46935167267204747 164.17501363079821886 
 129.8049326473411611 175.69345499878062355 
 110.55539679860719104 196.53089246276414315 
 101.25190802572205939 205.88458393149539916 
 164.59015130798763948 146.09890545768965353 
 247.5344178513179827 72.500546551643367366 
 226.05719771418924324 93.458482553613364985 
 82.092157767636066978 232.77929041616735617 
 182.11638307815627513 134.2021336775011946 
 206.11846091358646049 114.19285967564343309 
 150.1006999182825723 166.69679400038796757 
 197.83399032273251805 122.65472921576142085 
 123.52151013623030451 196.57922462547176679 
 161.2832297384577771 159.39616350060572358 
 133.27754724907489958 187.52819748650532006 
 176.81414570785611318 145.07156038620314575 
 238.01780898020126642 91.683346605177973743 
 223.99176709061458723 105.54200594875837282 
 248.00536982376902984 84.553839717679110777 
 106.16736741480359285 218.25091986922572573 
 193.80600839820064607 134.15036214740982246 
 217.10868785916821366 115.20505946268590947 
 92.898951786087593518 239.41310602196409718 
 153.70823426510284548 179.18948143463495626 
 103.94215705733394373 232.99458274643069444 
 145.85290018008774382 188.94998369110038539 
 127.43484648130585413 207.97300401074002707 
 118.79762954439820533 217.52352383746435294 
 186.1987311432619947 153.1111721552497329 
 242.20309670770302546 102.80107150307098607 
 171.01718249231228697 168.36669737483811105 
 196.48207758182718408 145.87293298660327423 
 234.40635254776802299 111.06025972666584778 
 221.70042433573220819 126.09856174307375909 
 140.10595864105411579 208.69828815024823143 
 183.46087402628629093 165.16742197043990359 
 166.48735462865479917 180.93631802687818322 
 150.10341520832233186 200.61215441185385089 
 233.29597994084366519 122.78524415700570671 
 123.21106197501818258 229.0979605200444098 
 253.55457790812974395 103.74913010539658842 
 217.18151797201238651 137.34643954353907702 
 115.64047130550554243 239.23347450088948563 
 208.15963494613927764 146.04731494693427862 
 142.8840020506181645 220.08199079248012708 
 134.92325437228183205 229.38300563444008162 
 162.82370428767956128 203.44021949792809778 
 242.23181844234579785 129.92669832067954871 
 171.97163711117596563 193.13762466996993794 
 193.66282210343752013 172.47776717458648932 
 212.30908084511628431 157.26158349068526832 
 120.95568172821789688 251.79187195409855349 
 226.94346838316567982 144.39551350608246594 
 253.34670737064172386 126.06175447809037848 
 205.75593952338962822 167.40120057647939689 
 238.20486229405116774 141.02559720763025553 
 154.35797300172723112 223.75933826321139009 
 140.75219767051615349 239.89419507723019365 
 224.34101372950590303 155.98437139576253685 
 164.61308042387898354 216.52085773545027791 
 194.52803418966121285 185.1167182323083864 
 185.8840591975435359 195.20208985708597993 
 135.85121982831327614 251.15824393837678485 
 152.56244220810432921 235.9596191300659882 
 246.58485075452583146 148.87375085898466409 
 214.17207151128246778 176.28617264457014358 
 232.61848490603512118 164.36369611867201002 
 207.29647441239006866 186.38741363113567218 
 175.13464830859876997 223.93299614619851923 
 192.46942196107525547 206.8467017022490495 
 161.91154785365742441 242.69746051427466682 
 244.27069956330947775 160.74343007855421206 
 187.33836854283703133 219.41402944270001285 
 226.75128618812959758 175.11334836673134419 
 172.7282979355880741 236.72177087433621523 
 160.8297159620397565 255.02928209861070741 
 205.81127110042203299 206.1807919049435327 
 213.81286880891201463 196.20885906404899401 
 255.76989254189896883 164.70654674102522108 
 234.68572572296960743 184.22031048051678681 
 195.23666455025895061 229.42023527787407033 
 180.18671695656945531 246.53404466089298808 
 226.87033657142828247 194.36553916572640333 
 213.09874752845607304 215.97273118609149378 
 191.67474707610656992 241.97615880015806056 
 207.54103153530414261 227.03053868377386948 
 248.87269380224589099 183.45737431912391457 
