 53.514678982258494955 3.7444112283750956571 
 39.307525243907029733 29.172403334141957743 
 52.538728915218932514 15.839567930137915752 
 65.284035987617201613 1.4110245226771287452 
 6.4430794402334266024 85.840931628698456279 
 33.906509250362795171 52.376223047452668879 
 31.841844651781048725 65.033500366118403235 
 23.670830087516574025 75.498347407476387616 
 49.799513654783567063 34.639537267413302857 
 45.950182627672212732 46.305259514854817837 
 12.04427702618401419 116.45780269326651535 
 60.31201570034128423 27.02821360983556076 
 76.85385988574607552 6.6707870298266547238 
 7.7945152283235374924 128.82989138055944522 
 30.638255097740980659 87.655010625174980987 
 42.58970280497393901 70.460159972244952087 
 56.249698615155601544 52.147339864498981399 
 52.18994781824029161 63.447407844157844181 
 23.879514682458616193 113.75688441961320052 
 31.331928156846046818 101.38908564296326631 
 42.479896596153409405 82.988184571575246196 
 77.014559934691988019 32.32251571360687592 
 86.707274185737460925 14.426615500882538967 
 12.09703730546774203 141.33461120892565077 
 3.8402701917147776811 151.39246602287627752 
 69.895002754306332804 51.434537144093305017 
 88.293181617132759698 26.330111253604808752 
 97.911416810664647414 8.6877992192605226762 
 62.002402198319273907 68.75445831090927129 
 32.236737630701675528 123.71182966307563333 
 80.564116946520869078 44.563665291423603776 
 53.806250655168511798 87.284518543513783584 
 43.280764594700485759 106.4572751746024295 
 62.494306171495026092 79.657122303590583101 
 72.142246691765507194 63.114164467412869897 
 24.732718876811109254 144.47689407243049686 
 10.591343905741997133 162.60204734453839137 
 42.807939959455737267 118.51104746591653338 
 33.831715439777340748 136.13363106081175147 
 5.4285674842599593859 173.59872374799726913 
 101.59124352469309827 27.623507054180723941 
 107.19785506808166531 16.401147002729523194 
 61.588692204313751688  96.5990037067925158 
 79.594213822098524247 72.295000114676227554 
 55.897010378272931064 106.17244314334502064 
 73.844771143376178202 82.700814949428206546 
 94.435783453852081948 49.894802115074405435 
 30.170149422834946051 155.73218277075690708 
 22.939892552824190375 165.21407502138944778 
 1.5761238401037795942 192.43152253963819476 
 53.64998552174477453  123.510548360721927 
 73.729712163333346098 94.418908282062758985 
 11.298630300903187873 184.70541803928367131 
 97.042293527235884198 61.852599570866900081 
 45.487091208340885373 141.18462671501916361 
 90.807902976919891103 71.842944758241486625 
 111.41590765876239288 35.415649606672921834 
 119.95608098668039077 16.634302163941100616 
 62.866357443787812542 116.21684926362549106 
 108.3527026985973265 47.028774898342561528 
 127.46399921141288303 6.375891672965386725 
 55.492022304344303052 134.64683106384879352 
 123.0521601352133132 29.286626441094160356 
 41.999531612574337203 160.53384379597790144 
 84.14372200248220679 100.18914346346812749 
 30.218262828253834584 175.85014924137951198 
 50.638581089021528214 152.37641650700334139 
 96.909715728200964691 81.859937721417679768 
 23.808361381358555064 186.4110695522447827 
 108.79150580063345899 66.462537631097120538 
 140.38124208404755677 5.5538453905218529982 
 74.575743270951832642 120.07503275221712613 
 116.50491531790390809 57.373795114266037842 
 94.500022928261600441 93.641968081545613245 
 84.197307098604525777 112.29882735445579556 
 108.74206386881448338 78.683597569031945795 
 43.048519456564314112 173.00174355366513623 
 66.528354935706573769 139.54892088376570314 
 134.0446100677605159 35.458024658265337337 
 22.609786104130247253 207.52612416243349003 
 76.796124013011578313 132.62704449482214386 
 30.233836902538435254 197.24525415343771328 
 63.519142344428082936 151.53257131596942031 
 129.06703386180200255 59.765242212198032234 
 152.49734367499274867 10.29545917867199023 
  134.946119804406095 48.711625324210459098 
 105.92673707334648725 98.30702261869258507 
 95.384134933119881339 116.27960116954945136 
 114.67408063754130865 89.36639780091314833 
 146.97930075065286815 31.478632548641265032 
 55.485632645760837534 178.44140761049172283 
 155.87324790598310642 22.329992195776608099 
 106.17421886459685254 110.10032358229882732 
 43.52010973596694754 198.56435989605085979 
 88.79264213620704993 136.7779162581934429 
 71.934831916976051502 160.01408939558871225 
 146.63246800463977593 51.049817819797894458 
 97.306375163442226039 128.07073809294490729 
 137.11171320592779921 71.535555524238915837 
 153.66417349928696012 41.603261305874411846 
 67.681391686309225975 172.09268798206110773 
 126.29890485141483225 91.984379633427337808 
 55.856922844453599453 191.65798345533687552 
 36.607338513292823734 220.64331620815573842 
 44.412120394130639056 210.92527211521834829 
 136.00377283224810299 84.040676543209002602 
 115.49175867112407445 118.13117256918151554 
 168.2853063766818309 27.15479096467746345 
 93.561708778843069467 148.54930919513259369 
 85.481753721871072571 158.57159387668113482 
 153.5860646415086137 60.440715149401015083 
 109.41641130143398186 128.70108688711468403 
 177.63717811740934849 20.059721963869801442 
 150.06704835183899149 71.398806155771367798 
 130.41972462990341342 103.4883184082504215 
 165.13416722409439785 46.277833412011752046 
 79.135954172646918892 177.40651044391844948 
 54.172798537914850669 217.3917403205236667 
 68.676185186381587755 196.34426843022984599 
 127.37401613689210933 115.39847759652336379 
 173.98267954207591401 38.877349839202103965 
 146.62763515916475399 91.387916553705807132 
 90.153570884162718357 170.07912918791981838 
 165.58034972770596482 58.465790646308249734 
 51.57374633899656402 229.27698278057371795 
 79.196423274726200248 189.39640955349568685 
 106.47381712034345469 148.95693484815333818 
 114.46731010571288323 138.96750020088140332 
 142.45627320086603618 102.67103940223927339 
 161.56248996561501485 77.772319891936405156 
 189.53712360908016876 25.032710431662401618 
 65.711291392190261718 216.54743378748156601 
 73.712761550905170793 208.06584627067448423 
 159.29007687468001109 89.925172154553763448 
 138.58208372629616179 121.98523641034280729 
 172.08493056850858238 69.105616814765738809 
 185.43204984444093952 44.482960094168930709 
 115.31724991070157671 157.75793194193246904 
 148.04307168817044271 113.35563657057906539 
 127.20883463140856406 140.30819635649152133 
 102.83943015493733242 174.94783505993618178 
 90.738471519118377273 193.6297635707973086 
 60.947391387397196638 235.84890530462743641 
 194.43613925076090254 36.053883766530013588 
 69.172844010074811649 227.70828611356580495 
 126.67168122659651885 152.15919201175131548 
 101.30256218645290289 187.0856937992096789 
 138.84298301346910876 134.40212425596743628 
 85.123346855151709178 213.39132744628739147 
 115.8384667235820018 169.8314566069311411 
 166.75830681037021463 100.27199446333153787 
 190.77769493948511581 56.254943190321093027 
 160.34800401579320805 111.81920992877296328 
 185.59293972092075364 68.619693320349071541 
 93.778923895530624577 205.42287357685776783 
 206.58761798811619315 40.061966539671132637 
 79.194933284865527412 232.22847295830385406 
 88.797908230264482654 225.40845378239521324 
 136.24875850233362939 159.11382091549461393 
 110.18700362492103295 195.65506449757924656 
 203.79641943234412338 53.011493585614530843 
 150.45447680196090801 140.65808572919587505 
 130.67767266518350766 170.58952863876595529 
 217.97367110189685491 32.567304048925187487 
 105.47160770692669018 207.80009780534831521 
 179.7043266679339979 102.04902231423540115 
 79.689721742499116885 244.05695687735050114 
 167.71117131474329653 121.57693406236172962 
 194.13899977423952237 79.018976436799519547 
 163.22897972005995371 134.45451496694479943 
 148.10351510376443684 153.74314817045390669 
 191.74287898250423723 93.417542055823915348 
 122.10728465679704868 195.93789744320375235 
 179.64021601077698165 115.51063589640463647 
 96.241512308757407368 235.08403066035188544 
 211.4230332763668514 62.70391225139230329 
 206.60193419282373384 74.568668812412710167 
 139.40534410871026694 179.18603826680967472 
 90.878979260913112626 246.34631168981874794 
 114.23656794708776374 217.34032000973493837 
 133.78691602330343358 190.50208116940626724 
 156.29648773541009632 163.10655130742227925 
 123.20139999387286878 208.79662609004807905 
 174.08330857625341537 141.29266590595671005 
 152.10246799759252667 175.13530791460240721 
 107.11606004973269535 238.43440413031598268 
 203.30123273783030413 99.411070099744549111 
 188.66333786564572961 123.67272240088682622 
 231.49570639842235664 51.67999856027007155 
 224.42858818231400164 62.485641040331877605 
 116.13181712299389403 230.66010547739577419 
 96.979296051175126081 256.84427440015275579 
 185.10017062807682464 135.40650642555448258 
 217.29907776097613237 81.470176656514254887 
 140.88829735501684581 200.11999456562415389 
 134.36571154512105863 210.42006858509148515 
 169.18094182506038692 162.77427819635948936 
 108.09042917954197094 251.66267262549297357 
 177.38081537334554127 153.50377659508953343 
 215.10208852087907871 93.366438977377825381 
 206.86665473902195345 112.1611460432568208 
 201.33823079308504589 123.24074253673325074 
 228.92824547769347987 75.013968654753341525 
 123.08636107343481569 241.85877001176135082 
 162.85522022943308684 181.99442939452168844 
 243.84210970304593502 53.162174079258996073 
 152.55791640826353728 202.8184267937604659 
 140.79720186144484728 219.87252858883147155 
 173.88013424901191684 174.23337416353265894 
 194.9546806337626208 142.75937041201081001 
 119.39091229552660423 255.16328305186669922 
 161.62485117849624316 194.36856310280447246 
 190.67805897960320749 154.60061640176408559 
 134.12821095912605074 241.07663700019557496 
 224.75317225641865093 101.30273026598827357 
 140.88070661215411405 231.61431545126291098 
 219.31801776167910134 112.14944066453030302 
 152.01376881549825271 215.37256607124623997 
 205.52332410647716188 135.75856161685467782 
 253.15390505979934233 61.997255411678203529 
  241.276271962320493 80.293396743506647795 
 187.15323128327679569 174.68919972639417892 
 171.83214265927810516 200.49172498375875762 
 139.93380785202811012 251.21978954675853402 
 197.01823213853930383 165.49482636170245087 
 157.93925352751497826 225.68012015722732144 
 252.92509933355901808 74.236971887922479141 
 152.12716242083237717 235.99783725222081898 
 227.86750467926174224 120.53114027796497965 
 237.63101931505545394 102.72765020166130512 
 217.09529605370420313 141.00419292716239283 
 182.92576698822188064 195.68144133927918915 
 172.96453586416438952 212.69808508541657943 
 190.72775778398315083 186.2098955475026969 
 245.51076260194002998 92.785561144844024284 
 151.21171939031984266 248.14428442583667334 
 226.88588632435130421 132.63041447564538089 
 168.81697415336572021 223.81335002938047296 
 239.83330329114124879 115.5429424623858381 
 211.85497089133608029 165.93222235656557473 
 219.31201229258491026 154.34591177545800633 
 189.84592343645175561 205.33710677461974115 
 184.45248210075484963 215.33281586235560212 
 202.13674695291996386 191.23776797723445497 
 176.07169686162458788 233.14723637051923788 
 239.13426417929090917 135.09031105392176642 
 248.38771780296173119 125.95335523224152041 
 231.93242217121067483 155.96174998666734268 
 186.41459379702519072 226.94566671429024041 
 219.27615494708922483 177.50997051968099072 
 201.05598791673389769 203.31488153864791002 
 174.61793349007183451 245.18143105889785716 
 213.60270436613816969 188.45863784678621755 
 168.15541593708482537 255.9208664721436719 
 240.57131277554418602 146.5967898722656173 
 207.72910879528757278 212.94103846527758606 
 196.89429533245979087 231.53101654009327603 
 239.87710602546451355 165.39168190102756739 
 231.45552849174515586 183.33922073597665303 
 221.09193681143750609 198.70969074183435055 
 185.87168809900055066 249.46373496698748795 
 252.12506409359502868 149.97275357138570939 
 206.63013252992146818 224.9210225265373424 
 195.87716079909847622 243.29398256334127382 
 219.23560770263162567 210.46544840718851788 
 241.34994850654891252 177.3171025589103067 
 251.34864013042985675 161.72856732380174094 
 232.58091807140422702 196.02977547236531564 
 206.00285971093674675 248.7058162525591456 
 217.57384834434407139 230.06869204569571252 
