 65.638246800001098791 14.083788161525536253 
 95.55559898470531266 9.6300888462945142265 
 54.844176039586393756 16.82860529084084078 
 84.132106845112701876 12.922641173551285831 
 121.88950542021036938 4.285331470919997443 
 1.6085102349701778657  33.6809954149898374 
 40.995397753907539595 27.499610549428130213 
 75.764804602005241918 21.127225446609358528 
 115.27714669928499802 14.583852088086844745 
 22.72589917524458869 34.225033281857079714 
 103.80452603620423702 17.23971308178001749 
 144.13457331541718531 6.0537855170770251689 
 52.669780929412567616 28.859145541950965708 
 133.75684067141159517 12.09949216208862488 
 34.423373437487242654 36.676668266190773693 
 156.69652019154460731 9.9479847083440144928 
 6.577859526689356251 45.440918850494838921 
 79.048449152797900297 32.571214849027853688 
 18.454762147561343255 45.781477165226654336 
 101.03607555880583391 28.637429907101235926 
 120.32537590816586714 26.151518223445236799 
 185.73164196657793923 5.4198856488268427611 
 58.22141934348476866 39.867079371713408875 
 132.20629155000645483 25.179010933066258815 
 91.001011875600070766 35.264673351479949304 
 206.69337238792371636 3.458952072840596248 
 70.523499940293646659 41.171944831209351889 
 111.64882082750074233 34.758151853582013757 
 38.760938126905088552 47.946834862906207775 
 160.10551855193799042 22.084658126266081268 
 50.915853002282041473 50.312738271969053017 
 28.159383013599804002 54.292720717561557819 
 139.39804229866942364 35.752778601322489749 
 190.94619229971178243 17.340090508697905136 
 151.3712712939974665 32.093832680382199385 
 203.67885499103215352 15.206008494727150548 
 95.78222723644815062 46.643272107971412765 
 75.618949603023310146 51.897058811984152271 
 108.28950962475538233 46.506601622885519021 
 172.06558119207704749 28.417010474974297551 
 3.4514132112488824511 67.639592150601458798 
 225.45355115322124107 17.276125278869979951 
 184.82361716927334783 28.236915187875624156 
 87.618100205321653107 55.157391244724550461 
 213.55541243791583383 22.031260137521925913 
 56.46356274610526782 61.730667159223500562 
 28.112835229854272967 66.240850831526273623 
 157.98141558434056719 42.010680509424020102 
 68.640585828521807343 61.593880790346688059 
 136.76362125573771777 49.764094277659602028 
 169.63330639276949796 40.303122978138510746 
 16.564339831653192903 71.774073368774949699 
 114.65830894969296594 56.577786361411000371 
 127.13773323228627987 57.82311799835250099 
 210.86522657100309175 33.788060050600840611 
 88.527928009182772939 67.424554603205422154 
 190.18861995503806384 40.425213828340915256 
 51.512170339322651103 73.426538291883105103 
 38.711953865550199794 74.799972740720704678 
 156.25798373671747754 53.567983028178936422 
 76.757950595239734071 70.602693370805027939 
 201.81836328315088736 42.02101434953863901 
 146.02112299572235088 58.828203206111417956 
 109.43765544107760945 67.626159088860177349 
 174.43839510035280682 51.719054956512174215 
 20.906498744466897932 83.631112075190088717 
 220.13521367223793845 40.668062575443023832 
 231.14422501802741294 37.410329543502072625 
 98.862259985112785898 73.894272286973503583 
 185.92817028220358111 52.742965901576233989 
 129.4546550916139438 70.530606326534979189 
 33.878371208149808069 86.240502589961309354 
 166.13570656512061419 60.65274083964539642 
 12.471117890474792134 92.152009153447252743 
 60.354174843576373632 82.845012523009970096 
 73.070024918204069309 81.433668639025967195 
 118.52668408495840424 75.55938067819721482 
 149.6428729307294816 71.463462706774379285 
 206.71646156772300174 53.951980370787985919 
 218.34512535995821736 52.510553275010231289 
 236.38738622011709367 48.294990737500938849 
 139.44266997881723569 78.44998824617216826 
 102.13001875828557274 86.477114706730247917 
 163.21164655206584371 72.775667295315372485 
 190.06033263934583033 64.802658306670338106 
 60.384181412391775723 95.321508544253987338 
 114.92199606847444215 87.06499488567257572 
 81.131627969835534486 91.391302376942746832 
 39.405933385987204076 98.653454643209812502 
 17.639145140069498296 103.3069030686365295 
 202.38744234737714578 65.209253953876682885 
 228.94545004263176224 58.183079334529175242 
 72.371883763108982635 99.391396953509200785 
 29.736441400058797768 106.1494871045307633 
 93.534436816578306662 95.441663958770973863 
 52.215466191804353002 104.22733565055378335 
 137.40719779153511126 91.047132495428087395 
 185.51622546056560736 76.906649278495265776 
 124.70931485659484395 94.679478279359429393 
 173.10685122210639975 81.983672369276092695 
 11.450081576741103717 113.79581561843663451 
 208.14569285556015643  76.6357894789497891 
 231.82879073246098756 70.213505342770318407 
 244.79046873410189278 70.218608781586667078 
 74.226234790257421992 111.08107849760335739 
 29.959230056935954423 118.49119602404476836 
 197.01531904179046251 83.818812439870455933 
 97.321370033564718938 108.07586273688060885 
 62.172331466196233407 115.25627667362219597 
 221.49637489317555605 79.387418176743395293 
 18.037106217682790543 123.74474300411159788 
 145.30486777846272162 101.45789936981864798 
 123.01610748088523906 106.78577671126632254 
 171.79642462711464646 95.380052996526131892 
 110.74089462679822304 112.72221342299744151 
 86.406452689997180983 115.66601816223901267 
 159.92078797816489555 103.86706312471966385 
 38.188148514430807268 127.1201006691277513 
 135.74073644837588404 110.93136453906140559 
 195.55457444371958786 96.065217771140652303 
 183.75589276754891443 101.04583573782018391 
 62.265076875357031838 127.50632258783326733 
 17.488913225582912503 136.6884616415082121 
 225.70494894103069328 91.493512211536682344 
 50.290597603932944537 131.53514466165711383 
 85.578833342775880055 128.08025052128522248 
 29.86931066505595922 136.98625126699562315 
 113.58076126648894899 125.2326858621931791 
 251.65287866946664508 92.192751829027528743 
 74.10759817955531048 133.62024609042367729 
 238.65141834190154668 95.781699812991334397 
 163.8557139748209579 116.27811776755179096 
 136.34958038347554066 123.08314190606218119 
 217.54318185107374006 102.4636569260792669 
 204.90523156428739071 105.10719278475123417 
 9.4105461417713431871 147.44711581396265387 
 125.53300241446794416 128.86064044269633655 
 186.43981252693913575 113.48996149116314314 
 48.511140716048444688 143.35747134043381834 
 36.615723873111271303 146.02855886927409301 
 94.924470771492778454 136.9559828099251888 
 107.27789150961616826 136.19893445353108064 
 176.47437877921595373 120.34838325915329449 
 157.36118288935423948 127.81491700268706779 
 236.99686624645721622 108.03869091712901707 
 145.61753901456032168 131.74018875458889966 
 199.22810433778164452 117.1477963844136525 
 6.4094996967048096792 160.28337263386251266 
 76.860810887675327763 146.0737214214101698 
 225.22535099065129316 112.24193878642837774 
 54.854727755375400022 153.51721783393580267 
 34.479575721380250286 157.26020785262141999 
 90.144497135913809416 148.38161810365733118 
 127.30193327879342746 141.02809127895307029 
 67.240974731960037047 153.95355297856650623 
 115.90487976951550309 146.37708844378030903 
 14.770318183988987215 167.53808800861068562 
 177.68692014676702229 132.78453540200069938 
 26.235925383195702665 165.62195174178162915 
 244.38862669114277537 117.60917279936145974 
 166.17390307036444597 136.61108327834946863 
 45.59284028749416251 162.00956439619574212 
 139.72541211913812731 143.55093137360714195 
  225.562438709944729 125.0737183506983996 
 256.19317999563622834 120.41773571247689745 
 204.22635819698825799 129.61228904830869624 
 99.207676709652020008 158.08943237047063235 
 70.128890467242797513 165.50092729050078333 
 237.74423114707605009 127.9776764367566102 
 11.703203167511295746 178.81555688870153631 
 112.68468946575373479 158.56363761670334611 
 42.494249317534105614 173.48805620952427375 
 216.74586210919284213 133.56671479025260396 
 31.088752558890504929 176.67401489934925962 
 166.29254661092446099 148.58324008796620319 
 185.78536257985007296 142.89811893340828419 
 144.19881048359982856 155.44277268031495964 
 81.374651642617266134 169.94392009699075174 
 62.298413379900317466 174.93285020613259917 
 93.588886498739128683 168.76336643774448021 
 198.3873010832513728 141.43982025433749072 
 21.852601420437199664 184.61553408847183277 
 157.0429587830149103 156.44460992528709653 
 245.34347625645088442 137.77499735560547833 
 51.505965152242922045 179.85976041159912597 
 178.28083245299296777 153.5171489274428609 
 122.86656237451801132 169.3640818735307505 
 136.33224569776450608 166.44424763510804155 
 218.34692331325484815 147.31393896276387068 
 79.440354687834556557 181.66479615460372088 
 18.308859896145730062 196.10561282468927402 
 68.558582066725392679 184.9190908909066593 
 98.101017416574023855 180.38598273558775986 
 206.39116279067695814 151.54199569076826037 
 50.035774448237070544 191.58967836088075387 
 241.94652009026893325 150.01703840681369684 
 163.96446027126100375 166.8449305165668477 
 176.96844349886589498 166.9273069023477376 
 229.57640148768817312 156.01035534720344344 
 144.11365294784800994 176.51079519808448026 
 61.734478966292648749 194.51803896309581887 
 119.92742770776554551 182.79835568079630548 
 88.796996476822741329 188.16157958870743983 
 40.498347839699860629 199.0711730928868235 
 108.17381541729656647 186.52849721423072538 
 253.08184674777828604 156.22725168027429277 
 28.334730247624580812 202.09541071445366356 
 156.84429787853599692 175.99738652390243487 
 207.17929715035316462 180.85099545773769592 
 86.708884662139880106 199.68690945319602292 
 182.89862133031778058 179.38786309496529725 
 65.902415030871651425 205.17063893955054255 
 143.06342397280261025 188.79650382858218904 
 26.32112153589229564 213.88197510769126097 
 229.64916567783080836 171.67899728278720772 
 124.41764297461996591 195.53237566200238007 
 251.16467787990578131 168.25583279157314109 
 106.22091344885954811 199.07277327857477189 
 45.427907904970894037 210.05682542318149331 
 162.62686695898531752 186.55428925372663684 
 77.460663124312915784 207.38094385181608459 
 195.12706762749084533 185.0973917732344205 
 219.84511079275992529 182.00062224832890934 
 56.865519263047218601 212.76908925553740914 
 96.595714584751235066 206.07272634078179863 
 174.36863286521645477 189.22958027849719542 
 135.67233506310597591 198.27050655026761206 
 37.379687117864413892 218.79184342966223653 
 153.76523668685604207 194.3178902269962407 
 241.75230868399788164 176.47170077865493454 
 116.23983626675409653 205.30172357637547975 
 60.19872532756154726 223.75578392065125399 
 81.559086763765421324 218.75927153987692009 
 94.034674553427279875 218.09449476854530303 
 196.75408686869329244 198.54100281134438433 
 153.56868479675540584 206.17272668978634442 
 175.11568641236416966 202.16026568002368435 
 141.33483570114998429 209.51941962714394663 
 40.358525074377482156  230.187287094525459 
 248.86276488263143847 188.23064769496534154 
 220.98918049541498476 196.30521230687557477 
 114.40139901096463859 217.99228107889587136 
 72.305902667941126083 226.4450062030586821 
 52.259771997985382086 232.87815206396254553 
 208.8749390072903509 203.27728017255284954 
 186.4709628081772621 207.13330544038333869 
 29.902555811590158186 236.56315966424060093 
 165.00873675184837452 210.4463391812534212 
 103.62942666405646719 225.47266456181478134 
 136.01032408713766131 220.43801612582899452 
 232.75538257648909735 203.57276842264471384 
 124.23678615072098808 224.69649063898211239 
 246.06185948715094014 200.30423141034401624 
 71.741384595123633972 238.10328304868301075 
 60.23680690922798675 242.05990826111855085 
 102.31083793126029491 238.41953156720742868 
 208.41209645425621488 216.26818567767233503 
 186.27371675161927556 220.19457097372631438 
 32.220500956660437453 248.41723997350123909 
 164.8390087588980748 222.87935268002345879 
 142.78216153565657009 230.76279734596957383 
 231.48210799588758846 216.28186406642427642 
 123.46798996202575438 237.03418100583718342 
 79.414990946446707198 246.86313772354819207 
 92.109781446386776338 246.35076688909285281 
 154.77405245161841663 231.41611277349224451 
 197.92417771909978796 224.52974320271616193 
  219.773279169361615 221.69814595932743373 
 58.747511370039241285 253.69511710440252727 
 175.63082804453961216 228.52168202792952911 
 113.3800470795708577 244.4789014472737847 
  44.8882437966890393 254.85000191590734175 
 135.1680456513211368 240.73315387546588795 
 242.03940719750545441 223.82864288736945468 
 254.76417489895678159 220.77710813654388744 
