 203.04484266666665349                    1 
 223.9014186666666717 5.1682722133333296455 
 247.17634133333331192 6.646540800000002136 
 190.55229866666664407 5.0114379178666697001 
 85.021418666666704667 3.5697438463999939806 
 117.02304000000000883 1.9695889066666647516 
 65.297130666666660659 6.3234978133333239469 
 211.59694933333329914 9.7244373333333289366 
 52.725397333333333449 8.055010133333325939 
 105.54459733333335691 5.5156360533333401719 
 234.9771733333333259 11.751476906666660227 
 138.72108800000003725 8.1534839466666646501 
 13.86732799999999699 11.248568320000003951 
  26.4306133333333797 12.153738239999999138 
 126.76401066666667816 9.2803950933333307916 
 190.76776533333332964 17.343883946666664997 
 167.34436266666668303 21.689117013333330419 
 203.70335999999997512 20.347002880000005121 
 83.240085333333354356 15.492090880000008113 
 71.198442666666693412 17.107894613333336054 
 3.3271253333333334901 18.549183146666685218 
 179.54668799999998896 23.923049813333332025 
 144.9748266666667007 19.481424213333337292 
 104.12345599999999024 17.251920213333338694 
 233.8942079999999919 24.166053546666670826 
 51.628693333333373516 21.663320746666673955 
 30.029119999999995372 26.017769813333341489 
 155.75165866666668535 26.317477546666669497 
 125.39756800000004944 20.742795946666667817 
 93.17527466666666669 22.22227114666666381 
 246.04763733333331288 29.04200874666667076 
 63.519637333333314189 26.562307413333336115 
 222.27564799999998968 31.360421546666671588 
 208.83436799999998357 31.41636608000000308 
 114.24108800000003328 23.620773546666669063 
 135.68262400000000412 27.325332479999996593 
 42.264042666666711057 30.307903146666664185 
 177.79573333333331675 36.808630613333328085 
 22.279914666666659429 36.680528213333339238 
 92.649280000000032942 34.095150080000003356 
 200.80552533333332121 42.16199167999999986 
 9.6606506666666671634 38.438181546666662314 
 155.78741333333337593 39.909857280000004209 
 114.45228800000001002 35.005195946666660234 
 188.21996799999996597 43.864485546666671212 
 246.09525333333331787 41.069426346666674021 
 224.91893333333331384 43.122793813333331059 
 68.12098133333331873 38.18070527999999797 
 167.32354133333333834 44.359470080000001246 
 135.64806400000000508 39.613451946666678793 
 81.395946666666688429 39.941754880000004846 
 103.8616533333333507 39.639632213333335642 
 235.94442666666662944 47.133110613333336403 
 45.805034666666657017 43.201727146666677015 
 124.0688426666666544 42.679248213333345063 
 58.011370666666671525 46.523489279999999724 
 254.86214400000000069 49.412927146666653755 
 145.09941333333333091 47.896963413333331516 
 206.55741866666664919 53.421545813333338515 
 26.218816000000000344 49.184600746666667703 
 183.11293866666665053 55.541319680000000858 
 6.2568746666666807954 50.303295146666670234 
 218.36106666666665888 53.367828479999992908 
 86.591040000000035093 50.806292480000003309 
 170.63515733333329649 57.131668479999994759 
 37.66432000000001068 53.713650346666675262 
  107.894336000000024 51.177091413333329228 
 120.14777600000000746 54.031389013333331661 
 16.650133333333329233 57.499284479999992925 
 236.84494933333331801 59.14665301333332792 
 97.774570666666690499 55.801680213333341385 
 249.09326933333332477 60.828718079999994472 
 202.14269866666663233 64.798117546666645694 
 190.16061866666666447 64.931749546666665651 
 59.039552000000036003 58.835894613333330483 
 80.546368000000043708 60.407811413333334372 
 225.17766399999996452 63.643199146666660226 
 141.84070400000004497 61.330059946666658277 
 69.773802666666682626 63.649650346666660994 
 128.23933866666669701 63.818183679999989977 
 165.00546133333332932 69.178593280000001187 
 39.986922666666671944 67.758825813333331212 
 98.551445333333347776 67.408779946666669503 
 51.928981333333375403 69.121769813333330035 
 15.776917333333374316 70.211502079999988268 
 254.17444266666663566  71.7671714133333154 
 207.15244799999996417 76.587275946666650839 
 186.01998933333331365 76.011455146666648375 
 151.25160533333337298 71.775389013333324328 
 3.8351146666666862117 72.701656746666657227 
 220.83718399999997928 75.614808746666639649 
 87.434816000000040503 70.006232746666668731 
 174.07810133333333624 79.202145279999996319 
 120.37177600000003963 74.299352746666656344 
 107.80482133333337913 74.409552213333327586 
 70.421397333333359825 75.55060394666665502 
 195.77358933333331947 84.046749013333311495 
 35.14937600000003215 80.72076287999998101 
 243.61836799999997538 81.835711146666653804 
 59.539349333333333902 79.614527146666659974 
 22.872725333333345787 81.364765013333325783 
 81.79018666666667059 79.936797013333318773 
 230.43982933333333563 83.815768746666648781 
 147.57570133333334184 84.565951146666662908 
 102.52465066666667326 85.550066346666653772 
 176.0613333333332946 92.327495679999998401 
 122.84448000000001855 86.383508479999989049 
 188.7657599999999718 94.962333013333321219 
 248.01064533333331497 93.564146346666646537 
 90.391701333333330126 88.281048746666655802 
 134.87741866666664237 89.637874346666663428 
 62.109162666666662744 91.473821013333321162 
 40.447893333333347243 93.343218346666674279 
 17.97288533333336602   93.255069013333312 
 206.72543999999999187 103.97498367999997981 
 6.2068693333333611051 94.26635434666665958 
 155.09621333333333837 96.256071679999976709 
 111.36492799999999193 93.739591680000003748 
 51.94161066666665505 97.765959679999980381 
 167.45205333333333897 101.33775701333333075 
 193.88601599999998371 106.4806263466666536 
 85.012629333333364912 99.053127679999988686 
 240.96637866666665673 105.67644501333330709 
 72.566421333333380517 99.023005013333332158 
 134.7824426666666966 101.86784767999999701 
 34.011626666666685992 104.54065834666666035 
 146.72885333333334756 105.18543701333332763 
 214.98212266666666892 112.87414101333332894 
 229.41915733333331673 113.14422101333333615 
 22.218901333333359815 104.98652501333332054 
 250.92878933333332725 113.59819434666663085 
 105.71628800000002002 105.00905301333332886 
 185.20787199999998052 116.4590796800000021 
 55.93367466666668264 109.11042901333331656 
 172.36913066666664918 114.33743701333332865 
 92.766357333333360202 108.41061034666664398 
 67.997930666666704269 110.41295701333332602 
 126.59991466666666327 111.88051967999999192 
 210.53949866666664548 125.08918101333331663 
 5.5563733333333402697 116.57931434666667769 
 113.95172266666671135 114.03800234666665858 
 37.317610666666681141 116.36197034666665218 
 252.87123199999999201 125.55527167999998994 
 146.68874666666667395 117.19439701333332948 
 17.066218666666674864 117.10633301333334089 
 231.00439466666665567 126.02631168000000628 
 48.871573333333344635 118.0937250133333265 
 188.80441599999997493 128.97304234666665934 
 135.13683199999999829 120.89513301333333573 
 166.03688533333331634 125.78882901333332711 
   86.664170666666692 119.84561834666665447 
 220.32910933333332082 131.64371967999997537 
 73.660565333333366311 121.34543701333332422 
 200.57939199999998436 132.68137301333334221 
 153.93209600000000137 126.8160716800000074 
 107.52936533333337366 124.64254634666666277 
 248.69587199999998006 136.95230634666665992 
 32.260757333333366148 127.98419967999998903 
 237.55918933333333598 136.80988501333334284 
 20.024810666666688519 129.79821567999999843 
 52.485098666666665679 129.27955968000000553 
 95.182314666666655967 128.52222634666665613 
 64.728469333333336522 131.00525568000000476 
 181.77576533333331099 139.30963968000000364 
 169.94907733333332089 137.78899967999998921 
 135.69619199999999637 132.89615701333332254 
 221.42043733333332511 143.53295701333334478 
 256.65440000000000964 146.37669034666666334 
 41.806058666666679358 135.80150101333330781 
 113.81322666666670784 134.54129834666667875 
 147.24844799999999623 137.45304234666667753 
 202.03278933333331224 145.30072234666664599 
 232.34515199999998458 147.86771967999999333 
 125.22715733333338051 138.13630634666665742 
 11.142122666666697484 140.82405034666666666 
 212.69715199999998845 150.69634901333333232 
 94.592320000000015057 141.28391167999998856 
 64.587925333333345179 143.19597568000000365 
 183.53209599999999568 151.95501568000000248 
 256.86423466666667537 158.28060501333331445 
 164.37715199999999527 149.41029034666664188 
 106.28477866666668206 144.06006101333332481 
 194.91615999999996234 155.35793834666665703 
 40.993344000000043081 147.98931967999999415 
 152.02617600000002085 149.13961301333333154 
 234.85855999999998289 159.93743701333332297 
 53.681386666666703888 150.43224234666664074 
 125.02986666666666338 149.86579967999998075 
 74.60554666666669732 150.29280767999998147 
 16.228757333333334145 153.07109034666666503 
 86.826304000000007477 151.09758634666664534 
 246.40373333333329242 164.3818530133333411 
 29.486229333333326963 154.99928234666666071 
 113.07065600000002803 153.57566634666667937 
 173.25907199999997488 159.09741567999998324 
 213.96998399999998242 162.70513834666664366 
 133.14071466666666765 158.65914367999999968 
 225.09838933333330147 168.13634901333333005 
 145.85623466666666559 160.12133034666663889 
 202.08723199999997178 166.09090901333331658 
 70.148160000000004288 161.36182101333332639 
  58.0701653333333212 161.63514367999999877 
 9.8694613333333407468 167.17720234666666101 
 248.54969599999998309 176.06031701333330375 
 89.600320000000010623 164.20657834666664598 
 111.69243733333335911 165.37043967999997562 
 30.570218666666701068 167.54183168000000137 
 124.1514453333333563 167.31245567999997093 
 174.76674133333332861 172.58810367999998903 
 151.35699200000001952 172.28713301333334584 
 100.30120533333335686 170.82554367999998135 
 78.099520000000026698 170.12572501333332298 
 227.50188799999997968 180.60107434666667814 
 52.18873600000003421  171.787335679999984 
 198.94986666666665087 177.61986901333332867 
 20.029930666666679429 174.23759701333332828 
 239.29939199999998323 183.6205943466666497 
 40.361365333333345973 174.33009834666665938 
 186.3627733333333083 179.97558101333331138 
 163.5064959999999985 179.51793834666665362 
 128.77966933333334509 177.33997567999998068 
 141.09813333333335095 179.2400930133333361 
 70.962666666666663673 180.39123968000001241 
 219.69209599999996385 190.61690368000000717 
 206.9725653333333355 188.63059967999998889 
 58.833301333333324123 181.91853567999999086 
 244.80851199999997903 194.42336767999998415 
 98.81162666666668315 183.49029034666665439 
 20.754239999999995803 186.55597567999998887 
 120.67334400000002859 186.50136234666666724 
 40.254186666666676331 186.49564501333330213 
 187.48814933333332533 192.55243434666667213 
 140.37834666666668682 190.92632234666663749 
 165.8576853333333645 192.96288767999996594 
 88.455573333333362029 190.29528234666665298 
 109.15709866666665562 190.56570367999998439 
 75.868309333333343147 190.88544767999999863 
 51.063189333333347975 191.74748501333334616 
 199.34265599999997676 198.43027967999998395 
 30.728000000000033509 193.23450368000001731 
 12.071914666666664573 194.92768767999999113 
 128.7858986666666965 194.61809834666664187 
 177.13482666666666887 198.5997516799999687 
 225.79513599999998519 202.00293034666665903 
 238.44298666666662712 203.93078101333333052 
 146.87878399999999601 200.49679701333332105 
 158.22478933333334794 203.18547967999998605 
 90.12281600000002868 201.97425834666665878 
 70.290069333333335067 202.63806634666664763 
 49.654933333333339363 204.06850901333334036 
 222.59496533333330603 214.06206634666665423 
 109.21930666666669651 203.10611968000000616 
 243.65267199999999548 215.63561301333331244 
 28.989845333333352784 205.69069567999997616 
 16.519317333333340514 207.24939434666666216 
 201.46916266666664797 211.85090901333333591 
 179.23965866666665647 210.71213567999998872 
 127.78126933333335558 206.02187434666666377 
 138.94397866666668051 209.0750156799999786 
 60.136000000000031207 209.94729301333333638 
 99.248191999999988866 209.05001301333331298 
 80.437568000000013058 208.46181034666668097 
 233.12083199999997873 221.09592234666666855 
 190.18903466666662894 216.58887167999998269 
 254.58455466666663369 222.75804501333331586 
 39.562133333333349583 212.22236501333333081 
 159.31808000000003744 215.73007701333332875 
 212.39959466666667254 220.55021567999997956 
 117.66397866666669358 211.76139434666666261 
 170.54675199999999791 219.24179967999998553 
 9.6450346666666817441 218.01223167999998509 
 140.0404266666666615 220.01449301333332187 
 83.654464000000032797 219.51341567999998006 
 95.796885333333349877 220.59407701333333307 
 56.541162666666693326 222.41159167999998658 
 150.74822400000002176 224.9209036799999808 
 44.135658666666707006 224.62010367999997129 
 231.8864853333333258 232.86722901333331492 
 187.2099626666666552 228.56770901333331381 
 254.97247999999999024 235.94187434666662284 
 219.16268799999997441 233.78038101333331156 
 174.33435733333331541 230.55657301333332043 
 130.04405333333335193 226.35723434666667231 
 118.56475733333333267 224.28755967999998688 
 76.046997333333365532 228.19864234666664515 
 13.756224000000020879 230.81436501333331535 
 242.46500266666666334 240.4484130133333224 
 64.275690666666719153 231.40546901333334517 
 100.98361600000004046 231.39906901333333167 
 192.92516266666663682 239.03239167999998926 
 146.09073066666670115 236.20504234666665866 
 112.30495999999999412 235.13538901333330955 
 26.46048000000000755 237.9530956799999899 
 39.392746666666695887 237.19977301333332775 
 82.485482666666669616 237.67849301333333756 
 216.08172799999999825 245.63702101333331029 
 133.65604266666665012 237.19209301333333428 
 170.45476266666668153 242.91736234666666405 
 203.47253333333330261 246.42934101333332819 
 93.702122666666667783 240.3780983466666612 
 238.45254399999996053 252.22543701333330546 
 182.33623466666665536 246.40928768000000559 
 64.484928000000010684 243.88854101333333801 
 225.93832533333335277 254.60768767999996953 
 148.62649600000000305 247.29786367999997765 
 75.837333333333333485 246.96421034666667538 
 23.721109333333362912 250.05395967999999129 
 159.8671146666666516 251.2185890133333146 
 11.732117333333341946 250.91582634666664831 
 127.61469866666669759 247.72410367999998471 
 45.481536000000019726 251.4934476799999743 
 115.10346666666667659 248.01014101333333883 
 57.739328000000007535 253.78114901333330522 
 94.989973333333338701 252.38057301333330429 
 137.65766400000001113 254.75582634666665172 
 83.213205333333377212 255.98769834666666156 
