 37.237664751399229601 3.1791709310432989533 
 30.927409937471097123 26.729362505329145705 
 45.857433647784297648 11.799085859700699785 
 42.702306240820234962 23.574181646843623383 
 27.772282530507045095 38.50445829247206575 
 21.462027716578912617 62.054649866757927157 
 36.392051426892116694 47.124373221129481237 
 33.236924019928046903 58.899469008272404835 
 18.306900309614860589 73.82974565390085786 
 11.996645495686728111 97.379937228186719267 
 26.926669205999928636 82.449660582558252031 
 23.771541799035862397 94.224756369701196945 
 8.8415180887226760831 109.15503301532960734 
 2.5312632747945431611 132.70522458961548296 
 17.461286985107729919 117.77494794398705835 
 14.306159578143677891 129.55004373112998906 
 7.9959047642155605118 153.10023530541582204 
 4.8407773572514933846 164.87533109255875274 
 57.632329951133407064 8.6439050012151774638 
 51.322075137205267481 32.194096575501021107 
 66.252098847518439584 17.263819929872592951 
 63.096971440554376898 29.038915717015516549 
 48.166947730241219006 43.969192362643958916 
 41.856692916313086528 67.519383936929827428 
 56.78671662662625863 52.589107291301374403 
 53.631589219662188839 64.364203078444290895 
 38.701565509349030947 79.29447972407274392 
 32.391310695420898469 102.84467129835859112 
 47.321334405734070572 87.914394652730152302 
 44.166206998770007885 99.689490439873083005 
 29.236183288456849994 114.6197670855014934 
 22.925928474528717516 138.16995865978736902 
 37.855952184841875408 123.23968201415894441 
 34.700824777877819827 135.01477780130187512 
 19.770801067564647724 149.94505444693032814 
 13.460546253636531233 173.49524602121616113 
 28.39056996394970156 158.5649693755877081 
 25.235442556985635321 170.3400651627306388 
 10.305418846672479205 185.27034180835909183 
 3.9951640327443467271 208.82053338264492481 
 18.925187743057517054 193.89025673701650021 
 15.770060336093450815 205.66535252415943091 
 9.4598055221653183366 229.2155440984452639 
 78.026995150867563211 14.108639071387068853 
 71.716740336939423628 37.658830645672914272 
 86.646764047252602836 22.728554000044468353 
 83.491636640288533044 34.503649787187391951 
 68.561612929975382258 49.433926432815852081 
 62.251358116047242675 72.984118007101699277 
 77.181381826360393461 58.053841361473267568 
 74.026254419396352091 69.828937148616191166 
 59.096230709083194199 84.75921379424462998 
 52.785975895155061721 108.30940536853049139 
 67.715999605468226719 93.379128722902038362 
 64.560872198504171138 105.15422451004495485 
 49.63084848819100614 120.08450115567339367 
 43.320593674262873662 143.63469272995925508 
 58.250617384576031554 128.70441608433083047 
 55.095489977611975974 140.47951187147376118 
 40.165466267298803871 155.40978851710218578 
 33.855211453370685604 178.95998009138804719 
 48.785235163683857706 164.02970344575956574 
 45.63010775671979502 175.80479923290249644 
 30.700084046406622917 190.73507587853094947 
 24.38982923247850465 214.28526745281681087 
 39.319852942791676753 199.35499080718835785 
 36.164725535827606961 211.13008659433126013 
 21.234701825514438411   226.06036323995977 
 81.182122557831633003 2.3335432842441159451 
 29.854470721899474484 234.68027816861717838 
 98.421660350601698042 19.573373141558963795 
 92.111405536673572669 43.123564715844807438 
 107.04142924698673767 28.193288070216361518 
 103.8863018400226963 39.968383857359285116 
 88.956278129709517088 54.898660502987731036 
 82.646023315781391716 78.448852077273599548 
 97.576047026094556713 63.518575431645153628 
 94.420919619130501133 75.293671218788063015 
 79.490895908817336135 90.22394786441651604 
 73.180641094889196552 113.77413943870237745 
 88.11066480520237576 98.843862793073910211 
 84.955537398238305968 110.61895858021685513 
 70.025513687925155182 125.54923522584527973 
 63.715258873997015598 149.09942680013114114 
 78.645282584310180596 134.16915015450271653 
 75.490155177346139226 145.94424594164564724 
 60.560131467032960018 160.87452258727407184 
 54.249876653104834645 184.42471416155990482 
 69.179900363417999642 169.49443751593148022 
 66.024772956453944062 181.26953330307441092 
 51.094749246140764853 196.19980994870283553 
 44.784494432212646586 219.75000152298869693 
 59.714518142525818689 204.81972487736024391 
 56.559390735561763108 216.59482066450317461 
 41.629367025248576795 231.52509731013165606 
 101.57678775756576783 7.7982773544160082224 
 50.24913592163363063 240.14501223878906444 
 113.35168406091487725 4.6430964959304859008 
 118.81632555033586129 25.038107211730839197 
 112.50607073640772171 48.588298786016686392 
 127.43609444672090092 33.658022140388254684 
 124.28096703975683113 45.433117927531178282 
 109.35094332944368034 60.363394573159624201 
 103.04068851551554076 83.913586147445485608 
 117.97071222582871997 68.983309501817032583 
 114.81558481886465017 80.758405288959963286 
 99.885561108551470966  95.6886819345884021 
 93.575306294623359804 119.2388735088742493 
 108.5053300049365248 104.30859686324581048 
 105.35020259797246922 116.08369265038874119 
 90.420178887659304223 131.01396929601716579 
 84.109924073731178851 154.56416087030305562 
 99.039947784044343848 139.63388422467460259 
 95.884820377080274056 151.40898001181750487 
 80.954796666767109059 166.33925665744598632 
 74.644541852838983687 189.88944823173181931 
 89.574565563152148684 174.95917158610336628 
 86.419438156188093103 186.73426737324629698 
 71.489414445874942317 201.66454401887475001 
 65.179159631946802733 225.21473559316058299 
 80.109183342259981941 210.28445894753212997 
 76.95405593529591215 222.05955473467506067 
 62.024032224982740047 236.9898313803035137 
 121.97145295729993109 13.263011424587885401 
 70.643801121367772566 245.60974630896092208 
 133.74634926064902629 10.107830566102379066 
 139.21099075007001034 30.502841281902732362 
 132.90073593614189917 54.053032856188579558 
 147.83075964645504996 39.122756210560133638 
 144.67563223949099438 50.897851997703057236 
 129.74560852917781517 65.828128643331510261 
 123.43535371524970401 89.378320217617357457 
 138.3653774255628548 74.448043571988932854 
 135.21025001859879922 86.223139359131849346 
 120.28022630828563422 101.15341600476028816 
 113.96997149435752306 124.70360757904614957 
 128.89999520467068805 109.77333093341769654 
 125.74486779770661826 121.54842672056062725 
 110.81484408739345326 136.47870336618905185 
 104.50458927346531368 160.02889494047494168 
 119.43461298377849289 145.09861829484648865 
 116.2794855768144231 156.87371408198941936 
 101.3494618665012581 171.80399072761784396 
 95.039207052573146939 195.35418230190370537 
 109.96923076288629773 180.42390565627525234 
 106.81410335592225636 192.19900144341815462 
 91.884079645609077147 207.12927808904663607 
 85.573824831680951775 230.67946966333246905 
 100.50384854199411677 215.74919301770401603 
 97.348721135030061191 227.52428880484691831 
 82.418697424716881983 242.45456545047542818 
 142.36611815703409434 18.727745494759780343 
 91.038466321101935819 251.07448037913283656 
 154.14101446038318954 15.572564636274256245 
 159.60565594980417359 35.967575352074625528 
 153.29540113587606243 59.517766926360472723 
 168.22542484618924163 44.587490280732026804 
 165.07029743922515763 56.362586067874950402 
 150.14027372891197842 71.292862713503396321 
 143.83001891498386726 94.843054287789257728 
 158.76004262529704647 79.912777642160818914 
 155.60491521833299089 91.687873429303749617 
 140.67489150801978326 106.61815007493217422 
 134.3646366940916721 130.16834164921803563 
 149.29466040440485131 115.2380650035895826 
 146.13953299744079573 127.01316079073251331 
 131.20950928712761652 141.94343743636093791 
 124.89925447319949114 165.49362901064679932 
 139.82927818351265614 150.56335236501837471 
 136.67415077654860056 162.33844815216130542 
 121.74412706623542135 177.26872479778973002 
 115.43387225230731019 200.81891637207559143 
 130.3638959626204894 185.8886397264471384 
 127.20876855565641961 197.6637355135900691 
 112.27874484534325461 212.59401215921849371 
 105.96849003141511503 236.14420373350435511 
 120.89851374172830845 221.21392708787593051 
 117.74338633476423865 232.98902287501883279 
 102.81336262445105945 247.91929952064734266 
 162.76078335676825759 24.192479564931669955 
 111.43313152083612749 256.53921444930472262 
 174.5356796601173528 21.037298706446147634 
 180.00032114953833684 41.432309422246504482 
 173.69006633561019726 64.982500996532365889 
 188.62009004592340489 50.052224350903919969 
 185.46496263895934931 61.827320138046843567 
 170.53493892864614168 76.757596783675282381 
 164.22468411471800209 100.30778835796114379 
 179.15470782503120972 85.377511712332719185 
 175.99958041806712572 97.152607499475635677 
 161.06955670775394651 112.08288414510407449 
 154.75930189382583535 135.63307571938992169 
 169.68932560413901456 120.70279907376146866 
 166.53419819717493056 132.47789486090439937 
 151.60417448686175135 147.40817150653285239 
 145.29391967293364019 170.9583630808187138 
 160.22394338324681939 156.02808643519028919 
 157.06881597628276381 167.8031822223332199 
 142.13879226596955618 182.7334588679616445 
 135.82853745204147344 206.28365044224747749 
 150.75856116235462423 191.35337379661905288 
 147.60343375539059707 203.12846958376198359 
 132.67341004507738944 218.05874622939040819 
 126.36315523114927828 241.6089378036762696 
 141.29317894146245749 226.67866115804781657 
 138.13805153449840191 238.45375694519074727 
 123.20802782418520849 253.38403359081917188 
 183.15544855650239242 29.65721363510354891 
 194.93034485985154447 26.502032776618040799 
 200.39498634927247167 46.897043492418397648 
 194.08473153534433209 70.447235066704237738 
 209.01475524565753972 55.516958421075798924 
 205.85962783869348414 67.292054208218729627 
 190.92960412838027651 82.222330853847182652 
 184.61934931445213692 105.77252242813302985 
 199.54937302476534455 90.842245782504591034 
 196.39424561780128897 102.61734156964752174 
 181.46422190748810976 117.54761821527594634 
 175.15396709355997018 141.09780978956183617 
 190.08399080387317781 126.16753314393336893 
 186.92886339690912223 137.94262893107631385 
 171.99883968659594302 152.87290557670471003 
 165.68858487266780344 176.42309715099059986 
 180.61860858298098265 161.49282050536217525 
 177.46348117601689864 173.26791629250507754 
 162.53345746570374786 188.19819293813353056 
 156.22320265177560827 211.74838451241936355 
 171.1532263620888159 196.81810786679093894 
 167.9980989551247319 208.59320365393386965 
 153.06807524481152427 223.52348029956229425 
 146.75782043088344153 247.07367187384812723 
 161.68784414119659232 232.14339522821970263 
 158.53271673423253674 243.91849101536263333 
 203.55011375623655567 35.121947705275438523 
 215.3250100595856793 31.966766846789919754 
 220.7896515490066065 52.361777562590290813 
 214.47939673507849534 75.911969136876138009 
 229.40942044539167455 60.981692491247684984 
 226.25429303842761897 72.756788278390615687 
 211.32426932811443976 87.687064924019054502 
 205.0140145141863286 111.23725649830491591 
 219.94403822449947938 96.306979852676491305 
 216.7889108175354238 108.0820756398194078 
 201.85888710722227302 123.01235228544784661 
 195.54863229329413343 146.56254385973369381 
 210.47865600360731264 131.63226721410524078 
 207.32352859664325706 143.40736300124819991 
 192.39350488633007785 158.33763964687659609 
 186.08325007240193827 181.88783122116248592 
 201.01327378271511748 166.95755457553403289 
 197.85814637575109032 178.7326503626769636 
 182.92812266543788269 193.6629270083053882 
 176.6178678515097431 217.21311858259124961 
 191.54789156182295073  202.282841936962825 
 188.39276415485889515 214.05793772410572728 
 173.46274044454571595 228.98821436973415189 
 167.15248563061757636 252.53840594402001329 
 182.08250934093075557 237.60812929839158869 
 178.92738193396667157 249.38322508553449097 
 223.9447789559706905 40.586681775447331688 
 235.71967525931981413 37.431500916961809367 
 241.18431674874076975 57.826511632762162662 
 234.87406193481263017 81.376703207048009858 
 249.8040856451258378 66.446426561419585255 
 246.6489582381617538 78.221522348562501747 
 231.71893452784860301 93.151798994190954772 
 225.40867971392046343 116.70199056847681618 
 240.33870342423367106 101.77171392284836315 
 237.18357601726958706 113.54680970999129386 
 222.25355230695643627 128.47708635561974688 
 215.94329749302829669 152.02727792990557987 
 230.87332120334150432 137.09700128427712684 
 227.71819379637742031 148.87209707142008597 
 212.78817008606421268 163.80237371704851057 
 206.47791527213610152 187.35256529133437198 
 221.40793898244928073 172.42228864570594737 
 218.25281157548522515 184.19738443284887808 
 203.32278786517201752 199.12766107847730268 
 197.01253305124387794 222.67785265276313567 
 211.94255676155708557 207.74757600713471106 
 208.78742935459302998 219.52267179427764177 
 193.85740564427985078 234.45294843990606637 
 202.47717454066491882 243.07286336856347475 
 199.32204713370086324 254.84795915570640545 
 244.33944415570482533 46.051415845619210643 
 256.11434045905400581 42.896234987133702532 
 255.26872713454679342 86.841437277219910129 
 252.11359972758276626 98.616533064362826622 
 245.80334491365462668 122.16672463864868803 
 242.6482175066905711 133.94182042579160452 
 236.33796269276243152 157.49201200007746593 
 251.26798640307563915 142.56173535444904132 
 248.11285899611155514 154.33683114159194361 
 233.18283528579837593 169.26710778722036821 
 226.87258047187023635 192.81729936150625804 
 241.80260418218344398 177.88702271587783343 
 238.64747677521935998 189.66211850302076414 
 223.71745306490615235 204.59239514864918874 
 217.40719825097806961 228.14258672293502173 
 232.3372219612912204 213.21231007730659712 
 229.18209455432716481 224.98740586444952783 
 214.25207084401398561 239.91768251007795243 
 222.87183974039905365 248.53759743873536081 
