 107.56197833002565289 7.3197176720453409615 
 132.19558981544966514 7.3197176720453409615 
 119.87878407273765902 14.430828783156430362 
 95.245172587313618351 14.430828783156458783 
 70.611561101889591896 28.65305100537867844 
 95.245172587313618351 28.65305100537867844 
 82.928366844601612229 35.764162116489785603 
 58.294755359177585774 35.764162116489785603 
 33.661143873753559319 49.986384338711999931 
 58.294755359177571563 49.986384338711999931 
 45.977949616465579652 57.097495449823107094 
 21.344338131041524775 57.097495449823135516 
 21.344338131041524775 71.319717672045342738 
 9.0275323883295204297 78.430828783156457007 
 156.8292013008737058 7.3197176720453267507 
 181.46281278629774647 7.3197176720453267507 
 169.14600704358574035 14.430828783156444572 
 144.51239555816169968 14.430828783156430362 
 119.87878407273765902 28.653051005378664229 
 144.51239555816169968 28.653051005378664229 
 132.19558981544969356 35.764162116489785603 
 107.56197833002563868 35.764162116489785603 
 82.928366844601612229 49.986384338711999931 
 107.56197833002563868 49.986384338712014141 
 95.245172587313632562 57.097495449823121305 
 70.611561101889606107 57.097495449823107094 
 45.977949616465579652 71.319717672045328527 
 70.611561101889606107 71.319717672045342738 
 58.294755359177599985 78.430828783156442796 
 33.661143873753559319 78.430828783156457007 
 9.0275323883295346405 92.653051005378671334 
 33.661143873753559319 92.653051005378699756 
 21.344338131041553197 99.764162116489785603 
 193.77961852900975259 14.430828783156430362 
 169.14600704358571193 28.653051005378664229 
 193.77961852900978101 28.653051005378664229 
 181.46281278629774647 35.764162116489785603 
 156.8292013008737058 35.764162116489771392 
 132.19558981544966514 49.98638433871198572 
 156.8292013008737058 49.986384338712014141 
 144.51239555816169968 57.097495449823107094 
 119.87878407273765902 57.097495449823107094 
 95.245172587313618351 71.319717672045342738 
 119.87878407273765902 71.319717672045356949 
 107.56197833002565289 78.430828783156457007 
 82.92836684460162644 78.430828783156428585 
 58.294755359177599985 92.653051005378671334 
 82.92836684460162644 92.653051005378685545 
 70.611561101889620318 99.764162116489785603 
 45.977949616465565441 99.764162116489785603 
 21.344338131041553197 113.98638433871199993 
 45.977949616465565441 113.98638433871201414 
 33.661143873753559319 121.09749544982312841 
 9.0275323883295204297 121.09749544982312841 
 206.09642427172175871 7.3197176720453125398 
 9.0275323883295204297 135.31971767204535695 
 206.09642427172178714 35.764162116489757182 
 181.46281278629774647 49.98638433871198572 
 206.09642427172178714 49.986384338711971509 
 193.77961852900978101 57.097495449823092883 
 169.14600704358571193 57.097495449823107094 
 144.51239555816169968 71.319717672045328527 
 169.14600704358571193 71.319717672045328527 
 156.8292013008737058 78.430828783156428585 
 132.19558981544966514 78.430828783156442796 
 107.56197833002565289 92.653051005378671334 
 132.19558981544966514 92.653051005378671334 
 119.87878407273765902 99.764162116489771392 
 95.245172587313646773 99.764162116489785603 
 70.611561101889620318 113.98638433871199993 
 95.245172587313632562 113.98638433871198572 
 82.928366844601640651 121.09749544982309999 
 58.294755359177585774 121.0974954498231142 
 33.66114387375357353 135.31971767204532853 
 58.294755359177585774 135.31971767204532853 
 45.977949616465579652 142.4308287831564428 
 21.344338131041538986 142.43082878315647122 
 218.41323001443379326 28.653051005378664229 
 21.344338131041524775 156.65305100537869976 
 9.0275323883295346405 163.7641621164897856 
 218.41323001443379326 57.097495449823107094 
 193.77961852900978101 71.319717672045342738 
 218.41323001443379326 71.319717672045314316 
 206.09642427172178714 78.430828783156428585 
 181.46281278629774647 78.430828783156442796 
 156.82920130087373423 92.653051005378671334 
 181.46281278629774647 92.653051005378671334 
 169.14600704358574035 99.764162116489771392 
 144.51239555816169968 99.764162116489785603 
 119.87878407273767323 113.98638433871201414 
 144.51239555816169968 113.98638433871199993 
 132.19558981544969356 121.09749544982309999 
 107.56197833002566711 121.0974954498231142 
 82.928366844601640651 135.31971767204532853 
 107.56197833002565289 135.31971767204532853 
 95.245172587313646773 142.4308287831564428 
 70.611561101889606107 142.43082878315647122 
 45.977949616465593863 156.65305100537869976 
 70.611561101889606107 156.65305100537869976 
 58.294755359177599985 163.7641621164897856 
 33.661143873753559319 163.76416211648981403 
 230.7300357571458278 49.986384338711999931 
 33.661143873753545108 177.98638433871201414 
 21.344338131041553197 185.09749544982312841 
 230.7300357571458278 78.430828783156442796 
 206.09642427172178714 92.653051005378685545 
 230.7300357571458278 92.653051005378671334 
 218.41323001443379326 99.764162116489785603 
 193.77961852900978101 99.764162116489785603 
 169.14600704358574035 113.98638433871201414 
 193.77961852900978101 113.98638433871199993 
 181.46281278629774647 121.09749544982309999 
 156.82920130087373423 121.09749544982312841 
 132.19558981544969356 135.31971767204532853 
 156.8292013008737058 135.31971767204532853 
 144.51239555816169968 142.43082878315647122 
 119.87878407273768744 142.43082878315647122 
 95.245172587313660983 156.65305100537869976 
 119.87878407273768744 156.65305100537867133 
 107.56197833002568132 163.7641621164897856 
 82.928366844601640651 163.76416211648981403 
 58.294755359177614196 177.98638433871201414 
 82.92836684460162644 177.98638433871201414 
 70.611561101889620318 185.09749544982309999 
 45.977949616465579652 185.09749544982315683 
 243.04684149985783392 71.319717672045342738 
 45.977949616465565441 199.31971767204535695 
 33.66114387375357353 206.43082878315647122 
 243.04684149985783392 99.764162116489757182 
 218.41323001443379326 113.98638433871198572 
 243.04684149985783392 113.98638433871197151 
 230.7300357571458278 121.09749544982308578 
 206.09642427172178714 121.09749544982309999 
 181.46281278629774647 135.31971767204532853 
 206.09642427172175871 135.31971767204530011 
 193.77961852900978101 142.4308287831564428 
 169.14600704358571193 142.43082878315647122 
 144.51239555816169968 156.65305100537867133 
 169.14600704358571193 156.65305100537867133 
 156.82920130087373423 163.76416211648975718 
 132.19558981544969356 163.7641621164897856 
 107.56197833002566711 177.98638433871198572 
 132.19558981544969356 177.98638433871198572 
 119.87878407273768744 185.09749544982309999 
 95.245172587313646773 185.09749544982309999 
 70.611561101889620318 199.31971767204532853 
 95.245172587313632562 199.31971767204532853 
 82.92836684460162644 206.4308287831564428 
 58.294755359177585774 206.43082878315647122 
 255.36364724256984005 92.653051005378657123 
 58.294755359177571563 220.65305100537869976 
 45.977949616465579652 227.7641621164897856 
 255.36364724256984005 121.09749544982308578 
 230.7300357571458278 135.31971767204532853 
 255.36364724256984005 135.31971767204530011 
 243.04684149985783392 142.4308287831564428 
 218.41323001443379326 142.4308287831564428 
 193.77961852900978101 156.65305100537867133 
 218.41323001443379326 156.65305100537867133 
 206.09642427172178714 163.76416211648975718 
 181.46281278629774647 163.7641621164897856 
 156.82920130087373423 177.98638433871198572 
 181.46281278629774647 177.98638433871198572 
 169.14600704358574035 185.09749544982309999 
 144.5123955581617281 185.09749544982309999 
 119.87878407273768744 199.31971767204532853 
 144.51239555816169968 199.31971767204532853 
 132.19558981544972198 206.4308287831564428 
 107.56197833002566711 206.43082878315647122 
 82.928366844601640651 220.65305100537867133 
 107.56197833002565289 220.65305100537867133 
 95.245172587313646773 227.7641621164897856 
 70.611561101889606107 227.76416211648981403 
 70.611561101889606107 241.98638433871201414 
 58.294755359177599985 249.09749544982309999 
 243.04684149985783392 156.65305100537867133 
 255.36364724256984005 163.76416211648975718 
 230.7300357571458278 163.7641621164897856 
 206.09642427172181556 177.98638433871198572 
 230.7300357571458278 177.98638433871198572 
 218.41323001443382168 185.09749544982309999 
 193.77961852900978101 185.09749544982309999 
 169.14600704358574035 199.31971767204532853 
 193.77961852900978101 199.31971767204532853 
 181.46281278629774647 206.43082878315647122 
 156.82920130087373423 206.43082878315647122 
 132.19558981544972198 220.65305100537867133 
 156.82920130087373423 220.65305100537867133 
 144.5123955581617281 227.76416211648975718 
 119.87878407273768744 227.7641621164897856 
 95.245172587313675194 241.98638433871201414 
 119.87878407273768744 241.98638433871201414 
 107.56197833002568132 249.09749544982309999 
 82.928366844601640651 249.09749544982312841 
 255.36364724256984005 177.98638433871198572 
 243.04684149985786235 185.09749544982309999 
 218.41323001443382168 199.31971767204532853 
 243.04684149985786235 199.31971767204532853 
 230.7300357571458278 206.4308287831564428 
 206.09642427172181556 206.43082878315647122 
 181.46281278629777489 220.65305100537869976 
 206.09642427172178714 220.65305100537869976 
 193.77961852900978101 227.7641621164897856 
 169.14600704358576877 227.7641621164897856 
 144.51239555816175653 241.98638433871198572 
 169.14600704358576877 241.98638433871198572 
 156.82920130087376265 249.09749544982309999 
 132.19558981544972198 249.09749544982312841 
