 192.47843651456656744 4.1236134769295516023 
 178.74082476289981969 7.8045954517209690238 
 154.94658323435774605 1.4289476496370334679 
 127.47135973102422213 8.7909115992198394451 
 151.26560125956629577 15.166559401303777221 
 137.52798950789957644 18.847541376095179544 
 113.73374797935746017 12.471893574011243544 
 86.258524476023978877 19.833857523594051742 
 110.05276600456606673 26.209505325678001952 
 96.315154252899318976 29.890487300469406051 
 72.520912724357231127 23.51483949838545584 
 45.045689221023735627 30.876803447968260485 
 68.839930749565823476 37.252451250052210696 
 55.102318997899089936 40.933433224843618348 
 31.308077469356980771 34.557785422759664584 
 3.8328539660234808295 41.919749372342486993 
 27.627095494565576672 48.295397174426433651 
 13.889483742898834251 51.976379149217841302 
 202.53506629144189333 14.180243253804905024 
 175.05984278810839783 21.542207203387725656 
 198.85408431665052831 27.917855005471633234 
 185.11647256498375214 31.598836980263051544 
 161.32223103644165008 25.223189178179129755 
 133.84700753310815458 32.585153127761955716 
 157.64124906165025664 38.960800929845859741 
 143.90363730998350889 42.641782904637260287 
 120.10939578144140683 36.266135102553356262 
 92.634172278107897114 43.62809905213616446 
 116.42841380664998496 50.003746854220082696 
 102.69080205498325142 53.684728829011483242 
 78.896560526441177785 47.309081026927565006 
 51.421337023107675179 54.671044976510373203 
 75.215578551649755923 61.04669277859429144 
 61.477966799983029489 64.727674753385699091 
 37.683725271440913218 58.352026951301773749 
 10.208501768107415941 65.713990900884596158 
 34.002743296649512672 72.089638702968514394 
 20.265131544982768474 75.770620677759922046 
 216.27267804310861266 10.499261279013515136 
 226.32930781998399539 20.555891055888825036 
 208.9107140935258542 37.974484782346983991 
 181.43549059019233027 45.336448731929806399 
 205.22973211873443233 51.712096534013745952 
 191.49212036706765616 55.393078508805146498 
 167.69787883852558252 49.017430706721214051 
 140.22265533519208702 56.379394656304029354 
 164.0168968637342175 62.755042458387968907 
 150.27928511206744133 66.436024433179369453 
 126.48504358352533927 60.060376631095437006 
 99.009820080191857983 67.422340580678238098 
 122.80406160873393162 73.797988382762198967 
 109.06644985706718387 77.478970357553592407 
 85.272208328525110232 71.103322555469645749 
 57.796984825191607626 78.465286505052461052 
 81.59122635373368837 84.84093430713640771 
 67.853614602066954831 88.521916281927801151 
 44.059373073524852771 82.146268479843854493 
 16.584149570191350165 89.508232429426684007 
 40.378391098733445119 95.883880231510616454 
 26.640779347066704474 99.564862206302024106 
 2.8465378185245953091 93.189214404218077448 
 222.6483258451925451 34.293502807555597656 
 232.70495562206792783 44.350132584430937754 
 215.28636189560975822 61.768726310889086051 
 187.81113839227629114 69.130690260471894248 
 211.60537992081836478 75.506338062555826696 
 197.86776816915161703 79.187320037347248558 
 174.07352664060951497  72.8116722352633019 
 146.59830313727601947 80.173636184846117203 
 170.39254466581812153 86.54928398693004965 
 156.65493291415137378 90.230265961721471513 
 132.86069138560927172 83.854618159637524855 
 105.38546788227577622 91.216582109220325947 
 129.17970941081784986 97.592229911304272605 
 115.44209765915113053 101.27321188609568026 
 91.64785613060904268 94.897564084011733598 
 64.172632627275547179 102.2595280335945489 
 87.966874155817620817 108.63517583567848135 
 74.229262404150887278  112.316157810469889 
 50.435020875608785218 105.94051000838595655 
 22.959797372275286165 113.30247395796877186 
 46.754038900817384672 119.6781217600527043 
 33.016427149150644027 123.35910373484411195 
 9.222185620608531309 116.98345593276017951 
 229.02397364727650597 58.08774433609769261 
 5.5412036458171272102 130.72106768442694147 
 239.08060342415186028 68.144374112973025603 
 221.66200969769369067 85.562967839431181005 
 194.18678619436019517 92.924931789013982097 
 217.98102772290232565 99.300579591097942966 
 204.24341597123554948 102.98156156588933641 
 180.44917444269347584 96.605913763805389749 
 152.97395093935995192 103.96787771338820505 
 176.76819246790205398 110.34352551547215171 
 163.03058071623530623 114.02450749026354515 
 139.23633918769320417 107.6488596881796127 
 111.76111568435972288 115.01082363776244222 
 135.55535721290181073 121.38647143984637466 
 121.81774546123506298 125.06745341463776811 
 98.023503932692975127 118.69180561255382145 
 70.548280429359479626 126.05376956213665096 
 94.342521957901567475 132.42941736422059762 
 80.604910206234833936 136.11039933901199106 
 56.810668677692724771 129.73475153692805861 
 29.335445174359222165 137.09671548651084549 
 53.129686702901317119 143.47236328859480636 
 39.392074951234576474 147.1533452633861998 
 15.597833422692467309 140.77769746130226736 
   235.39962144936041 81.881985864639773354 
 11.91685144790106321 154.51530921296901511 
 245.45625122623576431 91.938615641515127663 
 228.03765749977765154 109.35720936797326885 
 200.56243399644412762 116.71917331755609837 
 224.3566755249862581 123.0948211196400166 
 210.61906377331948192 126.77580309443142426 
 186.82482224477740829 120.40015529234750602 
 159.34959874144388436 127.76211924193030711 
 183.14384026998598642 134.13776704401422535 
 169.40622851831923867 137.81874901880561879 
 145.61198698977716504 131.44310121672171476 
 118.13676348644364111 138.80506516630453007 
 141.93100501498571475 145.18071296838846251 
 128.19339326331899542 148.86169494317988438 
 104.39915173477692178 142.48604714109592351 
 76.923928231443426284 149.84801109067873881 
 100.71816975998549992 156.22365889276267126 
 86.980558008318752172 159.90464086755409312 
 63.186316479776657218 153.52899306547016067 
 35.711092976443161717 160.89095701505297598 
 59.505334504985256672   167.26660481713688 
 45.767722753318508921 170.94758679192830186 
 21.973481224776403309 164.57193898984436942 
 241.77526925144434244 105.67622739318188962 
 18.29249924998499921 178.30955074151108875 
 251.83189902831972518 115.73285717005721551 
 234.41330530186158398 133.15145089651534249 
 206.93808179852808848 140.5134148460981578 
 230.73232332707016212 146.88906264818209024 
 216.99471157540341437 150.57004462297351211 
 193.20047004686131231 144.19439682088957966 
 165.72524654352781681 151.55636077047239496 
 189.51948807206991887 157.93200857255629899 
 175.78187632040319954 161.61299054734772085 
 151.98763479186106906 155.2373427452637884 
 124.51241128852757356 162.5993066948466037 
 148.30665281706967562 168.97495449693050773 
 134.56904106540292787 172.65593647172195801 
 110.77479953686085423 166.28028866963799715 
 83.299576033527344521 173.64225261922081245 
 107.09381756206943237 180.01790042130477332 
 93.35620581040269883 183.69888239609613834 
 69.56196428186059677 177.32323459401223431 
 42.086740778527094164 184.68519854359504961 
 65.880982307069189119 191.06084634567898206 
 52.143370555402434263 194.7418283204703755 
 28.349129026860339309 188.36618051838644305 
 248.15091705352830331 129.47046892172397747 
 24.668147052068920999 202.1037922700531908 
 240.78895310394551643 156.94569242505744455 
 213.31372960061202093 164.30765637464025986 
 237.10797112915412299 170.6833041767241923 
 223.37035937748734682 174.36428615151561416 
 199.57611784894527318 167.9886383494316533 
 172.10089434561174926 175.3506022990144686 
 195.89513587415387974 181.72625010109842947 
 182.15752412248710357 185.40723207588982291 
 158.36328259394500151 179.03158427380589046 
 130.88805909061150601 186.39354822338870576 
 154.68230061915360807 192.76919602547263821 
 140.94468886748686032 196.45017800026403165 
 117.15044733894478668 190.07453019818009921 
 89.675223835611291179 197.43649414776291451 
 113.46946536415336482 203.81214194984684696 
 99.731853612486631278 207.4931239246382404 
 75.937612083944529218 201.11747612255433637 
 48.462388580611033717 208.47944007213712325 
 72.256630109153107355 214.85508787422108412 
 58.519018357486380921 218.53606984901244914 
 34.724776828944271756 212.16042204692857354 
 254.52656485561223576 153.26471045026605111 
 31.04379485415287121 225.89803379859529286 
 247.16460090602944888 180.73993395359957503 
 219.68937740269595338 188.10189790318236192 
 243.48361893123805544 194.47754570526629436 
 229.74600717957130769 198.1585276800576878 
 205.95176565102923405 191.78287987797378378 
 178.47654214769571013 199.14484382755659908 
 202.27078367623778377 205.52049162964050311 
 188.53317192457103602 209.20147360443189655 
 164.73893039602896238 202.82582580234799252 
 137.26370689269546688 210.1877897519307794 
 161.05794842123754051 216.56343755401474027 
 147.32033666957082119 220.24441952880610529 
 123.52609514102871913 213.86877172672222969 
 96.050871637695223626 221.23073567630501657 
 119.84511316623731148 227.60638347838892059 
 106.10750141457057794 231.28736545318034246 
 82.313259886028461665 224.91171765109643843 
 54.838036382694966164 232.27368160067925373 
 78.632277911237068224 238.64932940276315776 
 64.894666159570320474 242.33031137755457962 
 41.100424631028211309 235.95466357547064717 
 37.419442656236803657 249.6922753271373665 
 253.54024870811338133 204.53417548214164867 
 226.06502520477988583 211.89613943172446398 
 249.85926673332201631 218.27178723380839642 
 236.12165498165521171 221.95276920859981828 
 212.32741345311313808 215.57712140651588584 
  184.852189949779671 222.93908535609870114 
 208.64643147832174463 229.31473315818260517 
 194.90881972665496846 232.99571513297402703 
 171.11457819811289482 226.62006733089009458 
 143.63935469477939932 233.98203128047290988 
 167.43359622332147296 240.35767908255681391 
 153.69598447165475363 244.03866105734826419 
 129.90174294311265157 237.66301325526430333 
 102.42651943977917028 245.02497720484711863 
 126.22076096832124392 251.40062500693105108 
 112.48314921665451038 255.08160698172244452 
 88.688907688112408323 248.70595917963851207 
 61.213684184778898612 256.06792312922135579 
