 239.05862543498957962 23.744810931375546659 
 210.61418099054515096 23.744810931375546659 
 231.94751432387846535 36.061616674087552781 
 217.72529210165623681 36.061616674087552781 
 196.39195876832292242 23.744810931375546659 
 167.94751432387846535 23.744810931375546659 
 189.28084765721177973 36.061616674087552781 
 175.05862543498957962 36.061616674087552781 
 153.72529210165623681 23.744810931375546659 
 125.28084765721182237 23.744810931375546659 
 146.61418099054512254 36.061616674087552781 
 132.39195876832292242 36.061616674087552781 
 111.05862543498957962 23.744810931375546659 
 82.614180990545136751 23.744810931375546659 
 103.94751432387846535 36.061616674087552781 
 89.725292101656265231 36.061616674087552781 
 68.391958768322908213 23.744810931375546659 
 39.947514323878465348 23.744810931375546659 
 61.280847657211793944 36.061616674087552781 
 47.058625434989586722 36.061616674087552781 
 25.725292101656233257 23.744810931375546659 
 253.28084765721175131 23.744810931375532448 
 18.614180990545115435 36.061616674087552781 
 4.3919587683229091013 36.061616674087566992 
 239.05862543498957962 48.378422416799573114 
 210.61418099054515096 48.378422416799573114 
 231.94751432387846535 60.695228159511593446 
 217.72529210165623681 60.695228159511593446 
 196.39195876832292242 48.378422416799573114 
 167.94751432387846535 48.378422416799573114 
 189.28084765721177973 60.695228159511593446 
 175.05862543498957962 60.695228159511593446 
 153.72529210165623681 48.378422416799573114 
 125.28084765721182237 48.378422416799573114 
 146.61418099054512254 60.695228159511593446 
 132.39195876832292242 60.695228159511593446 
 111.05862543498957962 48.378422416799573114 
 82.614180990545136751 48.378422416799573114 
 103.94751432387846535 60.695228159511593446 
 89.725292101656265231 60.695228159511593446 
 68.391958768322908213 48.378422416799573114 
 39.947514323878465348 48.378422416799573114 
 61.280847657211793944 60.695228159511593446 
 47.058625434989586722 60.695228159511593446 
 25.725292101656233257 48.378422416799573114 
 253.28084765721175131 48.378422416799558903 
 18.614180990545115435 60.695228159511593446 
 4.3919587683229091013 60.695228159511607657 
 239.05862543498957962 73.012033902223592463 
 210.61418099054515096 73.012033902223592463 
 231.94751432387846535 85.328839644935627007 
 217.72529210165623681 85.328839644935627007 
 196.39195876832292242 73.012033902223592463 
 167.94751432387846535 73.012033902223592463 
 189.28084765721180815 85.328839644935627007 
 175.05862543498957962 85.328839644935627007 
 153.72529210165623681 73.012033902223592463 
 125.28084765721182237 73.012033902223592463 
 146.61418099054512254 85.328839644935627007 
 132.39195876832292242 85.328839644935627007 
 111.05862543498957962 73.012033902223592463 
 82.614180990545136751 73.012033902223592463 
 103.94751432387846535 85.328839644935627007 
 89.725292101656265231 85.328839644935627007 
 68.391958768322908213 73.012033902223592463 
 39.947514323878465348 73.012033902223592463 
 61.280847657211793944 85.328839644935627007 
 47.058625434989586722 85.328839644935627007 
 25.725292101656233257 73.012033902223592463 
 253.28084765721175131 73.012033902223592463 
 18.614180990545115435 85.328839644935627007 
 4.3919587683229091013 85.328839644935627007 
 239.05862543498957962 97.645645387647633129 
 210.61418099054515096 97.645645387647633129 
 231.94751432387846535 109.96245113035963925 
 217.72529210165623681 109.96245113035963925 
 196.39195876832292242 97.645645387647633129 
 167.94751432387846535 97.645645387647633129 
 189.28084765721180815 109.96245113035963925 
 175.05862543498957962 109.96245113035963925 
 153.72529210165623681 97.645645387647633129 
 125.28084765721182237 97.645645387647633129 
 146.61418099054512254 109.96245113035963925 
 132.39195876832292242 109.96245113035963925 
 111.05862543498957962 97.645645387647633129 
 82.614180990545136751 97.645645387647633129 
 103.94751432387846535 109.96245113035963925 
 89.725292101656265231 109.96245113035963925 
 68.391958768322908213 97.645645387647633129 
 39.947514323878465348 97.645645387647633129 
 61.280847657211793944 109.96245113035963925 
 47.058625434989586722 109.96245113035963925 
 25.725292101656233257 97.645645387647633129 
 253.28084765721175131 97.645645387647633129 
 18.614180990545115435 109.96245113035963925 
 4.3919587683229091013 109.96245113035963925 
 239.05862543498957962 122.27925687307167379 
 210.61418099054515096 122.27925687307167379 
 231.94751432387846535 134.59606261578369413 
 217.72529210165623681 134.59606261578369413 
 196.39195876832292242 122.27925687307167379 
 167.94751432387846535 122.27925687307167379 
 189.28084765721180815 134.59606261578369413 
 175.05862543498957962 134.59606261578369413 
 153.72529210165623681 122.27925687307167379 
 125.28084765721182237 122.27925687307167379 
 146.61418099054512254 134.59606261578369413 
 132.39195876832292242 134.59606261578369413 
 111.05862543498957962 122.27925687307167379 
 82.614180990545136751 122.27925687307167379 
 103.94751432387846535 134.59606261578369413 
 89.725292101656265231 134.59606261578369413 
 68.391958768322908213 122.27925687307167379 
 39.947514323878465348 122.27925687307167379 
 61.280847657211793944 134.59606261578369413 
 47.058625434989586722 134.59606261578369413 
 25.725292101656233257 122.27925687307167379 
 253.28084765721175131 122.27925687307165958 
 18.614180990545115435 134.59606261578369413 
 4.3919587683229091013 134.59606261578369413 
 239.05862543498957962 146.91286835849572867 
 210.61418099054515096 146.91286835849572867 
 231.94751432387846535 159.22967410120773479 
 217.72529210165623681 159.22967410120773479 
 196.39195876832292242 146.91286835849572867 
 167.94751432387846535 146.91286835849572867 
 189.28084765721180815 159.22967410120773479 
 175.05862543498957962 159.22967410120773479 
 153.72529210165623681 146.91286835849572867 
 125.28084765721182237 146.91286835849572867 
 146.61418099054515096 159.22967410120773479 
 132.39195876832292242 159.22967410120773479 
 111.05862543498957962 146.91286835849572867 
 82.614180990545136751 146.91286835849572867 
 103.94751432387846535 159.22967410120773479 
 89.725292101656265231 159.22967410120773479 
 68.391958768322908213 146.91286835849572867 
 39.947514323878465348 146.91286835849572867 
 61.280847657211793944 159.22967410120773479 
 47.058625434989586722 159.22967410120773479 
 25.725292101656233257 146.91286835849572867 
 253.28084765721175131 146.91286835849572867 
 18.614180990545115435 159.22967410120773479 
 4.3919587683229091013 159.22967410120773479 
 239.05862543498957962 171.54647984391974092 
 210.61418099054515096 171.54647984391974092 
 231.94751432387846535 183.86328558663174704 
 217.72529210165623681 183.86328558663174704 
 196.39195876832292242 171.54647984391974092 
 167.94751432387846535 171.54647984391974092 
 189.28084765721180815 183.86328558663174704 
 175.05862543498957962 183.86328558663174704 
 153.72529210165626523 171.54647984391974092 
 125.28084765721182237 171.54647984391974092 
 146.61418099054515096 183.86328558663174704 
 132.39195876832292242 183.86328558663174704 
 111.05862543498957962 171.54647984391974092 
 82.614180990545136751 171.54647984391974092 
 103.94751432387846535 183.86328558663174704 
 89.725292101656265231 183.86328558663174704 
 68.391958768322908213 171.54647984391974092 
 39.947514323878465348 171.54647984391974092 
 61.280847657211793944 183.86328558663174704 
 47.058625434989586722 183.86328558663174704 
 25.725292101656233257 171.54647984391974092 
 253.28084765721175131 171.54647984391974092 
 18.614180990545115435 183.86328558663174704 
 4.3919587683229091013 183.86328558663174704 
 239.05862543498957962 196.18009132934378158 
 210.61418099054515096 196.18009132934378158 
 231.94751432387846535 208.4968970720557877 
 217.72529210165623681 208.4968970720557877 
 196.39195876832292242 196.18009132934378158 
 167.94751432387846535 196.18009132934378158 
 189.28084765721180815 208.4968970720557877 
 175.05862543498957962 208.4968970720557877 
 153.72529210165626523 196.18009132934378158 
 125.28084765721182237 196.18009132934378158 
 146.61418099054515096 208.4968970720557877 
 132.39195876832292242 208.4968970720557877 
 111.05862543498957962 196.18009132934378158 
 82.614180990545136751 196.18009132934378158 
 103.94751432387846535 208.4968970720557877 
 89.725292101656265231 208.4968970720557877 
 68.391958768322908213 196.18009132934378158 
 39.947514323878465348 196.18009132934378158 
 61.280847657211793944 208.4968970720557877 
 47.058625434989586722 208.4968970720557877 
 25.725292101656233257 196.18009132934378158 
 253.28084765721175131 196.18009132934375316 
 18.614180990545115435 208.4968970720557877 
 4.3919587683229091013 208.4968970720557877 
 239.05862543498957962 220.81370281476782225 
 210.61418099054515096 220.81370281476782225 
 231.94751432387846535 233.13050855747982837 
 217.72529210165623681 233.13050855747982837 
 196.39195876832292242 220.81370281476782225 
 167.94751432387846535 220.81370281476782225 
 189.28084765721180815 233.13050855747982837 
 175.05862543498957962 233.13050855747982837 
 153.72529210165626523 220.81370281476782225 
 125.28084765721182237 220.81370281476782225 
 146.61418099054515096 233.13050855747982837 
 132.39195876832292242 233.13050855747982837 
 111.05862543498957962 220.81370281476782225 
 82.614180990545136751 220.81370281476782225 
 103.94751432387846535 233.13050855747982837 
 89.725292101656265231 233.13050855747982837 
 68.391958768322908213 220.81370281476782225 
 39.947514323878465348 220.81370281476782225 
 61.280847657211793944 233.13050855747982837 
 47.058625434989586722 233.13050855747982837 
 25.725292101656233257 220.81370281476782225 
 253.28084765721175131 220.81370281476782225 
 18.614180990545115435 233.13050855747982837 
 4.3919587683229091013 233.13050855747985679 
 239.05862543498957962 245.44731430019186291 
 210.61418099054517938 245.44731430019186291 
 231.94751432387846535 11.428005188663510339 
 217.72529210165623681 11.428005188663510339 
 196.39195876832295085 245.44731430019186291 
 167.94751432387846535 245.44731430019186291 
 189.28084765721177973 11.428005188663510339 
 175.05862543498957962 11.428005188663510339 
 153.72529210165626523 245.44731430019186291 
 125.28084765721182237 245.44731430019186291 
 146.61418099054512254 11.428005188663510339 
 132.39195876832292242 11.428005188663510339 
 111.05862543498957962 245.44731430019186291 
 82.614180990545136751 245.44731430019186291 
 103.94751432387846535 11.428005188663510339 
 89.725292101656265231 11.428005188663510339 
 68.391958768322908213 245.44731430019186291 
 39.947514323878479559 245.44731430019186291 
 61.280847657211779733 11.428005188663510339 
 47.058625434989572511 11.428005188663510339 
 25.725292101656247468 245.44731430019186291 
 253.28084765721175131 245.44731430019183449 
 18.614180990545101224 11.428005188663510339 
 4.3919587683228948904 11.428005188663524549 
